Unnamed: 0.1,Unnamed: 0,_id,index,availableCount,timeoutStartedAt,timedOutAt,queuedPlayerIds,playerIds,gameId,treatmentId,batchId,lobbyConfigId,createdAt
4.0,4,4Z5uDYPcFsmMAnBJf,4,20,2023-04-20T17:02:54Z,,"2zj2Qk9kmEu38LcJT,ado5nqWyycfo2E6Yp,bvJBu6hpBkzGgwSXN,TzB5CfRi6HZpFfi4j,YbKArS3qM2Xpmy32a,wkDv5qjbPAwJTuSuA,XapD84w5S9DedSpNY,5rhN945uHvjCg8w2p,SixqSafHmEgkEQi9W,LJTJvtYkxWvRD5fqP,rPToh9faNTompjhWX,8jSfSZWk5i4EejQBa,8SJ4bd7moG6nZz9yP,w9T3tcvXrSpm2sNTt,gEGGvnybrjtcx726q,H36NKQ2ZF8myF5c3a,QDWtgTdWgBPwpn897,bWKDiiKFsMkEyEEYc,4ZhggGdYJgfXqx5QR,9Yg6AsY5zPPfompXq,nE4ku9WPBGT2Wbkt8,jvJ3zAdipfTnBfqCi,JoS9PZqSe7DFxg4g2,wRraedvynMNyJ3x7c,jdsn2kkqNgrh67dd2,FEJj7iAe2Kzi7njnv,hPisPsAnhMrxJ94u3,wWy8vi9pABF652243,wcFxNDpJ5npAd45Pv","ado5nqWyycfo2E6Yp,2zj2Qk9kmEu38LcJT,wkDv5qjbPAwJTuSuA,XapD84w5S9DedSpNY,bvJBu6hpBkzGgwSXN,5rhN945uHvjCg8w2p,QDWtgTdWgBPwpn897,bWKDiiKFsMkEyEEYc,TzB5CfRi6HZpFfi4j,w9T3tcvXrSpm2sNTt,gEGGvnybrjtcx726q,H36NKQ2ZF8myF5c3a,LJTJvtYkxWvRD5fqP,8jSfSZWk5i4EejQBa,SixqSafHmEgkEQi9W,9Yg6AsY5zPPfompXq,nE4ku9WPBGT2Wbkt8,jvJ3zAdipfTnBfqCi,YbKArS3qM2Xpmy32a,wRraedvynMNyJ3x7c",4Z5uDYPcFsmMAnBJf,k7ZLaGNpETd2JEjxP,vPe49fc2hyuoDTMLH,BXZawzEdGZeA2QfZa,2023-04-19T20:13:13Z
8.0,8,5R4kRpHMWpazH7csB,2,3,2023-04-07T17:05:21Z,,"cJH6QuNoS6T6F9gGc,bLH3Dd5PjW8FoLRq4,yeCAsCQA5hAGDExyZ,3DgcTJRq5cPcZeQEJ","bLH3Dd5PjW8FoLRq4,cJH6QuNoS6T6F9gGc,yeCAsCQA5hAGDExyZ",5R4kRpHMWpazH7csB,uSwd4g967w5AwHyvb,dEuo46E2h8hecJXJ2,KB9sjNKzbHHaCDASL,2023-04-07T16:19:18Z
9.0,9,zrxsJ6NsjZqBSyrNS,3,3,2023-04-07T17:06:52Z,,"GceYixCXMNPpvJkBu,EyhcSwcgYuAQhwjkq,4odEqJ8RYLFJR7m98","GceYixCXMNPpvJkBu,EyhcSwcgYuAQhwjkq,4odEqJ8RYLFJR7m98",zrxsJ6NsjZqBSyrNS,T8QNsndpJ455sisft,dEuo46E2h8hecJXJ2,KB9sjNKzbHHaCDASL,2023-04-07T16:19:18Z
10.0,10,4stGwnWZ3bN6RwdGX,4,16,2023-04-07T17:03:29Z,,"LpvjT3rPDxPcwoNKm,jXuhHkv6XG5inyXNy,2xMFSc5bZ2mmYQApu,y4KbXRM6uubxgefAp,CQaFJMXJruRmma6Sz,CjofogznymYT6G9mW,Nx9zo3Gcuv4J7k3yZ,DdBS2Ngkm4orHWnc4,aRMHmGitnnjX8HouH,6cHmYeyLKDGTLtT93,FC4yio6a4QPAYa62p,JTjY3WgRyruztkjCt,axHLp7jdfTkkkFvrL,ovTcJ5pyoPpqaGvqX,R9ja4uSfiDgks8rYz,iiBkcEMR72RNKADMM,kWisjWTRac2i34Cfy,LRo7pqiD8Si8xz4jH,Jgt7AuiLnPpKwrW9y,cu9R4cwJoqxTbKq4L,9bfGogod4zsXkwPTP,R5nAno98ayCkzMPWD","2xMFSc5bZ2mmYQApu,CQaFJMXJruRmma6Sz,JTjY3WgRyruztkjCt,FC4yio6a4QPAYa62p,axHLp7jdfTkkkFvrL,CjofogznymYT6G9mW,aRMHmGitnnjX8HouH,LpvjT3rPDxPcwoNKm,y4KbXRM6uubxgefAp,jXuhHkv6XG5inyXNy,6cHmYeyLKDGTLtT93,ovTcJ5pyoPpqaGvqX,Nx9zo3Gcuv4J7k3yZ,LRo7pqiD8Si8xz4jH,R5nAno98ayCkzMPWD,iiBkcEMR72RNKADMM",4stGwnWZ3bN6RwdGX,L53yoKdSChytyQoWr,dEuo46E2h8hecJXJ2,KB9sjNKzbHHaCDASL,2023-04-07T16:19:18Z
11.0,11,RSP8cDTpmf2QpCju6,5,16,2023-04-07T17:03:30Z,,"KFt7AKwW6q9NYB2v6,XET48xQn7fFdz3rf6,93edxy5Sy4YBjKNWh,jnzoCFDnWKc3M2Hgq,pQfTcnbx4jn47H7Wd,CPk34bN9Som3tMSAA,4iBh2eDz3Modi6ho7,cR8qRwRSRFkJHYaL4,FZPmRNaZu2QRLyXRT,iFA7n2uirpqWwkwQD,weW88YTnnfjLzvDig,NWkidMrYuxXHXztfq,DGR3Fo6uoTrZYWfxc,aZLPPTeYXQCgF5E4k,m4zAnSKB4iA2tN72Z,s8AAu8PHRkQExAJn7,myWq4a8qKQEGLfzGG,fdfz4m28nqtvGhqRC,SjdPBdNpRB47XavZp,ZHAd9L5SihyNbXyFG,aG9E9kYqqErtd27aS,69xxohaumdnxcbrbr","4iBh2eDz3Modi6ho7,cR8qRwRSRFkJHYaL4,pQfTcnbx4jn47H7Wd,93edxy5Sy4YBjKNWh,FZPmRNaZu2QRLyXRT,DGR3Fo6uoTrZYWfxc,weW88YTnnfjLzvDig,CPk34bN9Som3tMSAA,NWkidMrYuxXHXztfq,KFt7AKwW6q9NYB2v6,s8AAu8PHRkQExAJn7,aG9E9kYqqErtd27aS,m4zAnSKB4iA2tN72Z,XET48xQn7fFdz3rf6,aZLPPTeYXQCgF5E4k,iFA7n2uirpqWwkwQD",RSP8cDTpmf2QpCju6,cEYxb33KX2uu6EZxx,dEuo46E2h8hecJXJ2,KB9sjNKzbHHaCDASL,2023-04-07T16:19:18Z
14.0,14,tHLnuqjhYmmnd47Wo,2,8,2023-04-07T17:28:23Z,,"Aakc8zMai4gWpcQyv,a9YCTqGpxhgFhWZdn,NKgSgZT8Ype7vcPek,iDBdraPBZP6vFDSSL,tmmW6Bn5vn5EATsKR,gFrh7p8YNpMEcP5sz,ZYAjXpdiMgN5qCm2B,gDNRTqFvYRFaRDsrf,F3KSrewKjyNHefGzx,eSNsjLop3Ziqp8fb6,ZfnNRD2HgjWbbTcdT","tmmW6Bn5vn5EATsKR,iDBdraPBZP6vFDSSL,a9YCTqGpxhgFhWZdn,NKgSgZT8Ype7vcPek,ZYAjXpdiMgN5qCm2B,Aakc8zMai4gWpcQyv,F3KSrewKjyNHefGzx,ZfnNRD2HgjWbbTcdT",tHLnuqjhYmmnd47Wo,EwXYgjbPezNGFG7iR,JAg3wsTXMdjtcGhTu,KB9sjNKzbHHaCDASL,2023-04-07T17:11:49Z
15.0,15,MMG6B6aWY2hw7Hf52,3,8,2023-04-07T17:27:06Z,,"QQLHfn9A6re93wZDs,gNchnnyz4Ehh4oAyL,nQN6cGpBCx5j58yf9,HzRWCFq2TvDzmBYbp,nmbEnziELgn8P6MoR,TTKEMbhewNsR4vjtz,85hBK5bfWWpZDqBSr,ocQbx2cacnCQBXMZZ,o3ntozTiRLyTERqvz,b9gnEXY4G3Dox8odT","QQLHfn9A6re93wZDs,TTKEMbhewNsR4vjtz,HzRWCFq2TvDzmBYbp,gNchnnyz4Ehh4oAyL,nmbEnziELgn8P6MoR,ocQbx2cacnCQBXMZZ,nQN6cGpBCx5j58yf9,85hBK5bfWWpZDqBSr",MMG6B6aWY2hw7Hf52,j7XZi5SoqtzRaT8Rd,JAg3wsTXMdjtcGhTu,KB9sjNKzbHHaCDASL,2023-04-07T17:11:49Z
18.0,18,QK7Qydbg5D3GvBnz6,0,13,2023-04-20T17:03:14Z,,"aTwGYYFYZqsyZ9GFm,XpqAcARqanmC5xRpQ,XWfHWQzKhniWKuD7c,XyNjyvqb6CSqEsM5B,4c3eEyJLSP78uQeHT,EhgrfYoc6pJ4jQMEE,JGQ8mwfA9jr7RxrbG,p5dsFuHAiJoE6t4rs,FaRrkqWdMYhaFW62j,wXRngCnj4pcNwAqpu,Haa5ccvd7xQLPhH2k,yHqaJkEgiE2dmcMdd,ezooDQpC3evB6WskP,ykghbhZ2DPHGmNELe,C6EQxmRJTNMz6H4k3,S7ahzNiub4tr3D452,9SijYqfSa5Sx9R5CC","aTwGYYFYZqsyZ9GFm,XWfHWQzKhniWKuD7c,XyNjyvqb6CSqEsM5B,4c3eEyJLSP78uQeHT,EhgrfYoc6pJ4jQMEE,XpqAcARqanmC5xRpQ,p5dsFuHAiJoE6t4rs,JGQ8mwfA9jr7RxrbG,Haa5ccvd7xQLPhH2k,wXRngCnj4pcNwAqpu,yHqaJkEgiE2dmcMdd,FaRrkqWdMYhaFW62j",QK7Qydbg5D3GvBnz6,DR47S5D8MA63mjxbz,HaFturLNB9gR6aWti,KB9sjNKzbHHaCDASL,2023-04-19T20:09:20Z
20.0,20,7SL3Ldc2fSvv9ysFY,2,6,2023-04-20T17:01:30Z,,"BiTcFKZv4jbZeemCq,WSAgkkmyYJy2dD8zD,NBrPyjmZMwzaevaj3,LL3ELY3yJGFTswMQN,FnFJWAzAkzf9gtPbk,HtdpWBDvdTkgHF7DK","WSAgkkmyYJy2dD8zD,NBrPyjmZMwzaevaj3,BiTcFKZv4jbZeemCq,FnFJWAzAkzf9gtPbk,HtdpWBDvdTkgHF7DK",7SL3Ldc2fSvv9ysFY,GpJrw9psns6GXzQdM,HaFturLNB9gR6aWti,KB9sjNKzbHHaCDASL,2023-04-19T20:09:20Z
25.0,25,W5dH6qRjx9pHLdkay,7,6,2023-04-20T17:05:33Z,,"4T96fk7suiz8Gjg69,NChD66gTkajWZPamF,siC6REc4QZSE9xkum,fmwffZuA69FYCiZe6,y7rTzZu8nu72eCQQH,cDvkXw2PbsyRTRBiC","NChD66gTkajWZPamF,4T96fk7suiz8Gjg69,cDvkXw2PbsyRTRBiC,fmwffZuA69FYCiZe6,y7rTzZu8nu72eCQQH",W5dH6qRjx9pHLdkay,pPL6vAnMFd6Dd3iwG,HaFturLNB9gR6aWti,KB9sjNKzbHHaCDASL,2023-04-19T20:09:20Z
32.0,32,ieZ6xDJofJsTcQy7G,0,13,2023-04-26T18:25:39Z,,"ykMa9Wt8PHc3wgFom,vh2FBru9LjoDvB2mw,BB8SxYYoqZxffwdYH,JZTXicAeQqcswLgqP,tPZRjnoGunDHKGgJy,KBw5ebaJ3Fg9Ak3Cz,wwKZQS8dzRTAv2yHX,CeX3GznuTJ8KgPPYe,E8dhDR5XTebEbCp3L,e97Af9jTCBnN4usDM,m2nFEGpGhruRSmseY,rZhdNMpGdM6kFMz9o,egnJuue7hbnbZn79X,a7Z8C4DDgwa2wruMt,RrkAbjAeiyBTBiD8T,AwLofvqbNJMHSxWwC,yXDLD9d4A6E6knbW3,cfqxTbbKiqZgZcaGZ,XPH2PGrm87czyM59A,C8hnodE9jWioJPHtS,qSsBgtyGRsTFjreWs,uK3DhciD4g4qu4wEF","vh2FBru9LjoDvB2mw,ykMa9Wt8PHc3wgFom,e97Af9jTCBnN4usDM,tPZRjnoGunDHKGgJy,JZTXicAeQqcswLgqP,BB8SxYYoqZxffwdYH,E8dhDR5XTebEbCp3L,CeX3GznuTJ8KgPPYe,RrkAbjAeiyBTBiD8T,wwKZQS8dzRTAv2yHX,m2nFEGpGhruRSmseY,KBw5ebaJ3Fg9Ak3Cz,rZhdNMpGdM6kFMz9o",ieZ6xDJofJsTcQy7G,43wvhYJds6RbeEnaN,Tg8uYXtmMPBh4JP3w,KB9sjNKzbHHaCDASL,2023-04-26T18:15:53Z
35.0,35,n6NSi97NRys5B34oj,3,13,2023-04-26T18:24:41Z,,"tTG77Hw9wGhWfJvxT,hGb6st4dCCTs3wE29,6m44QswhvpxhoWWe4,8qwShXxDgCEC8Pq8D,Yh33svCWEbJfiTwXJ,Pms9Y8xNaXZ6HpayF,cCGGgzF4dhgHPBZBy,JHvsxXhdbrkhZp9zi,B7turzWuE56nnWMnS,X7E5QhmLcP2imGtfN,Meg8KQBTGzT3QP3dD,Gu4W2ELx4h4wTvD4q,DTdKSZvGvMTcaKG2h,KpE8zXCuborkAJvx3,vWWsCTwRvHjhrLnYz,Lz49uhDWzfLraYMNp,viufqc4fF5XQTJCZg,DAAQJgxGN4nxreNvb,GCMqJruDyRAmH4PDW,GKHbXkei3hW8DFo4R,35NCX3jnJbGZCwt69,2vQvYoA3gWqFge9CG,XXZaF6c6tZSSjxrQ3","tTG77Hw9wGhWfJvxT,6m44QswhvpxhoWWe4,8qwShXxDgCEC8Pq8D,hGb6st4dCCTs3wE29,Meg8KQBTGzT3QP3dD,DAAQJgxGN4nxreNvb,KpE8zXCuborkAJvx3,cCGGgzF4dhgHPBZBy,DTdKSZvGvMTcaKG2h,Lz49uhDWzfLraYMNp,B7turzWuE56nnWMnS,viufqc4fF5XQTJCZg,XXZaF6c6tZSSjxrQ3",n6NSi97NRys5B34oj,ejSu6TJMkY4oQoraZ,Tg8uYXtmMPBh4JP3w,KB9sjNKzbHHaCDASL,2023-04-26T18:15:53Z
36.0,36,Q7Lpuz4jZZ9WCd5JG,0,14,2023-04-26T19:45:41Z,,"6dtZ92mhB2oNakKE5,uPtkphZ9dqnkpHejR,7eCbxMrREsPbMmwzF,iMkLnyKTF4aKXY4he,J6mAAnruM3wTzBkAp,BuTA5CNnmvy3TWqxZ,hXTwFaC2wm8mzoohd,sfFcZWWGKHRnGL2dF,XQ7LPRDD235nrEQu4,Hmf8fGu9NzNrNcKXC,acSrTonTY5Sy6TfnH,FRRcgCc6LdpYsAHMP,7Gp5rGxoqWuqTAxX8,RdTJN6uFE9obbd7Nn,MBF4a3LWigoBzDSRm,nREZoyLckjHwRLXhL,RMTfMv5qJWvzTWWMo,tvjKkRvdmmAK2LiCy","XQ7LPRDD235nrEQu4,uPtkphZ9dqnkpHejR,sfFcZWWGKHRnGL2dF,6dtZ92mhB2oNakKE5,J6mAAnruM3wTzBkAp,iMkLnyKTF4aKXY4he,acSrTonTY5Sy6TfnH,hXTwFaC2wm8mzoohd,FRRcgCc6LdpYsAHMP,7Gp5rGxoqWuqTAxX8,Hmf8fGu9NzNrNcKXC,RdTJN6uFE9obbd7Nn,BuTA5CNnmvy3TWqxZ,tvjKkRvdmmAK2LiCy",Q7Lpuz4jZZ9WCd5JG,chpP8fFPq8X5SPhbs,XiZSY9FdjhbYfKjCa,KB9sjNKzbHHaCDASL,2023-04-26T19:35:19Z
40.0,40,iwtEFKBW9YdZHuJwT,0,6,2023-04-28T16:03:17Z,,"6qZBi4Kk8tnqKHsGQ,G4d5QxKQdzCgW5iLY,LKekEEQ3NwNHWHYun,u8a2KuWJ5ttLxipiy,Mkeuf5S7kjwn5vZFg,FsBMjnmniDJGh3zXE","6qZBi4Kk8tnqKHsGQ,LKekEEQ3NwNHWHYun,G4d5QxKQdzCgW5iLY,Mkeuf5S7kjwn5vZFg,FsBMjnmniDJGh3zXE,u8a2KuWJ5ttLxipiy",iwtEFKBW9YdZHuJwT,22YMcytBJbwtSGAQw,9NM2etXHN2944WXGy,KB9sjNKzbHHaCDASL,2023-04-28T15:44:19Z
42.0,42,vbn6abRQXZihWaaaA,2,9,2023-04-28T16:03:31Z,,"P5tMn7bArN5rP5YAS,KHpSe4FTStREhtHaB,ES5FrKZbQerxjM9sg,zK4z2ECQ3x6gFpywg,kvYwRSHi8gQbqXfgo,bptASB6deS6uuZc9X,hchEZZagued4XLrHj,rGsgmunsgKMypn7oD,XxmjnKKqrtC3p7S6r,mamegPDhhCCWuLmAj,xR2uFhW6PBGZkEM7C,zCAnKPDqK7aC5q99t,k3SWTf2eWA3BwgSfA,AFHhwXaaei7SW8hXT","zK4z2ECQ3x6gFpywg,kvYwRSHi8gQbqXfgo,P5tMn7bArN5rP5YAS,rGsgmunsgKMypn7oD,ES5FrKZbQerxjM9sg,hchEZZagued4XLrHj,mamegPDhhCCWuLmAj,XxmjnKKqrtC3p7S6r,xR2uFhW6PBGZkEM7C",vbn6abRQXZihWaaaA,nbqPWosnfrsonkuxn,9NM2etXHN2944WXGy,KB9sjNKzbHHaCDASL,2023-04-28T15:44:19Z
45.0,45,6AnZ2gcC3gTC5kA9j,5,9,2023-04-28T16:02:15Z,,"53oHMupRvwmNsQXhZ,8pPfE6QtLSSySsHL4,6CZp9dhsKnXoF6sNP,hXXFBQ8ZomDDDocP3,BeKjoJe3kPKE7fGh7,S4Bxk59rDBg26x294,ZJR8gjfMvR4HdYx7S,ZdiEciwv6MkcWTYi2,EoC4cytDTdr74diRL,C3NJv3Gpc9ciSwJzE,L5Kg8TDEkf7Squ6yw","8pPfE6QtLSSySsHL4,53oHMupRvwmNsQXhZ,6CZp9dhsKnXoF6sNP,S4Bxk59rDBg26x294,ZJR8gjfMvR4HdYx7S,BeKjoJe3kPKE7fGh7,C3NJv3Gpc9ciSwJzE,hXXFBQ8ZomDDDocP3,ZdiEciwv6MkcWTYi2",6AnZ2gcC3gTC5kA9j,DbBmgXnycDHsZFbMy,9NM2etXHN2944WXGy,KB9sjNKzbHHaCDASL,2023-04-28T15:44:19Z
47.0,47,Rj95WGKuMYoqNNdqw,7,6,2023-04-28T16:02:31Z,,"YQ6gqyL6KrEd6fTMk,CmMvbPjjRgea62CCv,FsyQjzvgj3eSWxzKE,hEXesWZu7QKJYzszc,Cg5kDG2iMW4nxAXEa,GjZKDhX2AFbJDkFcM,Pp8dDiZwh5q7wBEnj,r6F7RD745PGeqX7jG,kkDR6ySbruvZjRoEE,RNmHZdvbAfgorCAcb,eBfMBt8oiuHemsLZo,qA2aBDjjB5J8bkao9,a2iADisg6PceMWgvZ,2fdm5EMo24G5hXjue","YQ6gqyL6KrEd6fTMk,FsyQjzvgj3eSWxzKE,hEXesWZu7QKJYzszc,GjZKDhX2AFbJDkFcM,Cg5kDG2iMW4nxAXEa,r6F7RD745PGeqX7jG",Rj95WGKuMYoqNNdqw,HSuNKMPARZNFeogna,9NM2etXHN2944WXGy,KB9sjNKzbHHaCDASL,2023-04-28T15:44:19Z
51.0,51,RSkgwZB2KQ6QLEwGR,3,12,2023-05-01T19:02:23Z,,"XbRxDrTLDqssNonQw,ZhPkizjoNM6fGNFic,Zy3yj9Sjh4XyjvdLm,yC72naSdoB6Gzk2oj,Zi5aDKtcC4C75pf5H,YdE2vkJTeED269JvX,cxebyRHdY7tmFHMQH,L6DXaPEH5bX4PDpar,EhXyqa5onywQqiaey,BGbmQQsPfBmZXg5if,XKaNFTSMdHiHvRES4,6sGArDsnGaejEQsJE,Z3CeYL6SEugrZhHjA,vKRMMXxfPTs4rGNg8,Zp554cqXXHZeTEb5j","cxebyRHdY7tmFHMQH,YdE2vkJTeED269JvX,Zi5aDKtcC4C75pf5H,Zy3yj9Sjh4XyjvdLm,XbRxDrTLDqssNonQw,6sGArDsnGaejEQsJE,EhXyqa5onywQqiaey,L6DXaPEH5bX4PDpar,BGbmQQsPfBmZXg5if,ZhPkizjoNM6fGNFic,XKaNFTSMdHiHvRES4,vKRMMXxfPTs4rGNg8",RSkgwZB2KQ6QLEwGR,QYoiBh7wXLi2s82n9,zwGy2K5y2mNL3hSi4,KB9sjNKzbHHaCDASL,2023-05-01T18:49:56Z
53.0,53,3zSNGrLvJJYZhmW2p,5,12,2023-05-01T19:02:36Z,,"qjKeypvMTCWMtaeRg,d2XeQzTLYKXtTTfud,nyi8ePouSTATiREKQ,zJd7D32NZfC6rjKSJ,pZ23AK9eSGXF7kbub,PFhmYJ38xLnXPkaM8,LbA9WeT3GTZMSNzNY,Mm6mgT6wHK3JH9kjZ,Hzpx2jqhYSZdif4ZN,FKriQtdFBTrWrfGBH,kbxi5o3HFQXMGo5oX,tF4Dus9NMgschoP7L,yP8HwDAkrvPeK6gFq,hTdGbCFuP3T9rYtNd,f7AKMTaMrTdwZ23D2,2rzSaRvPFChsucyKe,cZSMG4LoCxBambu9q","nyi8ePouSTATiREKQ,PFhmYJ38xLnXPkaM8,FKriQtdFBTrWrfGBH,pZ23AK9eSGXF7kbub,qjKeypvMTCWMtaeRg,tF4Dus9NMgschoP7L,kbxi5o3HFQXMGo5oX,hTdGbCFuP3T9rYtNd,Hzpx2jqhYSZdif4ZN,zJd7D32NZfC6rjKSJ,LbA9WeT3GTZMSNzNY,Mm6mgT6wHK3JH9kjZ",3zSNGrLvJJYZhmW2p,js8ydrsxT9EfiH6AE,zwGy2K5y2mNL3hSi4,KB9sjNKzbHHaCDASL,2023-05-01T18:49:56Z
55.0,55,rWG5mpMf99HY9uHY9,1,2,2023-05-03T19:10:19Z,,"KaqufE3iPcrSbk7v7,4Q9nsP43HGucXr7H6","4Q9nsP43HGucXr7H6,KaqufE3iPcrSbk7v7",rWG5mpMf99HY9uHY9,qZ4i652BFtxMqfz6Q,AcLM9JzvFEYk9KFZK,KB9sjNKzbHHaCDASL,2023-05-03T18:58:39Z
58.0,58,GEg4HoG4betWJeQrA,4,16,2023-05-03T19:01:31Z,,"nPKF9BRec2ocdR2XF,hrdpFTzB55zNF3cFQ,63drsFH4NuTriETbT,2pv9wboNdcYqyeTQq,twwMKP4QcAwTratYP,bAZhq9SppkgfKZiDC,yovmHKActQcomid9p,bswafpp4ysttT9qWz,68s3GbKkhuTGoe7Pi,NSmrEaxYamF744o6D,rQy2ALbQ2jEs2YcKB,oucsRqEZJ3hgexTDE,buq9mK9KkRyvvCRa6,RSZTvhRvpKGaY6BrS,gg6rFRR3Dzf3N2sH6,d5Jk3qqEoz4GB7EEv,nmYCzr8a5avXw2wJF,PbHjYST8BWaR9Jwsf,Amjs9yt3BCKQ6SKXj","63drsFH4NuTriETbT,oucsRqEZJ3hgexTDE,bswafpp4ysttT9qWz,rQy2ALbQ2jEs2YcKB,buq9mK9KkRyvvCRa6,bAZhq9SppkgfKZiDC,yovmHKActQcomid9p,hrdpFTzB55zNF3cFQ,68s3GbKkhuTGoe7Pi,NSmrEaxYamF744o6D,2pv9wboNdcYqyeTQq,RSZTvhRvpKGaY6BrS,d5Jk3qqEoz4GB7EEv,gg6rFRR3Dzf3N2sH6,nPKF9BRec2ocdR2XF",GEg4HoG4betWJeQrA,tenGH3sRX6Lr6aNqw,AcLM9JzvFEYk9KFZK,KB9sjNKzbHHaCDASL,2023-05-03T18:58:39Z
61.0,61,GtzSjujsFLASFExF2,7,2,2023-05-03T19:21:15Z,,"Nf9qC3doQpDSF5BAs,ERPkgP8kxCzBgm2vY,RzAQSZycDhALajmKW,vFxthTKwK4xFwWTfs,XFwSTzXR3XNqtAs33,iea6XWbwczHHByoR5,LauoxrruW2ZHu2KYF,yWayKCiCiauZmhYJR,wx5TrKeFgXj3gPenB","Nf9qC3doQpDSF5BAs,vFxthTKwK4xFwWTfs",GtzSjujsFLASFExF2,TKZNwqCZab8G7TT2F,AcLM9JzvFEYk9KFZK,KB9sjNKzbHHaCDASL,2023-05-03T18:58:39Z
63.0,63,Jk2TeDi3nXCYfBfYp,9,16,2023-05-03T19:02:10Z,,"WGDneEr6FFWbEigpA,aX7ttGhbEwsicBWYr,4qR6QzTYCCLtTGQhc,wePYQ4TnDLw8tX2t2,vi26ccixhM4rcTNjp,XFx6aGQQPR45ZGnRj,WjxMBp2SoMNtNCuvt,nDAzYwNcFpBMNLXZi,MbRCsgonnyvBMi5sw,hqb3pawENqEeDeKor,xuAbyZySYsHZgi6LL,2MnLCDYRzZY6XWumj,3bMNgNRn6BiymKHMa,928ZZcdcZW3yZWus6,hSgW5L7zawZZ3QzTp,oo5WE6FjCgw4rTu48,C8aMkYELR6G7HkKDo,pfvfkopqgvJ2H682e,hqbRdebD5ty47EfEw","XFx6aGQQPR45ZGnRj,wePYQ4TnDLw8tX2t2,aX7ttGhbEwsicBWYr,MbRCsgonnyvBMi5sw,WjxMBp2SoMNtNCuvt,4qR6QzTYCCLtTGQhc,vi26ccixhM4rcTNjp,xuAbyZySYsHZgi6LL,nDAzYwNcFpBMNLXZi,hqb3pawENqEeDeKor,WGDneEr6FFWbEigpA,3bMNgNRn6BiymKHMa,2MnLCDYRzZY6XWumj,hSgW5L7zawZZ3QzTp,928ZZcdcZW3yZWus6,C8aMkYELR6G7HkKDo",Jk2TeDi3nXCYfBfYp,ijHDSJNH6pwesjBdw,AcLM9JzvFEYk9KFZK,KB9sjNKzbHHaCDASL,2023-05-03T18:58:39Z
66.0,66,6g6EedD8XEyQjFWFq,0,5,2023-05-18T19:01:46Z,,"CmRrDfr55fxYMYZhA,GCvW4Wo85KTHahdaT,3sJ4PqeKKz84Eg24M,cEx5ZG5HbSwB7YXo7,ekkQBdGtKYXL69qTz,si8AcMvLoekrYrrMY,WgdWzhamje8PL7TLy","3sJ4PqeKKz84Eg24M,CmRrDfr55fxYMYZhA,cEx5ZG5HbSwB7YXo7,GCvW4Wo85KTHahdaT,si8AcMvLoekrYrrMY",6g6EedD8XEyQjFWFq,98zm7WSeoMraF6nBt,zpxpuw2mYb4ZctAm8,KB9sjNKzbHHaCDASL,2023-05-18T18:58:56Z
67.0,67,RJwRqcdu4bN6ivwb6,1,15,2023-05-18T19:01:14Z,,"ZBNFq94cnPExGMqbE,gmuPoQQmWnNaGovXB,ytzdbT8gP8ckfotfA,fnG73Zft8JBtph3JR,qLWg6rFwJoqCSH3RA,4t8jAatE69YTHnKZi,w2B24Rxvug55q9z6i,aSDtf2JEoxwZyqnDA,PdDJh5MGkwSXPjbmT,XbpkE5njE7CD6iXN9,aQDKsYkfCudEGY5dt,vT8PbhW5zbrqkrvZk,kSK8sDktvJpBAeeY6,jnGmRbEDZJnpxYxBL,L7wqvyp4Yibe43XK6,Tf7Dq56TQhM7xw4dk,vwdbyg5uQ5oBr7fEA,JZwHXnirSCj65M4A9,JYLaybuehG48nE8mX","gmuPoQQmWnNaGovXB,PdDJh5MGkwSXPjbmT,ZBNFq94cnPExGMqbE,4t8jAatE69YTHnKZi,qLWg6rFwJoqCSH3RA,ytzdbT8gP8ckfotfA,aQDKsYkfCudEGY5dt,w2B24Rxvug55q9z6i,jnGmRbEDZJnpxYxBL,fnG73Zft8JBtph3JR,L7wqvyp4Yibe43XK6,XbpkE5njE7CD6iXN9,kSK8sDktvJpBAeeY6,vT8PbhW5zbrqkrvZk,vwdbyg5uQ5oBr7fEA",RJwRqcdu4bN6ivwb6,X3P9yu9v7zg5CAoYf,zpxpuw2mYb4ZctAm8,KB9sjNKzbHHaCDASL,2023-05-18T18:58:56Z
68.0,68,FPPMdHLDRKNWZpFjA,2,9,2023-05-18T19:02:06Z,,"bX6XJK86T5LQySjFS,GSWbaWXf4wcC2hQNM,nS8FdE65oyTFvebuG,7WXxbavzSZGvTQZsq,hBohEzRJ9PhfmceJZ,rt92FAo8P2PHpqaEE,GCDh3atza72jjGZF8,5dWuiifG8REbveceN,hHMRaqv4Ghgd5Ljbp,HtTQgH92rrfSt6ZwM,XpDgys99nEoDHedXw","bX6XJK86T5LQySjFS,5dWuiifG8REbveceN,GCDh3atza72jjGZF8,nS8FdE65oyTFvebuG,GSWbaWXf4wcC2hQNM,7WXxbavzSZGvTQZsq,hHMRaqv4Ghgd5Ljbp,rt92FAo8P2PHpqaEE,HtTQgH92rrfSt6ZwM",FPPMdHLDRKNWZpFjA,omfgqruYdzcibaX7G,zpxpuw2mYb4ZctAm8,KB9sjNKzbHHaCDASL,2023-05-18T18:58:56Z
69.0,69,smQBRYJvfrRJs6PTx,3,9,2023-05-18T19:01:48Z,,"MBCA85z3BhLcwHJQf,knNPou3YA7bZMYdbf,tH56Z6rfXxSo3KxY6,Hr24a2u9xrJEQQE87,zzTs4vZ6z9sZi9Zkv,LN6JGDjKXoTwZcRKi,8xzKNvLhBRRyDW2Mg,oJpFg9tLGkxKpGpTY,bd6Kfvt3gx5LnSj4r,aCtbAkXNb6BnZE8mv","Hr24a2u9xrJEQQE87,MBCA85z3BhLcwHJQf,tH56Z6rfXxSo3KxY6,oJpFg9tLGkxKpGpTY,LN6JGDjKXoTwZcRKi,8xzKNvLhBRRyDW2Mg,zzTs4vZ6z9sZi9Zkv,knNPou3YA7bZMYdbf,bd6Kfvt3gx5LnSj4r",smQBRYJvfrRJs6PTx,DykLhskYimzK2pGas,zpxpuw2mYb4ZctAm8,KB9sjNKzbHHaCDASL,2023-05-18T18:58:56Z
70.0,70,FpYh3P5jAMzox9jXF,4,15,2023-05-18T19:02:26Z,,"oxzfaNFWeQTCPbfR6,z8wNrGjGdvhsrtd3n,bdcpfXacXH3mi6ytT,XGSGgWNf6dPCKJe7f,r4ppXWQgvYmHmkjdr,Dmra7qzWd8wwLwcLi,Sobtwx5KjbxuJijvx,zyeWX2rk8kRATyEpM,QBWmmzsTaNAkHQmCB,uEdQDGdaW6RAt6bdQ,noXwx5mbTAhbe2D5X,3PKCfDTqZRvBowEo6,GM4GNN6EXmhXWuh9e,hFRk8jHTRrTfEXerP,9XmMwD9YpHBkRruQG,fpFxtzv8KbddMwT5f,Y5mrsT5jPAzYJkxw9,XKuFhKjcmZTkZ9jPh,fweRxaEJnDYeGcqYX,JsBnySPeTiqExzd8z","XGSGgWNf6dPCKJe7f,Sobtwx5KjbxuJijvx,fpFxtzv8KbddMwT5f,z8wNrGjGdvhsrtd3n,oxzfaNFWeQTCPbfR6,uEdQDGdaW6RAt6bdQ,Dmra7qzWd8wwLwcLi,hFRk8jHTRrTfEXerP,3PKCfDTqZRvBowEo6,r4ppXWQgvYmHmkjdr,bdcpfXacXH3mi6ytT,QBWmmzsTaNAkHQmCB,zyeWX2rk8kRATyEpM,noXwx5mbTAhbe2D5X,GM4GNN6EXmhXWuh9e",FpYh3P5jAMzox9jXF,CZN3SQfXMHpqjzKk5,zpxpuw2mYb4ZctAm8,KB9sjNKzbHHaCDASL,2023-05-18T18:58:56Z
71.0,71,w3jny86AB5GuGBXub,5,5,2023-05-18T19:03:03Z,,"8rhbY73ArfQCncKZD,3g7Aat8QDsH27RpnY,sWHvc6qrcKWp5GqtD,nyXNQo8CRavjpDpW9,ZBspDaFnAgs82SbeC","3g7Aat8QDsH27RpnY,nyXNQo8CRavjpDpW9,sWHvc6qrcKWp5GqtD,ZBspDaFnAgs82SbeC,8rhbY73ArfQCncKZD",w3jny86AB5GuGBXub,c43HR4N6rCTCr678b,zpxpuw2mYb4ZctAm8,KB9sjNKzbHHaCDASL,2023-05-18T18:58:56Z
78.0,78,TbL5wguJpyDGWP3Lw,0,3,2023-06-06T19:04:20Z,,"xwzxK3rgmLXW9vMZL,H2brAW4FbMmwP2qWB,Xxnb2wY5kuoi3sW2u,aCojFsHqstp2gErY4,PhHZWGJvuN28nyvNm","xwzxK3rgmLXW9vMZL,H2brAW4FbMmwP2qWB,Xxnb2wY5kuoi3sW2u",TbL5wguJpyDGWP3Lw,uSwd4g967w5AwHyvb,ks6ywDGQJcQ9G7Nce,KB9sjNKzbHHaCDASL,2023-06-06T18:57:57Z
79.0,79,gtgsZeYyKrZ46jwrw,1,3,2023-06-06T19:03:21Z,,"bPouqKnvNnjZZFtan,vTZyKWgHhQrHxvveT,xEwtRDyqsuZPBcDnH","vTZyKWgHhQrHxvveT,bPouqKnvNnjZZFtan,xEwtRDyqsuZPBcDnH",gtgsZeYyKrZ46jwrw,T8QNsndpJ455sisft,ks6ywDGQJcQ9G7Nce,KB9sjNKzbHHaCDASL,2023-06-06T18:57:57Z
81.0,81,W34DkPMEtYuz57TaK,3,8,2023-06-06T19:03:31Z,,"6L3ewe5Bj23Ha5eEL,iiuTjaFHCPRBCsMRT,RwpiSGphyN8NnknNq,5QZLJZgvbvEirYAEz,Lwmr5XsFepFxGJioh,Ppop9yvuB62cH4fi8,s3rWXoAEN2CLrKPRq,r8dHwr8rjEFBkt7mw,ejRaxPP4qDfzhoX37,EgQKMbPCDtCpbjwep","6L3ewe5Bj23Ha5eEL,5QZLJZgvbvEirYAEz,Ppop9yvuB62cH4fi8,Lwmr5XsFepFxGJioh,iiuTjaFHCPRBCsMRT,s3rWXoAEN2CLrKPRq,ejRaxPP4qDfzhoX37,r8dHwr8rjEFBkt7mw",W34DkPMEtYuz57TaK,EwXYgjbPezNGFG7iR,ks6ywDGQJcQ9G7Nce,KB9sjNKzbHHaCDASL,2023-06-06T18:57:57Z
88.0,88,rfFHcr4WE3RFih8vJ,0,6,2023-06-09T19:24:35Z,,"4CaHuEEoswfyCZh8R,WqcvgnZ2k8DwH7Xes,mtfhvAg7FhtyokJzx,DLhaQxdeikWYc76qW,qKoAxQA25fwyDc5wz,pPBENF8mgdtZRpvuc,N5qKsnJYkQHtQHCum,CAoPCNNB6wf8fH6kh","WqcvgnZ2k8DwH7Xes,qKoAxQA25fwyDc5wz,DLhaQxdeikWYc76qW,4CaHuEEoswfyCZh8R,mtfhvAg7FhtyokJzx,pPBENF8mgdtZRpvuc",rfFHcr4WE3RFih8vJ,GpJrw9psns6GXzQdM,t2TpMm43PqLtePmhL,KB9sjNKzbHHaCDASL,2023-06-09T19:07:51Z
89.0,89,PmQ3hZgkB8nKp5ZYE,1,6,2023-06-09T19:27:41Z,,"tsdv3Hsmb6bXxBDvt,C3o4vxjHTeX2pAMkd,4Dx6hXi5yvGFT2CgY,emZthbEeusyQj4JM7,h4Fgh5eRdr8es7rJ6,rMgqjhekXMpQ6qvRi,AKJNhsRpThjzJiguY","tsdv3Hsmb6bXxBDvt,C3o4vxjHTeX2pAMkd,4Dx6hXi5yvGFT2CgY,emZthbEeusyQj4JM7,h4Fgh5eRdr8es7rJ6,rMgqjhekXMpQ6qvRi",PmQ3hZgkB8nKp5ZYE,pPL6vAnMFd6Dd3iwG,t2TpMm43PqLtePmhL,KB9sjNKzbHHaCDASL,2023-06-09T19:07:51Z
92.0,92,pa4876QCSBF656G3b,0,7,2023-06-12T19:48:03Z,,"xDJCkyFT3oYoDWjoN,HfRLuW4tnY2nC6vki,Egx7byA6LfxgLDoat,majpib6Yg8T6r8KGZ,5DGk629oPXsrcdvnK,GgWWsmNskD3jF2v6S,ogeL6nWpwW4TjA5yh,Rcn8pmxzmxodKNo54","xDJCkyFT3oYoDWjoN,majpib6Yg8T6r8KGZ,HfRLuW4tnY2nC6vki,GgWWsmNskD3jF2v6S,5DGk629oPXsrcdvnK,Rcn8pmxzmxodKNo54,ogeL6nWpwW4TjA5yh",pa4876QCSBF656G3b,qcGyYT7yq72dyQ8uQ,Dv7zX9hLrrCrkTCwr,KB9sjNKzbHHaCDASL,2023-06-12T19:44:02Z
94.0,94,ZxQqjWcDHRRAA4RNz,2,7,2023-06-12T19:47:59Z,,"k6B7JBCNqB7dMT7BJ,XM2YBBpWvEd9JQW8e,sytNMbkHFtZg7ynG9,F3GWtpNraLjzhBsMS,qvuTxckZSQHD3NNWM,z3QiZrLFA6nSr6GFD,Mw8L6jr9e4saDRyth,9yZp5TKj6SWn5BaRr,YSRc9HQwRwRd9F5uH","k6B7JBCNqB7dMT7BJ,sytNMbkHFtZg7ynG9,XM2YBBpWvEd9JQW8e,Mw8L6jr9e4saDRyth,F3GWtpNraLjzhBsMS,qvuTxckZSQHD3NNWM,9yZp5TKj6SWn5BaRr",ZxQqjWcDHRRAA4RNz,RLyzeFf54hW9L3NWy,Dv7zX9hLrrCrkTCwr,KB9sjNKzbHHaCDASL,2023-06-12T19:44:02Z
111.0,111,MMjtNevGGub53cyqS,1,18,2023-06-20T18:20:08Z,,"zM6cXQ8HCw9EnYfyn,9XeMCwEtPC6AAYygH,YMvxXhugEikLLvHEM,Enua4GmCDkCPxDXi9,EgDtc2qBF5cNttzdT,qYg4poShyP8gRbJuu,g7gYBuEdKXXTYh36X,he4PXLQChfqXpNiLY,Z3ued5BdzxgiSAnyf,ersiviK85Y5j8pAJy,4aQq9E4raPRGXDFnB,4AHp3kJQ2muxEF5ge,RXSKwkpXDgoLZK6Mw,AxZbPuWykeEqJaHiH,vTd4xu4R7hKF2DHto,CRRxenYThXsZrpC3S,aJHkoCHtemFz5fgvp,Zqif6ygBqxMPhtrx9,nxKwNnjcnKHWDZMun,6awtm3uY9X4XGdssd,458BrvPng84veLShR,9QuRiqCMh9rRTNhiu,6zsWzGzQDdyDMaWG3,KmRd9mv6BG2DRLTN5,3zGe7L3Zs9SzEwQSb,sGPBzejQFTkas5bEi,iQPaQfXhSrzdSNp4d,5j4bhsT2QTN5BHohK","zM6cXQ8HCw9EnYfyn,YMvxXhugEikLLvHEM,g7gYBuEdKXXTYh36X,he4PXLQChfqXpNiLY,Z3ued5BdzxgiSAnyf,KmRd9mv6BG2DRLTN5,aJHkoCHtemFz5fgvp,4aQq9E4raPRGXDFnB,nxKwNnjcnKHWDZMun,9QuRiqCMh9rRTNhiu,9XeMCwEtPC6AAYygH,EgDtc2qBF5cNttzdT,RXSKwkpXDgoLZK6Mw,6zsWzGzQDdyDMaWG3,CRRxenYThXsZrpC3S,AxZbPuWykeEqJaHiH,qYg4poShyP8gRbJuu,sGPBzejQFTkas5bEi",MMjtNevGGub53cyqS,CaMyybWrwZkttmhcq,MrA9NJKeDE9aYrJkW,KB9sjNKzbHHaCDASL,2023-06-20T18:14:40Z
113.0,113,iDMSsFeCDBx6WP6HP,3,12,2023-06-20T18:20:21Z,,"nQsLMyArrRxzj9u3J,8baE9Z6MYkTh7itjX,SN5MHBs7ENFy8y7Y2,wgQtJXSTN77TMDR7D,krPhJre9kQtaCEpzK,dTbZcExnc4bszcHvP,kMhkrgiqvaD4PJLD7,zpYZygFsdBrWbuXJo,XAtBvDXuzNQy5uexM,Bvi3oS4dSACDeT8g4,rqSH3kEHPsN2RWDpz,WddT3QseSLMx66PHr,hm5Ts3nvAWeBRApmn,8JtPKW5hKBJPuLwNB,XSuAFhgArbM5qpMBX,9EcEbTM6pA8BjATxM,AHNKKSetf5qyButxY","rqSH3kEHPsN2RWDpz,dTbZcExnc4bszcHvP,nQsLMyArrRxzj9u3J,SN5MHBs7ENFy8y7Y2,kMhkrgiqvaD4PJLD7,Bvi3oS4dSACDeT8g4,hm5Ts3nvAWeBRApmn,8baE9Z6MYkTh7itjX,WddT3QseSLMx66PHr,8JtPKW5hKBJPuLwNB,XSuAFhgArbM5qpMBX,zpYZygFsdBrWbuXJo",iDMSsFeCDBx6WP6HP,JeQY6viDgGo37tsfJ,MrA9NJKeDE9aYrJkW,KB9sjNKzbHHaCDASL,2023-06-20T18:14:40Z
118.0,118,cJHD8epdFXtT4QCs5,2,17,2023-06-20T19:11:14Z,,"9Pdq3Ac3u8ChyJEeY,wkctNAzBZ3uXem2nY,bWRJJxbtPPeZYWyX8,QE6PxEGR5yZxb2DEf,oLRe4Ph5XrjDpnhf8,zv2Tcg4cyoku48223,RDua6YdWjweNY2ivp,ksMFgm9zQ9NXEKSNT,iXnkzAn4yu3x2BM7y,xkxvehWLJRdaa8Nem,jcCPvqZvBdPnTbRe3,DduKrr38p9bxKpFur,9Wy9r4nkBNe8uWf2j,JGYJhXniFYhxivvu8,qZHFLsyvPw6eCcahR,nAHsDbWjNqXxLc3y4,TPMhivTDvGiipoH5o,ZXX3tc4hEvdwZTpo7,NCCp7jvancEvJngpL,KQP7t5S2zzh6hLzpZ,JDRZiCoCPc7eSF93p,4g3EY4MPNqDokiH2w,ARn3dyyJDftQr7D2c,QCQQnHrQL2mDtrosb,QzMaA4cZoCTXJRJSs","RDua6YdWjweNY2ivp,iXnkzAn4yu3x2BM7y,jcCPvqZvBdPnTbRe3,9Pdq3Ac3u8ChyJEeY,QE6PxEGR5yZxb2DEf,bWRJJxbtPPeZYWyX8,zv2Tcg4cyoku48223,xkxvehWLJRdaa8Nem,qZHFLsyvPw6eCcahR,nAHsDbWjNqXxLc3y4,ksMFgm9zQ9NXEKSNT,oLRe4Ph5XrjDpnhf8,JDRZiCoCPc7eSF93p,4g3EY4MPNqDokiH2w,ZXX3tc4hEvdwZTpo7,wkctNAzBZ3uXem2nY,JGYJhXniFYhxivvu8",cJHD8epdFXtT4QCs5,XxNeBhZHv7tv8bAaN,M2mgwGCc4snELasmo,KB9sjNKzbHHaCDASL,2023-06-20T19:07:33Z
121.0,121,5t4Ap8vtxqkcQ9zKZ,1,4,2023-06-21T17:16:10Z,,"hwGAH4iDvuZSvMxNo,T3hhasu8MGkHv9iAw,CpG7rdWJ3sS3Tbahj,dzMx39Ek9LRKkgeLf,mshD389BR2GypuzYY,WW7zFvg6j5wtagHHm","mshD389BR2GypuzYY,hwGAH4iDvuZSvMxNo,dzMx39Ek9LRKkgeLf,WW7zFvg6j5wtagHHm",5t4Ap8vtxqkcQ9zKZ,5bHdKTqnDF5FpBJb6,yjg3gsZEgMKQa4BCF,KB9sjNKzbHHaCDASL,2023-06-21T17:08:21Z
123.0,123,iLnKf85gLSfcDA927,3,4,2023-06-21T17:16:01Z,,"kDNhRFY9NfdzqsEyi,KdQHNijSLLYc3FZyg,TrBv5yF5QXKwu36W8,JQ5h6gA6x3pskKzwL,bqb3pZYEKTS8D3Tov","JQ5h6gA6x3pskKzwL,KdQHNijSLLYc3FZyg,kDNhRFY9NfdzqsEyi,bqb3pZYEKTS8D3Tov",iLnKf85gLSfcDA927,76DYAMEootntZ5MDk,yjg3gsZEgMKQa4BCF,KB9sjNKzbHHaCDASL,2023-06-21T17:08:21Z
124.0,124,LsGsx7FwgiRCtsDuF,4,4,2023-06-21T17:15:00Z,,"SjSY3HsuPt8t5MQZu,aREy2YrJafBJoPi5K,k6QYa4kbRjttN6LhT,aaRcrtynXHBeeRnSY,qCQJwCnvZsKdHQs7n,4TeJbeQfiGzRBpupT","SjSY3HsuPt8t5MQZu,aREy2YrJafBJoPi5K,k6QYa4kbRjttN6LhT,aaRcrtynXHBeeRnSY",LsGsx7FwgiRCtsDuF,dS8SBmBtRotM4Yzzk,yjg3gsZEgMKQa4BCF,KB9sjNKzbHHaCDASL,2023-06-21T17:08:21Z
126.0,126,TzHwDYFvukpQXXmHg,6,4,2023-06-21T17:16:40Z,,"XDXwuGqMNRex4h7Eh,LBCnuzJektdLGK8rq,C2ihfLukrHyzuF79E,yK9TacEn7Wm7nJkoz,Gay4GDRfgahAxe3BZ","XDXwuGqMNRex4h7Eh,C2ihfLukrHyzuF79E,yK9TacEn7Wm7nJkoz,Gay4GDRfgahAxe3BZ",TzHwDYFvukpQXXmHg,LoLgzdHjSfRc9ADAf,yjg3gsZEgMKQa4BCF,KB9sjNKzbHHaCDASL,2023-06-21T17:08:21Z
129.0,129,6DXFKd9xB82wP9Jgv,1,8,2023-06-23T15:53:03Z,,"PpS8MxZaZ7sioaJYx,TMWMxyHqYMi5Gf8Nf,GBTZhGncer6vTZFQ3,pvb3SoMAdrBFYA4NA,9F68tanXAY9irS78K,kvTBq2c89cRwgqJnc,kZLFRbMZMGcNYRTZh,gNWSfbcfzoQWXr2Le,HFdfZTyHG9s8ByyXG,CRQyaeLmdHzKrBtt4,ewaHWRDDzMKSEruPv,4nysgxgrmn7EdMt2c,q8X6pjzMNhyu3Abep,8XXB4HiHaQzTj5r8S","kvTBq2c89cRwgqJnc,9F68tanXAY9irS78K,TMWMxyHqYMi5Gf8Nf,gNWSfbcfzoQWXr2Le,PpS8MxZaZ7sioaJYx,HFdfZTyHG9s8ByyXG,GBTZhGncer6vTZFQ3,ewaHWRDDzMKSEruPv",6DXFKd9xB82wP9Jgv,QxNB2smMC9dtGKfD6,2DgGzdDRtKB6KR9TD,KB9sjNKzbHHaCDASL,2023-06-23T15:46:57Z
134.0,134,SYD94nQhuAJ5Ynbtj,6,8,2023-06-23T15:52:16Z,,"vWgCfEvYiksT5yZhd,kxgfwm4TpPjWEmLpj,MydmGwoRuhaCBcAw3,S8ywocq85pEdDgbsq,e6HKNCmBvgRf45Hsa,JcyNpL2dZf4yWNWTM,DocZtoGAftbdFtKWJ,TNzFWSQSHLrGBAtaG,H4fAQocWT2A6gAmTX,5CyvaG8LgvdNBuTo9,ukuoyGMNM4Rdva3qD,cvJW5FazADXFYkCLZ,qY6F9gdobEg59dpmj","vWgCfEvYiksT5yZhd,H4fAQocWT2A6gAmTX,kxgfwm4TpPjWEmLpj,5CyvaG8LgvdNBuTo9,DocZtoGAftbdFtKWJ,S8ywocq85pEdDgbsq,MydmGwoRuhaCBcAw3,e6HKNCmBvgRf45Hsa",SYD94nQhuAJ5Ynbtj,NwFkvZbp6yB57JXxt,2DgGzdDRtKB6KR9TD,KB9sjNKzbHHaCDASL,2023-06-23T15:46:57Z
139.0,139,CEe8uDycRbaQrEx6u,3,11,2023-06-23T16:26:10Z,,"ArEosK33a7dSGkHzg,djGTLzwwATTtoD2JX,ajX4mmHhMeDm9yg8C,oLCadqygn4rPAj728,Wf3zeJvz8oBgtQxdm,Sswhc3yNKyeuWxrfo,buccuzezZvg7B6zKy,GFcg6ftKf8PDNBEA6,ai72E7Mwybh5BgmQB,jdyR2FqMDShpfrHju,PRMdbd9kHGL5cf8pp,rkJNzundjhNoDxewk,zHm2FMiZeW4mquNA7,xvoturu7fdv79KuRR,mFJxhaoHXNb4mjpGY,zexCvL7Z9MsDkd57m,dZkys7j5qsskpPPh2","jdyR2FqMDShpfrHju,oLCadqygn4rPAj728,PRMdbd9kHGL5cf8pp,Wf3zeJvz8oBgtQxdm,xvoturu7fdv79KuRR,buccuzezZvg7B6zKy,mFJxhaoHXNb4mjpGY,rkJNzundjhNoDxewk,Sswhc3yNKyeuWxrfo,ArEosK33a7dSGkHzg,zHm2FMiZeW4mquNA7",CEe8uDycRbaQrEx6u,Q6Mwf8msBwM5WhLXn,qAh9ePpvcXhvQvBJh,KB9sjNKzbHHaCDASL,2023-06-23T16:22:32Z
141.0,141,k3hqndZ6cSsaer4Gx,5,11,2023-06-23T16:25:59Z,,"ZhohGxJZiZqZpTQj9,inZ6cLyCTiFj3t75F,PfY7xnCdeK59HWA5f,YurvP6869dx84w8DT,hC4hWMXizamZBKkta,BmTjZ2nmD3eKWW7TS,RojQt8WqxjxwopSMm,ZPcQ8FivtnoWoP9on,FsraJ5kgs9EmpdHg6,ae3LpThHP8jh6bT2h,7GkZGFMWD4cdPTafx,GWdGwdm9ojba4vTjF,erLQX93GWsHWuEW2B,hRB9AxyLnGZd2ZzNo,MyLCYNHLoAnJxurpA,4oZtJpyhLrKpkAeqw,EB8heBuEBMqkSA3si","FsraJ5kgs9EmpdHg6,hC4hWMXizamZBKkta,MyLCYNHLoAnJxurpA,ZhohGxJZiZqZpTQj9,inZ6cLyCTiFj3t75F,hRB9AxyLnGZd2ZzNo,ae3LpThHP8jh6bT2h,RojQt8WqxjxwopSMm,erLQX93GWsHWuEW2B,4oZtJpyhLrKpkAeqw,PfY7xnCdeK59HWA5f",k3hqndZ6cSsaer4Gx,GhFu7euJttvaho4Sp,qAh9ePpvcXhvQvBJh,KB9sjNKzbHHaCDASL,2023-06-23T16:22:32Z
145.0,145,bYTp9675CYN6Ki6dS,3,18,2023-06-23T17:12:52Z,,"AQYpagnqc6ChvWNbg,snefymZGAiJHPsCMY,cMEwyLtR6CoFRTHxi,zieH5HR2ta4A3YFDe,iMHK9YwJjQrFi3csq,fQSnQSAyZzGCn3APg,JC52PeRpWrqMgpsog,ieNAJtXe7R4ZexxcM,LpxKGMZEqwX2vrCdS,a8ZCgdoZnsoit279M,H2Qm4oDb9ahqS5ZcF,bgf9pMFkH7Zxg5Zuh,RCSQADRq4wpTGaf7t,dsRAH3aoXMLreZJt6,C2jpAoL5XyBtd2DZK,Brc3AmpF2dtQnQGcX,emXhcKa6ya6nHxtra,GdMrijrquM46JyaT2,85LnfNgi4zCzm2mf4,oKkyn3M7JWJNh4eKv,Z4F9k3nhboR8aMYdr,nAxdLQxAxxZwMcr7r,XLG2Qta5Hes4BvH8r,AugmJyKjqJcQoZvF7,iWgP3LXLpm8nNTroH,sKKLueL4jM8jKLdwN,ej7bxupt8HPRjX9Jb,3NswsaqgtGguxKqXQ,Kqaya7gqihexqdPvq,QvXppiSD6SPa2yfgk,tHHHmjeBFSWEBeB3a","JC52PeRpWrqMgpsog,LpxKGMZEqwX2vrCdS,snefymZGAiJHPsCMY,ieNAJtXe7R4ZexxcM,GdMrijrquM46JyaT2,zieH5HR2ta4A3YFDe,iMHK9YwJjQrFi3csq,a8ZCgdoZnsoit279M,Brc3AmpF2dtQnQGcX,85LnfNgi4zCzm2mf4,oKkyn3M7JWJNh4eKv,H2Qm4oDb9ahqS5ZcF,fQSnQSAyZzGCn3APg,C2jpAoL5XyBtd2DZK,dsRAH3aoXMLreZJt6,AugmJyKjqJcQoZvF7,emXhcKa6ya6nHxtra,cMEwyLtR6CoFRTHxi",bYTp9675CYN6Ki6dS,iqW5v9uCfKpYaDFpj,NFsP3ZcuGey85Gwhr,KB9sjNKzbHHaCDASL,2023-06-23T17:07:09Z
148.0,148,mJNRmfWJDaamnzwTd,0,5,2023-06-27T18:16:05Z,,"DccWLWikL3PWnMmz8,GQqLMpub6Lug7EMvM,Y3Wuf9fQZofcL33kp,hKe3xn2pZgttsTiZz,roiuP3ZjXWL3w8G6X,nM3izSeNMzzuixPJJ,46vdnWFRhiQEEHPKw,zxnZL3N9DiT6xaaFB,AY2GpDHoAiSkECWpr","roiuP3ZjXWL3w8G6X,GQqLMpub6Lug7EMvM,nM3izSeNMzzuixPJJ,hKe3xn2pZgttsTiZz,46vdnWFRhiQEEHPKw",mJNRmfWJDaamnzwTd,7pzh8zpwEk5b9Dt8q,7d2Jw8XRRvCZLzkWr,KB9sjNKzbHHaCDASL,2023-06-27T18:08:11Z
154.0,154,9ASf6qit6vvva9hTQ,6,7,2023-06-27T18:13:46Z,,"rEw9iAvCb5hy4tZgz,p6BkCznHpfNYR4BuL,i7NquN4LpgENYmvjd,mbE3QFxyH67zywsg8,tzchBXWXFEM24tovy,A9ibe64QruvtdqfhT,pAahtciqfEG4C9HLf,wAHZSgu9JKHtDa7Nt,EYxPzyEK5PymnKgQ7,Y2BgdTnEppMcauRhw,KW6ca28MqD4TXWjDk,P6Xu8fb6FqEZCszsL","A9ibe64QruvtdqfhT,rEw9iAvCb5hy4tZgz,i7NquN4LpgENYmvjd,EYxPzyEK5PymnKgQ7,tzchBXWXFEM24tovy,p6BkCznHpfNYR4BuL,pAahtciqfEG4C9HLf",9ASf6qit6vvva9hTQ,C2Wg63mfGWGC8nipM,7d2Jw8XRRvCZLzkWr,KB9sjNKzbHHaCDASL,2023-06-27T18:08:11Z
159.0,159,ipCdsovJ8AkDWFFe2,11,5,2023-06-27T18:13:58Z,,"aTSWWry92suqtjZ8R,srFgwo6DHWM5k7bzE,227W9wKpu5HrvtGJx,hXkLQJsTJWB48DvYB,qsyWxirgt676AnTCN,KXF4ZofFKojwCamKJ,PmfJXTAqNzsRee5v2,GqdKfSPS8goDD5zqR","hXkLQJsTJWB48DvYB,KXF4ZofFKojwCamKJ,srFgwo6DHWM5k7bzE,227W9wKpu5HrvtGJx,qsyWxirgt676AnTCN",ipCdsovJ8AkDWFFe2,cQ3awgM5aqtrN73AE,7d2Jw8XRRvCZLzkWr,KB9sjNKzbHHaCDASL,2023-06-27T18:08:11Z
161.0,161,AqPfaaLHAaHtiD862,1,4,2023-06-27T18:49:50Z,,"aZSu3WN4GwYFSCLXm,ovoygGEed7fyYBYXG,e6oGG8AEKWboGm7Cb,nwyr3sijGFPAfNwww,gpvc6wqtjoXurdvYr","e6oGG8AEKWboGm7Cb,ovoygGEed7fyYBYXG,nwyr3sijGFPAfNwww,gpvc6wqtjoXurdvYr",AqPfaaLHAaHtiD862,9qmaoGKva8pHPzCCY,nD48Jxctu28pTdSZg,KB9sjNKzbHHaCDASL,2023-06-27T18:42:56Z
163.0,163,spx2kzMh9jsgWtGos,3,4,2023-06-27T18:48:59Z,,"JnnYePrrQGZnDWCW5,Pr7n7MRT6SAZrrgPh,yk2asNeTc8PiNyNod,4jFJKDaWrAuQYaWdn,C56QfjmJ4T6qTzoQs","JnnYePrrQGZnDWCW5,Pr7n7MRT6SAZrrgPh,yk2asNeTc8PiNyNod,C56QfjmJ4T6qTzoQs",spx2kzMh9jsgWtGos,j8PPMo5A222XAw8k9,nD48Jxctu28pTdSZg,KB9sjNKzbHHaCDASL,2023-06-27T18:42:56Z
164.0,164,QDodERxmDfeJhH38w,4,4,2023-06-27T18:49:51Z,,"eSs8AN9RRS9yhyjBj,3QqmCva6y97WQZcYM,C9y4krEuuikg4bHRF,h5K6FwvzZB7K2rQgk,238FKLrXa7353w2yr,yersSNa3xq3NDpHwx","eSs8AN9RRS9yhyjBj,C9y4krEuuikg4bHRF,238FKLrXa7353w2yr,3QqmCva6y97WQZcYM",QDodERxmDfeJhH38w,BrRQATzuoAWrawWrC,nD48Jxctu28pTdSZg,KB9sjNKzbHHaCDASL,2023-06-27T18:42:56Z
165.0,165,FxN4ETksRuuZDFtEm,5,4,2023-06-27T18:50:26Z,,"FK4WzfCAQJ2PhsmBf,ir7kuiDXzxBT56Mwe,NvTuFa62irY7vQYvP,e4ibC4yyh8keBWJRN","e4ibC4yyh8keBWJRN,FK4WzfCAQJ2PhsmBf,NvTuFa62irY7vQYvP,ir7kuiDXzxBT56Mwe",FxN4ETksRuuZDFtEm,xSbd7vhTC6td5yGTZ,nD48Jxctu28pTdSZg,KB9sjNKzbHHaCDASL,2023-06-27T18:42:56Z
168.0,168,orggCPGLye8v2eBqg,0,15,2023-06-29T20:35:47Z,,"g3MksbXjygncRKf7Y,pw9jx4WWhB5yMY72p,zhMjXAab5R3J9Nkuz,aotNbTvXQr3fA5RMf,hKX4vfBa2jh5u5atT,xKbogcgudLQKsjNGJ,PSvmKxhW7p5EjsNfM,zhDyhZsnMXueohykm,SLSf8RGTJiGNWaevE,8sZfB6ysBSNJdcdLj,cZXfEnuptTfmGCBdK,sWWWx3raBnLd5yZHh,cy7XLBSwhr9EpBu7a,pxMx9WgbkDS4v9C4u,agYHDiM9ygzjevTBK,6zfXa3q6RbrkYb7Ae,DFK3soEzSS7oBenb7,BDXWwer8STqdCpxZo,ZZLtFRav7MeFm5eZf,nJ5oxwbHapJ4dqgNG,j7TZr5LhmEdfx6ju7,PhQtdApKv5DQFd9nY,unN2McRZcKemNsspz,fJXradWcenxv4aDxs,Pk9uddsYxPcRLtQ8B,iyvsDg4aRDQMjcWyj","SLSf8RGTJiGNWaevE,xKbogcgudLQKsjNGJ,sWWWx3raBnLd5yZHh,PSvmKxhW7p5EjsNfM,8sZfB6ysBSNJdcdLj,zhDyhZsnMXueohykm,cZXfEnuptTfmGCBdK,agYHDiM9ygzjevTBK,zhMjXAab5R3J9Nkuz,6zfXa3q6RbrkYb7Ae,aotNbTvXQr3fA5RMf,pw9jx4WWhB5yMY72p,ZZLtFRav7MeFm5eZf,BDXWwer8STqdCpxZo,pxMx9WgbkDS4v9C4u",orggCPGLye8v2eBqg,YDM88mPEXkyD3qNu5,Pr3h2M5uQajb87SeQ,KB9sjNKzbHHaCDASL,2023-06-29T20:28:43Z
169.0,169,sArBi3N8QPRgYbvwn,1,15,2023-06-29T20:35:42Z,,"AyjggzgLk993Ad5Ae,p2NXGnERA38Z29yvr,pWqwGwK9RMdeD6knc,TrA5FcqnhtFqbE4qP,ieTofvXXr62H3XsnS,Du8ACqCNrer5r7mfC,igwWyyip5B6AjdoFL,Di4RjEfFeqeDSdxyK,gs2ZuRE9AWq9eZou2,oHiyxmAZkqi6NZM4h,9SsTfyW4S2WN3yqtR,HDv7z3P22NSLTp2uo,K6SGxfm44mfggkqcc,oiHZS3wFYDjzAmoZh,ib6juCsRxwpdTQo2E,xgE3uZxZ3SN3mtbJP,mPvgGKSn4Lznm3TnT,LcKRewH2ydAHc67Q7,h7bKX4QJqgnxLspa7,eZwnePApvycnxZvyF,TWBHAG7yAeFLYKCEX,qHeaswzKFw6sqC5Nh,mnzbvY3Ei9kdvM8c2,a7a2xnv4YMmz7vpvY,zWdCnfBTfPA4WPK5Y,HkvCHPSQcuxL4EM3S,bBgHBCPjHfMk6yDoM,iPmgrfMESHtaLra2W,NkfKLtWzKSsGDend7","p2NXGnERA38Z29yvr,igwWyyip5B6AjdoFL,TrA5FcqnhtFqbE4qP,ib6juCsRxwpdTQo2E,ieTofvXXr62H3XsnS,Du8ACqCNrer5r7mfC,oHiyxmAZkqi6NZM4h,Di4RjEfFeqeDSdxyK,LcKRewH2ydAHc67Q7,AyjggzgLk993Ad5Ae,HDv7z3P22NSLTp2uo,mPvgGKSn4Lznm3TnT,oiHZS3wFYDjzAmoZh,xgE3uZxZ3SN3mtbJP,mnzbvY3Ei9kdvM8c2",sArBi3N8QPRgYbvwn,nwGx7mfh6xo2teCYp,Pr3h2M5uQajb87SeQ,KB9sjNKzbHHaCDASL,2023-06-29T20:28:43Z
176.0,176,rY7uJPjekmRnkdPpP,0,11,2023-06-30T17:21:50Z,,"bTafd3wqy7mkCcqWD,T6c3bsutqCX9R3s93,negTDvYbFPecsdkix,9g7SzrcBtr8ChbjEQ,S2BQkogw4mkmNwbmN,qrhKWGHKCLa5ZMxYH,oKgT8iYNTu2Tetp6k,PCtRJSyHcb6ZknoDa,FKr3wrZEPTS989wKx,69RuGmdj2uzRSZjoy,hmxoRStu2ZSYChXcQ,2LuHSw8o4Neezn7vW,2PHSTajzsCdzpFrQj,g9CdKYDKggs2wTiuM,QaHyBPrwtnKnr6uR5,x7xvhwroAE5fvhi2X,emfjYBpSA7vhCmnuL,7ieKrmZvfaW8ckGep,cu5fAcjPD8GT2nxM8","negTDvYbFPecsdkix,S2BQkogw4mkmNwbmN,oKgT8iYNTu2Tetp6k,PCtRJSyHcb6ZknoDa,QaHyBPrwtnKnr6uR5,2LuHSw8o4Neezn7vW,69RuGmdj2uzRSZjoy,hmxoRStu2ZSYChXcQ,g9CdKYDKggs2wTiuM,qrhKWGHKCLa5ZMxYH,FKr3wrZEPTS989wKx",rY7uJPjekmRnkdPpP,cNEsQcyn8G4wZjkAc,czNgajTZAphJYcL35,KB9sjNKzbHHaCDASL,2023-06-30T17:16:32Z
177.0,177,Fj9DT3BL4SG26wNCY,1,10,2023-06-30T17:21:16Z,,"9GW2oKr5GBDwbYMpf,A8X77Yj2S5nPLXKvQ,cx9w92Kmyxhdf66ES,Knc6xBWnec6vPvTiF,A7NELwAoAPnqyW83u,37Qjb7SqbrFrfRLNu,kAFwduKJ9rkCuHvCs,GMoiWGHcji9Gy5jgB,bMGjn3E8hzRbZW8my,Euh5jGr3iMMGqapSa,R9JM2eGvCbpJnPGBL,Efsqpq52tZGWC2fqK,nXmFwtHEn9MzFsq45,xCmbRj6wCb47885g7,ukXqbrd6dBJYHeW6d,xqLq3N3eJXwHmpoMQ","9GW2oKr5GBDwbYMpf,A7NELwAoAPnqyW83u,A8X77Yj2S5nPLXKvQ,GMoiWGHcji9Gy5jgB,kAFwduKJ9rkCuHvCs,cx9w92Kmyxhdf66ES,ukXqbrd6dBJYHeW6d,R9JM2eGvCbpJnPGBL,37Qjb7SqbrFrfRLNu,Efsqpq52tZGWC2fqK",Fj9DT3BL4SG26wNCY,kXQ7ujknnNC2dYLyG,czNgajTZAphJYcL35,KB9sjNKzbHHaCDASL,2023-06-30T17:16:32Z
187.0,187,mv64fBxLLWpniptwg,1,15,2023-06-30T18:41:03Z,,"pfKjoZiZ5o3c6XSzu,HbRrwhHdvXvpurfod,ddn9ABR77i6txbmHa,xriiELrzKQnKwGthA,gQKdYz8frvMKobhbR,A8Ztkkz8aMP8x8Cy8,AhBoedLQEiq5KMnxo,8HyZAnjcuimzNmsmA,PHKEeBEKd976CJTay,tf8RXZ3kZyTq4uDnZ,ozzjMajKasDXZDKcj,gPgctxn88Q5nCAFSP,EaxcfnC2tArhe8k8r,NjfCnFeDYyQZyvKnq,od8eahi3Mc54cPqAz,fh73nmDdqaiu7srCz,GgCiEPz7cAN7a4nud","ddn9ABR77i6txbmHa,xriiELrzKQnKwGthA,gQKdYz8frvMKobhbR,od8eahi3Mc54cPqAz,PHKEeBEKd976CJTay,AhBoedLQEiq5KMnxo,tf8RXZ3kZyTq4uDnZ,8HyZAnjcuimzNmsmA,EaxcfnC2tArhe8k8r,fh73nmDdqaiu7srCz,NjfCnFeDYyQZyvKnq,A8Ztkkz8aMP8x8Cy8,pfKjoZiZ5o3c6XSzu,ozzjMajKasDXZDKcj,gPgctxn88Q5nCAFSP",mv64fBxLLWpniptwg,qD4ia75Wb2DpemoJr,Ja3s8QeezaGxT2tnS,KB9sjNKzbHHaCDASL,2023-06-30T18:34:39Z
189.0,189,xEP5rajASDPJkWH94,3,17,2023-06-30T18:39:58Z,,"KBhg6xeynczf5nn8R,rczWB4cwGLFqX28Pk,9CTEs3MvLTu7RKjQF,2Yv32hRFtdr4CZhe3,ibJW3PWCntxdXu6DB,FSb4RqR9Jmuht6AJy,TTahkhjnHF7DoP2cC,yWAoQhBGiN9LDXuGL,zexgTvW7pKYjEgJqb,Zv2XQy87o6h7qgFFz,HKdu89pKaS8Qks52h,EtG3DoAL6rY3j5DH3,EB4GJ57Su6Q7jHpy4,FFdqm7xDcqQXwwh9Q,6tjsfTLfPiBzE72bG,Kqyb4gqcpXXEHR5MN,PXte8orZkL7kauvg2,r8EJmWsocs6CTKtiN,dHBCyq9Ee5FF6Nx9S,cRAmncR3o3T9Nkjyp,x7dKh3Xj5m9aTtcLZ,JspJ9XRNitKr2Jazm,HYtPL4cS8oaK5X4dr,TrBXQEmMenhZPYC58","6tjsfTLfPiBzE72bG,9CTEs3MvLTu7RKjQF,zexgTvW7pKYjEgJqb,KBhg6xeynczf5nn8R,Zv2XQy87o6h7qgFFz,rczWB4cwGLFqX28Pk,yWAoQhBGiN9LDXuGL,FSb4RqR9Jmuht6AJy,EtG3DoAL6rY3j5DH3,FFdqm7xDcqQXwwh9Q,HKdu89pKaS8Qks52h,PXte8orZkL7kauvg2,dHBCyq9Ee5FF6Nx9S,2Yv32hRFtdr4CZhe3,x7dKh3Xj5m9aTtcLZ,TTahkhjnHF7DoP2cC,cRAmncR3o3T9Nkjyp",xEP5rajASDPJkWH94,RRqpP5m53oYy4EgL7,Ja3s8QeezaGxT2tnS,KB9sjNKzbHHaCDASL,2023-06-30T18:34:39Z
192.0,192,dr8gXGDNPbKB3iuRR,2,7,2023-07-05T15:10:00Z,,"CBpLKaTejFxeQ3XB4,fwJFqh3v6fbcjR9yi,yaHW7J8BGzdtkQHPY,KuGBdjYc7pEj9RmQj,s2CSHeEDG87ZBYYY9,sJFnjf7waB6iLTNzP,ZPmciemNSaiXbMRzf,QaJn5oJrLPc6CeSXF,vXbcTk4sMJpFjb68w,F8d8Pai5is5fSWzEM,a4c47us8jdxXK6PbC,th69ivd2YMnXoMQME,zZNZQqLF5eWDih7em","CBpLKaTejFxeQ3XB4,fwJFqh3v6fbcjR9yi,KuGBdjYc7pEj9RmQj,yaHW7J8BGzdtkQHPY,sJFnjf7waB6iLTNzP,a4c47us8jdxXK6PbC,s2CSHeEDG87ZBYYY9",dr8gXGDNPbKB3iuRR,g3bFoXnGymwNHdvuK,ey55iNbaMs48J9dFa,KB9sjNKzbHHaCDASL,2023-07-05T15:03:26Z
198.0,198,ibpbDm8GAaByGZidG,0,5,2023-07-05T17:26:48Z,,"axw7w9RR8KkDhJsKJ,AKa95uZahMvuGe9TK,iKKDAo6Qy4pPuzEk3,5xngRZZC6CaKS3ua3,HXmn6cQgzA4dQMjue,vxrodmwReyjDukSG7,EJguvXXN4FqXzvjEn,SD9Dt2uyTuqfuBStd,9XEMB9XZhpLrWPJfc","HXmn6cQgzA4dQMjue,AKa95uZahMvuGe9TK,EJguvXXN4FqXzvjEn,vxrodmwReyjDukSG7,iKKDAo6Qy4pPuzEk3",ibpbDm8GAaByGZidG,YcciLZBzZxuG7NEKK,sbb57pykJrcQLQBgx,KB9sjNKzbHHaCDASL,2023-07-05T17:20:41Z
199.0,199,tFRhYJxotc5za8JEj,1,17,2023-07-05T17:26:50Z,,"rDayKQ5qga94R5B3z,dmevR27xdYh4ASGDg,ghae4EuCzE6dNCs7t,zustmWRXkLck27PeE,D46A7KedfG5RYgXFd,sptvKpN8LCBYriv5Y,ZawEH5W29Bzdm8dGF,gCxEeevwH9o8L4v2v,YcPMQacYw5pRzu82z,M5m7WmHuvoP94Xj4e,uppfqb2ZuCsfBoYub,rMDpMxyHDzSHfgQDP,4sQa4dwm7hzKrWKg2,MEtaiTjLCjn3HHz29,MpzfbuiJgEeeoMC63,aYJKpkddHBPvstwPG,NLSSZoZXMXWrGLEkH,ZppQGtw2MYLwx3hzd,yHy93ZMgRXtnWpGN7,bDKqtLuwbkWJQ5KLW,3AviDD6aACxT8LpXr,Fs4ozfcadvKTb8vqd,BW4XRwQobaaAEmfPY,88gP4uvLw58TsBtSm,4kH36XzGRwWSbs4WR,N7Zxe7MfSbdNYQWEg,ZzPHhPyqfyF5cK8ap,yW6PGKgLRo6Exyov6","rMDpMxyHDzSHfgQDP,M5m7WmHuvoP94Xj4e,NLSSZoZXMXWrGLEkH,YcPMQacYw5pRzu82z,D46A7KedfG5RYgXFd,ZawEH5W29Bzdm8dGF,gCxEeevwH9o8L4v2v,aYJKpkddHBPvstwPG,MpzfbuiJgEeeoMC63,BW4XRwQobaaAEmfPY,MEtaiTjLCjn3HHz29,dmevR27xdYh4ASGDg,rDayKQ5qga94R5B3z,ghae4EuCzE6dNCs7t,88gP4uvLw58TsBtSm,uppfqb2ZuCsfBoYub,bDKqtLuwbkWJQ5KLW",tFRhYJxotc5za8JEj,PwYRFedBYd86RFzNu,sbb57pykJrcQLQBgx,KB9sjNKzbHHaCDASL,2023-07-05T17:20:41Z
200.0,200,xhG3NHNxbrtJBH8ZE,2,17,2023-07-05T17:25:38Z,,"wd8QpkF5QH7Yc8nz5,QG5sftiEDLPPedkRW,RJpYiAjhsRz7ggKBp,S5i2PPnxqjNocM8F2,ueZ6Zoj8wX6t2nKWr,DhrAxLG7MRfMspZX3,hTiwkSPSXbddFkNW9,LCFpKvviPP9myu45p,hbNDJ3cJdGrRMWkx7,gedJ7njqJaCWqMmGz,rvHDhAwDPYtHJwFvd,qHh6FgMZP9XQjtzPJ,C45CtpEY5dNALreZf,Mww75pJLbewxbZCHQ,QmKiWzcg52i2EuPyv,EHjk7c5Ec4KNoGRmP,cAkmmkHwhbqRKgmEs,eZxiQamPwfhLAd7mb,wEsnsFrfoQnWzTbDt,cigpySZSH45YBHjJK,7D2CYJx95nAhYEykY,uzPe6YX6NmFMozmp3,xCug7NARNnnygNBbR,PAXxz8ErXCgZYvREP,vMqGq7B5H8Z3KLhA7,6RquLHpstACtjZZCt,84mvx9JMGYh3JZDLZ,pMmAME3AX9xCWjZjK,LZb3KpBCuxQoL7pn4,3BLfJE9X3GQZ9FeSs","RJpYiAjhsRz7ggKBp,QG5sftiEDLPPedkRW,Mww75pJLbewxbZCHQ,qHh6FgMZP9XQjtzPJ,DhrAxLG7MRfMspZX3,eZxiQamPwfhLAd7mb,ueZ6Zoj8wX6t2nKWr,rvHDhAwDPYtHJwFvd,cAkmmkHwhbqRKgmEs,EHjk7c5Ec4KNoGRmP,gedJ7njqJaCWqMmGz,hTiwkSPSXbddFkNW9,wEsnsFrfoQnWzTbDt,LCFpKvviPP9myu45p,C45CtpEY5dNALreZf,cigpySZSH45YBHjJK,S5i2PPnxqjNocM8F2",xhG3NHNxbrtJBH8ZE,Z3KPq53fHa4JT6mHR,sbb57pykJrcQLQBgx,KB9sjNKzbHHaCDASL,2023-07-05T17:20:41Z
201.0,201,HrczRL6YXMbvaEsqf,3,5,2023-07-05T17:26:46Z,,"vDAub3EZLuaWcz98Q,C7ZMj7NQwbsRZoyA3,6wQK76dLxAEpeFvCD,YTspzJ8dijfSSyXqa,DrQaRBnXEfA4uwxJD,dhymGXtsTELJCJoBt,qxeSkdhaqiTgg8CT3,sLmjCuuzaow64eXNE,WNCtQswBTRrCjELpY,HX2CDxxZK6QqLwWkt,9zt2C6ZYjrfYdrL6s","6wQK76dLxAEpeFvCD,C7ZMj7NQwbsRZoyA3,vDAub3EZLuaWcz98Q,DrQaRBnXEfA4uwxJD,YTspzJ8dijfSSyXqa",HrczRL6YXMbvaEsqf,pRKaWQcBTpmWDqzav,sbb57pykJrcQLQBgx,KB9sjNKzbHHaCDASL,2023-07-05T17:20:41Z
213.0,213,JmYG5zXxdsfdzSnMx,3,7,2023-09-19T20:35:57Z,,"mhsBBXqk9eLM8xfAG,gbaKs43LEncF8yqLA,2Pd7z4orfq7DcTdre,ig2x4antRj4fycfER,X68aqqR5n6qqnst9x,YPfPyeMLTizvyzf7E,5brra9cjRGRY2bsuj,dkkZjAjTpZSSX6yWY,x7qe5Nuf46jdQaGvv,8e7g9Ed9igkTzK2ML,cAtG7wsvhRKHFK7vW,mnMtTbzFCEa2RX2vM","mhsBBXqk9eLM8xfAG,x7qe5Nuf46jdQaGvv,5brra9cjRGRY2bsuj,dkkZjAjTpZSSX6yWY,X68aqqR5n6qqnst9x,YPfPyeMLTizvyzf7E,8e7g9Ed9igkTzK2ML",JmYG5zXxdsfdzSnMx,C2Wg63mfGWGC8nipM,vryuEvfpp8Q3EoDsF,KB9sjNKzbHHaCDASL,2023-09-19T20:32:55Z
218.0,218,5JcvB7tm4oqd3iXPL,0,19,2023-09-27T19:04:37Z,,"HsH3aArzNZHXLBhKJ,35zeW6HwFYRFXk3gm,wmKh5kDgaWzkvAdGB,sHL8zbSNCAe2kJfpx,k8adfDzfN87udhSL9,wBbN64YzKKLX7hcpP,YaPR6P55aeGCPjtNu,GbcDXcozYnYZeDWiz,JCBNdxrbYN29XmZzQ,Nvy4sQDQmgQc9LXhJ,2xN7K7LarwxdZqiQA,tcShpMrtLFa7M4892,34p55A6ZzjdJS2WE8,siNz84m43hTQtZ9HJ,o6xqgNFwoT9pa4eay,4e3uCQRhuzsdudqAx,CNaLur8TJ2kmfoE3E,fJMLREHsbpcbtfwws,yA6rEJc24GueiAY4z,FqaiyYp24fqS7Ewdg,K5Gone2H5XNM74YZe,yw4d8fYguHkPzwM6Z,yZ8ffQASgWtQjSjmg,9QeXXd5nZtvR6HTvC,cMp3BAPyu3mXf6pax,wxuAivihQP9kj5mbr,jCb6vM7kMhhnk7o7f,5LSu4XrmAhpWgb4fm,GyFJswkkvsg2iQshS,TjfvMSDvjmxF7oD7H,tkuindT95PpAcQ8Sp,z8xLL8iRTmqHdXgTM","HsH3aArzNZHXLBhKJ,35zeW6HwFYRFXk3gm,k8adfDzfN87udhSL9,GbcDXcozYnYZeDWiz,2xN7K7LarwxdZqiQA,wBbN64YzKKLX7hcpP,yA6rEJc24GueiAY4z,tcShpMrtLFa7M4892,sHL8zbSNCAe2kJfpx,wmKh5kDgaWzkvAdGB,cMp3BAPyu3mXf6pax,yZ8ffQASgWtQjSjmg,o6xqgNFwoT9pa4eay,CNaLur8TJ2kmfoE3E,YaPR6P55aeGCPjtNu,TjfvMSDvjmxF7oD7H,FqaiyYp24fqS7Ewdg,5LSu4XrmAhpWgb4fm,fJMLREHsbpcbtfwws",5JcvB7tm4oqd3iXPL,vpPsRuDB6HSEuYt9G,PYb6CaWhtPW7yWQBj,KB9sjNKzbHHaCDASL,2023-09-27T18:59:26Z
220.0,220,cSxrrpArMP6s8nKys,2,11,2023-09-27T19:04:26Z,,"jKgtqcLQXmBaAKmvZ,BrNnECj5QXXkigYAd,JLAgnLkw66koakLgn,T2tvCzcd7F9semhri,DifAPXsXiKZdmvrn3,iCL7oYiXXtTP676ZA,svSK9CNxmyWMjphv3,N6m5WKQRuQ4dG649e,vmBbqwgSARcmoCMqb,sbQTGPgryqQg5RFte,WhfcuaojKkJAnKd6b,FZ93QRkZSarwX7Mru,jJ28rKiRe7zknnd6v,y3DEJLAbeuMGhfwTA,tCxke4Xj2NgiSHfCW","JLAgnLkw66koakLgn,DifAPXsXiKZdmvrn3,N6m5WKQRuQ4dG649e,iCL7oYiXXtTP676ZA,sbQTGPgryqQg5RFte,svSK9CNxmyWMjphv3,T2tvCzcd7F9semhri,jKgtqcLQXmBaAKmvZ,FZ93QRkZSarwX7Mru,BrNnECj5QXXkigYAd,WhfcuaojKkJAnKd6b",cSxrrpArMP6s8nKys,xFyS8tBNY27kGCkLc,PYb6CaWhtPW7yWQBj,KB9sjNKzbHHaCDASL,2023-09-27T18:59:26Z
231.0,231,bac2ZjuZk92zQjPN4,1,14,2023-09-29T13:50:14Z,,"5F4KeBvCSTS2tqbgK,eBRTCnus4vaSYF2yd,chG5HsuEviro9eF92,XJxNrH9eRkcrYvMyg,DCYZs2gcTtbAS2YcN,vYa9uZPATfE3q8bFg,Lu4KHCZZ7g5PpzqT4,Xu4h5XaLycNqB8Kts,kqwwnM823earNYM5K,u3xbrWRrPfqENvksK,HxLdzo2FwxvGjeJpE,NDRzRMXkZojoDbBYP,XHqFKZJQAJcKFdWvj,B8KMxkWnx8bCG9rwa,N56tML3qzSmWSuazt,cJjjWbofHjEtAiPZH,Cm7G2Lp4KJfdXhJTD,kt6dMePACySeEctLw,Z8MgQap8uu6RkyWq7,ewKfkt2PuxMJv9BzK","kqwwnM823earNYM5K,NDRzRMXkZojoDbBYP,5F4KeBvCSTS2tqbgK,Xu4h5XaLycNqB8Kts,vYa9uZPATfE3q8bFg,XHqFKZJQAJcKFdWvj,XJxNrH9eRkcrYvMyg,kt6dMePACySeEctLw,Cm7G2Lp4KJfdXhJTD,Lu4KHCZZ7g5PpzqT4,DCYZs2gcTtbAS2YcN,ewKfkt2PuxMJv9BzK,HxLdzo2FwxvGjeJpE,eBRTCnus4vaSYF2yd",bac2ZjuZk92zQjPN4,pucsWek3AFX3qoXRL,3kpfKitd7zHTSkXWM,KB9sjNKzbHHaCDASL,2023-09-29T13:40:00Z
233.0,233,ziYL3nNeMLG9sGtTz,3,14,2023-09-29T13:50:26Z,,"Fwbzq82YWvBER2ZFL,yNhneYCHGi7ggMfqF,NaJnczLgwP9Kqq555,AEer4ybz7Ynxy6ANH,DwCto7GxbmvTXgZq6,g77dNgLHpzxMFcPcb,fz7fQQBr42gMe4z2g,gko8sLXpK4KxArDfN,XiYbgWfhMFKQiq3gH,iKfuSaDceuvsxnCqq,kGnAWcpDcsfwpZA3A,xDJMCpeXeuFsLqFJi,XB2bCLTujPYQoDnDP,jCgtBfwjjfdpWtAYR,sh2ozesbSQud5QqmX,RuYimDrsSTEWWekQx,9vuafXQuzi9ZA3abc,JXwBB5NSyvuFhMBG2,LC2eymQqDHKqznFWq,K3DkMLPP4ZYJkb8fs","Fwbzq82YWvBER2ZFL,NaJnczLgwP9Kqq555,yNhneYCHGi7ggMfqF,XiYbgWfhMFKQiq3gH,AEer4ybz7Ynxy6ANH,DwCto7GxbmvTXgZq6,gko8sLXpK4KxArDfN,g77dNgLHpzxMFcPcb,xDJMCpeXeuFsLqFJi,fz7fQQBr42gMe4z2g,sh2ozesbSQud5QqmX,jCgtBfwjjfdpWtAYR,kGnAWcpDcsfwpZA3A,JXwBB5NSyvuFhMBG2",ziYL3nNeMLG9sGtTz,uwZfn9xoKHokq3KKc,3kpfKitd7zHTSkXWM,KB9sjNKzbHHaCDASL,2023-09-29T13:40:00Z
238.0,238,xXHeSXRJtfmgzyQZK,0,9,2023-09-29T14:59:04Z,,"SZwbya3p2BsG5A35q,vkTqPJEEjRwngtZXH,tZSqXrR3ZeFcgZgp7,5SejWGkcXrQq6zu6D,MjWAtyJd8KA5fiquL,4rcFoEN9Tamz3vA4n,Bad9RpuLeQzqXyyt6,7yYMBsGJ9osHiEe7e,X3T3gqp7DDS27ayG8,BKh88KjGhDgNc2CPM,DTefFceemhejoQXEp,nNTeDogd6tu79ESpX","7yYMBsGJ9osHiEe7e,X3T3gqp7DDS27ayG8,SZwbya3p2BsG5A35q,vkTqPJEEjRwngtZXH,tZSqXrR3ZeFcgZgp7,Bad9RpuLeQzqXyyt6,4rcFoEN9Tamz3vA4n,MjWAtyJd8KA5fiquL,DTefFceemhejoQXEp",xXHeSXRJtfmgzyQZK,23feXWcSJBtHqQ5Qc,gotCacYx6pvXEtSZf,KB9sjNKzbHHaCDASL,2023-09-29T13:42:23Z
240.0,240,LHE7C8Wv7mXiat35S,2,6,2023-09-29T14:58:04Z,,"MyTEidMiEkEd35ANa,zTbBGiPeigpqsz6r5,jCG4fDePeFRoFXYjk,vsqi6MKRsWtifiL4K,iWFu4WcBZiadbr5iJ,6a6TWoHvkDHZNN4iE,ZHzdyvs5oYTa4tmCW,Q3G2s98MpXZig8P2x,YxKeNiNpZ2N7MiWnn,JhYGiWfkDwZZHQTHd,PhiLLAHvvZKqrS6Tp","6a6TWoHvkDHZNN4iE,iWFu4WcBZiadbr5iJ,vsqi6MKRsWtifiL4K,ZHzdyvs5oYTa4tmCW,MyTEidMiEkEd35ANa,Q3G2s98MpXZig8P2x",LHE7C8Wv7mXiat35S,crDYTi3mL2unbHkX8,gotCacYx6pvXEtSZf,KB9sjNKzbHHaCDASL,2023-09-29T13:42:23Z
242.0,242,aHrsmibZfkeTR3sq8,4,6,2023-09-29T14:59:28Z,,"4cz4ac49wePiY2sh7,8ut2fgPWLnLT5Nkaj,vHF5b4iKNahREWLat,2Kfi6Fd4CcZmh2ert,2tzKMgeq5nYNgL92L,xfeozGWiE5FCt7oBj,gHZYd9xeJJufrujyR,MCx66kSxdu843YRHQ,qwpu8sRvnqSKW22ZY,LpRHnubiEJWDfBJ6r,DoXNjo9ELopbSpZf6","2Kfi6Fd4CcZmh2ert,2tzKMgeq5nYNgL92L,4cz4ac49wePiY2sh7,8ut2fgPWLnLT5Nkaj,xfeozGWiE5FCt7oBj,qwpu8sRvnqSKW22ZY",aHrsmibZfkeTR3sq8,av65yJvWXq5Tz5H4j,gotCacYx6pvXEtSZf,KB9sjNKzbHHaCDASL,2023-09-29T13:42:23Z
243.0,243,KjFifkLpfcJrH25Lo,5,9,2023-09-29T14:59:44Z,,"5rQ8z755ntuKuqDQN,PBv5za3oMwBAYavNz,NfvkWohjARuDAbR4k,eNf2s7Ppke46CE2t5,Q5vmWhnWqcK8zYRsQ,2YzrmJE2DejpuK8qK,mFTz3nB98ijBCrCrD,xoHehT2MzfTbBiTAA,apBCTcL4ZXLQEWs9e,w7BBgZ8C9AjXoFKXs,hQMiZB74Eftub6j3Y,qoH5FPbPNzLbAhGFa,DY877qgtf59DEZYaL","xoHehT2MzfTbBiTAA,NfvkWohjARuDAbR4k,apBCTcL4ZXLQEWs9e,mFTz3nB98ijBCrCrD,2YzrmJE2DejpuK8qK,hQMiZB74Eftub6j3Y,eNf2s7Ppke46CE2t5,qoH5FPbPNzLbAhGFa,w7BBgZ8C9AjXoFKXs",KjFifkLpfcJrH25Lo,5CuzqtjxnZvgwciEN,gotCacYx6pvXEtSZf,KB9sjNKzbHHaCDASL,2023-09-29T13:42:23Z
244.0,244,XSBNh3n7r4FXve28j,6,14,2023-09-29T14:58:21Z,,"wKMHykZyRLoKYArjS,a6y26PyTLCJm6zCA9,riTN64QK43kMHaDYH,DtXCSWB39PTx8Eqxb,yoPmeDLwhK792HeD4,NgAwjepfk9j2MKbQE,Nj7r33EN45pug3Emj,gzswZPAb66meLe2Xu,w6uP4vJEzJZWCERpF,d2zDdAYu4dL5Lk9TJ,9S8aY52S7RmBaQKEQ,WYhRZzAkfLnNRs5Rs,ZF2Bh64cn93gPMCcv,6SDTk59PSihTMYqQm,gzH3pCZMAyzJs9SpE,Ykxe4AZNh745i4vH3,F2h2T2J49wrJ9mkPT,Zt879sBn68AHCepom,qdw7zWTQ5KMBnsjvn","gzH3pCZMAyzJs9SpE,a6y26PyTLCJm6zCA9,w6uP4vJEzJZWCERpF,gzswZPAb66meLe2Xu,wKMHykZyRLoKYArjS,d2zDdAYu4dL5Lk9TJ,Nj7r33EN45pug3Emj,riTN64QK43kMHaDYH,ZF2Bh64cn93gPMCcv,F2h2T2J49wrJ9mkPT,9S8aY52S7RmBaQKEQ,WYhRZzAkfLnNRs5Rs,Ykxe4AZNh745i4vH3,6SDTk59PSihTMYqQm",XSBNh3n7r4FXve28j,bbSMLNmQG9cBoNDR6,gotCacYx6pvXEtSZf,KB9sjNKzbHHaCDASL,2023-09-29T13:42:23Z
248.0,248,zHSydHxT3qxh5Z7b3,2,19,2023-09-29T15:22:38Z,,"THX6mc3mGfe9FxykL,8uCCyh6ZqtXo59Naf,Zsbhvq5mjEqXr7eMu,ApiYoAHBuu2XqKhit,XNApJ5GF5naJPb2M8,W8BP6KWKk4N83JG2R,7f5y3dZwwwt4Rskco,u7CefPL9AQg8WT6Wx,WKHRnapXfWDr9J5kX,aY6tyvSZQ6SbqBcuS,mKuxGtqnhMTSFmdCr,tFEydM482KF6eMau5,gzDQthvZXnDpMMJm4,PiywDGx6bLBWK2LE3,bNiBuG3ZhzkDYXHLo,qKSAytgqgKeai3MDw,jSjCahwGHDrLXMQKb,ckXst2k8xRZhZiWKA,zCddgYvACuHCTbwho,hnDKWSb6FCc6Y7haS,ChKCe93jcMg5epvxe,gAk9D4zAajRxMpmXw,hLQcan5ZAWzCz2gPD,evKXDDhAxw6YLMA3C,P4CJp6xdNQJpkcQqd,qurxnNeQB7C8PWWms,TAzgy2ATE6G33gWut","tFEydM482KF6eMau5,ckXst2k8xRZhZiWKA,THX6mc3mGfe9FxykL,mKuxGtqnhMTSFmdCr,evKXDDhAxw6YLMA3C,ChKCe93jcMg5epvxe,XNApJ5GF5naJPb2M8,W8BP6KWKk4N83JG2R,qKSAytgqgKeai3MDw,ApiYoAHBuu2XqKhit,WKHRnapXfWDr9J5kX,gAk9D4zAajRxMpmXw,aY6tyvSZQ6SbqBcuS,PiywDGx6bLBWK2LE3,zCddgYvACuHCTbwho,7f5y3dZwwwt4Rskco,8uCCyh6ZqtXo59Naf,gzDQthvZXnDpMMJm4,Zsbhvq5mjEqXr7eMu",zHSydHxT3qxh5Z7b3,rX9AK3WTvkoSCnSpc,kuuxzHN3HX6ThuKr2,KB9sjNKzbHHaCDASL,2023-09-29T15:13:57Z
249.0,249,RwK2BFvCRH5G29wNT,3,12,2023-09-29T15:23:17Z,,"ug3fyoNuWptARwrX7,DkLpWhDzELC6L3emx,r8pJz7f5qJtkh6wt8,yhJr9KJ37pMeLe3Gs,gjY5btvSFrdhHEzTN,7MFXuNn7in3Z28epD,7veNqr7Aa3kddbd8x,azFH8M8MFLC6F66mD,QXGhntx6NYRvNcSf2,nxybQnzpLw9e2gfp8,PbS4c2awe3o6hA7HY,CFLAfnXtCBwb6fH8y,qomernskQmBrKtW6A,SNDXFyBGLK7teMg6j,227BWNgy6P32G6YZD,FCpHtw4S2GGJRhuR2,xExvNHqBP5otfMrcM","gjY5btvSFrdhHEzTN,r8pJz7f5qJtkh6wt8,yhJr9KJ37pMeLe3Gs,FCpHtw4S2GGJRhuR2,DkLpWhDzELC6L3emx,QXGhntx6NYRvNcSf2,7MFXuNn7in3Z28epD,nxybQnzpLw9e2gfp8,7veNqr7Aa3kddbd8x,PbS4c2awe3o6hA7HY,ug3fyoNuWptARwrX7,qomernskQmBrKtW6A",RwK2BFvCRH5G29wNT,i4nte624MdjdGaRoi,kuuxzHN3HX6ThuKr2,KB9sjNKzbHHaCDASL,2023-09-29T15:13:57Z
256.0,256,eBKz8WtEtJHk5Kkhk,0,9,2023-10-06T16:54:47Z,,"9ptMvfoD4CygjirmR,g2N6WF4N5D9Hyp9rm,PGB8cyAbpgbJierPy,aGTRLB2q2HT9s8gHH,uzhA2WhMTb4ZXzjH3,qdfwv8zRuKQDeaXCd,Kwqg4e8mewzLN94Ns,psDH5SoGuxhFbfcfT,JvdtTrv8B3GTZFaMc,e7en2idLe9e8iAHx5,9GBePmTnYDvNjebGn","9ptMvfoD4CygjirmR,g2N6WF4N5D9Hyp9rm,Kwqg4e8mewzLN94Ns,aGTRLB2q2HT9s8gHH,PGB8cyAbpgbJierPy,uzhA2WhMTb4ZXzjH3,qdfwv8zRuKQDeaXCd,psDH5SoGuxhFbfcfT,JvdtTrv8B3GTZFaMc",eBKz8WtEtJHk5Kkhk,ZsG3ztWZfS9wAnbyo,vT7A8ahzanYy6XcAw,KB9sjNKzbHHaCDASL,2023-10-06T16:51:18Z
257.0,257,qwTuAqnvcuJee2e4j,1,9,2023-10-06T16:55:14Z,,"fSdPTeoNHzcdMKh8b,KrDcXnLxqKFAjPKTw,AQYibt4ThNMzeZktM,rBGTmDku2YhdKqmcy,iNrYiZdinfkmWii5C,xrqzeje4ikP5WLvmA,7mH8LTRMtfpczE6Wq,zHytJ3TBvq7CSrzCf,KyXKZBm4jxXMjamQb,PXxawxrxE6q5Qd84v,PNd36iMeXjsjJyo98,RiME4ao6SRBtX5b9X,vvgs8wSGRpwo9GbkX,za9z3D9Ao6X2tXjQj,T6SGm4NvSE9Hm4cvM,GstsxZjwEaT74FioX","iNrYiZdinfkmWii5C,fSdPTeoNHzcdMKh8b,rBGTmDku2YhdKqmcy,T6SGm4NvSE9Hm4cvM,KyXKZBm4jxXMjamQb,PNd36iMeXjsjJyo98,KrDcXnLxqKFAjPKTw,GstsxZjwEaT74FioX,xrqzeje4ikP5WLvmA",qwTuAqnvcuJee2e4j,LQ6zKijswAuufX7DJ,vT7A8ahzanYy6XcAw,KB9sjNKzbHHaCDASL,2023-10-06T16:51:18Z
263.0,263,ohhPLT4kk6Zhgn4yF,3,10,2023-10-06T17:35:56Z,,"Gnyt8Eb5hbkyiyuZM,5YDtajWXiD7yY6nMJ,WuHJDcnDDnxGsweP2,9KSPLEeDfj2Bvdzq4,RFgAzFuANpzkaqXsn,ZCHuPF6iG92vieJ2y,fvywLDTp6tm53Ksni,haGvjTE4NSGy9r92r,ifcyAK5QQ8WZMLAvg,yJohN7HiXmxPwhyyF,sREt85SCu9nq48meL,CGX2FFT8us3HG8xq2,vMDwXDEMfQkJN7tRm,NkNfQiQ2tFwNYNS4f,85DQw3SaYzeyhBsFH","RFgAzFuANpzkaqXsn,WuHJDcnDDnxGsweP2,9KSPLEeDfj2Bvdzq4,haGvjTE4NSGy9r92r,sREt85SCu9nq48meL,yJohN7HiXmxPwhyyF,Gnyt8Eb5hbkyiyuZM,fvywLDTp6tm53Ksni,ZCHuPF6iG92vieJ2y,ifcyAK5QQ8WZMLAvg",ohhPLT4kk6Zhgn4yF,ho96NiWb3RgysgeBK,G9jQNN4x42CEeW27Z,KB9sjNKzbHHaCDASL,2023-10-06T17:28:08Z
264.0,264,CanYG4YQsqhfKD3Xd,0,20,2023-10-06T18:13:47Z,,"Wsnmhgc2hPQNSQwzW,G59B7dG768QyQqxB5,RoCEARBXuMhrHgpmC,bP4n4agpRCW7Cb8C4,pvf2TPXWYZfEBwRwo,S7ofEJic4tR4YnHto,g6Tjw8wjCmaYBNsG3,BywPbTQ8oHt47h38o,F5F77HqeZkNNnzM4N,QCzYnqXeGdjsmYvwX,ju8g3GmEmadHPyNPe,yECmwmWaScHkEA7pa,crPA5FJb4hXrHvzth,4yNu2zsWktvk5fQxN,yFomRXqDsyhqGdAko,dJJSsoGiC9nNPDZA4,mHSPiT45J4qpjfaaG,mgXgxL3Enn5ykReD5,XtASBDGfaMraahppr,NZsgoAN7YYGtkkJym,fscopSesPusHibpaa,JJZFFRzuv2Nwbs9p7,o42YxcG2H7Z3wZxv2,QqBWxD2j4fCkfik9c,bmwYRoKrLaX7DkzfX,XdZfYgLFN7ETffa8t,74eNnYh575SGJgz7a,d7LmFiGkyCdFMPtzt,fzcEhnnZAjDWvCi8Q,ZxKiS4EpfEZGgfg6M,ZwmzF8dJc6AnZRbdr","JJZFFRzuv2Nwbs9p7,F5F77HqeZkNNnzM4N,ju8g3GmEmadHPyNPe,Wsnmhgc2hPQNSQwzW,mgXgxL3Enn5ykReD5,NZsgoAN7YYGtkkJym,crPA5FJb4hXrHvzth,g6Tjw8wjCmaYBNsG3,RoCEARBXuMhrHgpmC,XtASBDGfaMraahppr,yECmwmWaScHkEA7pa,BywPbTQ8oHt47h38o,yFomRXqDsyhqGdAko,dJJSsoGiC9nNPDZA4,4yNu2zsWktvk5fQxN,d7LmFiGkyCdFMPtzt,o42YxcG2H7Z3wZxv2,ZxKiS4EpfEZGgfg6M,fscopSesPusHibpaa,bmwYRoKrLaX7DkzfX",CanYG4YQsqhfKD3Xd,M7z8G5P7RQtZMLP7Z,Zeep9hhtK4dSNwcPD,KB9sjNKzbHHaCDASL,2023-10-06T18:06:01Z
265.0,265,2CpmMrTnRYQhD69qN,1,6,2023-10-06T18:14:56Z,,"dgD9YndT5WFPZRgzi,JutYcZ83JvkAo7E9k,CvnvHnJnoFkrJzYMj,bQirT5AvqT5wycWYj,DTZZoihgn3RAp6nBo,be9dLqkhDp6wZjbBo,F5KawmecqZFsCNyFk,hZRwsfYigrXwGJa4j","bQirT5AvqT5wycWYj,be9dLqkhDp6wZjbBo,dgD9YndT5WFPZRgzi,DTZZoihgn3RAp6nBo,F5KawmecqZFsCNyFk,hZRwsfYigrXwGJa4j",2CpmMrTnRYQhD69qN,aFQFmJSF2cXAJJdTh,Zeep9hhtK4dSNwcPD,KB9sjNKzbHHaCDASL,2023-10-06T18:06:01Z
267.0,267,wBzG27wHvgakgNDhy,3,6,2023-10-06T18:14:21Z,,"NzE2ny5zx6wqDcqAa,uqnzrrAfzMyq7Q5BR,LnQXpuSrjRK9pM3qj,3GM4eXdknbWyKBYWZ,e4wQzzyPY5aZB9Eo4,Ph94hAe3kL43Chjsc,kN2vHJzKi2bfFxwu2,4EyakACDYo38BdCFx,2N7t5aA6cWAYgp4fC,fKnadRgKjSufiTjhL,Etq4xD22nvvH8ZEFX,rQrwyNuka2TFD46T5,TTR43yzG3NwGjNKfT","uqnzrrAfzMyq7Q5BR,NzE2ny5zx6wqDcqAa,4EyakACDYo38BdCFx,e4wQzzyPY5aZB9Eo4,3GM4eXdknbWyKBYWZ,2N7t5aA6cWAYgp4fC",wBzG27wHvgakgNDhy,88oQ6hf49u7xacKY5,Zeep9hhtK4dSNwcPD,KB9sjNKzbHHaCDASL,2023-10-06T18:06:01Z
270.0,270,vgvnQRWF4kobEXxRv,2,13,2023-10-06T19:05:37Z,,"4myu9DvsW3uoP6uTM,qL7sioDfyAea8vD5f,H9em9bnQSmRjGNGwS,CB4J7AwK7aqBtQykk,xBru99F3dSvEHnQAZ,mgnMtfmwiPjdeSX2c,tjqcKgHrBYQthgxwG,pi8KEcEAFg7dSz3Kf,rqxntCxKYLKu4RWgG,XzEiG5kZqLcYd5KGZ,RTfmskxMR7EktaNSr,BhCD67CDrBo8aaTrm,Pf5bdJHME2EMHkjqq,gqzdXueRBuTwMggTd,cPrEJo5tSXqgsoiF3,svY5gKAm77nhwg3LG,Nin9ZWAfMuDd2E7qQ,FbMrsCeC2Y64q8LSH,Kyvx7orhTk5A2H5St,SQzbC5gyykH7PvnHW,m6i9WBE5qC5D5ZJ6H","XzEiG5kZqLcYd5KGZ,CB4J7AwK7aqBtQykk,qL7sioDfyAea8vD5f,Pf5bdJHME2EMHkjqq,xBru99F3dSvEHnQAZ,svY5gKAm77nhwg3LG,mgnMtfmwiPjdeSX2c,gqzdXueRBuTwMggTd,tjqcKgHrBYQthgxwG,rqxntCxKYLKu4RWgG,FbMrsCeC2Y64q8LSH,4myu9DvsW3uoP6uTM,Kyvx7orhTk5A2H5St",vgvnQRWF4kobEXxRv,tRftDgyvmNYYsvHx9,ZN4TcZqvriwBYEQBw,KB9sjNKzbHHaCDASL,2023-10-06T19:00:05Z
294.0,294,k3B7FXdku4CJF6hPH,1,10,2024-03-29T15:08:26Z,,"zdiH7KuuziJjkFsxQ,3MZoqGdJPwZQ9nXTx,pkMF98ARqGkabagG8,mgfhGcQKm7uEpddCR,eNC88rYDGsxcLZXB9,ecwNF74Ab5zvRJDPi,qKjFaqWjmpXyP7FWS,6FbAaAkbDRN5CJPD5,HpxEYe2k6t4YmkkEf,3E7PoqyoS6D7rSrgp,FZKbygpnM7ruAtavL,LFFxefR6D54cAsMTc,pThnhfo5htd2QPrgo,Xxqj3YwzcftLYFpjD,vZk6hnD6ty9zfvLuQ,Nd8BXiWJS6fZaqgxx","zdiH7KuuziJjkFsxQ,pkMF98ARqGkabagG8,eNC88rYDGsxcLZXB9,ecwNF74Ab5zvRJDPi,mgfhGcQKm7uEpddCR,vZk6hnD6ty9zfvLuQ,3MZoqGdJPwZQ9nXTx,HpxEYe2k6t4YmkkEf,FZKbygpnM7ruAtavL,LFFxefR6D54cAsMTc",k3B7FXdku4CJF6hPH,axMCiq4uTFMrQtW97,XdjshmuL8Bvk2krr2,KB9sjNKzbHHaCDASL,2024-03-29T14:59:23Z
296.0,296,5wPa3KXc3CN6CzKyT,3,10,2024-03-29T15:09:16Z,,"emDjJ5MjdRyTzwaBw,xvBseZREaSfo9N3Xt,DojC2G2FQwAxDKi7B,vSjLHzkwM4ZiaM944,ancXYimWB32kzCkha,GoD4pcqQ3SmGDqTZi,6k4mTQy9wAD967fid,9fzxwJPrcaT2JHphy,uceMGeaNKkLFikxZX,28u8gtGofWNb6zYyW,PHoGZFjYHgjWPgQnB,MYKF3Q8fHuuXDdxEu,kfiJGWoc8AZSXFhG4","xvBseZREaSfo9N3Xt,emDjJ5MjdRyTzwaBw,DojC2G2FQwAxDKi7B,uceMGeaNKkLFikxZX,PHoGZFjYHgjWPgQnB,MYKF3Q8fHuuXDdxEu,vSjLHzkwM4ZiaM944,GoD4pcqQ3SmGDqTZi,28u8gtGofWNb6zYyW,kfiJGWoc8AZSXFhG4",5wPa3KXc3CN6CzKyT,ZfrxcFzB33DKeRXtc,XdjshmuL8Bvk2krr2,KB9sjNKzbHHaCDASL,2024-03-29T14:59:23Z
298.0,298,WLCQkELwKKco9q6aq,1,11,2024-04-19T16:12:59Z,,"h3pQchiSFoN3DY4so,nzfbk6dnJXDKx7A3D,AiKKZQ26a4W9xWD3g,rWT3ENJGLXzfFyerk,kLCaCMEna5arxEj3T,HvTnaf547q4CuEANu,PZXecsQqR3qXPL8Y2,qMxawaFPacvsH2XEz,m4iSYrqC9DsE27bTS,QtjyMAryJ9xj8wDwk,Lv7bXSnY7ieYbsXXW,jEjqHquMBMGZzwFDh,EjW7fbCyFMmfyGvyb,WKWKJCY7gw32hPCxL,h8d7rwpHghG3aEDKS,ixkPnuBLdd7xPomR3,MXtE5TczAJdjfq7p2,nHrPbyTFAwKmhocBq,yQPZdkMvE6FFijxxx,T6cdBuC5B9KhZp3X7,CYAfe8GGhEi3sBobo","nzfbk6dnJXDKx7A3D,rWT3ENJGLXzfFyerk,ixkPnuBLdd7xPomR3,PZXecsQqR3qXPL8Y2,m4iSYrqC9DsE27bTS,AiKKZQ26a4W9xWD3g,MXtE5TczAJdjfq7p2,EjW7fbCyFMmfyGvyb,jEjqHquMBMGZzwFDh,Lv7bXSnY7ieYbsXXW,h3pQchiSFoN3DY4so",WLCQkELwKKco9q6aq,GtJeGi4Bs4NH7trD8,JTMPKry7bAjLqbziN,KB9sjNKzbHHaCDASL,2024-04-19T16:04:13Z
305.0,305,vmjofGxA8WS3W7YBr,0,5,2024-05-03T20:13:37Z,,"ZkjQag7QBH4WpjMBf,qKGke6MYvg8ForCWd,Rz2QeK8BEPB626sK6,zDouscJacQjB4fLmd,yEFHpN3fiLnQiERQH,tSW8Ag6fD8GZa4CHP,8Kvhd8bKtxS2W9xHN,zCX3acuQPmkiPXrTn,Q9M9z9D7qf7T49Ltf,d8yfyzWMq7w6fyHdC,b8RAimAXBgTZ3ibZh","yEFHpN3fiLnQiERQH,Rz2QeK8BEPB626sK6,8Kvhd8bKtxS2W9xHN,tSW8Ag6fD8GZa4CHP,Q9M9z9D7qf7T49Ltf",vmjofGxA8WS3W7YBr,nKk5w4t8Job3QJjxe,8woYnfhqZtfPFXrce,KB9sjNKzbHHaCDASL,2024-05-03T20:09:27Z
306.0,306,nXMoDge4iDeRJenkz,1,5,2024-05-03T20:13:04Z,,"WNu7AmYRW3hoiodkH,eEKCCeojJdS25gqJM,DiLJPyXxA5Mw3zPMD,E6nqZ4qJzaAaErm9j,BwboHebjAq7tiNByN,RpzTsfnie4cib8jdv,MaNPEL9piqb8cupY4,jRsfRR8jJqmxKLFmt,PRePEqadbmJWoYdfn,BZa4LxD9c2CiTDHwk,pbpznJZmLJLEtKu3m","WNu7AmYRW3hoiodkH,eEKCCeojJdS25gqJM,BwboHebjAq7tiNByN,PRePEqadbmJWoYdfn,E6nqZ4qJzaAaErm9j",nXMoDge4iDeRJenkz,vEBRNZGkRY6XQdGqQ,8woYnfhqZtfPFXrce,KB9sjNKzbHHaCDASL,2024-05-03T20:09:27Z
309.0,0,j6QdPpNdHmZBpECWo,0,3,2024-05-14T16:13:11Z,,"uPdor2MH4ANrSaDHg,u8dZ5HQHSvs9c5h4b,SJm9Mh2d5bnjnFWYL,vXvchkjZHtcw6ASoT,9uG7SuAgAkcoPb5Bq,myfK9pGJSqP8YMDfn","uPdor2MH4ANrSaDHg,SJm9Mh2d5bnjnFWYL,vXvchkjZHtcw6ASoT",j6QdPpNdHmZBpECWo,jpp9CFHk5fMgKoWeB,S3JNJzMu5t26s3j26,ptwJTMWjpn9aGhdKr,2024-05-13T21:40:11Z
310.0,1,HBxzHrnfDWC4phmdw,1,4,2024-05-14T16:13:26Z,,"kTbE9afnAXjyyzMWN,KgZDbGtMbHnwNcDAd,Wn2sLb7yTu2dwE8jA,LRPjChpJxvY3QvqNe,s8kbRdsw825C6b9W7,jtxijZ8mXKcKk4qtR,y3JjvhdiBssNxKQzt,mSb4ntMrpSd5t8qRh,QLsD282RpDsHYFE8k","Wn2sLb7yTu2dwE8jA,KgZDbGtMbHnwNcDAd,LRPjChpJxvY3QvqNe,s8kbRdsw825C6b9W7",HBxzHrnfDWC4phmdw,Swd32ghjHTeZ7kur8,S3JNJzMu5t26s3j26,ptwJTMWjpn9aGhdKr,2024-05-13T21:40:11Z
312.0,3,5QNEkruDSQpYQ54a7,3,3,2024-05-14T16:10:58Z,,"Pcs69AynKa7MTfY44,axjGeSnkvZ2GKsfkc,Kfk639N7PThvdHyJj,qrsCZrKuFdtgZcymh","Pcs69AynKa7MTfY44,axjGeSnkvZ2GKsfkc,qrsCZrKuFdtgZcymh",5QNEkruDSQpYQ54a7,bH2frCkRYHzWiy7Cv,S3JNJzMu5t26s3j26,ptwJTMWjpn9aGhdKr,2024-05-13T21:40:12Z
313.0,4,AwYmEZGGC7Z6PcHd8,4,4,2024-05-14T16:07:17Z,,"4C6CQT6sFjy8JPuC5,shutYg7r2yJ3dWHCt,jgPGYgEap5Yxt592h,PDBnLwH7wyrTW4j8h","4C6CQT6sFjy8JPuC5,shutYg7r2yJ3dWHCt,PDBnLwH7wyrTW4j8h,jgPGYgEap5Yxt592h",AwYmEZGGC7Z6PcHd8,WMRQyJfGqu7NkcaAD,S3JNJzMu5t26s3j26,ptwJTMWjpn9aGhdKr,2024-05-13T21:40:12Z
314.0,5,XnSFtNHhqjrvmYWFX,5,4,2024-05-14T16:10:56Z,,"b3aKEKDDu82iZFy6i,WBiLMshgX8GDNzjjT,irjjQxvfmDmXE4FKL,v5HoAb7benGbowPpp,ZmRNzkxiYhkNr5iXu","b3aKEKDDu82iZFy6i,irjjQxvfmDmXE4FKL,WBiLMshgX8GDNzjjT,v5HoAb7benGbowPpp",XnSFtNHhqjrvmYWFX,RLbM4HEa6PssYyerv,S3JNJzMu5t26s3j26,ptwJTMWjpn9aGhdKr,2024-05-13T21:40:12Z
315.0,6,56mkyKr2q9hbfJo5e,6,3,2024-05-14T16:16:39Z,,"9Fckk2cA9uBMSZtZ5,fAztBxsD33WX7soa2,qfBNFNAN6JZ3k2Ygq,KXqfLkAinNPx5ShaK","9Fckk2cA9uBMSZtZ5,fAztBxsD33WX7soa2,qfBNFNAN6JZ3k2Ygq",56mkyKr2q9hbfJo5e,Kn4A39PoZtT3TtE55,S3JNJzMu5t26s3j26,ptwJTMWjpn9aGhdKr,2024-05-13T21:40:12Z
316.0,7,E5tqSkPqBYAYuYAdK,7,3,2024-05-14T16:09:33Z,,"sPTTfQa4MgjFiBB8r,aR4irHMaq4brb6Yrz,FrcQRcENbEx5XR2hb,6YRqmEknn9p3okYYZ,PKqXhn7hEsKSudBkY,589Zkfde5B3uiPgCf","sPTTfQa4MgjFiBB8r,FrcQRcENbEx5XR2hb,6YRqmEknn9p3okYYZ",E5tqSkPqBYAYuYAdK,KSDatscusMmsmAmwE,S3JNJzMu5t26s3j26,ptwJTMWjpn9aGhdKr,2024-05-13T21:40:12Z
317.0,8,joud4ovCsZErt3f4G,8,4,2024-05-14T16:17:23Z,,"GzCWwnpF93uuXREtS,HYrjfqhBSbbdNmDXi,fBDDkpyErS5WjBNvR,DKc5FjZYLjKrEyrrh,HJ3F8HZpWN9s2Xuqu,oM6eDEEPHxZHW5x6n,n45kZQwD7iC5dGX4g,zk7WARCvQ7kAPfBBB","fBDDkpyErS5WjBNvR,GzCWwnpF93uuXREtS,HYrjfqhBSbbdNmDXi,DKc5FjZYLjKrEyrrh",joud4ovCsZErt3f4G,KgfnpFd24KDdhu2QC,S3JNJzMu5t26s3j26,ptwJTMWjpn9aGhdKr,2024-05-13T21:40:12Z
324.0,15,PpHzZC4Xx3gzgWCEE,1,2,2024-05-15T15:34:21Z,,"ENndKTgf3xCLe4u5N,tHcebbmSErz72gGXS","ENndKTgf3xCLe4u5N,tHcebbmSErz72gGXS",PpHzZC4Xx3gzgWCEE,NurC5w8auY8tuDezm,ooHmqzvg2ec7e6JZZ,KRXs6Gr2GFiS2gJ8L,2024-05-15T15:10:29Z
325.0,16,emnc7NRWF52cDXjwm,2,2,2024-05-15T15:32:47Z,,"piEGFN7PhfzhtAmpx,Ng8s3LaZwoDGYaFsP,tPcQreEmcJrrQQ6Lz","piEGFN7PhfzhtAmpx,tPcQreEmcJrrQQ6Lz",emnc7NRWF52cDXjwm,wYh9wX8rDj2cowGfP,ooHmqzvg2ec7e6JZZ,KRXs6Gr2GFiS2gJ8L,2024-05-15T15:10:29Z
327.0,18,v4ZA3KgMeMbhmDdPt,4,11,2024-05-15T15:34:02Z,,"9jAuSCBQLLsQhoTFz,Z8xuyN6wpZtB783As,ZsZivRGcHNQSwya9h,ZXyj2EbrYPhgeDFMC,Z7MAGbbfSqNPv5jEM,8yN8GkF2C6c6uxYke,9bobeeChN35uLn7QQ,YCztQm4jaQZNqm4CB,6LsjjtC9P9A8QkKKc,4RiGEp83W4tLELyk8,7XNjSBSwAhQTovGbR,b96Lsiu87RDKHBeMA,ABkukp4JZwqmCCXes,wevgzBzCAs6r9GyC3,Ra5NcG8miwmpA2cKp","Z8xuyN6wpZtB783As,9jAuSCBQLLsQhoTFz,ZXyj2EbrYPhgeDFMC,Z7MAGbbfSqNPv5jEM,YCztQm4jaQZNqm4CB,Ra5NcG8miwmpA2cKp,ABkukp4JZwqmCCXes,4RiGEp83W4tLELyk8,7XNjSBSwAhQTovGbR,6LsjjtC9P9A8QkKKc,b96Lsiu87RDKHBeMA",v4ZA3KgMeMbhmDdPt,fofmXTNSK5s5QrZ84,ooHmqzvg2ec7e6JZZ,KRXs6Gr2GFiS2gJ8L,2024-05-15T15:10:30Z
333.0,24,R9mg6ddTdNjw6MLDC,0,9,2024-05-20T16:33:22Z,,"dYq4KeHdcqmvfJndP,BESS3BM2d9zQ33m59,s87WChTnNvHsdKuaB,EdSyCXXhBHzvzcJXr,4ua4acJnWspKY89eP,osCCmyfHXK9bwBP6e,cN7Eyc9aM5fb5xmed,5tSXW3GFW7rG7oBdc,kstaYPdpiP2izo9kZ,6HiAAmGLAmeQugqzi,dRDNW4LdKeC8gTvGG,xDEeBMQ4oX7DQqPxg,avMcScqF2oxEHLopt,AutbwC2wuy3kZnbWP,oRkQHNLfkGLH8CFu3,yYJnj3cfsGQqNE65w,DXJGSxDZRnDjMu67Z","4ua4acJnWspKY89eP,s87WChTnNvHsdKuaB,kstaYPdpiP2izo9kZ,cN7Eyc9aM5fb5xmed,osCCmyfHXK9bwBP6e,dYq4KeHdcqmvfJndP,5tSXW3GFW7rG7oBdc,EdSyCXXhBHzvzcJXr,oRkQHNLfkGLH8CFu3",R9mg6ddTdNjw6MLDC,wDXMbNS8NfjMuMnY4,DNkfhr3mmTpgseaPC,KRXs6Gr2GFiS2gJ8L,2024-05-20T16:04:13Z
354.0,45,w7oZn8rW3v7T6ZYpy,0,15,2024-05-15T18:19:59Z,,"uaFYrWgpzrDchJTTf,Wn5kvfsHuCePvgffW,nu7ifZ3m6Mn2Ymmru,JfcLRYve2QsqoGnjj,8bjM9ywo7vd4NQKSN,bk3HCr2MTymnTkMzH,o3LruDw2SL32bZ7ju,3eC5bqTq8aipaxZ8v,AXybCcHFCPdktD9LG,cxfSimkGCKZqjcAh8,ZDrg29DEFGaWkmNzk,oCFogf86NCXA2WXzx,jdE96xynqZ2zMRaMb,ZGRqHKnXBFS9TPHFv,ZScxJa9Dnjj2s3K3k,wENRipuN2oJK4LQEA,hQSab3aPo7iRzhcbz,mH6fniy3DeKDEwqzS,rMmfZ37vhwouhpmpM,CmjNd6Cf9ziYvzQ5x,3G8BRh6CJSdCJemob,2ikmyaiuyHk4QznJ6,xiZk8oTxshGC5CAeM,qiDjajqvr3LdGT4Ad","uaFYrWgpzrDchJTTf,JfcLRYve2QsqoGnjj,bk3HCr2MTymnTkMzH,nu7ifZ3m6Mn2Ymmru,o3LruDw2SL32bZ7ju,AXybCcHFCPdktD9LG,cxfSimkGCKZqjcAh8,jdE96xynqZ2zMRaMb,8bjM9ywo7vd4NQKSN,ZDrg29DEFGaWkmNzk,mH6fniy3DeKDEwqzS,hQSab3aPo7iRzhcbz,3eC5bqTq8aipaxZ8v,Wn5kvfsHuCePvgffW,wENRipuN2oJK4LQEA",w7oZn8rW3v7T6ZYpy,73tG9mrSb7kD6kMGW,s2Nicq6Y4QN9YCo4Q,JvPQ5hkbN8ZHP7kgE,2024-05-15T17:46:34Z
361.0,52,YSZJmpMs7Ntz9SzAj,1,15,2024-06-25T19:32:53Z,,"ZyPZ5jgYn8tiFSyF6,8sEk7ipPaWQ68Y7QZ,t7rguNtAsHqNyhb7L,sWZSt6gxL8zx4N4xt,87jmugCzaP5sPg4qA,egsMjAEkjA4Hupnfb,a9y9NazdjHhGeLFRe,g3JMv4eNHFD65TJRJ,9Z4nzvYyhTdsYAZf9,9WeioQXM3v3sn55iK,JjJhGfJAz999KtQ6A,aToWSya7atQecqsxH,Phgbwa9eumRGKp8hH,zJ8Hw5kymgQH5uCsJ,jX22ExaTNT8dfty29,NibcfrgfuNtQ8ABZY,mz8boxSyHGeNpppq3,Yy6mfz6dK7cwBwuZY,AMdFpxrqmmjJWTBcW,ct29cATYc9TH6b3qb,Dno3dGEvpscGXZo7S,setdEypR2F6MRyGGg,Ao35FAWY5bfoXMnBt","NibcfrgfuNtQ8ABZY,mz8boxSyHGeNpppq3,jX22ExaTNT8dfty29,JjJhGfJAz999KtQ6A,9WeioQXM3v3sn55iK,a9y9NazdjHhGeLFRe,ct29cATYc9TH6b3qb,aToWSya7atQecqsxH,8sEk7ipPaWQ68Y7QZ,87jmugCzaP5sPg4qA,Yy6mfz6dK7cwBwuZY,ZyPZ5jgYn8tiFSyF6,g3JMv4eNHFD65TJRJ,egsMjAEkjA4Hupnfb,Phgbwa9eumRGKp8hH",YSZJmpMs7Ntz9SzAj,kREGtXpcsXb2ngL7A,tGFkPyepWRpxJnGr2,JvPQ5hkbN8ZHP7kgE,2024-06-25T19:20:27Z
364.0,55,CXhR5Losv8TykWDsP,0,19,2024-06-26T15:43:59Z,,"SSYbyc2f7q2tsPxZL,SNwSuudL6H5HTewoL,MyFj9AoxSB6J2PT9x,t7vFWrrQgdC7wxdZr,Y8K49Q5sMsFAKDzMt,Z2K2fWhvhoe6qAWdM,T6kxAw9h7yGy2fQmE,2btArQTquopX5PDr2,8vFpTYLKwTeN9tMLq,jxSFhQcwtgM9f7ZTJ,NXiWaFueZgPgdPMDm,xRQb7HgjBa7jh93pr,7rdbqtevJyNNmZPJy,rCedRhnq2EM9HrbyC,Had84qyDeBqejGgNF,XwNMFaDvfmDGadwf4,zuuw3RXLSxSD5FsxQ,yG7GENKpCYGyoj8ZM,sodRHyeHg9rsuvYRr,2cbuignY7u4i9ZWND,8LfFfFoF8jdxDd9gr,ojgMDdNtT6nJjYt4i,2pJnQEthtz43JzzZe,QbZBB2rwLACBBABmT,E4tMoBKDza7Sj7W6r,WTCC5qjxejJbZToGx,Np9SJKSfTMPq7BJZy,H5hn8LC6kxuhgAyFe,7R4C8tftyuttyrF7e,dTS9qX9oxMHrvMwW9,W6CGYnTdTvpZge2np","SSYbyc2f7q2tsPxZL,NXiWaFueZgPgdPMDm,zuuw3RXLSxSD5FsxQ,sodRHyeHg9rsuvYRr,8vFpTYLKwTeN9tMLq,7rdbqtevJyNNmZPJy,Had84qyDeBqejGgNF,ojgMDdNtT6nJjYt4i,jxSFhQcwtgM9f7ZTJ,rCedRhnq2EM9HrbyC,xRQb7HgjBa7jh93pr,SNwSuudL6H5HTewoL,T6kxAw9h7yGy2fQmE,2btArQTquopX5PDr2,2cbuignY7u4i9ZWND,yG7GENKpCYGyoj8ZM,QbZBB2rwLACBBABmT,8LfFfFoF8jdxDd9gr,XwNMFaDvfmDGadwf4",CXhR5Losv8TykWDsP,yd5LfLtLJPE6QjmAJ,n3wapN4fxfTdDBkkx,JvPQ5hkbN8ZHP7kgE,2024-06-26T15:22:51Z
368.0,59,McPNJRtjH4cL2Qic2,2,10,2024-06-26T17:13:45Z,,"Jo5ZbZreTr6rZxaw7,TrKxqwNB9aWwsqDbL,ZExYnBzLLgZuxieXc,KhTZe6uY5WTohkEr4,F3uXsCreMNxrzYBP7,t3wysEKHCubgnMeRo,ugc6BhC2qZgznj2qp,C4yw2Q2HtZmK7ufe4,uZ8pbuv2yb7MpJ3bR,Kz8YLETove9y7uCHx,nsKhmE3fqdPgjqd4n,5mqirj8oJpaesaQhc,SuoXeNfp6RMrd9hvv,syu7hvFaLKBucX6PG,cKpCSK4YGaSqHtZW9,C7xZqfKFNCqGSK8bo","C4yw2Q2HtZmK7ufe4,Jo5ZbZreTr6rZxaw7,t3wysEKHCubgnMeRo,ugc6BhC2qZgznj2qp,5mqirj8oJpaesaQhc,KhTZe6uY5WTohkEr4,TrKxqwNB9aWwsqDbL,ZExYnBzLLgZuxieXc,nsKhmE3fqdPgjqd4n,SuoXeNfp6RMrd9hvv",McPNJRtjH4cL2Qic2,zP8iuPZeYA675x9Mf,Hyoie4hbDWZ5Woy38,JvPQ5hkbN8ZHP7kgE,2024-06-26T16:34:53Z
371.0,62,amJ5X3NpFmPRH72ZL,1,14,2024-06-27T18:48:53Z,,"tghHn5RMwiHrmRwhv,vk97FKf8mFGxYT5p3,izcR27jXx5yZvuR3t,4WJKdK6EedQPF9seX,AGncZFhcfRwBqzZTN,fpfGJsxAEP2yhLrHm,X9Swj985jNKbz4vTQ,TiAkdv8yWs9YbCR9W,8HknH9EaERcyJ5Hf5,k95iMigacKFaLdDSk,weNy2mBcLoAJvZJSx,RvHdZdtAD6JNvaj2r,XACS5SHmdPtZ2zndv,rkrPaenaRWunRiCtB,ANrYZ37FyvqSnAY3P,tt6KNpK3pprzQEX2u,YfvSsacgNDixGRXiF,2bZoo7GATwaDnx7m8,mhZEkjpLZfJj2RJr4,N265tHAm7kHy2m5DF,n8Y728XzYMMgoo4XF,d2fMayvJyGTxwX6aQ,eodd8Cwyp9FLW3Mrz,iRC4sRwqJBspYBePy","tghHn5RMwiHrmRwhv,izcR27jXx5yZvuR3t,vk97FKf8mFGxYT5p3,4WJKdK6EedQPF9seX,AGncZFhcfRwBqzZTN,XACS5SHmdPtZ2zndv,X9Swj985jNKbz4vTQ,YfvSsacgNDixGRXiF,k95iMigacKFaLdDSk,8HknH9EaERcyJ5Hf5,TiAkdv8yWs9YbCR9W,tt6KNpK3pprzQEX2u,n8Y728XzYMMgoo4XF,eodd8Cwyp9FLW3Mrz",amJ5X3NpFmPRH72ZL,Sfe7bw3wNzWeYebRj,CKy6gNTapnr3JTs6g,JvPQ5hkbN8ZHP7kgE,2024-06-27T18:19:08Z
373.0,64,dAecdejNxFTB4va9u,1,7,2024-05-14T16:15:04Z,,"HPEcvswM4ANZ3YJkS,vo5mX8g5ksXdfSm9H,WJWeg4Z69NdS8HrbW,XNeC952BNYFMYXze8,49iW9P6t6v8iHS4M8,KtDuSjxjH6D54pQdL,GedYobk3QLYHu4HaC,xR4qzXotdKA9f3WLA,2iS55AodFkdYZn4TL,rJ4wqS7fmcG2nqzYM,jQPwsATqPYykZ8fnY,yiSEqQ4nkzA6Jtvh6","HPEcvswM4ANZ3YJkS,KtDuSjxjH6D54pQdL,49iW9P6t6v8iHS4M8,GedYobk3QLYHu4HaC,XNeC952BNYFMYXze8,2iS55AodFkdYZn4TL,xR4qzXotdKA9f3WLA",dAecdejNxFTB4va9u,Nsr4orLoqF4JyMnJY,t3ti5j9Eq67edWAXK,RuSNkwzS5nj57nwTd,2024-05-13T21:42:35Z
374.0,65,mvL3NN2JMMeuEsjeW,2,7,2024-05-14T16:08:12Z,,"vStJppZiuGvZajs7j,PGWQWdN6ML6Y7S4Kp,R87wcapkRvgGyRAwT,oJKcXG9aY6z49ynDN,DmTfvGDWAH8KrqEza,Wmpn9cwpaLudQ5X5T,k4bWtH8HWAZkzuvcR,MiHZ7GCPk4YFnapT5,fqmJGF7kn2PbZrACR,G5TcGKFw4ZxHtzRy2,DHyLpQhKTfcLv8zdj","PGWQWdN6ML6Y7S4Kp,vStJppZiuGvZajs7j,R87wcapkRvgGyRAwT,Wmpn9cwpaLudQ5X5T,oJKcXG9aY6z49ynDN,DmTfvGDWAH8KrqEza,k4bWtH8HWAZkzuvcR",mvL3NN2JMMeuEsjeW,FJjFTCfxrpNgiYkcR,t3ti5j9Eq67edWAXK,RuSNkwzS5nj57nwTd,2024-05-13T21:42:36Z
386.0,77,puakCsf4JEpsKkSQD,2,8,2024-05-15T18:18:04Z,,"heJYeBDu7Q5y9ziyo,a4T5efrmtyWp9vTzx,TdKx5kc6yz3rfZBCu,xQmYsovvroBJNMxBu,jSJoKNDQrmDuzFEGR,DFfCDiqeW3sYZPDW2,RkAq4DYxZFo97ATyJ,njJJHnJHW7TMfBNPX","a4T5efrmtyWp9vTzx,heJYeBDu7Q5y9ziyo,TdKx5kc6yz3rfZBCu,xQmYsovvroBJNMxBu,RkAq4DYxZFo97ATyJ,jSJoKNDQrmDuzFEGR,njJJHnJHW7TMfBNPX",puakCsf4JEpsKkSQD,DTSAjy4sBKyab5WHN,a78ueQs92z8fP9tPd,HfyMzE4vr9XgmTHyf,2024-05-15T17:46:55Z
394.0,85,gndhFAQfgF9PwRbHx,0,17,2024-06-26T14:33:01Z,,"8m2zGcJ4ytZPyPhZw,n8rBpPLPmQc7tvgC3,fBbgdHda9KK8EW783,BPmGTLPBkAYtqq4W3,wWxBArg8eDomsfMnR,mkNZYDwgzdJMswFEW,LbHQegembABukTkSK,uzrCMMnuR32Bi4sE6,2nT5aEpGnxzkQECaR,Dxsuztg2Da2SZr6vc,88BjySvRcyp5DnKmg,tLY65Cc6AKraQSuLM,MdTM2Lfhu7ExF7mGM,W5q3K54kzLQ5tmfA6,e33sEppeDs9MYd9Bx,xLs2Wpbyw8b57rXfR,uKhcSS58f8Ltmk9Ci,9HGP9jYDFpzZwY9wH,Q3NRp8Bc7kuu9tQ3F,WvNDFoc2AZ82iNs2M","MdTM2Lfhu7ExF7mGM,mkNZYDwgzdJMswFEW,BPmGTLPBkAYtqq4W3,uKhcSS58f8Ltmk9Ci,Dxsuztg2Da2SZr6vc,e33sEppeDs9MYd9Bx,fBbgdHda9KK8EW783,9HGP9jYDFpzZwY9wH,n8rBpPLPmQc7tvgC3,88BjySvRcyp5DnKmg,xLs2Wpbyw8b57rXfR,LbHQegembABukTkSK,2nT5aEpGnxzkQECaR,wWxBArg8eDomsfMnR,8m2zGcJ4ytZPyPhZw,tLY65Cc6AKraQSuLM,W5q3K54kzLQ5tmfA6",gndhFAQfgF9PwRbHx,TPHrtRKZcotxKoGyB,fEaAZsr7Y6sNQgdgz,HfyMzE4vr9XgmTHyf,2024-06-26T14:08:21Z
395.0,86,8RwSyFp46rjQwX2zM,1,17,2024-06-26T14:32:05Z,,"zdh3zz5A3tu7wZBNH,4en9siccSsdKnxHGB,uW4NHMucPWWrZpgpx,Ssej38btEzTgqJjY3,2E5yXW38Jt7BcYRWu,FAg3mFfHuSGwLXCXi,J4MHQahkBexKtf9eP,enYsM5W9BGHNMGNEZ,rsRapT5bxbu7j7LWN,PyQ9Q4XAFv6bBQazq,TY27PdZRD3zoP62XT,6vkvQYiKQAgtTLihP,7KupGNnqW4vTc9bpf,xRdMFPQLWxnienzqR,fsRtujRwQwyJMzPEc,ijNrs4sc65MX9gz3v,WdYrnxb8r8juZt5AN,RQRjDDYDMdceGDsC2,FWQoQfGZ3TzctbtCD,bgjxnvQEk7BRoL79M,8Mheaa69vSSDYn59n,EgSttdyta8rSAJfnT,gCXq2KES9yE5gAHH3,4TAJbwbzB5NWeNWQc,wBbuhqragtEuGTQo4,JfqN37rJ4hf6vJo8Y,Xwpsmg3WzGeqMgz43","zdh3zz5A3tu7wZBNH,4en9siccSsdKnxHGB,2E5yXW38Jt7BcYRWu,rsRapT5bxbu7j7LWN,EgSttdyta8rSAJfnT,uW4NHMucPWWrZpgpx,PyQ9Q4XAFv6bBQazq,4TAJbwbzB5NWeNWQc,7KupGNnqW4vTc9bpf,xRdMFPQLWxnienzqR,TY27PdZRD3zoP62XT,enYsM5W9BGHNMGNEZ,J4MHQahkBexKtf9eP,JfqN37rJ4hf6vJo8Y,FAg3mFfHuSGwLXCXi,RQRjDDYDMdceGDsC2,Ssej38btEzTgqJjY3",8RwSyFp46rjQwX2zM,SdgYm76o9RLZBNDAS,fEaAZsr7Y6sNQgdgz,HfyMzE4vr9XgmTHyf,2024-06-26T14:08:21Z
397.0,88,Xut3K98uPfJMEcaLp,1,16,2024-06-26T15:43:40Z,,"jmeshD2nmXXRQvJFS,digF8ppge4npXP4Jg,BqdwYZTWTdqDp88mC,EoH9XPq2WKDfSudh7,EAssTxtGWbvjtRBct,gcxvdjogigMSbHtCD,LepRuwmN2MYbCWKM2,zHSeHXdRZWDzqvkcX,cYotXgpFjNk26rfBQ,774oKg5vvNFhxdXzP,kPPwjf8idMkhxASz2,XosDDW42GkWGhMXWe,ucFSwECWHTEjdJCFc,QNNu9EtXQPMQbRX6w,kcL7ReB4a5x6PcJ45,3dS8k8wZbxifQQGfJ,BEmkCnNdhuPDX8TJF,rAtu7qHynZrCYxCgo,8MkQCFNswfrFcRXaT,8FvdBaMP9owQw2wv2,FzpWz4o2zfd3SchrD,7f2WBAAKGBCd8teGq,EzC3NFbR8FXY7CnxQ,Rwa78DicW5SaegFXy,CmcyJBxTWiEAbsJ7J,p76kgBooM2chpQQrs,hgNomQqg72udSrhxv","774oKg5vvNFhxdXzP,jmeshD2nmXXRQvJFS,gcxvdjogigMSbHtCD,EAssTxtGWbvjtRBct,QNNu9EtXQPMQbRX6w,XosDDW42GkWGhMXWe,kcL7ReB4a5x6PcJ45,kPPwjf8idMkhxASz2,BEmkCnNdhuPDX8TJF,BqdwYZTWTdqDp88mC,LepRuwmN2MYbCWKM2,cYotXgpFjNk26rfBQ,zHSeHXdRZWDzqvkcX,3dS8k8wZbxifQQGfJ,CmcyJBxTWiEAbsJ7J,EzC3NFbR8FXY7CnxQ",Xut3K98uPfJMEcaLp,kvDJWvXan3wtynP3t,BCMbtvHPddToTxFfv,HfyMzE4vr9XgmTHyf,2024-06-26T14:47:46Z
399.0,90,Wh693tc2FgzWxBzS4,1,19,2024-06-26T17:13:14Z,,"cJ57Ebtz6MxLB4obp,sk3vjy2yjZSe4ewRc,md5FFDJrpR4NRM7c2,7FHXR5PpJCDpqXdNv,YHx36HrJqPqMXqPQ2,Ft8GKrPQh74b3xvKX,RRJQfQeGL7WTytMF2,zhLG9DZgTgPaDDGKx,JLyJYyHgizMt6riAC,kfZ7Cixfx4DMmFWCn,4PhSt6imvggt2EBx7,XxgJdSJprsMqQvMqd,qkdycqYxR9yCgJk5A,yyvv5L3vLBXodAamt,h3FpophpEuTb4AKnv,bphDZzbdrCbdTbu4L,YC3qYF3DEsqWgg62C,6HurysWi7GHfRtq8Z,kH2DbA2ahXWdjXXxb,JHL3AoWTpc7nEonER,5YeitQawbzEyWP8wv,mzz3pfgYBRaNdtRdu,YXCfnXmevP3CRAT5q,ZaEkykPbFiZKb62m9,Hn79awWCeJizwkKJm,PAtdHjjmwzSpf49ky,s3Dq522gc6Rha9eqM","YC3qYF3DEsqWgg62C,zhLG9DZgTgPaDDGKx,md5FFDJrpR4NRM7c2,YHx36HrJqPqMXqPQ2,JLyJYyHgizMt6riAC,yyvv5L3vLBXodAamt,cJ57Ebtz6MxLB4obp,sk3vjy2yjZSe4ewRc,kfZ7Cixfx4DMmFWCn,RRJQfQeGL7WTytMF2,7FHXR5PpJCDpqXdNv,kH2DbA2ahXWdjXXxb,6HurysWi7GHfRtq8Z,JHL3AoWTpc7nEonER,h3FpophpEuTb4AKnv,Ft8GKrPQh74b3xvKX,4PhSt6imvggt2EBx7,bphDZzbdrCbdTbu4L,PAtdHjjmwzSpf49ky",Wh693tc2FgzWxBzS4,osqLFTDzNaRkwoTPn,2udJ2Ybt2HFMCK7wF,HfyMzE4vr9XgmTHyf,2024-06-26T16:35:45Z
