method,seed_state,run,n_pairs,mse,rmse,r2_custom,train_n_rows,train_rank,train_cond
random_addition,50,0,10,0.013263393805278245,0.11516680860941769,-1.608467092749768,10,10,inf
random_addition,50,0,20,0.012471953986541115,0.11167790285701605,-1.4528172829517594,20,14,inf
random_addition,50,0,30,0.010151680259623545,0.10075554704145843,-0.9964968455364296,30,14,inf
random_addition,50,0,40,0.003862061507156194,0.06214548661935309,0.2404613404765623,40,14,inf
random_addition,50,0,50,0.0032347307505101045,0.05687469341025149,0.36383637246346867,50,14,inf
random_addition,50,0,60,0.004151241996354493,0.06443013267373034,0.18358918535448066,60,14,inf
random_addition,50,0,70,0.00496579536373334,0.07046839975289165,0.02339371160999426,70,14,inf
random_addition,50,0,80,0.003683388801647205,0.0606909284955108,0.2756003011027105,80,14,inf
random_addition,50,0,90,0.0023262493536324305,0.048231207258707824,0.5425043561576346,90,14,inf
random_addition,50,0,100,0.0023898342476637827,0.0488859309787978,0.5299993287029903,100,14,inf
random_addition,50,0,110,0.002565748328334874,0.05065321636712593,0.4954028975543304,110,14,inf
random_addition,50,0,120,0.002489011794847851,0.04988999694175027,0.5104944137492982,120,14,inf
random_addition,50,0,130,0.0026540604869378223,0.05151757454440011,0.4780348420635996,130,14,inf
random_addition,50,0,140,0.0027822582546881227,0.05274711607934715,0.4528226178433129,140,14,inf
random_addition,50,0,150,0.0026800483819562917,0.05176918370958047,0.47292389007342817,150,14,inf
random_addition,50,1,10,0.013263393805278245,0.11516680860941769,-1.608467092749768,10,10,inf
random_addition,50,1,20,0.006080210226090147,0.07797570279317877,-0.19577451477352548,20,14,inf
random_addition,50,1,30,0.006363426361189107,0.07977108725089001,-0.2514736804159883,30,14,inf
random_addition,50,1,40,0.0040067072883316224,0.06329855676341778,0.21201434072367575,40,14,inf
random_addition,50,1,50,0.0023942940148416088,0.04893152373308651,0.5291222412775942,50,14,inf
random_addition,50,1,60,0.0014219046500908755,0.03770815097682297,0.7203587902732778,60,14,inf
random_addition,50,1,70,0.0017469828697806692,0.04179692416650619,0.6564267491170348,70,14,inf
random_addition,50,1,80,0.0018104474936000766,0.042549353621413294,0.6439453748008483,80,14,inf
random_addition,50,1,90,0.0026056415007500765,0.051045484626459144,0.48755724138230017,90,14,inf
random_addition,50,1,100,0.0026103392033027728,0.05109147877388922,0.48663336000622603,100,14,inf
random_addition,50,1,110,0.0023413308318393665,0.04838730031567546,0.539538332514639,110,14,inf
random_addition,50,1,120,0.002354395663410309,0.04852211519926052,0.5369689159893181,120,14,inf
random_addition,50,1,130,0.0026176907769281934,0.05116337339277184,0.48518755072367226,130,14,inf
random_addition,50,1,140,0.002890288580416833,0.05376140418940741,0.4315766566798709,140,14,inf
random_addition,50,1,150,0.0026800483819562917,0.05176918370958047,0.47292389007342817,150,14,inf
random_addition,50,2,10,0.013263393805278245,0.11516680860941769,-1.608467092749768,10,10,inf
random_addition,50,2,20,0.025982660841015543,0.16119137954932808,-4.109922602079087,20,14,inf
random_addition,50,2,30,0.009786358523576125,0.0989260255118749,-0.9246502472422067,30,14,inf
random_addition,50,2,40,0.006155092225752527,0.07845439583447525,-0.21050130603270412,40,14,inf
random_addition,50,2,50,0.0033148263380296,0.057574528552386775,0.3480842423988453,50,14,inf
random_addition,50,2,60,0.003592997202153134,0.05994161494448689,0.29337731324627425,60,14,inf
random_addition,50,2,70,0.0032222834069551643,0.05676516015088096,0.36628434969553203,70,14,inf
random_addition,50,2,80,0.0025949480462300343,0.05094063256605707,0.4896602871511928,80,14,inf
random_addition,50,2,90,0.0031070535143388226,0.055740950066704306,0.3889462254871716,90,14,inf
random_addition,50,2,100,0.0030297780455631573,0.05504341963907364,0.40414373227445544,100,14,inf
random_addition,50,2,110,0.0027424656372922107,0.052368555806821815,0.4606484981975787,110,14,inf
random_addition,50,2,120,0.002667673530537602,0.05164952594688166,0.4753576105206394,120,14,inf
random_addition,50,2,130,0.0025996428045560035,0.05098669242612236,0.4887369848062959,130,14,inf
random_addition,50,2,140,0.002849819263011146,0.05338369847632464,0.4395356213512486,140,14,inf
random_addition,50,2,150,0.0026800483819562917,0.05176918370958047,0.47292389007342817,150,14,inf
random_addition,50,3,10,0.013263393805278245,0.11516680860941769,-1.608467092749768,10,10,inf
random_addition,50,3,20,0.017039792856455228,0.13053655754789625,-2.3511588048940983,20,14,inf
random_addition,50,3,30,0.00885512414370734,0.09410166918661614,-0.7415075108365146,30,14,inf
random_addition,50,3,40,0.008989317773382445,0.09481201281157596,-0.7678989210745835,40,14,inf
random_addition,50,3,50,0.007904537698516895,0.08890746705714259,-0.5545588687697687,50,14,inf
random_addition,50,3,60,0.008202406037965796,0.09056713552920725,-0.6131396342081945,60,14,inf
random_addition,50,3,70,0.0067211158084940145,0.0819824115801311,-0.3218192621288227,70,14,inf
random_addition,50,3,80,0.0066386564252005845,0.08147795054614827,-0.30560225229203763,80,14,inf
random_addition,50,3,90,0.005842199014917553,0.07643427905670042,-0.14896564962453462,90,14,inf
random_addition,50,3,100,0.005408799532469265,0.0735445411466362,-0.06373042969679266,100,14,inf
random_addition,50,3,110,0.004898482818142505,0.06998916214773902,0.03663184377138995,110,14,inf
random_addition,50,3,120,0.004875365206026965,0.06982381546454594,0.0411783068676107,120,14,inf
random_addition,50,3,130,0.004311619194924662,0.06566292100512025,0.15204834060242312,130,14,inf
random_addition,50,3,140,0.0034201534771794613,0.05848207825632962,0.3273699078567649,140,14,inf
random_addition,50,3,150,0.0026800483819562917,0.05176918370958047,0.47292389007342817,150,14,inf
random_addition,50,4,10,0.013263393805278245,0.11516680860941769,-1.608467092749768,10,10,inf
random_addition,50,4,20,0.007090709830426947,0.08420635267262766,-0.3945060765326469,20,14,inf
random_addition,50,4,30,0.006757094886506413,0.08220155038991912,-0.3288951465065806,30,14,inf
random_addition,50,4,40,0.006122159364161979,0.07824422895116277,-0.20402451080290085,40,14,inf
random_addition,50,4,50,0.007807880642086637,0.0883622127500587,-0.5355496502634125,50,14,inf
random_addition,50,4,60,0.006889990181298373,0.083005964733255,-0.3550312175857757,60,14,inf
random_addition,50,4,70,0.005074573484868825,0.07123604063161305,0.0020006840366031398,70,14,inf
random_addition,50,4,80,0.0047914504863252275,0.06922030400341526,0.05768153282567545,80,14,inf
random_addition,50,4,90,0.0030423369226753208,0.05515738321091131,0.4016738201124619,90,14,inf
random_addition,50,4,100,0.002568789617178575,0.050683228164537575,0.4948047774966131,100,14,inf
random_addition,50,4,110,0.002678148604673786,0.05175083192252841,0.47329751288805033,110,14,inf
random_addition,50,4,120,0.0025086911154607013,0.050086835750132,0.5066241478897513,120,14,inf
random_addition,50,4,130,0.002637094680848201,0.051352650183298244,0.48137145013966665,130,14,inf
random_addition,50,4,140,0.00302725697748002,0.055020514151360125,0.4046395422632103,140,14,inf
random_addition,50,4,150,0.0026800483819562917,0.05176918370958047,0.47292389007342817,150,14,inf
random_addition,50,5,10,0.013263393805278245,0.11516680860941769,-1.608467092749768,10,10,inf
random_addition,50,5,20,0.003636323800601428,0.06030193861395691,0.28485641671312734,20,14,inf
random_addition,50,5,30,0.004883789067197738,0.06988411169355835,0.03952161439655477,30,14,inf
random_addition,50,5,40,0.006630500847489984,0.08142788740652666,-0.30399832222762235,40,14,inf
random_addition,50,5,50,0.00752513837399695,0.08674755543527984,-0.47994367845340125,50,14,inf
random_addition,50,5,60,0.005380972170086982,0.0733551100475419,-0.05825771584105843,60,14,inf
random_addition,50,5,70,0.0043365537367328014,0.06585251503726187,0.14714454804870736,70,14,inf
random_addition,50,5,80,0.004414033943054152,0.06643819641632479,0.13190677621626157,80,14,inf
random_addition,50,5,90,0.0033758514859968773,0.05810207815557786,0.3360826316015031,90,14,inf
random_addition,50,5,100,0.0030243700798199095,0.05499427315475594,0.4052072987256278,100,14,inf
random_addition,50,5,110,0.004089513571541642,0.06394930469943862,0.19572910724592918,110,14,inf
random_addition,50,5,120,0.0033694781925306047,0.05804720658679972,0.3373360458123209,120,14,inf
random_addition,50,5,130,0.0026167259294941386,0.05115394344030711,0.4853773040264999,130,14,inf
random_addition,50,5,140,0.002670955503565074,0.05168128775064602,0.4747121559132337,140,14,inf
random_addition,50,5,150,0.0026800483819562917,0.05176918370958047,0.47292389007342817,150,14,inf
random_addition,50,6,10,0.013263393805278245,0.11516680860941769,-1.608467092749768,10,10,inf
random_addition,50,6,20,0.010507441020272781,0.10250580969034283,-1.0664631189253613,20,14,inf
random_addition,50,6,30,0.006669120743551783,0.08166468480041898,-0.3115935674176227,30,14,inf
random_addition,50,6,40,0.003742376320947624,0.061174964821793104,0.26399942388855036,40,14,inf
random_addition,50,6,50,0.0033827794712031575,0.058161666681785844,0.33472012803002293,50,14,inf
random_addition,50,6,60,0.004380854911017623,0.06618802694609972,0.13843198496050713,60,14,inf
random_addition,50,6,70,0.004397135752751187,0.06631090221638661,0.1352300865227659,70,14,inf
random_addition,50,6,80,0.004713218368316575,0.06865288317555625,0.07306718060313022,80,14,inf
random_addition,50,6,90,0.0055269914999396,0.07434373880791577,-0.08697484679696443,90,14,inf
random_addition,50,6,100,0.005325751347842175,0.07297774556563237,-0.04739762228017508,100,14,inf
random_addition,50,6,110,0.004391959356811469,0.06627185946396456,0.1362481109187862,110,14,inf
random_addition,50,6,120,0.0033723051058501285,0.05807155160532675,0.33678008626861056,120,14,inf
random_addition,50,6,130,0.003139215057889163,0.05602869852039366,0.38262112278459515,130,14,inf
random_addition,50,6,140,0.003407363294567388,0.058372624530402845,0.32988531009420563,140,14,inf
random_addition,50,6,150,0.0026800483819562917,0.05176918370958047,0.47292389007342817,150,14,inf
random_addition,50,7,10,0.013263393805278245,0.11516680860941769,-1.608467092749768,10,10,inf
random_addition,50,7,20,0.014457228471524275,0.12023821552037553,-1.8432545451020768,20,14,inf
random_addition,50,7,30,0.01350375989288699,0.11620567926262033,-1.655739083534729,30,14,inf
random_addition,50,7,40,0.00994629781369141,0.09973112760663748,-0.956104970009878,40,14,inf
random_addition,50,7,50,0.009232146999749582,0.09608406215262541,-0.8156553290826523,50,14,inf
random_addition,50,7,60,0.007461408694025819,0.08637944601596967,-0.46741017643448246,60,14,inf
random_addition,50,7,70,0.006333263301530187,0.07958180257778902,-0.24554161282514042,70,14,inf
random_addition,50,7,80,0.004922478803316548,0.07016037915602044,0.03191263399721489,80,14,inf
random_addition,50,7,90,0.004759246724061648,0.06898729393201075,0.0640149385407236,90,14,inf
random_addition,50,7,100,0.0030056605683874615,0.05482390508151952,0.4088868354723648,100,14,inf
random_addition,50,7,110,0.0030131394854552304,0.05489207124398961,0.40741598198289697,110,14,inf
random_addition,50,7,120,0.00344721376528469,0.05871297782675215,0.32204805192161756,120,14,inf
random_addition,50,7,130,0.002939226742674077,0.05421463587145151,0.42195215274808917,130,14,inf
random_addition,50,7,140,0.0031350107790786078,0.05599116697371656,0.38344796417127813,140,14,inf
random_addition,50,7,150,0.0026800483819562917,0.05176918370958047,0.47292389007342817,150,14,inf
random_addition,50,8,10,0.013263393805278245,0.11516680860941769,-1.608467092749768,10,10,inf
random_addition,50,8,20,0.027785363234406103,0.16668942148320662,-4.464454024444698,20,14,inf
random_addition,50,8,30,0.004599515403086368,0.06781972724131503,0.09542876071643691,30,14,inf
random_addition,50,8,40,0.0038240884569898546,0.06183921455670224,0.24792937265779902,40,14,inf
random_addition,50,8,50,0.0031702186627217003,0.05630469485506249,0.3765237479988063,50,14,inf
random_addition,50,8,60,0.0029368251244236082,0.054192482176254005,0.4224244709396219,60,14,inf
random_addition,50,8,70,0.0026099009204262934,0.051087189396425925,0.4867195556268489,70,14,inf
random_addition,50,8,80,0.003381567729636116,0.058151248736687644,0.33495843717238494,80,14,inf
random_addition,50,8,90,0.003165552028782816,0.05626323869795282,0.37744151921499725,90,14,inf
random_addition,50,8,100,0.004115635700690415,0.06415322050131556,0.19059175588039723,100,14,inf
random_addition,50,8,110,0.0036740710016823636,0.06061411553163474,0.2774328015126313,110,14,inf
random_addition,50,8,120,0.0032174908335613622,0.05672293040350932,0.36722688900114675,120,14,inf
random_addition,50,8,130,0.003431867071648951,0.058582139527751556,0.32506623459183326,130,14,inf
random_addition,50,8,140,0.003126961483475018,0.05591924072691812,0.3850309920908309,140,14,inf
random_addition,50,8,150,0.0026800483819562917,0.05176918370958047,0.47292389007342817,150,14,inf
random_addition,50,9,10,0.013263393805278245,0.11516680860941769,-1.608467092749768,10,10,inf
random_addition,50,9,20,0.00722720379006409,0.08501296248257727,-0.4213498849349062,20,14,inf
random_addition,50,9,30,0.011771863579038757,0.10849821924362979,-1.3151328549139714,30,14,inf
random_addition,50,9,40,0.008876665913380427,0.09421605974238377,-0.7457440582946382,40,14,inf
random_addition,50,9,50,0.008262407528331881,0.09089778615748505,-0.6249399257047488,50,14,inf
random_addition,50,9,60,0.004724358108667627,0.06873396619334306,0.07087636529943842,60,14,inf
random_addition,50,9,70,0.004675866674735258,0.0683803091155287,0.080413012672639,70,14,inf
random_addition,50,9,80,0.005526764535556357,0.07434221233966848,-0.08693021047434546,80,14,inf
random_addition,50,9,90,0.004937525452972616,0.0702675277277678,0.028953459968289685,90,14,inf
random_addition,50,9,100,0.0049998630964143455,0.0707097100574903,0.016693725096162848,100,14,inf
random_addition,50,9,110,0.004145548514114884,0.06438593413250199,0.18470890337561519,110,14,inf
random_addition,50,9,120,0.004065760402842766,0.0637633154944343,0.2004005631198319,120,14,inf
random_addition,50,9,130,0.0029331942032423445,0.05415897158590019,0.42313855200791717,130,14,inf
random_addition,50,9,140,0.0026553774014585517,0.051530354175559005,0.47777584890983216,140,14,inf
random_addition,50,9,150,0.0026800483819562917,0.05176918370958047,0.47292389007342817,150,14,inf
random_addition,50,10,10,0.013263393805278245,0.11516680860941769,-1.608467092749768,10,10,inf
random_addition,50,10,20,0.015659932655153135,0.1251396526092075,-2.0797863356351964,20,14,inf
random_addition,50,10,30,0.026205204503217033,0.16188021652820037,-4.153689516345147,30,14,inf
random_addition,50,10,40,0.01959542445738214,0.13998365782255492,-2.853766284554121,40,14,inf
random_addition,50,10,50,0.01439660191977064,0.11998584049699632,-1.83133132488273,50,14,inf
random_addition,50,10,60,0.007728654242805023,0.08791276495939042,-0.5199684605289343,60,14,inf
random_addition,50,10,70,0.006938694097974207,0.0832988241091926,-0.3646096532261607,70,14,inf
random_addition,50,10,80,0.005990084916178513,0.07739563887053658,-0.17804987290736762,80,14,inf
random_addition,50,10,90,0.005726044538513571,0.0756706319420789,-0.12612193904611613,90,14,inf
random_addition,50,10,100,0.00511989411398498,0.0715534353751445,-0.0069123718077586105,100,14,inf
random_addition,50,10,110,0.00417019804178209,0.06457707055745165,0.1798611635953078,110,14,inf
random_addition,50,10,120,0.0037832090093778644,0.061507796330041484,0.25596899625875325,120,14,inf
random_addition,50,10,130,0.0031243530693320135,0.05589591281419433,0.38554398013568425,130,14,inf
random_addition,50,10,140,0.002613344026724757,0.05112087662320314,0.48604241148046856,140,14,inf
random_addition,50,10,150,0.0026800483819562917,0.05176918370958047,0.47292389007342817,150,14,inf
random_addition,50,11,10,0.013263393805278245,0.11516680860941769,-1.608467092749768,10,10,inf
random_addition,50,11,20,0.009000665800999771,0.0948718388195347,-0.7701306995350581,20,14,inf
random_addition,50,11,30,0.005395896234405141,0.07345676438834711,-0.061192781423481835,30,14,inf
random_addition,50,11,40,0.004766332543102497,0.06903863080263467,0.06262139431934355,40,14,inf
random_addition,50,11,50,0.00643590902680285,0.08022411748846384,-0.26572860270993326,50,14,inf
random_addition,50,11,60,0.004177896038098374,0.06463664624729824,0.17834722452617258,60,14,inf
random_addition,50,11,70,0.0033073943762721865,0.05750995023708668,0.34954586134520216,70,14,inf
random_addition,50,11,80,0.0027817943273052252,0.05274271823963214,0.4529138568828438,80,14,inf
random_addition,50,11,90,0.0030190035516337653,0.05494545979090325,0.4062627157916806,90,14,inf
random_addition,50,11,100,0.003066839650830568,0.05537905426088972,0.39685495089890366,100,14,inf
random_addition,50,11,110,0.0027408252179000744,0.052352891208605416,0.4609711139673822,110,14,inf
random_addition,50,11,120,0.002103370499105355,0.045862517365549776,0.5863371915720725,120,14,inf
random_addition,50,11,130,0.0020477658206291645,0.045252246581016994,0.5972727768481694,130,14,inf
random_addition,50,11,140,0.0023830737244302305,0.048816736109967764,0.5313288980909905,140,14,inf
random_addition,50,11,150,0.0026800483819562917,0.05176918370958047,0.47292389007342817,150,14,inf
random_addition,50,12,10,0.013263393805278245,0.11516680860941769,-1.608467092749768,10,10,inf
random_addition,50,12,20,0.00847620550892134,0.09206631039050789,-0.6669868561549344,20,14,inf
random_addition,50,12,30,0.006306078128092406,0.07941081870936986,-0.24019519611127316,30,14,inf
random_addition,50,12,40,0.00593087316289651,0.07701216243488108,-0.16640489634950817,40,14,inf
random_addition,50,12,50,0.0041547352642057386,0.06445723593364626,0.18290217610406478,50,14,inf
random_addition,50,12,60,0.0054819438085821695,0.07404014997676713,-0.07811546870450048,60,14,inf
random_addition,50,12,70,0.00554934396608704,0.07449391898730419,-0.0913708312066408,70,14,inf
random_addition,50,12,80,0.0053731210149301455,0.07330157580113913,-0.05671365553738772,80,14,inf
random_addition,50,12,90,0.004872346585070978,0.06980219613358149,0.04177196890801871,90,14,inf
random_addition,50,12,100,0.0038232652971307186,0.0618325585523575,0.24809126074135834,100,14,inf
random_addition,50,12,110,0.0034628710517009263,0.05884616429046949,0.31896878601289835,110,14,inf
random_addition,50,12,120,0.0029632541471313984,0.05443578002684814,0.417226763849045,120,14,inf
random_addition,50,12,130,0.0029267487427430175,0.05409943384863669,0.42440615906663404,130,14,inf
random_addition,50,12,140,0.003011659984498535,0.0548785931351974,0.4077069504647116,140,14,inf
random_addition,50,12,150,0.0026800483819562917,0.05176918370958047,0.47292389007342817,150,14,inf
random_addition,50,13,10,0.013263393805278245,0.11516680860941769,-1.608467092749768,10,10,inf
random_addition,50,13,20,0.012046086953644359,0.1097546671155462,-1.3690634445671899,20,14,inf
random_addition,50,13,30,0.007440432191501254,0.08625793987512834,-0.4632847981670789,30,14,inf
random_addition,50,13,40,0.0049531783816403946,0.07037882054738055,0.025875051083317002,40,14,inf
random_addition,50,13,50,0.008010842171979535,0.08950330816221004,-0.5754654123671576,50,14,inf
random_addition,50,13,60,0.004999575052343066,0.0707076732211085,0.01675037375579147,60,14,inf
random_addition,50,13,70,0.005110714694346171,0.07148926279061893,-0.005107086191580512,70,14,inf
random_addition,50,13,80,0.004144860453579336,0.06438059065882618,0.18484422192915795,80,14,inf
random_addition,50,13,90,0.0042735932057318,0.06537272524326793,0.15952678412412324,90,14,inf
random_addition,50,13,100,0.004348617948118418,0.06594405165076239,0.14477192013300488,100,14,inf
random_addition,50,13,110,0.003189182878080106,0.056472850805321544,0.3727941194867934,110,14,inf
random_addition,50,13,120,0.0025609008925707053,0.050605344505997636,0.4963562264579795,120,14,inf
random_addition,50,13,130,0.0023795552238518296,0.048780684946521914,0.5320208697770704,130,14,inf
random_addition,50,13,140,0.002167614556038629,0.04655764766435939,0.5737025287643907,140,14,inf
random_addition,50,13,150,0.0026800483819562917,0.05176918370958047,0.47292389007342817,150,14,inf
random_addition,50,14,10,0.013263393805278245,0.11516680860941769,-1.608467092749768,10,10,inf
random_addition,50,14,20,0.004442951866605481,0.06665547139286827,0.12621958535985522,20,14,inf
random_addition,50,14,30,0.0038764398767696115,0.062261062284301026,0.23763359483810698,30,14,inf
random_addition,50,14,40,0.0024818537365008607,0.049818206877615144,0.5119021650322824,40,14,inf
random_addition,50,14,50,0.0014449727690955595,0.03801279743843591,0.7158220608208651,50,14,inf
random_addition,50,14,60,0.0019195750647499233,0.04381295544413688,0.6224836220673358,60,14,inf
random_addition,50,14,70,0.0026572302167137177,0.0515483289420105,0.4774114619593277,70,14,inf
random_addition,50,14,80,0.0019232448500620942,0.04385481558577227,0.621761897721004,80,14,inf
random_addition,50,14,90,0.0017251795191423288,0.041535280414875364,0.6607147408246445,90,14,inf
random_addition,50,14,100,0.0016307198782444573,0.04038217277765595,0.6792918010018825,100,14,inf
random_addition,50,14,110,0.0015047658471909102,0.038791311490988675,0.7040627570653006,110,14,inf
random_addition,50,14,120,0.0015497230201631114,0.03936652156545091,0.6952211809195046,120,14,inf
random_addition,50,14,130,0.002354088179170958,0.04851894659997224,0.5370293878814794,130,14,inf
random_addition,50,14,140,0.002912857792841419,0.0539708976471711,0.42713804550816736,140,14,inf
random_addition,50,14,150,0.0026800483819562917,0.05176918370958047,0.47292389007342817,150,14,inf
random_addition,50,15,10,0.013263393805278245,0.11516680860941769,-1.608467092749768,10,10,inf
random_addition,50,15,20,0.0075505790019093615,0.08689406770263067,-0.4849470012607213,20,14,inf
random_addition,50,15,30,0.005070764197103188,0.07120929852977902,0.002749843861709511,30,14,inf
random_addition,50,15,40,0.005618704261772467,0.07495801666114484,-0.10501168749840151,40,14,inf
random_addition,50,15,50,0.004357596577595548,0.06601209417671544,0.14300612324324014,50,14,inf
random_addition,50,15,60,0.003748712451366646,0.06122672987647344,0.262753318409362,60,14,inf
random_addition,50,15,70,0.002468800442106613,0.04968702488685163,0.5144693125798294,70,14,inf
random_addition,50,15,80,0.0022840541929711657,0.0477917795543456,0.5508027366230022,80,14,inf
random_addition,50,15,90,0.0022726432133503725,0.04767224783194487,0.5530468956424706,90,14,inf
random_addition,50,15,100,0.0021454931371576074,0.046319468230514124,0.5780530738845329,100,14,inf
random_addition,50,15,110,0.0016986226889028737,0.04121435052142486,0.665937583393022,110,14,inf
random_addition,50,15,120,0.0022319996532647974,0.047244043574452825,0.5610401280362212,120,14,inf
random_addition,50,15,130,0.0025563281375908455,0.05056014376552786,0.49725553481474605,130,14,inf
random_addition,50,15,140,0.0022887485872671357,0.04784086733397646,0.549879505870662,140,14,inf
random_addition,50,15,150,0.0026800483819562917,0.05176918370958047,0.47292389007342817,150,14,inf
random_addition,50,16,10,0.013263393805278245,0.11516680860941769,-1.608467092749768,10,10,inf
random_addition,50,16,20,0.0076563676494357845,0.08750067227990757,-0.5057520991044846,20,14,inf
random_addition,50,16,30,0.008052874411066025,0.08973780926157059,-0.5837317515938545,30,14,inf
random_addition,50,16,40,0.0044711906417351,0.06686696225891453,0.1206659603415089,40,14,inf
random_addition,50,16,50,0.0032923979578864436,0.057379421031293475,0.352495156558977,50,14,inf
random_addition,50,16,60,0.0028685194599802973,0.05355856103351076,0.4358579164487101,60,14,inf
random_addition,50,16,70,0.0030517833971644487,0.05524294884566218,0.3998160137162148,70,14,inf
random_addition,50,16,80,0.0020496996815272755,0.04527360910649023,0.5968924509233922,80,14,inf
random_addition,50,16,90,0.001940926516722573,0.04405594757490268,0.6182845037518621,90,14,inf
random_addition,50,16,100,0.002919437868819759,0.05403182274197086,0.4258439640755205,100,14,inf
random_addition,50,16,110,0.0033072076787911825,0.057508327038709645,0.34958257851146046,110,14,inf
random_addition,50,16,120,0.0026029787936004078,0.051019396248881736,0.4880809070503419,120,14,inf
random_addition,50,16,130,0.0024557352395556775,0.04955537548597203,0.5170388020645391,130,14,inf
random_addition,50,16,140,0.0027217911864365276,0.052170788631537166,0.4647144729782009,140,14,inf
random_addition,50,16,150,0.0026800483819562917,0.05176918370958047,0.47292389007342817,150,14,inf
random_addition,50,17,10,0.013263393805278245,0.11516680860941769,-1.608467092749768,10,10,inf
random_addition,50,17,20,0.01784716289100998,0.13359327412340033,-2.5099415567091143,20,14,inf
random_addition,50,17,30,0.0098515397790258,0.09925492319792405,-0.9374692257329855,30,14,inf
random_addition,50,17,40,0.0046577956095011225,0.06824804473024207,0.08396698835082617,40,14,inf
random_addition,50,17,50,0.0037450564394839363,0.061196866255421416,0.2634723339816023,50,14,inf
random_addition,50,17,60,0.004376439082835568,0.06615466032590273,0.13930043105124645,60,14,inf
random_addition,50,17,70,0.0050965633888626315,0.07139021914003789,-0.0023239964925796386,70,14,inf
random_addition,50,17,80,0.005072178706222543,0.07121922989068713,0.0024716571061625947,80,14,inf
random_addition,50,17,90,0.005566761192390369,0.07461073108065869,-0.0947962185793001,90,14,inf
random_addition,50,17,100,0.00472604504809393,0.06874623661040602,0.07054460059082945,100,14,inf
random_addition,50,17,110,0.0038606550125643464,0.06213416944455238,0.24073795104191442,110,14,inf
random_addition,50,17,120,0.003333882878294667,0.05773978592179457,0.34433645665766444,120,14,inf
random_addition,50,17,130,0.0034922397681530644,0.05909517550657638,0.31319293923141966,130,14,inf
random_addition,50,17,140,0.003181238838610803,0.05640247191932995,0.37435644703609194,140,14,inf
random_addition,50,17,150,0.0026800483819562917,0.05176918370958047,0.47292389007342817,150,14,inf
random_addition,50,18,10,0.013263393805278245,0.11516680860941769,-1.608467092749768,10,10,inf
random_addition,50,18,20,0.017104145541638922,0.13078281822028046,-2.3638148312547838,20,14,inf
random_addition,50,18,30,0.0037831779258664365,0.06150754365007951,0.25597510934850065,30,14,inf
random_addition,50,18,40,0.002919982961337194,0.054036866686894364,0.4257367625617068,40,14,inf
random_addition,50,18,50,0.003493541389991247,0.05910618740869053,0.3129369536381432,50,14,inf
random_addition,50,18,60,0.0037594309727915047,0.06131419878618251,0.2606453428165276,60,14,inf
random_addition,50,18,70,0.004494641274009823,0.06704208584172947,0.11605400328957793,70,14,inf
random_addition,50,18,80,0.0041297492954761065,0.06426312547235861,0.18781608261762872,80,14,inf
random_addition,50,18,90,0.006145829052236496,0.07839533820474592,-0.20867954882291784,90,14,inf
random_addition,50,18,100,0.004306980226358565,0.0656275873879161,0.1529606709627077,100,14,inf
random_addition,50,18,110,0.0041660482055426145,0.0645449316797424,0.1806772979444714,110,14,inf
random_addition,50,18,120,0.004041704696772731,0.06357440284243912,0.20513151800195084,120,14,inf
random_addition,50,18,130,0.0035270412200738913,0.059388898121398845,0.3063486546200961,130,14,inf
random_addition,50,18,140,0.0031036473559602506,0.05571038822302579,0.38961610321029727,140,14,inf
random_addition,50,18,150,0.0026800483819562917,0.05176918370958047,0.47292389007342817,150,14,inf
random_addition,50,19,10,0.013263393805278245,0.11516680860941769,-1.608467092749768,10,10,inf
random_addition,50,19,20,0.011803750204316083,0.10864506525524334,-1.3214038903635594,20,14,inf
random_addition,50,19,30,0.007016863259757991,0.08376671928491644,-0.37998291961441266,30,14,inf
random_addition,50,19,40,0.0037222292837293773,0.0610100752640855,0.26796167400128446,40,14,inf
random_addition,50,19,50,0.004575342504422583,0.06764127811050426,0.10018276347218447,50,14,inf
random_addition,50,19,60,0.0053756927359924775,0.07331911576111974,-0.0572194272773594,60,14,inf
random_addition,50,19,70,0.0037622488256340895,0.061337173277174174,0.2600911651663723,70,14,inf
random_addition,50,19,80,0.0031626802092629734,0.056237711628968096,0.3780063103102329,80,14,inf
random_addition,50,19,90,0.003217445683821529,0.05672253241721079,0.36723576844877004,90,14,inf
random_addition,50,19,100,0.0037018433808514674,0.060842775913426794,0.2719709010206812,100,14,inf
random_addition,50,19,110,0.00394679036855691,0.06282348580393252,0.2237980000061942,110,14,inf
random_addition,50,19,120,0.004004456501801695,0.06328077513591071,0.21245699534754614,120,14,inf
random_addition,50,19,130,0.003556553212937958,0.05963684442471749,0.30054463014811295,130,14,inf
random_addition,50,19,140,0.002919483485005764,0.05403224486365307,0.4258349928934959,140,14,inf
random_addition,50,19,150,0.0026800483819562917,0.05176918370958047,0.47292389007342817,150,14,inf
random_addition,50,20,10,0.013263393805278245,0.11516680860941769,-1.608467092749768,10,10,inf
random_addition,50,20,20,0.006347136041442505,0.07966891515166066,-0.24826991796927023,20,14,inf
random_addition,50,20,30,0.0040574700689538605,0.06369827367326261,0.202030995229034,30,14,inf
random_addition,50,20,40,0.003993341964164413,0.06319289488672293,0.2146428541182056,40,14,inf
random_addition,50,20,50,0.0052694287573333675,0.07259083108308767,-0.03632084765691235,50,14,inf
random_addition,50,20,60,0.004948106802624046,0.07034278074276028,0.026872461487218335,60,14,inf
random_addition,50,20,70,0.005028296071184097,0.07091047927622614,0.011101907487130913,70,14,inf
random_addition,50,20,80,0.004153867332789001,0.06445050296769607,0.18307286925941868,80,14,inf
random_addition,50,20,90,0.003716231451176423,0.06096090100364678,0.2691412475758833,90,14,inf
random_addition,50,20,100,0.003241740055715652,0.05693628066282212,0.36245787596097956,100,14,inf
random_addition,50,20,110,0.003140642302294759,0.056041433799419865,0.3823404314230956,110,14,inf
random_addition,50,20,120,0.0029985496451315156,0.054759014281956495,0.41028531685537417,120,14,inf
random_addition,50,20,130,0.002530342696109922,0.050302511827044205,0.5023660042759325,130,14,inf
random_addition,50,20,140,0.002637378510575625,0.05135541364428511,0.4813156303008834,140,14,inf
random_addition,50,20,150,0.0026800483819562917,0.05176918370958047,0.47292389007342817,150,14,inf
random_addition,50,21,10,0.013263393805278245,0.11516680860941769,-1.608467092749768,10,10,inf
random_addition,50,21,20,0.007035929144215613,0.08388044554135138,-0.38373254304654547,20,14,inf
random_addition,50,21,30,0.005254907115240027,0.0724907381341922,-0.03346492510124688,30,14,inf
random_addition,50,21,40,0.002761466528079634,0.0525496577351331,0.4569116568521757,40,14,inf
random_addition,50,21,50,0.0031747100479806757,0.05634456538106116,0.37564044235163196,50,14,inf
random_addition,50,21,60,0.002674364819064227,0.05171426127350392,0.47404165728981174,60,14,inf
random_addition,50,21,70,0.003128172489878354,0.05593006785154434,0.3847928275306447,70,14,inf
random_addition,50,21,80,0.003612138273585892,0.06010106715846144,0.2896129030443806,80,14,inf
random_addition,50,21,90,0.0035807353747704454,0.059839246107972026,0.2957888056361023,90,14,inf
random_addition,50,21,100,0.003338010990914412,0.05777552242009078,0.34352459461979856,100,14,inf
random_addition,50,21,110,0.0028682298036699274,0.053555856856836184,0.43591488218198315,110,14,inf
random_addition,50,21,120,0.0026013003279384164,0.051002944306563484,0.4884110052521967,120,14,inf
random_addition,50,21,130,0.0025436894932235367,0.050435002659101114,0.4997411345347794,130,14,inf
random_addition,50,21,140,0.002332101088385596,0.04829183252254563,0.5413535151464102,140,14,inf
random_addition,50,21,150,0.0026800483819562917,0.05176918370958047,0.47292389007342817,150,14,inf
random_addition,50,22,10,0.013263393805278245,0.11516680860941769,-1.608467092749768,10,10,inf
random_addition,50,22,20,0.006691669171175907,0.08180262325363354,-0.3160280909124591,20,14,inf
random_addition,50,22,30,0.00437883035256789,0.06617273118564693,0.1388301480680051,30,14,inf
random_addition,50,22,40,0.004067502604500976,0.06377697550449517,0.20005793017376294,40,14,inf
random_addition,50,22,50,0.005072894828356945,0.07122425730295083,0.0023308197722643476,50,14,inf
random_addition,50,22,60,0.004143369996735461,0.06436901425946696,0.1851373450684909,60,14,inf
random_addition,50,22,70,0.0049382955247960665,0.07027300708519642,0.028802012530325105,70,14,inf
random_addition,50,22,80,0.004506903291959791,0.06713347370693543,0.11364247342152334,80,14,inf
random_addition,50,22,90,0.003946740295992072,0.06282308728478785,0.22380784760926986,90,14,inf
random_addition,50,22,100,0.0021082641285951388,0.045915837448478915,0.5853747779036245,100,14,inf
random_addition,50,22,110,0.0024973381323468583,0.049973374234154516,0.5088569009310746,110,14,inf
random_addition,50,22,120,0.0025944268795754103,0.05093551687747372,0.4897627832459619,120,14,inf
random_addition,50,22,130,0.002746973971434991,0.052411582416818814,0.45976185927037727,130,14,inf
random_addition,50,22,140,0.002603290544153938,0.05102245137342911,0.48801959611650636,140,14,inf
random_addition,50,22,150,0.0026800483819562917,0.05176918370958047,0.47292389007342817,150,14,inf
random_addition,50,23,10,0.013263393805278245,0.11516680860941769,-1.608467092749768,10,10,inf
random_addition,50,23,20,0.012643684064264925,0.11244413752732921,-1.4865908602996365,20,14,inf
random_addition,50,23,30,0.005688555923277473,0.07542251602325047,-0.11874917905483806,30,14,inf
random_addition,50,23,40,0.004537796911760543,0.06736317177627953,0.10756672902236997,40,14,inf
random_addition,50,23,50,0.004250937833330583,0.06519921650856383,0.16398234008892076,50,14,inf
random_addition,50,23,60,0.0033038107427619456,0.057478785153845635,0.3502506425061309,60,14,inf
random_addition,50,23,70,0.003616693822781996,0.06013895428740008,0.2887169784912915,70,14,inf
random_addition,50,23,80,0.004520345110414114,0.06723351181080842,0.11099891615257873,80,14,inf
random_addition,50,23,90,0.0037904196223271327,0.061566383865930704,0.2545509092387299,90,14,inf
random_addition,50,23,100,0.0033945924246411665,0.058263130920344186,0.33239691417061323,100,14,inf
random_addition,50,23,110,0.0027313935588881956,0.05226273585345677,0.4628260066535008,110,14,inf
random_addition,50,23,120,0.00257506863913146,0.050745134142412704,0.49356990334756723,120,14,inf
random_addition,50,23,130,0.0024804584564266617,0.049804201192536576,0.5121765700761309,130,14,inf
random_addition,50,23,140,0.0024844506937628276,0.04984426440186301,0.5113914301737259,140,14,inf
random_addition,50,23,150,0.0026800483819562917,0.05176918370958047,0.47292389007342817,150,14,inf
random_addition,50,24,10,0.013263393805278245,0.11516680860941769,-1.608467092749768,10,10,inf
random_addition,50,24,20,0.010345362646140725,0.1017121558425576,-1.034587709691745,20,14,inf
random_addition,50,24,30,0.007989504640938162,0.0893840290037217,-0.5712690318344618,30,14,inf
random_addition,50,24,40,0.0038640084819139458,0.062161149296919745,0.24007843549307406,40,14,inf
random_addition,50,24,50,0.003825671493705765,0.06185201285088275,0.24761804214611471,50,14,inf
random_addition,50,24,60,0.002934774471484702,0.054173558785487796,0.42282776596262406,60,14,inf
random_addition,50,24,70,0.003671053991869038,0.060589223397144135,0.2780261466950258,70,14,inf
random_addition,50,24,80,0.0029114963477197605,0.05395828340227069,0.42740579634559006,80,14,inf
random_addition,50,24,90,0.002888239046994535,0.053742339426140866,0.43197973153130353,90,14,inf
random_addition,50,24,100,0.002765608352580737,0.05258905164176986,0.45609709814467714,100,14,inf
random_addition,50,24,110,0.002316223209104597,0.048127156669645434,0.5444761643126181,110,14,inf
random_addition,50,24,120,0.0022378838175626673,0.04730627672479274,0.5598829092154078,120,14,inf
random_addition,50,24,130,0.0026699881613899768,0.0516719281756543,0.47490239984839955,130,14,inf
random_addition,50,24,140,0.002589614823977978,0.050888258213245795,0.4907091540511015,140,14,inf
random_addition,50,24,150,0.0026800483819562917,0.05176918370958047,0.47292389007342817,150,14,inf
random_addition,50,25,10,0.013263393805278245,0.11516680860941769,-1.608467092749768,10,10,inf
random_addition,50,25,20,0.008040236521863722,0.08966736598040405,-0.5812463003895851,20,14,inf
random_addition,50,25,30,0.006412369963954205,0.08007727495334868,-0.2610992543141686,30,14,inf
random_addition,50,25,40,0.004023278740838356,0.06342932082907995,0.2087552888416696,40,14,inf
random_addition,50,25,50,0.0027346782652475136,0.05229415134838229,0.4621800144909054,50,14,inf
random_addition,50,25,60,0.002873191985404219,0.0536021639992661,0.43493898657395313,60,14,inf
random_addition,50,25,70,0.002545327365375911,0.050451237500936594,0.49941901972206093,70,14,inf
random_addition,50,25,80,0.0021395752827524776,0.046255543265131774,0.5792169184255374,80,14,inf
random_addition,50,25,90,0.0014846086225229734,0.038530619285484805,0.708027010709534,90,14,inf
random_addition,50,25,100,0.0020518136945230974,0.045296950168009074,0.5964766950908953,100,14,inf
random_addition,50,25,110,0.0019291067567498669,0.043921597839216495,0.6206090562295797,110,14,inf
random_addition,50,25,120,0.0024691589647796133,0.049690632565702095,0.5143988031304187,120,14,inf
random_addition,50,25,130,0.003022799443250515,0.05497999129911276,0.40551619054216304,130,14,inf
random_addition,50,25,140,0.002972344111367983,0.05451920864583402,0.41543907112623923,140,14,inf
random_addition,50,25,150,0.0026800483819562917,0.05176918370958047,0.47292389007342817,150,14,inf
random_addition,50,26,10,0.013263393805278245,0.11516680860941769,-1.608467092749768,10,10,inf
random_addition,50,26,20,0.007925059118324624,0.08902280111479656,-0.5585947474483963,20,14,inf
random_addition,50,26,30,0.008827083515718356,0.09395255992104928,-0.7359928547505139,30,14,inf
random_addition,50,26,40,0.005203338052068687,0.07213416702276867,-0.023323010726900018,40,14,inf
random_addition,50,26,50,0.003845066347285893,0.062008598978576294,0.24380372146204288,50,14,inf
random_addition,50,26,60,0.004430208190410101,0.06655980912239834,0.12872584133659315,60,14,inf
random_addition,50,26,70,0.0041245153856424525,0.06422239006485551,0.18884541807791433,70,14,inf
random_addition,50,26,80,0.005122435248745457,0.07157119007495584,-0.007412128242518801,80,14,inf
random_addition,50,26,90,0.004547356843034509,0.06743409258701795,0.10568660946148012,90,14,inf
random_addition,50,26,100,0.0034805114348613842,0.05899585947218147,0.31549951113098695,100,14,inf
random_addition,50,26,110,0.003436275761308978,0.0586197557254291,0.32419919241023487,110,14,inf
random_addition,50,26,120,0.002936515471119882,0.0541896251243712,0.4224853694143855,120,14,inf
random_addition,50,26,130,0.0028127436680538426,0.05303530586367767,0.44682715403210427,130,14,inf
random_addition,50,26,140,0.003175392117008218,0.05635061771629676,0.3755063021278364,140,14,inf
random_addition,50,26,150,0.0026800483819562917,0.05176918370958047,0.47292389007342817,150,14,inf
random_addition,50,27,10,0.013263393805278245,0.11516680860941769,-1.608467092749768,10,10,inf
random_addition,50,27,20,0.0159860671538951,0.12643602000179816,-2.143926111643379,20,14,inf
random_addition,50,27,30,0.007487031161078857,0.08652763235567501,-0.4724492609345834,30,14,inf
random_addition,50,27,40,0.0036067133942324623,0.06005591889424774,0.2906797958384352,40,14,inf
random_addition,50,27,50,0.0030025544769495425,0.054795569866089924,0.4094977000385409,50,14,inf
random_addition,50,27,60,0.002456484192801433,0.04956293164050562,0.5168915079462884,60,14,inf
random_addition,50,27,70,0.001972886840674702,0.04441719082376441,0.6119989742315387,70,14,inf
random_addition,50,27,80,0.0016862000863659334,0.041063366719814066,0.6683806948922089,80,14,inf
random_addition,50,27,90,0.0027016693480667745,0.051977585054201726,0.4686717673180736,90,14,inf
random_addition,50,27,100,0.0031166164439469894,0.055826664273866386,0.38706551625396923,100,14,inf
random_addition,50,27,110,0.0024823133618495597,0.04982281968987263,0.5118117720593618,110,14,inf
random_addition,50,27,120,0.0031585825127756263,0.05620126789295439,0.3788121905095426,120,14,inf
random_addition,50,27,130,0.0028789201758360663,0.05365556984914116,0.43381244260927565,130,14,inf
random_addition,50,27,140,0.0031739258319149533,0.0563376058411693,0.3757946714901974,140,14,inf
random_addition,50,27,150,0.0026800483819562917,0.05176918370958047,0.47292389007342817,150,14,inf
random_addition,50,28,10,0.013263393805278245,0.11516680860941769,-1.608467092749768,10,10,inf
random_addition,50,28,20,0.005577510677930855,0.07468273346584775,-0.09691028378071098,20,14,inf
random_addition,50,28,30,0.003858316919052693,0.06211535171801487,0.2411977760365167,30,14,inf
random_addition,50,28,40,0.0029328361087863236,0.054155665528052774,0.42320897724133333,40,14,inf
random_addition,50,28,50,0.0034612827100020506,0.05883266703118303,0.31928115983775684,50,14,inf
random_addition,50,28,60,0.003940319218780184,0.06277196204341699,0.22507065928877745,60,14,inf
random_addition,50,28,70,0.0041291082128455,0.06425813732785522,0.18794216218445903,70,14,inf
random_addition,50,28,80,0.003964120651019093,0.06296126309898088,0.22038971158662912,80,14,inf
random_addition,50,28,90,0.003064559143967109,0.05535846045517441,0.397303450520905,90,14,inf
random_addition,50,28,100,0.0023021346344736537,0.04798056517459599,0.5472469169456238,100,14,inf
random_addition,50,28,110,0.002042040602237258,0.04518894336269944,0.5983987363117382,110,14,inf
random_addition,50,28,120,0.0020643916301995315,0.04543557670151807,0.5940030347451062,120,14,inf
random_addition,50,28,130,0.002083653253349892,0.04564705087242649,0.590214916041983,130,14,inf
random_addition,50,28,140,0.002434507053093394,0.04934072408359442,0.5212136781662791,140,14,inf
random_addition,50,28,150,0.0026800483819562917,0.05176918370958047,0.47292389007342817,150,14,inf
random_addition,50,29,10,0.013263393805278245,0.11516680860941769,-1.608467092749768,10,10,inf
random_addition,50,29,20,0.008487456750475943,0.09212739413700977,-0.6691996000256684,20,14,inf
random_addition,50,29,30,0.006011828851793972,0.07753598423824884,-0.18232617966207032,30,14,inf
random_addition,50,29,40,0.005938140510991176,0.07705933110916015,-0.16783414127993845,40,14,inf
random_addition,50,29,50,0.002901602950036078,0.053866529032749806,0.4293514976247832,50,14,inf
random_addition,50,29,60,0.003986200907711342,0.0631363675523968,0.21604726169584165,60,14,inf
random_addition,50,29,70,0.004195225223639664,0.06477055830884634,0.1749391518343535,70,14,inf
random_addition,50,29,80,0.0038242642071191295,0.061840635565290965,0.24789480847042056,80,14,inf
random_addition,50,29,90,0.002925176687521077,0.05408490258400284,0.42471532988479865,90,14,inf
random_addition,50,29,100,0.0030651371760435026,0.055363681019631475,0.39718977089471263,100,14,inf
random_addition,50,29,110,0.0029243335957904303,0.054077107871912215,0.424881137902554,110,14,inf
random_addition,50,29,120,0.0028229710826574187,0.0531316391866223,0.44481576276762114,120,14,inf
random_addition,50,29,130,0.0032353550934283784,0.05688018190396703,0.3637135850396148,130,14,inf
random_addition,50,29,140,0.003074189170346384,0.05544537104525845,0.3954095455911837,140,14,inf
random_addition,50,29,150,0.0026800483819562917,0.05176918370958047,0.47292389007342817,150,14,inf
random_addition,50,30,10,0.013263393805278245,0.11516680860941769,-1.608467092749768,10,10,inf
random_addition,50,30,20,0.00851545065434579,0.09227919946740863,-0.6747050670361585,20,14,inf
random_addition,50,30,30,0.005185596445656855,0.07201108557477005,-0.01983382860826577,30,14,inf
random_addition,50,30,40,0.00448934717865416,0.06700259083538607,0.11709517523424495,40,14,inf
random_addition,50,30,50,0.0032531568417508636,0.057036451868527585,0.3602125750134979,50,14,inf
random_addition,50,30,60,0.003583307937435387,0.059860737862436904,0.2952828683809734,60,14,inf
random_addition,50,30,70,0.002944047268165516,0.05425907544517798,0.42100411619735534,70,14,inf
random_addition,50,30,80,0.002597660079209994,0.05096724516010252,0.4891269207378498,80,14,inf
random_addition,50,30,90,0.0027592335103299483,0.0525284066989467,0.45735081694974167,90,14,inf
random_addition,50,30,100,0.0025977534931946123,0.05096816156380974,0.48910854932337955,100,14,inf
random_addition,50,30,110,0.002542048201680667,0.05041872867973435,0.5000639218275371,110,14,inf
random_addition,50,30,120,0.002194491133680534,0.04684539607774209,0.5684168025487712,120,14,inf
random_addition,50,30,130,0.0024016869749037997,0.04900700944664752,0.5276682926635854,130,14,inf
random_addition,50,30,140,0.002370655941698596,0.04868938222753084,0.5337710616952631,140,14,inf
random_addition,50,30,150,0.0026800483819562917,0.05176918370958047,0.47292389007342817,150,14,inf
random_addition,50,31,10,0.013263393805278245,0.11516680860941769,-1.608467092749768,10,10,inf
random_addition,50,31,20,0.013983775795698126,0.11825301601100129,-1.7501421982172722,20,14,inf
random_addition,50,31,30,0.008573921599496898,0.09259547288878058,-0.686204351348138,30,14,inf
random_addition,50,31,40,0.004890726932614917,0.06993373243732182,0.03815716771719613,40,14,inf
random_addition,50,31,50,0.004015021261647762,0.06336419542334426,0.21037925952775138,50,14,inf
random_addition,50,31,60,0.002861313889741022,0.05349125059055006,0.4372750117359032,60,14,inf
random_addition,50,31,70,0.0025715348100675012,0.05071030279999816,0.4942648896353957,70,14,inf
random_addition,50,31,80,0.0021327406183534454,0.04618160476156546,0.5805610689074275,80,14,inf
random_addition,50,31,90,0.0028382106468653723,0.05327485942604985,0.4418186488819974,90,14,inf
random_addition,50,31,100,0.003338811547512461,0.057782450168822545,0.3433671518436471,100,14,inf
random_addition,50,31,110,0.0030467448674213046,0.05519732663292041,0.4008069244306054,110,14,inf
random_addition,50,31,120,0.0026220494864113027,0.05120595166981376,0.4843303379755276,120,14,inf
random_addition,50,31,130,0.002730478738531711,0.052253982992033356,0.463005921299081,130,14,inf
random_addition,50,31,140,0.002782655823157095,0.052750884572271346,0.452744429388408,140,14,inf
random_addition,50,31,150,0.0026800483819562917,0.05176918370958047,0.47292389007342817,150,14,inf
random_addition,50,32,10,0.013263393805278245,0.11516680860941769,-1.608467092749768,10,10,inf
random_addition,50,32,20,0.012539642773440048,0.1119805464062399,-1.4661294092269932,20,14,inf
random_addition,50,32,30,0.006474137917551243,0.08046202779915035,-0.27324695019878087,30,14,inf
random_addition,50,32,40,0.0028841813449966085,0.05370457471199831,0.4327777461487662,40,14,inf
random_addition,50,32,50,0.0024280268280874287,0.04927501220788716,0.5224881222437028,50,14,inf
random_addition,50,32,60,0.002540465624472989,0.05040303189762486,0.5003751619692813,60,14,inf
random_addition,50,32,70,0.0017725528434130542,0.04210169644341014,0.651397988321588,70,14,inf
random_addition,50,32,80,0.002027101205804769,0.04502334067797245,0.6013368172095688,80,14,inf
random_addition,50,32,90,0.001701508228233271,0.041249342155157714,0.665370094068745,90,14,inf
random_addition,50,32,100,0.0022421234552968262,0.04735106604182029,0.5590491139080309,100,14,inf
random_addition,50,32,110,0.002463599922744932,0.04963466452737373,0.5154920812481889,110,14,inf
random_addition,50,32,120,0.0031544674792306285,0.05616464616848065,0.37962148032972554,120,14,inf
random_addition,50,32,130,0.002966275010800985,0.054463520000097174,0.41663266074168914,130,14,inf
random_addition,50,32,140,0.0029514710480190655,0.05432744286287609,0.4195441063585389,140,14,inf
random_addition,50,32,150,0.0026800483819562917,0.05176918370958047,0.47292389007342817,150,14,inf
random_addition,50,33,10,0.013263393805278245,0.11516680860941769,-1.608467092749768,10,10,inf
random_addition,50,33,20,0.005555025650058212,0.074532044451083,-0.09248822890196573,20,14,inf
random_addition,50,33,30,0.00663853198051116,0.0814771868716094,-0.3055777781731206,30,14,inf
random_addition,50,33,40,0.006249115833609308,0.07905134934717628,-0.22899261305688512,40,14,inf
random_addition,50,33,50,0.006139360600344864,0.07835407200870204,-0.20740742012433078,50,14,inf
random_addition,50,33,60,0.004759260304812654,0.06898739236130508,0.06401226766005663,60,14,inf
random_addition,50,33,70,0.003819830951124483,0.0618047809730322,0.248766682030502,70,14,inf
random_addition,50,33,80,0.00439126249019863,0.06626660161950837,0.13638516133395995,80,14,inf
random_addition,50,33,90,0.0035684486880523747,0.059736493770997094,0.298205187027889,90,14,inf
random_addition,50,33,100,0.002826355481362744,0.0531634788305162,0.44415016444631716,100,14,inf
random_addition,50,33,110,0.0025620849860716246,0.05061704244690344,0.4961233547678803,110,14,inf
random_addition,50,33,120,0.002258822410168848,0.047527070288087905,0.5557649865642701,120,14,inf
random_addition,50,33,130,0.0022268297102123846,0.047189296564076735,0.5620568833645778,130,14,inf
random_addition,50,33,140,0.00244431760034044,0.04944004045650084,0.5192842708040697,140,14,inf
random_addition,50,33,150,0.0026800483819562917,0.05176918370958047,0.47292389007342817,150,14,inf
random_addition,50,34,10,0.013263393805278245,0.11516680860941769,-1.608467092749768,10,10,inf
random_addition,50,34,20,0.012136400756646437,0.1101653337336498,-1.386825156736081,20,14,inf
random_addition,50,34,30,0.0075890948337644345,0.08711541100037601,-0.49252178049285567,30,14,inf
random_addition,50,34,40,0.005507245644902689,0.07421081892084663,-0.08309149583580311,40,14,inf
random_addition,50,34,50,0.003773586277717946,0.06142952285113361,0.2578614665605299,50,14,inf
random_addition,50,34,60,0.0034620634417746204,0.05883930184642422,0.319127615943418,60,14,inf
random_addition,50,34,70,0.0030491782857526377,0.0552193651335529,0.40032835222402197,70,14,inf
random_addition,50,34,80,0.0029695736636886003,0.054493794726451196,0.41598392576223586,80,14,inf
random_addition,50,34,90,0.003026963389667871,0.05501784610167751,0.40469728119172776,90,14,inf
random_addition,50,34,100,0.0034662244196570604,0.058874650059741844,0.3183092904047701,100,14,inf
random_addition,50,34,110,0.0034678269251521925,0.0588882579565077,0.3179941310336942,110,14,inf
random_addition,50,34,120,0.00376219602923568,0.06133674289718749,0.2601015484566439,120,14,inf
random_addition,50,34,130,0.0030837339297658576,0.055531377884632555,0.39353240982793714,130,14,inf
random_addition,50,34,140,0.003110727868690225,0.05577389952917247,0.38822360256324684,140,14,inf
random_addition,50,34,150,0.0026800483819562917,0.05176918370958047,0.47292389007342817,150,14,inf
random_addition,50,35,10,0.013263393805278245,0.11516680860941769,-1.608467092749768,10,10,inf
random_addition,50,35,20,0.029378270936238175,0.17140090704613606,-4.777725829762209,20,14,inf
random_addition,50,35,30,0.022493274863144543,0.14997758120180676,-3.423676786656129,30,14,inf
random_addition,50,35,40,0.008341021382303311,0.09132919238832297,-0.6404006482113147,40,14,inf
random_addition,50,35,50,0.009966282576997759,0.09983127053683008,-0.9600353062576232,50,14,inf
random_addition,50,35,60,0.007340119226547601,0.08567449577644214,-0.44355658441581136,60,14,inf
random_addition,50,35,70,0.006446566440195564,0.08029051276580293,-0.2678245603914178,70,14,inf
random_addition,50,35,80,0.0054415133086327646,0.07376661378044111,-0.07016413813181743,80,14,inf
random_addition,50,35,90,0.004302449438035308,0.06559305937395593,0.15385172587813412,90,14,inf
random_addition,50,35,100,0.0036546555563759056,0.06045374724842047,0.2812511719023293,100,14,inf
random_addition,50,35,110,0.003925677112273458,0.0626552241419138,0.2279502731758456,110,14,inf
random_addition,50,35,120,0.0034233372510575504,0.058509292006121136,0.326743765746105,120,14,inf
random_addition,50,35,130,0.003592829298451442,0.05994021436774682,0.29341033430310515,130,14,inf
random_addition,50,35,140,0.002941162401860255,0.05423248474724586,0.4215714731600402,140,14,inf
random_addition,50,35,150,0.0026800483819562917,0.05176918370958047,0.47292389007342817,150,14,inf
random_addition,50,36,10,0.013263393805278245,0.11516680860941769,-1.608467092749768,10,10,inf
random_addition,50,36,20,0.003166622873314121,0.05627275427161995,0.37723091981921897,20,14,inf
random_addition,50,36,30,0.0031352879559781626,0.05599364210317242,0.38339345272179737,30,14,inf
random_addition,50,36,40,0.0043656708647798,0.06607322350831538,0.14141818031349374,40,14,inf
random_addition,50,36,50,0.0033303265217370314,0.05770898129179748,0.3450358733519787,50,14,inf
random_addition,50,36,60,0.0027278261231685535,0.05222859488028137,0.4635276022493795,60,14,inf
random_addition,50,36,70,0.004047723369108913,0.06362172089081616,0.20394784593720916,70,14,inf
random_addition,50,36,80,0.002912321139660434,0.05396592572781861,0.42724358728603873,80,14,inf
random_addition,50,36,90,0.0030415148202446963,0.05514993037388802,0.40183550023510894,90,14,inf
random_addition,50,36,100,0.002340034648064594,0.048373904618756944,0.5397932486222573,100,14,inf
random_addition,50,36,110,0.002470066461251026,0.04969976319109605,0.5142203288487064,110,14,inf
random_addition,50,36,120,0.0024300650199391787,0.0492956896689678,0.5220872779008404,120,14,inf
random_addition,50,36,130,0.002462670509675511,0.049625301104129445,0.5156748657935888,130,14,inf
random_addition,50,36,140,0.0024948979119124213,0.04994895306122463,0.5093368108844194,140,14,inf
random_addition,50,36,150,0.0026800483819562917,0.05176918370958047,0.47292389007342817,150,14,inf
random_addition,50,37,10,0.013263393805278245,0.11516680860941769,-1.608467092749768,10,10,inf
random_addition,50,37,20,0.012280920850789419,0.11081931623498414,-1.4152474380426234,20,14,inf
random_addition,50,37,30,0.005705662083524363,0.07553583310935522,-0.12211339011140487,30,14,inf
random_addition,50,37,40,0.004377964694668316,0.0661661899663893,0.13900039409837772,40,14,inf
random_addition,50,37,50,0.0035619180834177136,0.059681806971787585,0.29948953909760545,50,14,inf
random_addition,50,37,60,0.0034222231864645355,0.058499770824034306,0.326962865086194,60,14,inf
random_addition,50,37,70,0.005426428329439721,0.07366429480718403,-0.0671974259616479,70,14,inf
random_addition,50,37,80,0.005077399325988859,0.07125587222109388,0.001444935358763777,80,14,inf
random_addition,50,37,90,0.003423193982341196,0.058508067668836886,0.3267719419231466,90,14,inf
random_addition,50,37,100,0.0029109925855524315,0.05395361512959471,0.42750486955832445,100,14,inf
random_addition,50,37,110,0.0029558540618327372,0.05436776675414153,0.4186821137593687,110,14,inf
random_addition,50,37,120,0.0027830690041919784,0.05275480076914307,0.45266317046262594,120,14,inf
random_addition,50,37,130,0.0026675488319152342,0.05164831877142986,0.4753821345796949,130,14,inf
random_addition,50,37,140,0.00277635164506905,0.052691096449675914,0.4539842509100276,140,14,inf
random_addition,50,37,150,0.0026800483819562917,0.05176918370958047,0.47292389007342817,150,14,inf
random_addition,50,38,10,0.013263393805278245,0.11516680860941769,-1.608467092749768,10,10,inf
random_addition,50,38,20,0.024272206438610302,0.15579539928576294,-3.7735332821338785,20,14,inf
random_addition,50,38,30,0.014203142266963995,0.11917693680810895,-1.793284265017848,30,14,inf
random_addition,50,38,40,0.010761951248817129,0.10373982479654151,-1.116516790381754,40,14,inf
random_addition,50,38,50,0.008568753401298335,0.09256756127984757,-0.685187939174325,50,14,inf
random_addition,50,38,60,0.006752935361441512,0.0821762457249144,-0.3280771066886763,60,14,inf
random_addition,50,38,70,0.006121273891487234,0.07823857035687215,-0.20385036786727584,70,14,inf
random_addition,50,38,80,0.004999686337684763,0.07070846015636857,0.016728487641574863,80,14,inf
random_addition,50,38,90,0.003959775267367325,0.06292674524689264,0.2212443035883005,90,14,inf
random_addition,50,38,100,0.0032073989436898717,0.056633902776427755,0.36921162707195343,100,14,inf
random_addition,50,38,110,0.0031232293512378087,0.05588586002950844,0.38576497799741516,110,14,inf
random_addition,50,38,120,0.0030659004356901947,0.05537057373452252,0.3970396631846612,120,14,inf
random_addition,50,38,130,0.0030858953927352093,0.05555083611193633,0.393107322168585,130,14,inf
random_addition,50,38,140,0.003106152551391294,0.0557328677836633,0.3891234148426953,140,14,inf
random_addition,50,38,150,0.0026800483819562917,0.05176918370958047,0.47292389007342817,150,14,inf
random_addition,50,39,10,0.013263393805278245,0.11516680860941769,-1.608467092749768,10,10,inf
random_addition,50,39,20,0.008849604677857044,0.09407233747418549,-0.7404220160339456,20,14,inf
random_addition,50,39,30,0.00900987715887361,0.0949203727282695,-0.7719422663366022,30,14,inf
random_addition,50,39,40,0.007395767119043817,0.08599864603029408,-0.4545006684480213,40,14,inf
random_addition,50,39,50,0.006473947675299206,0.08046084560392841,-0.2732095358943143,50,14,inf
random_addition,50,39,60,0.0060087573704369745,0.07751617489554663,-0.1817221217442142,60,14,inf
random_addition,50,39,70,0.003372640381281809,0.05807443827779834,0.3367141487760361,70,14,inf
random_addition,50,39,80,0.0024729763608209187,0.049729029357317225,0.5136480486779818,80,14,inf
random_addition,50,39,90,0.0019910111012971425,0.04462074743095573,0.6084345367950779,90,14,inf
random_addition,50,39,100,0.0018310757933144757,0.04279107142050168,0.6398884764101079,100,14,inf
random_addition,50,39,110,0.002324447502340714,0.04821252433072463,0.5428587201966937,110,14,inf
random_addition,50,39,120,0.002439241277644717,0.049388675601242,0.5202826141314542,120,14,inf
random_addition,50,39,130,0.002362585941917639,0.048606439305071907,0.5353581614358097,130,14,inf
random_addition,50,39,140,0.002307051928700998,0.04803178040319761,0.5462798492127565,140,14,inf
random_addition,50,39,150,0.0026800483819562917,0.05176918370958047,0.47292389007342817,150,14,inf
random_addition,50,40,10,0.013263393805278245,0.11516680860941769,-1.608467092749768,10,10,inf
random_addition,50,40,20,0.005330865107869012,0.07301277359386515,-0.04840332828167471,20,14,inf
random_addition,50,40,30,0.0060038474878318406,0.07748449837116997,-0.18075651163018303,30,14,inf
random_addition,50,40,40,0.006589898828175213,0.08117819182622395,-0.29601325951768276,40,14,inf
random_addition,50,40,50,0.00428368456479146,0.06544986298527646,0.1575421504462955,50,14,inf
random_addition,50,40,60,0.00723495253765818,0.08505852419163044,-0.42287380508731576,60,14,inf
random_addition,50,40,70,0.005740847765297332,0.07576838235898488,-0.12903323991668092,70,14,inf
random_addition,50,40,80,0.006965681856266422,0.08346066053097365,-0.3699172449666934,80,14,inf
random_addition,50,40,90,0.004589485102308855,0.06774573862841009,0.0974013862670795,90,14,inf
random_addition,50,40,100,0.0036598419462022373,0.06049662756056934,0.28023118204220954,100,14,inf
random_addition,50,40,110,0.0031032768797819967,0.05570706310497796,0.3896889635154206,110,14,inf
random_addition,50,40,120,0.0028509736697613485,0.05339450973425403,0.439308588054661,120,14,inf
random_addition,50,40,130,0.0024732993409364596,0.04973227665145101,0.5135845292639185,130,14,inf
random_addition,50,40,140,0.002285554835863399,0.047807476777836734,0.5505076102277653,140,14,inf
random_addition,50,40,150,0.0026800483819562917,0.05176918370958047,0.47292389007342817,150,14,inf
random_addition,50,41,10,0.013263393805278245,0.11516680860941769,-1.608467092749768,10,10,inf
random_addition,50,41,20,0.008683840051145832,0.09318712384844717,-0.7078216438919325,20,14,inf
random_addition,50,41,30,0.004314925218085418,0.06568809038239289,0.15139815613611662,30,14,inf
random_addition,50,41,40,0.0031365094149341443,0.05600454816293177,0.3831532324932043,40,14,inf
random_addition,50,41,50,0.003378879815400947,0.05812813273623149,0.3354870602332325,50,14,inf
random_addition,50,41,60,0.003994425060386329,0.06320146406837684,0.21442984522360242,60,14,inf
random_addition,50,41,70,0.003667167745634846,0.060557144464008915,0.27879044168355116,70,14,inf
random_addition,50,41,80,0.003997027053489409,0.06322204562879478,0.2139181199830953,80,14,inf
random_addition,50,41,90,0.003860013497871518,0.062129006895905864,0.2408641155809702,90,14,inf
random_addition,50,41,100,0.0028610297269955156,0.05348859436361658,0.4373308970682338,100,14,inf
random_addition,50,41,110,0.0026978785884451194,0.05194110692356411,0.46941728327536025,110,14,inf
random_addition,50,41,120,0.0027518063970187133,0.05245766290084523,0.45881148236848013,120,14,inf
random_addition,50,41,130,0.002726535266416843,0.052216235659197446,0.4637814707092718,130,14,inf
random_addition,50,41,140,0.0030307583403885027,0.055052323660209866,0.4039509409850881,140,14,inf
random_addition,50,41,150,0.0026800483819562917,0.05176918370958047,0.47292389007342817,150,14,inf
random_addition,50,42,10,0.013263393805278245,0.11516680860941769,-1.608467092749768,10,10,inf
random_addition,50,42,20,0.007004233974531033,0.08369130166589019,-0.37749916052506394,20,14,inf
random_addition,50,42,30,0.004238046465062325,0.06510028006900066,0.1665176421693647,30,14,inf
random_addition,50,42,40,0.004110379294901655,0.06411223982128261,0.19162551554458385,40,14,inf
random_addition,50,42,50,0.002630108633936747,0.05128458475932848,0.48274537251160754,50,14,inf
random_addition,50,42,60,0.003474148138109627,0.058941904771644654,0.3167509593215515,60,14,inf
random_addition,50,42,70,0.0031061785530393667,0.055733101053497526,0.38911830118593826,70,14,inf
random_addition,50,42,80,0.0034666664929295663,0.05887840430012999,0.31822234933969684,80,14,inf
random_addition,50,42,90,0.003152199525872372,0.05614445231607814,0.3800675110960403,90,14,inf
random_addition,50,42,100,0.003377680197178142,0.0581178130797963,0.33572298511821963,100,14,inf
random_addition,50,42,110,0.0031907700030155265,0.05648690116315044,0.3724819849587151,110,14,inf
random_addition,50,42,120,0.002701945134977305,0.05198023792728641,0.46861752923306377,120,14,inf
random_addition,50,42,130,0.0021677376802496694,0.0465589699225581,0.5736783143395207,130,14,inf
random_addition,50,42,140,0.0019573926289807994,0.04424243018846048,0.6150461687825712,140,14,inf
random_addition,50,42,150,0.0026800483819562917,0.05176918370958047,0.47292389007342817,150,14,inf
random_addition,50,43,10,0.013263393805278245,0.11516680860941769,-1.608467092749768,10,10,inf
random_addition,50,43,20,0.007994768808897998,0.08941347107062782,-0.5723043180587519,20,14,inf
random_addition,50,43,30,0.025129645292790763,0.1585233272827402,-3.9421629004661582,30,14,inf
random_addition,50,43,40,0.012883615573433971,0.11350601558258475,-1.5337773840031086,40,14,inf
random_addition,50,43,50,0.004688081967949445,0.06846956964922041,0.07801067200136869,50,14,inf
random_addition,50,43,60,0.0029188652459500542,0.05402652354122051,0.42595657989120905,60,14,inf
random_addition,50,43,70,0.0026081313995949757,0.0510698678243343,0.4870675613428965,70,14,inf
random_addition,50,43,80,0.002192095276047288,0.046819817129579736,0.5688879878190712,80,14,inf
random_addition,50,43,90,0.0019719463740255506,0.0444066028201387,0.6121839326473224,90,14,inf
random_addition,50,43,100,0.0021312766061380114,0.04616575144127962,0.5808489912705428,100,14,inf
random_addition,50,43,110,0.0024948749014602747,0.04994872272100934,0.5093413362727246,110,14,inf
random_addition,50,43,120,0.0023166554947893483,0.04813164753869691,0.5443911481395409,120,14,inf
random_addition,50,43,130,0.0023448735262919067,0.048423894166949304,0.5388416027006271,130,14,inf
random_addition,50,43,140,0.0024315270269293712,0.049310516392848405,0.5217997498986356,140,14,inf
random_addition,50,43,150,0.0026800483819562917,0.05176918370958047,0.47292389007342817,150,14,inf
random_addition,50,44,10,0.013263393805278245,0.11516680860941769,-1.608467092749768,10,10,inf
random_addition,50,44,20,0.02249507667449635,0.1499835880171439,-3.4240311428403407,20,14,inf
random_addition,50,44,30,0.009578296697724623,0.09786877284264181,-0.8837314270700198,30,14,inf
random_addition,50,44,40,0.007381176475130804,0.08591377348906754,-0.4516311755363369,40,14,inf
random_addition,50,44,50,0.005291304848699082,0.07274135583489685,-0.040623145038955366,50,14,inf
random_addition,50,44,60,0.0037822253508457498,0.061499799600045445,0.25616244907702834,60,14,inf
random_addition,50,44,70,0.00599891953226866,0.07745269222092063,-0.1797873471682203,70,14,inf
random_addition,50,44,80,0.005197891426917916,0.07209640370308297,-0.022251841259951277,80,14,inf
random_addition,50,44,90,0.0042571219170061325,0.06524662379775778,0.16276613713187194,90,14,inf
random_addition,50,44,100,0.004330685720439537,0.06580794572420216,0.14829859109571453,100,14,inf
random_addition,50,44,110,0.00287759406821591,0.05364321083059729,0.434073243739017,110,14,inf
random_addition,50,44,120,0.00270412796733266,0.05200123044056419,0.4681882389283707,120,14,inf
random_addition,50,44,130,0.0026328798561070896,0.051311595727545734,0.4822003655590763,130,14,inf
random_addition,50,44,140,0.0025001452476545614,0.05000145245544935,0.5083048349958248,140,14,inf
random_addition,50,44,150,0.0026800483819562917,0.05176918370958047,0.47292389007342817,150,14,inf
random_addition,50,45,10,0.013263393805278245,0.11516680860941769,-1.608467092749768,10,10,inf
random_addition,50,45,20,0.024919238730059707,0.15785828685900435,-3.9007829487705274,20,14,inf
random_addition,50,45,30,0.012955300076402512,0.11382135158397352,-1.547875334331564,30,14,inf
random_addition,50,45,40,0.012370497133355262,0.1112227365845458,-1.4328641045454962,40,14,inf
random_addition,50,45,50,0.010887035600207283,0.10434095840180539,-1.1411167094680228,50,14,inf
random_addition,50,45,60,0.010697028646226497,0.10342644075006399,-1.1037486802796517,60,14,inf
random_addition,50,45,70,0.00747978875578108,0.08648577198465121,-0.471024921420206,70,14,inf
random_addition,50,45,80,0.005874986401145146,0.0766484598745803,-0.15541383470352388,80,14,inf
random_addition,50,45,90,0.003737499883308884,0.06113509534881649,0.26495845649342087,90,14,inf
random_addition,50,45,100,0.003507765679731039,0.059226393438491926,0.31013951037070286,100,14,inf
random_addition,50,45,110,0.0032139674391855042,0.056691863959350504,0.36791982313392857,110,14,inf
random_addition,50,45,120,0.002303711445355595,0.04799699412833677,0.5469368108477866,120,14,inf
random_addition,50,45,130,0.0024857037657608654,0.04985683268881875,0.5111449927143761,130,14,inf
random_addition,50,45,140,0.002515065512968308,0.05015042884132007,0.505370516550834,140,14,inf
random_addition,50,45,150,0.0026800483819562917,0.05176918370958047,0.47292389007342817,150,14,inf
random_addition,50,46,10,0.013263393805278245,0.11516680860941769,-1.608467092749768,10,10,inf
random_addition,50,46,20,0.0074868814797464265,0.08652676741764034,-0.47241982360988555,20,14,inf
random_addition,50,46,30,0.011562902223042456,0.10753093612092501,-1.2740371271707591,30,14,inf
random_addition,50,46,40,0.006847788784214699,0.0827513672649262,-0.346731610624168,40,14,inf
random_addition,50,46,50,0.004636718441244672,0.06809345373268029,0.08811216420946821,50,14,inf
random_addition,50,46,60,0.00432995155320985,0.06580236738301935,0.14844297729786837,60,14,inf
random_addition,50,46,70,0.004688044632765746,0.068469297007971,0.07801801458649504,70,14,inf
random_addition,50,46,80,0.004252393262889042,0.06521037695711505,0.16369610564811377,80,14,inf
random_addition,50,46,90,0.005187700492879058,0.07202569328287689,-0.020247624505551398,90,14,inf
random_addition,50,46,100,0.00472032201711098,0.0687045996794318,0.07167012986402876,100,14,inf
random_addition,50,46,110,0.0038196499426381898,0.06180331659901586,0.2488022803612865,110,14,inf
random_addition,50,46,120,0.0035919481113327934,0.05993286336671053,0.29358363441281277,120,14,inf
random_addition,50,46,130,0.0025773677685209323,0.05076778278121798,0.4931177412959491,130,14,inf
random_addition,50,46,140,0.0025778631407400187,0.050772661351755226,0.4930203181061442,140,14,inf
random_addition,50,46,150,0.0026800483819562917,0.05176918370958047,0.47292389007342817,150,14,inf
random_addition,50,47,10,0.013263393805278245,0.11516680860941769,-1.608467092749768,10,10,inf
random_addition,50,47,20,0.0062174540183439165,0.0788508339736741,-0.22276579023694976,20,14,inf
random_addition,50,47,30,0.005509794105573274,0.07422798734691163,-0.08359269303268801,30,14,inf
random_addition,50,47,40,0.005060899466027207,0.07113999905838632,0.004689907375490021,40,14,inf
random_addition,50,47,50,0.004423660612848006,0.06651060526598751,0.13001353141491634,50,14,inf
random_addition,50,47,60,0.003406660088054765,0.0583666007923604,0.33002360735616687,60,14,inf
random_addition,50,47,70,0.0038820382405207847,0.06230600485122429,0.236532583450481,70,14,inf
random_addition,50,47,80,0.0031398201348884387,0.056034097966224446,0.3825021243242944,80,14,inf
random_addition,50,47,90,0.002613956697284962,0.05112686864345363,0.48592191962005526,90,14,inf
random_addition,50,47,100,0.0021018693160504164,0.04584614832295529,0.5866324241992937,100,14,inf
random_addition,50,47,110,0.002109173434617788,0.045925738258821576,0.5851959477435507,110,14,inf
random_addition,50,47,120,0.0026247231380979444,0.051232051863047065,0.48380451988217477,120,14,inf
random_addition,50,47,130,0.002468537787238882,0.04968438172342373,0.5145209680301075,130,14,inf
random_addition,50,47,140,0.00302563754233176,0.05500579553403223,0.4049580311322807,140,14,inf
random_addition,50,47,150,0.0026800483819562917,0.05176918370958047,0.47292389007342817,150,14,inf
random_addition,50,48,10,0.013263393805278245,0.11516680860941769,-1.608467092749768,10,10,inf
random_addition,50,48,20,0.007717321771482363,0.08784828838106275,-0.5177397414726603,20,14,inf
random_addition,50,48,30,0.006994121638879146,0.08363086534814253,-0.3755104014513273,30,14,inf
random_addition,50,48,40,0.0029235528017812658,0.054069888124364245,0.42503469403675487,40,14,inf
random_addition,50,48,50,0.0037957422075728603,0.061609595093401325,0.25350413428311414,50,14,inf
random_addition,50,48,60,0.004316506250853401,0.06570012367456701,0.15108721973413763,60,14,inf
random_addition,50,48,70,0.004488863600731442,0.06699898208727832,0.11719027887941369,70,14,inf
random_addition,50,48,80,0.00389216737696512,0.062387237292294964,0.23454052022134686,80,14,inf
random_addition,50,48,90,0.0033008206611078623,0.05745276895944931,0.3508386918179297,90,14,inf
random_addition,50,48,100,0.0027793309422820805,0.05271936022261727,0.45339832253801327,100,14,inf
random_addition,50,48,110,0.002551656420060097,0.050513923031775085,0.49817430580386723,110,14,inf
random_addition,50,48,120,0.002684357416988885,0.051810784755578494,0.4720764466325532,120,14,inf
random_addition,50,48,130,0.0026624146091189377,0.05159859115440012,0.4763918649253065,130,14,inf
random_addition,50,48,140,0.0024714697478262237,0.04971387882499437,0.5139443491932094,140,14,inf
random_addition,50,48,150,0.0026800483819562917,0.05176918370958047,0.47292389007342817,150,14,inf
random_addition,50,49,10,0.013263393805278245,0.11516680860941769,-1.608467092749768,10,10,inf
random_addition,50,49,20,0.004642677201381375,0.06813719396468697,0.08694027487568456,20,14,inf
random_addition,50,49,30,0.004783761055237699,0.06916473852504396,0.059193787400051656,30,14,inf
random_addition,50,49,40,0.003270809196773404,0.057190988772475373,0.3567409456656979,40,14,inf
random_addition,50,49,50,0.0017968234467825566,0.0423889543015932,0.646624770309669,50,14,inf
random_addition,50,49,60,0.002101241513554442,0.045839300971485614,0.5867558920066693,60,14,inf
random_addition,50,49,70,0.0016573112281193178,0.0407100875474288,0.6740621695728009,70,14,inf
random_addition,50,49,80,0.002757952174698696,0.052516208685497244,0.45760281292286575,80,14,inf
random_addition,50,49,90,0.002898470510517306,0.053837445245082965,0.4299675439794872,90,14,inf
random_addition,50,49,100,0.002926924779853071,0.05410106080155056,0.4243715384397102,100,14,inf
random_addition,50,49,110,0.0027764527996852854,0.05269205632431975,0.4539643571715468,110,14,inf
random_addition,50,49,120,0.0026722993261000475,0.05169428717082815,0.4744478708507198,120,14,inf
random_addition,50,49,130,0.0023553161158194284,0.04853159914755981,0.5367878937068706,130,14,inf
random_addition,50,49,140,0.0026113860948948865,0.051101723012975664,0.48642747135451314,140,14,inf
random_addition,50,49,150,0.0026800483819562917,0.05176918370958047,0.47292389007342817,150,14,inf
random_addition,50,50,10,0.013263393805278245,0.11516680860941769,-1.608467092749768,10,10,inf
random_addition,50,50,20,0.007252864725048378,0.08516375241291554,-0.42639653479378836,20,14,inf
random_addition,50,50,30,0.005475008798184151,0.07399330238733876,-0.0767515835121666,30,14,inf
random_addition,50,50,40,0.007014672697114746,0.08375364288862154,-0.37955210901997494,40,14,inf
random_addition,50,50,50,0.006572714173441697,0.08107227746549185,-0.2926336112141841,50,14,inf
random_addition,50,50,60,0.007756532892238724,0.0880711808268671,-0.525451260836739,60,14,inf
random_addition,50,50,70,0.0065917604534555686,0.08118965730593748,-0.29637937910623835,70,14,inf
random_addition,50,50,80,0.006365396433576832,0.0797834345812264,-0.25186112793275206,80,14,inf
random_addition,50,50,90,0.005298591683120406,0.07279142589014455,-0.04205622227977246,90,14,inf
random_addition,50,50,100,0.005878773918638931,0.07667316296227078,-0.15615871304241624,100,14,inf
random_addition,50,50,110,0.005112692842677443,0.07150309673487885,-0.0054961219770253145,110,14,inf
random_addition,50,50,120,0.005108342426512393,0.07147266908764771,-0.0046405402478766344,120,14,inf
random_addition,50,50,130,0.004381094141478262,0.06618983412487345,0.13838493630966264,130,14,inf
random_addition,50,50,140,0.0031260127486355633,0.05591075700288419,0.3852175765838193,140,14,inf
random_addition,50,50,150,0.0026800483819562917,0.05176918370958047,0.47292389007342817,150,14,inf
random_addition,50,51,10,0.013263393805278245,0.11516680860941769,-1.608467092749768,10,10,inf
random_addition,50,51,20,0.008914385437996606,0.09441602320579175,-0.7531622304578074,20,14,inf
random_addition,50,51,30,0.008587362886401403,0.09266802515647672,-0.6888478040789658,30,14,inf
random_addition,50,51,40,0.010895340227055614,0.10438074643848651,-1.142749952525529,40,14,inf
random_addition,50,51,50,0.005273773179510996,0.07262074895999762,-0.03717525056869553,50,14,inf
random_addition,50,51,60,0.005364785978552847,0.07324469932051635,-0.05507443194000028,60,14,inf
random_addition,50,51,70,0.0040239808977423795,0.06343485554285104,0.20861719800270473,70,14,inf
random_addition,50,51,80,0.0028197197935586455,0.053101033827588004,0.44545518286987207,80,14,inf
random_addition,50,51,90,0.0033386113444906864,0.05778071775679743,0.3434065250992281,90,14,inf
random_addition,50,51,100,0.0031845004101736544,0.05643137788654158,0.37371500471618135,100,14,inf
random_addition,50,51,110,0.002958712720185407,0.05439405041165262,0.41811991102665735,110,14,inf
random_addition,50,51,120,0.0023091679992646437,0.04805380317170165,0.5458636887253094,120,14,inf
random_addition,50,51,130,0.0022690609904247824,0.04763466164910571,0.5537513993884557,130,14,inf
random_addition,50,51,140,0.0024239516935712743,0.049233643919288306,0.5232895652559495,140,14,inf
random_addition,50,51,150,0.0026800483819562917,0.05176918370958047,0.47292389007342817,150,14,inf
random_addition,50,52,10,0.013263393805278245,0.11516680860941769,-1.608467092749768,10,10,inf
random_addition,50,52,20,0.02005818239068174,0.14162691266380745,-2.9447753323621213,20,14,inf
random_addition,50,52,30,0.01571656289393384,0.1253657165812641,-2.0909236144103502,30,14,inf
random_addition,50,52,40,0.008970685083863686,0.09471370061328871,-0.7642344926354787,40,14,inf
random_addition,50,52,50,0.007665997811159374,0.08755568405968497,-0.5076460306519175,50,14,inf
random_addition,50,52,60,0.0058119805877645415,0.07623634689414585,-0.14302269309466675,60,14,inf
random_addition,50,52,70,0.004994807466712083,0.07067395182605882,0.01768799880205507,70,14,inf
random_addition,50,52,80,0.004099571965533692,0.06402789989944768,0.193750956697181,80,14,inf
random_addition,50,52,90,0.004186782993367536,0.0647053552139816,0.17659945689485013,90,14,inf
random_addition,50,52,100,0.0034885719310270005,0.05906413404958207,0.31391428043453584,100,14,inf
random_addition,50,52,110,0.004088828397087149,0.06394394730611451,0.1958638582036084,110,14,inf
random_addition,50,52,120,0.004429722532625121,0.06655616074132523,0.12882135402128425,120,14,inf
random_addition,50,52,130,0.004318555128601972,0.06571571447227803,0.15068427383185368,130,14,inf
random_addition,50,52,140,0.003549074443682185,0.05957410883665978,0.30201545456789236,140,14,inf
random_addition,50,52,150,0.0026800483819562917,0.05176918370958047,0.47292389007342817,150,14,inf
random_addition,50,53,10,0.013263393805278245,0.11516680860941769,-1.608467092749768,10,10,inf
random_addition,50,53,20,0.00751253325610401,0.08667487096098851,-0.47746467227242806,20,14,inf
random_addition,50,53,30,0.01420911490839761,0.11920199204878085,-1.7944588843396523,30,14,inf
random_addition,50,53,40,0.011239982047231362,0.1060187815777533,-1.2105295012527986,40,14,inf
random_addition,50,53,50,0.004964905762926589,0.07046208741533697,0.02356866641146982,50,14,inf
random_addition,50,53,60,0.005501536022175879,0.07417234000741704,-0.08196860351928503,60,14,inf
random_addition,50,53,70,0.004572521605987942,0.0676204229947428,0.10073754008869595,70,14,inf
random_addition,50,53,80,0.003130890835712736,0.05595436386657198,0.3842582195894345,80,14,inf
random_addition,50,53,90,0.0025206276589400133,0.050205852835501295,0.5042766279921991,90,14,inf
random_addition,50,53,100,0.002267602719627076,0.04761935236463297,0.5540381926062385,100,14,inf
random_addition,50,53,110,0.0022689535972696432,0.047633534377260346,0.5537725200394203,110,14,inf
random_addition,50,53,120,0.0025224927907928517,0.0502244242455088,0.5039098187778159,120,14,inf
random_addition,50,53,130,0.0022333734077741854,0.04725858025559153,0.560769956352875,130,14,inf
random_addition,50,53,140,0.002301384058898328,0.04797274287445245,0.5473945301219798,140,14,inf
random_addition,50,53,150,0.0026800483819562917,0.05176918370958047,0.47292389007342817,150,14,inf
random_addition,50,54,10,0.013263393805278245,0.11516680860941769,-1.608467092749768,10,10,inf
random_addition,50,54,20,0.010241880709282898,0.10120217739398149,-1.0142362648842909,20,14,inf
random_addition,50,54,30,0.009572020670013594,0.09783670410440856,-0.8824971417884586,30,14,inf
random_addition,50,54,40,0.004507081899513543,0.06713480393591348,0.11360734727407429,40,14,inf
random_addition,50,54,50,0.0030419328666564513,0.05515372033377668,0.401753284452006,50,14,inf
random_addition,50,54,60,0.003157777998263722,0.05619410999618841,0.378970411675313,60,14,inf
random_addition,50,54,70,0.0028922797790545446,0.053779919849833775,0.4311850543345095,70,14,inf
random_addition,50,54,80,0.0036101050580631304,0.06008414980727555,0.290012768709342,80,14,inf
random_addition,50,54,90,0.004123634884819989,0.06421553460666655,0.18901858321605725,90,14,inf
random_addition,50,54,100,0.0042114652584068,0.0648958030877714,0.17174527876558232,100,14,inf
random_addition,50,54,110,0.0032538171650907397,0.05704224018296213,0.360082711441027,110,14,inf
random_addition,50,54,120,0.003717154915410701,0.06096847476697036,0.26895963296790215,120,14,inf
random_addition,50,54,130,0.003467702389544018,0.058887200557880305,0.3180186230332961,130,14,inf
random_addition,50,54,140,0.0030450414685934,0.055181894391126154,0.40114192615442135,140,14,inf
random_addition,50,54,150,0.0026800483819562917,0.05176918370958047,0.47292389007342817,150,14,inf
random_addition,50,55,10,0.013263393805278245,0.11516680860941769,-1.608467092749768,10,10,inf
random_addition,50,55,20,0.00675682934542392,0.08219993519111751,-0.32884292343414345,20,14,inf
random_addition,50,55,30,0.010496181974858956,0.10245087591064782,-1.064248840295856,30,14,inf
random_addition,50,55,40,0.006378992196197003,0.07986859330298114,-0.25453496088351923,40,14,inf
random_addition,50,55,50,0.0037853564235595777,0.06152525029253906,0.25554667152725996,50,14,inf
random_addition,50,55,60,0.0030256359294795476,0.05500578087328229,0.4049583483265059,60,14,inf
random_addition,50,55,70,0.002729451347432054,0.05224415132272754,0.46320797485446696,70,14,inf
random_addition,50,55,80,0.002653293096954517,0.05151012615937295,0.47818576207307406,80,14,inf
random_addition,50,55,90,0.0033464820675660153,0.05784878622379224,0.3418586164387787,90,14,inf
random_addition,50,55,100,0.0026602739511733227,0.05157784360724402,0.4768128609305482,100,14,inf
random_addition,50,55,110,0.0025601395928805566,0.050597822017163514,0.49650594870996323,110,14,inf
random_addition,50,55,120,0.0024308434364384685,0.04930358441775272,0.5219341893435179,120,14,inf
random_addition,50,55,130,0.0023889045903181393,0.048876421619408056,0.5301821612893739,130,14,inf
random_addition,50,55,140,0.002760156641785763,0.05253719293782037,0.4571692677881827,140,14,inf
random_addition,50,55,150,0.0026800483819562917,0.05176918370958047,0.47292389007342817,150,14,inf
random_addition,50,56,10,0.013263393805278245,0.11516680860941769,-1.608467092749768,10,10,inf
random_addition,50,56,20,0.004866126991210186,0.06975763034400026,0.04299515553387978,20,14,inf
random_addition,50,56,30,0.006515345895530079,0.08071769258056179,-0.28135118476307275,30,14,inf
random_addition,50,56,40,0.003785154526708567,0.061523609506502194,0.25558637790254535,40,14,inf
random_addition,50,56,50,0.00466272790738807,0.0682841702548114,0.08299696989863925,50,14,inf
random_addition,50,56,60,0.004736286413153819,0.06882068303318283,0.06853046573697885,60,14,inf
random_addition,50,56,70,0.004453224889302279,0.06673248751022458,0.12419922450492793,70,14,inf
random_addition,50,56,80,0.0042938137672067275,0.06552719868273577,0.1555500742428798,80,14,inf
random_addition,50,56,90,0.003204069914440681,0.05660450436529483,0.36986633606836883,90,14,inf
random_addition,50,56,100,0.002890480085064119,0.05376318522059606,0.4315389941043726,100,14,inf
random_addition,50,56,110,0.0025041135491030114,0.0500411185836509,0.5075244024840287,110,14,inf
random_addition,50,56,120,0.002882422102972984,0.053688193329380934,0.4331237303662431,120,14,inf
random_addition,50,56,130,0.002575266001604497,0.050747078749465935,0.49353108873316165,130,14,inf
random_addition,50,56,140,0.0026858590883038864,0.051825274609054284,0.4717811179808661,140,14,inf
random_addition,50,56,150,0.0026800483819562917,0.05176918370958047,0.47292389007342817,150,14,inf
random_addition,50,57,10,0.013263393805278245,0.11516680860941769,-1.608467092749768,10,10,inf
random_addition,50,57,20,0.011167531634580164,0.10567654249917606,-1.1962809220406223,20,14,inf
random_addition,50,57,30,0.004274245893985374,0.06537771710594806,0.15939842211842037,30,14,inf
random_addition,50,57,40,0.0031794885262463784,0.05638695351095303,0.37470067508749894,40,14,inf
random_addition,50,57,50,0.0038607830836218035,0.06213520003686963,0.24071276373738182,50,14,inf
random_addition,50,57,60,0.002674652988373273,0.05171704736712328,0.4739849840000925,60,14,inf
random_addition,50,57,70,0.0029234503781518017,0.054068940974942366,0.42505483734780325,70,14,inf
random_addition,50,57,80,0.002754540241803652,0.05248371406258947,0.45827382630074276,80,14,inf
random_addition,50,57,90,0.002418819343376539,0.04918149391159787,0.5242989273233042,90,14,inf
random_addition,50,57,100,0.0026996987113830015,0.05195862499511512,0.4690593258130451,100,14,inf
random_addition,50,57,110,0.0027892865902379126,0.052813696994604656,0.4514403787069665,110,14,inf
random_addition,50,57,120,0.00281707199668989,0.05307609628344845,0.4459759161830673,120,14,inf
random_addition,50,57,130,0.0028748227061273198,0.053617373174441506,0.43461827820879995,130,14,inf
random_addition,50,57,140,0.002844248932752365,0.05333150037972272,0.4406311194861223,140,14,inf
random_addition,50,57,150,0.0026800483819562917,0.05176918370958047,0.47292389007342817,150,14,inf
random_addition,50,58,10,0.013263393805278245,0.11516680860941769,-1.608467092749768,10,10,inf
random_addition,50,58,20,0.00713144937137934,0.08444790921851968,-0.40251818516096494,20,14,inf
random_addition,50,58,30,0.006130867441649164,0.07829985594909587,-0.20573709914189742,30,14,inf
random_addition,50,58,40,0.0034308658081822945,0.05857359309605562,0.3252631497134296,40,14,inf
random_addition,50,58,50,0.003676515785266992,0.06063427896220909,0.27695199413987115,50,14,inf
random_addition,50,58,60,0.002175788142615796,0.04664534427588456,0.5720950569567003,60,14,inf
random_addition,50,58,70,0.002535104565739541,0.050349821903751965,0.5014295033764506,70,14,inf
random_addition,50,58,80,0.002788464902179477,0.052805917302698915,0.4516019773364275,80,14,inf
random_addition,50,58,90,0.0030014178003318404,0.054785196908762136,0.40972124640954544,90,14,inf
random_addition,50,58,100,0.0033988073413920247,0.05829929108824587,0.33156798065595594,100,14,inf
random_addition,50,58,110,0.003321173963383199,0.05762962747912916,0.3468358762494983,110,14,inf
random_addition,50,58,120,0.003607555541478062,0.060062929844273014,0.2905141735693805,120,14,inf
random_addition,50,58,130,0.002707043387140821,0.05202925510845625,0.46761487311093464,130,14,inf
random_addition,50,58,140,0.0027924930237392923,0.05284404435448987,0.4508097802043335,140,14,inf
random_addition,50,58,150,0.0026800483819562917,0.05176918370958047,0.47292389007342817,150,14,inf
random_addition,50,59,10,0.013263393805278245,0.11516680860941769,-1.608467092749768,10,10,inf
random_addition,50,59,20,0.008876782258366215,0.0942166771774839,-0.745766939472057,20,14,inf
random_addition,50,59,30,0.006403564826529382,0.08002227706413623,-0.2593675775233726,30,14,inf
random_addition,50,59,40,0.005051397653097711,0.07107318519032133,0.006558596996859123,40,14,inf
random_addition,50,59,50,0.0036796033786612127,0.06065973440974839,0.27634476752179316,50,14,inf
random_addition,50,59,60,0.0032604780063030295,0.0571005954986726,0.35877274618120225,60,14,inf
random_addition,50,59,70,0.003252976431394397,0.057034870311015846,0.36024805571209906,70,14,inf
random_addition,50,59,80,0.0026868823738322315,0.051835146125309914,0.47157987185439487,80,14,inf
random_addition,50,59,90,0.002475908607483897,0.04975850286618255,0.5130713735795496,90,14,inf
random_addition,50,59,100,0.0027139974175134514,0.052096040324706556,0.46624724732410394,100,14,inf
random_addition,50,59,110,0.0026108766410138902,0.05109673806627866,0.4865276639374495,110,14,inf
random_addition,50,59,120,0.0032840220487436794,0.05730638750386975,0.3541424184658102,120,14,inf
random_addition,50,59,130,0.0034659345941164357,0.05887218863025593,0.3183662894199887,130,14,inf
random_addition,50,59,140,0.003465666188361224,0.05886990902287198,0.3184190758779838,140,14,inf
random_addition,50,59,150,0.0026800483819562917,0.05176918370958047,0.47292389007342817,150,14,inf
random_addition,50,60,10,0.013263393805278245,0.11516680860941769,-1.608467092749768,10,10,inf
random_addition,50,60,20,0.009814705623066128,0.099069196136166,-0.9302251760485241,20,14,inf
random_addition,50,60,30,0.003928607755644425,0.06267860684192354,0.22737391339146584,30,14,inf
random_addition,50,60,40,0.0036136029953144333,0.0601132514119344,0.2893248411437067,40,14,inf
random_addition,50,60,50,0.0026536469281405036,0.05151356062378627,0.4781161752826504,50,14,inf
random_addition,50,60,60,0.0031225403733903955,0.05587969553773889,0.38590047695560004,60,14,inf
random_addition,50,60,70,0.0024814681332662454,0.049814336623769724,0.5119780003247512,70,14,inf
random_addition,50,60,80,0.0019002782518097359,0.043592181085714624,0.6262786614281813,80,14,inf
random_addition,50,60,90,0.002164805534562223,0.04652747075182814,0.5742549695794343,90,14,inf
random_addition,50,60,100,0.002475591475011714,0.04975531604775227,0.5131337429572425,100,14,inf
random_addition,50,60,110,0.0030594268862152987,0.05531208625802591,0.3983127944078202,110,14,inf
random_addition,50,60,120,0.0026694224188106674,0.05166645351493237,0.4750136625404948,120,14,inf
random_addition,50,60,130,0.0026317610411430437,0.05130069240412885,0.48242039913867407,130,14,inf
random_addition,50,60,140,0.002797510635545138,0.052891498707685884,0.44982298335038406,140,14,inf
random_addition,50,60,150,0.0026800483819562917,0.05176918370958047,0.47292389007342817,150,14,inf
random_addition,50,61,10,0.013263393805278245,0.11516680860941769,-1.608467092749768,10,10,inf
random_addition,50,61,20,0.012570993283352603,0.11212044097020223,-1.4722950086692173,20,14,inf
random_addition,50,61,30,0.004830725442782807,0.06950342036751002,0.04995745910873528,30,14,inf
random_addition,50,61,40,0.0039505577269016625,0.06285346233026198,0.22305708629940435,40,14,inf
random_addition,50,61,50,0.005906539253306906,0.07685401260381208,-0.16161922811600005,50,14,inf
random_addition,50,61,60,0.004563613798858434,0.06755452463646261,0.1024894085853274,60,14,inf
random_addition,50,61,70,0.004309419930012552,0.06564617224189505,0.15248086264283756,70,14,inf
random_addition,50,61,80,0.004300875345969736,0.06558105935382362,0.15416129727549166,80,14,inf
random_addition,50,61,90,0.0031201582820259673,0.0558583770085201,0.3863689548600683,90,14,inf
random_addition,50,61,100,0.0031484796443393198,0.056111314762170024,0.38079908769780213,100,14,inf
random_addition,50,61,110,0.0029883133322937167,0.05466546745701272,0.41229845810568266,110,14,inf
random_addition,50,61,120,0.002984530985469437,0.05463086110862098,0.4130423195463777,120,14,inf
random_addition,50,61,130,0.0029273371953201484,0.05410487219576578,0.4242904300755761,130,14,inf
random_addition,50,61,140,0.0025724751326244633,0.050719573466507614,0.49407995955773876,140,14,inf
random_addition,50,61,150,0.0026800483819562917,0.05176918370958047,0.47292389007342817,150,14,inf
random_addition,50,62,10,0.013263393805278245,0.11516680860941769,-1.608467092749768,10,10,inf
random_addition,50,62,20,0.003241576433196773,0.05693484375316027,0.36249005505197207,20,14,inf
random_addition,50,62,30,0.0045015243144554025,0.06709339993214983,0.11470033885316389,30,14,inf
random_addition,50,62,40,0.005891428943213047,0.07675564437364231,-0.15864753420268274,40,14,inf
random_addition,50,62,50,0.0071275711354441395,0.08442494379888055,-0.40175546553102626,50,14,inf
random_addition,50,62,60,0.005091716623555757,0.07135626548212677,-0.0013707994455136596,60,14,inf
random_addition,50,62,70,0.006289387626586876,0.07930565948648857,-0.23691273126269552,70,14,inf
random_addition,50,62,80,0.004946381065847626,0.0703305130497967,0.027211856340310092,80,14,inf
random_addition,50,62,90,0.004789286732500368,0.06920467276492512,0.05810707101988266,90,14,inf
random_addition,50,62,100,0.004601413333765999,0.06783371826581526,0.09505550106699734,100,14,inf
random_addition,50,62,110,0.004177139977365832,0.06463079743718031,0.17849591644996743,110,14,inf
random_addition,50,62,120,0.00316278182802091,0.05623861509693238,0.3779863252905633,120,14,inf
random_addition,50,62,130,0.0024865955136098945,0.04986577497251892,0.5109696156613102,130,14,inf
random_addition,50,62,140,0.0024662815670742407,0.049661671005658284,0.5149646912686592,140,14,inf
random_addition,50,62,150,0.0026800483819562917,0.05176918370958047,0.47292389007342817,150,14,inf
random_addition,50,63,10,0.013263393805278245,0.11516680860941769,-1.608467092749768,10,10,inf
random_addition,50,63,20,0.008413213022614824,0.09172356852311637,-0.6545983355369576,20,14,inf
random_addition,50,63,30,0.006359142261523164,0.07974423027105575,-0.2506311409298858,30,14,inf
random_addition,50,63,40,0.004473760776222814,0.06688617776658204,0.12016050062783634,40,14,inf
random_addition,50,63,50,0.0046807816461720796,0.06841623817612365,0.07944640175517903,50,14,inf
random_addition,50,63,60,0.005050079075406248,0.07106390838819836,0.0068179172408261435,60,14,inf
random_addition,50,63,70,0.0053392876710826286,0.07307042952578442,-0.050059765487858066,70,14,inf
random_addition,50,63,80,0.003891165893240176,0.062379210424949885,0.2347374786604004,80,14,inf
random_addition,50,63,90,0.004624042833546535,0.06800031495181867,0.0906050333835734,90,14,inf
random_addition,50,63,100,0.004896179222985581,0.06997270341344246,0.03708488409048716,100,14,inf
random_addition,50,63,110,0.005240869086995545,0.0723938470244229,-0.030704113256223353,110,14,inf
random_addition,50,63,120,0.0048660551249579305,0.0697571152281825,0.043009289228229775,120,14,inf
random_addition,50,63,130,0.004725414634264877,0.06874165137865745,0.0706685819603069,130,14,inf
random_addition,50,63,140,0.0034452324011925092,0.058696102095390536,0.32243772013995486,140,14,inf
random_addition,50,63,150,0.0026800483819562917,0.05176918370958047,0.47292389007342817,150,14,inf
random_addition,50,64,10,0.013263393805278245,0.11516680860941769,-1.608467092749768,10,10,inf
random_addition,50,64,20,0.004042831132604671,0.06358326141843207,0.20490998565187146,20,14,inf
random_addition,50,64,30,0.002857127483975062,0.053452104579474344,0.43809833809096177,30,14,inf
random_addition,50,64,40,0.0032642760791532837,0.057133843553127804,0.3580257919558205,40,14,inf
random_addition,50,64,50,0.0035270988876132054,0.05938938362715348,0.30633731333891057,50,14,inf
random_addition,50,64,60,0.0033229471123242156,0.05764500943120936,0.3464871570053072,60,14,inf
random_addition,50,64,70,0.0032960995947220037,0.057411667757712836,0.3517671680805661,70,14,inf
random_addition,50,64,80,0.003756162348650463,0.061287538281860066,0.26128817214329325,80,14,inf
random_addition,50,64,90,0.0025997309797519586,0.05098755710712133,0.488719643686789,90,14,inf
random_addition,50,64,100,0.0028984341351363583,0.053837107417991525,0.42997469780343167,100,14,inf
random_addition,50,64,110,0.0027953343657768073,0.05287092174132022,0.4502509830131384,110,14,inf
random_addition,50,64,120,0.0025649302658296317,0.050645140594430496,0.4955637831584273,120,14,inf
random_addition,50,64,130,0.002555946743897547,0.05055637194160146,0.4973305422308687,130,14,inf
random_addition,50,64,140,0.0027465013299378133,0.05240707328155059,0.45985481208548296,140,14,inf
random_addition,50,64,150,0.0026800483819562917,0.05176918370958047,0.47292389007342817,150,14,inf
random_addition,50,65,10,0.013263393805278245,0.11516680860941769,-1.608467092749768,10,10,inf
random_addition,50,65,20,0.010477765241576707,0.10236095564997773,-1.0606268832441414,20,14,inf
random_addition,50,65,30,0.004276127186819094,0.06539210339803342,0.15902843457823046,30,14,inf
random_addition,50,65,40,0.0035832601590426055,0.05986033878155557,0.2952922647969394,40,14,inf
random_addition,50,65,50,0.0023333116974267702,0.04830436520053617,0.5411154287341051,50,14,inf
random_addition,50,65,60,0.0024644312347837046,0.04964303813007122,0.515328589902853,60,14,inf
random_addition,50,65,70,0.0027984208470903057,0.052900102524383694,0.44964397510423926,70,14,inf
random_addition,50,65,80,0.00267384050704392,0.051709191707509025,0.4741447719730808,80,14,inf
random_addition,50,65,90,0.00264864904357099,0.05146502738336967,0.47909909244731685,90,14,inf
random_addition,50,65,100,0.0022326723839344005,0.047251162778649165,0.5609078243559034,100,14,inf
random_addition,50,65,110,0.002324801585058986,0.04821619629397352,0.5427890839382606,110,14,inf
random_addition,50,65,120,0.002605580358348049,0.05104488572176501,0.4875692660530596,120,14,inf
random_addition,50,65,130,0.0027025290785366867,0.05198585460042651,0.46850268701537556,130,14,inf
random_addition,50,65,140,0.00299585245373779,0.05473438091124983,0.4108157644238224,140,14,inf
random_addition,50,65,150,0.0026800483819562917,0.05176918370958047,0.47292389007342817,150,14,inf
random_addition,50,66,10,0.013263393805278245,0.11516680860941769,-1.608467092749768,10,10,inf
random_addition,50,66,20,0.006635458081312738,0.08145832112996644,-0.3049732447465159,20,14,inf
random_addition,50,66,30,0.006405765814863437,0.08003602823018792,-0.25980043850338985,30,14,inf
random_addition,50,66,40,0.006156089742911848,0.07846075288264731,-0.21069748438062486,40,14,inf
random_addition,50,66,50,0.004971290240087088,0.07050737720329049,0.02231305274108719,50,14,inf
random_addition,50,66,60,0.00476488077550733,0.06902811583338582,0.0629069085741345,60,14,inf
random_addition,50,66,70,0.003732412405222292,0.06109347268916944,0.26595899371404386,70,14,inf
random_addition,50,66,80,0.0035675661688505194,0.059729106546561696,0.2983787491139249,80,14,inf
random_addition,50,66,90,0.0022126815668925114,0.04703914930026383,0.5648393511714758,90,14,inf
random_addition,50,66,100,0.002626652006437878,0.051250873226101015,0.4834251758270385,100,14,inf
random_addition,50,66,110,0.002852377146904381,0.05340765064018807,0.43903257092082837,110,14,inf
random_addition,50,66,120,0.002870304249063213,0.05357522047610456,0.43550690797692426,120,14,inf
random_addition,50,66,130,0.00255253969916233,0.05052266520248442,0.4980005942707775,130,14,inf
random_addition,50,66,140,0.002426246461844586,0.04925694328563828,0.5228382608903928,140,14,inf
random_addition,50,66,150,0.0026800483819562917,0.05176918370958047,0.47292389007342817,150,14,inf
random_addition,50,67,10,0.013263393805278245,0.11516680860941769,-1.608467092749768,10,10,inf
random_addition,50,67,20,0.008771192596007883,0.0936546453519946,-0.7250009753726827,20,14,inf
random_addition,50,67,30,0.007805577982493181,0.08834918212690586,-0.535096793938439,30,14,inf
random_addition,50,67,40,0.009439098245967574,0.0971550217228506,-0.856355735290026,40,14,inf
random_addition,50,67,50,0.00799359403838477,0.08940690151428339,-0.5720732798893156,50,14,inf
random_addition,50,67,60,0.0055970638040882485,0.07481352687908951,-0.1007557314007348,60,14,inf
random_addition,50,67,70,0.004845993145062639,0.06961316789992134,0.046954811403063346,70,14,inf
random_addition,50,67,80,0.004244837720646551,0.06515241914654091,0.16518202875322263,80,14,inf
random_addition,50,67,90,0.0038066141455992803,0.06169776451054998,0.2513659867627528,90,14,inf
random_addition,50,67,100,0.0031235594883554972,0.05588881362451253,0.3857000510397881,100,14,inf
random_addition,50,67,110,0.003392225189952129,0.058242812345834824,0.3328624702626529,110,14,inf
random_addition,50,67,120,0.0031560904745474906,0.05617909285977739,0.37930229129425885,120,14,inf
random_addition,50,67,130,0.0031957286357713554,0.056530776005388035,0.3715067873163542,130,14,inf
random_addition,50,67,140,0.002926107355860961,0.054093505671762125,0.42453229846957474,140,14,inf
random_addition,50,67,150,0.0026800483819562917,0.05176918370958047,0.47292389007342817,150,14,inf
random_addition,50,68,10,0.013263393805278245,0.11516680860941769,-1.608467092749768,10,10,inf
random_addition,50,68,20,0.013742588035218628,0.11722878501127028,-1.702708611789761,20,14,inf
random_addition,50,68,30,0.008777155113792984,0.09368647241620844,-0.7261736037105506,30,14,inf
random_addition,50,68,40,0.004832222032348494,0.06951418583532784,0.049663129867610456,40,14,inf
random_addition,50,68,50,0.0034916461413283585,0.05909015265954522,0.313309685824362,50,14,inf
random_addition,50,68,60,0.00302494348302496,0.05499948620691797,0.4050945294440087,60,14,inf
random_addition,50,68,70,0.0030261329916072477,0.055010298959442566,0.4048605927880522,70,14,inf
random_addition,50,68,80,0.0024219721502523116,0.04921353625022603,0.5236788753889361,80,14,inf
random_addition,50,68,90,0.0024990079339405297,0.04999007835501491,0.5085285066624237,90,14,inf
random_addition,50,68,100,0.0024177541621428615,0.049170663633337934,0.5245084129373676,100,14,inf
random_addition,50,68,110,0.002604647635523416,0.05103574860353687,0.48775270151689565,110,14,inf
random_addition,50,68,120,0.0036707281704797617,0.06058653456404122,0.2780902248928474,120,14,inf
random_addition,50,68,130,0.0030591554157037505,0.05530963221450447,0.39836618360114595,130,14,inf
random_addition,50,68,140,0.002663756879304729,0.05161159636462264,0.4761278851580901,140,14,inf
random_addition,50,68,150,0.0026800483819562917,0.05176918370958047,0.47292389007342817,150,14,inf
random_addition,50,69,10,0.013263393805278245,0.11516680860941769,-1.608467092749768,10,10,inf
random_addition,50,69,20,0.019826971926025796,0.14080828074380355,-2.8993039471790616,20,14,inf
random_addition,50,69,30,0.0034257042598656792,0.05852951614241894,0.3262782540773045,30,14,inf
random_addition,50,69,40,0.003688728402284516,0.06073490266958955,0.2745501797872061,40,14,inf
random_addition,50,69,50,0.003071336368503207,0.05541963883411013,0.3959705965438517,50,14,inf
random_addition,50,69,60,0.0034215580251597674,0.058494085386129144,0.32709368012496387,60,14,inf
random_addition,50,69,70,0.0028466773687949795,0.05335426289243419,0.44015352712952005,70,14,inf
random_addition,50,69,80,0.0025553910947314984,0.05055087630033231,0.4974398198852934,80,14,inf
random_addition,50,69,90,0.0021843909430407575,0.0467374682994357,0.5704031731037851,90,14,inf
random_addition,50,69,100,0.0026196310396263524,0.051182331322697214,0.4848059657783905,100,14,inf
random_addition,50,69,110,0.0024370426089330667,0.04936641174860764,0.5207150189191274,110,14,inf
random_addition,50,69,120,0.0025283463588439622,0.050282664595702985,0.5027586172180449,120,14,inf
random_addition,50,69,130,0.0024564113665499652,0.049562196950397236,0.5169058304404577,130,14,inf
random_addition,50,69,140,0.002427875071638109,0.0492734722912655,0.5225179676746667,140,14,inf
random_addition,50,69,150,0.0026800483819562917,0.05176918370958047,0.47292389007342817,150,14,inf
random_addition,50,70,10,0.013263393805278245,0.11516680860941769,-1.608467092749768,10,10,inf
random_addition,50,70,20,0.003959020503457242,0.06292074779798189,0.22139274047037993,20,14,inf
random_addition,50,70,30,0.002820879906810323,0.05311195634516133,0.4452270272948141,30,14,inf
random_addition,50,70,40,0.0029760493055225536,0.05455317869311149,0.4147103830418517,40,14,inf
random_addition,50,70,50,0.0029774481223433322,0.05456599785895363,0.41443528243793737,50,14,inf
random_addition,50,70,60,0.0031652019872504414,0.056260127863793925,0.37751036070697874,60,14,inf
random_addition,50,70,70,0.0034427401307365693,0.05867486796522485,0.32292786659613304,70,14,inf
random_addition,50,70,80,0.004114731528230221,0.0641461731378437,0.19076957643999248,80,14,inf
random_addition,50,70,90,0.0030725363650383115,0.05543046423257081,0.39573459725745586,90,14,inf
random_addition,50,70,100,0.002529431197833421,0.050293450844353695,0.5025452655792051,100,14,inf
random_addition,50,70,110,0.0029741202947093626,0.05453549573176504,0.41508975511672475,110,14,inf
random_addition,50,70,120,0.0031620843508447295,0.056232413702816716,0.37812349578317794,120,14,inf
random_addition,50,70,130,0.002839353039304781,0.05328558003160687,0.44159397839954384,130,14,inf
random_addition,50,70,140,0.0029331268821703835,0.05415835006876025,0.4231517918169311,140,14,inf
random_addition,50,70,150,0.0026800483819562917,0.05176918370958047,0.47292389007342817,150,14,inf
random_addition,50,71,10,0.013263393805278245,0.11516680860941769,-1.608467092749768,10,10,inf
random_addition,50,71,20,0.009515255245332945,0.09754616981374997,-0.8713332764566073,20,14,inf
random_addition,50,71,30,0.012686021610663668,0.11263224054711718,-1.494917243289557,30,14,inf
random_addition,50,71,40,0.0035865675531564314,0.0598879583318419,0.29464181070989903,40,14,inf
random_addition,50,71,50,0.003167885152682481,0.05628396887820262,0.37698267157728604,50,14,inf
random_addition,50,71,60,0.003256058622075475,0.05706188414410687,0.35964189162746096,60,14,inf
random_addition,50,71,70,0.0033784091787919255,0.05812408432648144,0.3355796187537211,70,14,inf
random_addition,50,71,80,0.003443858312260089,0.05868439581575403,0.32270795759315507,80,14,inf
random_addition,50,71,90,0.0025966089906036692,0.05095693270403615,0.4893336348022449,90,14,inf
random_addition,50,71,100,0.002209145017104958,0.04700154270984047,0.5655348725348717,100,14,inf
random_addition,50,71,110,0.002104781302548169,0.04587789557671721,0.5860597335994794,110,14,inf
random_addition,50,71,120,0.0018943094721451525,0.043523665656113486,0.6274525212688462,120,14,inf
random_addition,50,71,130,0.0019395138161345464,0.04403991162723361,0.6185623348296296,130,14,inf
random_addition,50,71,140,0.002427095328094331,0.049265559248772677,0.5226713172173696,140,14,inf
random_addition,50,71,150,0.0026800483819562917,0.05176918370958047,0.47292389007342817,150,14,inf
random_addition,50,72,10,0.013263393805278245,0.11516680860941769,-1.608467092749768,10,10,inf
random_addition,50,72,20,0.009083216566615034,0.0953059104495363,-0.78636568122602,20,14,inf
random_addition,50,72,30,0.005668000155445354,0.07528612193123879,-0.11470654526566793,30,14,inf
random_addition,50,72,40,0.004460049975157597,0.0667836055866827,0.12285695780304473,40,14,inf
random_addition,50,72,50,0.0047681310614308345,0.06905165502311175,0.0622676857629928,50,14,inf
random_addition,50,72,60,0.0040982107152469785,0.06401726888306762,0.19401866921706978,60,14,inf
random_addition,50,72,70,0.0024688960644210817,0.049687987123862055,0.5144505068605478,70,14,inf
random_addition,50,72,80,0.0021959357259937785,0.04686081226348705,0.568132699432566,80,14,inf
random_addition,50,72,90,0.0021650432657282525,0.046530025421530265,0.5742082157898226,90,14,inf
random_addition,50,72,100,0.002456850488961676,0.04956662676601743,0.5168194697112618,100,14,inf
random_addition,50,72,110,0.0026513671668792075,0.051491428091277554,0.47856452826957974,110,14,inf
random_addition,50,72,120,0.002262941109367411,0.04757038058884342,0.5549549758323176,120,14,inf
random_addition,50,72,130,0.002561912314417691,0.05061533675100553,0.49615731352185755,130,14,inf
random_addition,50,72,140,0.0030715308864830487,0.0554213937616427,0.395932341346365,140,14,inf
random_addition,50,72,150,0.0026800483819562917,0.05176918370958047,0.47292389007342817,150,14,inf
random_addition,50,73,10,0.013263393805278245,0.11516680860941769,-1.608467092749768,10,10,inf
random_addition,50,73,20,0.011956196437030843,0.10934439371559404,-1.3513849787100334,20,14,inf
random_addition,50,73,30,0.006656755648592937,0.08158894317610038,-0.3091617657405856,30,14,inf
random_addition,50,73,40,0.004551066134930429,0.06746159007116886,0.1049571154880703,40,14,inf
random_addition,50,73,50,0.0038424409051944267,0.06198742537962378,0.24432005833630388,50,14,inf
random_addition,50,73,60,0.00204737567591831,0.04524793559841499,0.5973495052975101,60,14,inf
random_addition,50,73,70,0.00175374334248597,0.041877718926488464,0.6550971896662559,70,14,inf
random_addition,50,73,80,0.0017611628307153914,0.04196621058322268,0.6536380238467363,80,14,inf
random_addition,50,73,90,0.002498281416623455,0.04998281121169012,0.5086713883819688,90,14,inf
random_addition,50,73,100,0.0027433421193122985,0.05237692353806492,0.4604761234237953,100,14,inf
random_addition,50,73,110,0.0029771937172977233,0.05456366664088589,0.41448531542341926,110,14,inf
random_addition,50,73,120,0.002784522555855704,0.05276857545789638,0.45237730534106624,120,14,inf
random_addition,50,73,130,0.002578539415425386,0.05077932074600236,0.49288731743615444,130,14,inf
random_addition,50,73,140,0.0024571382751619694,0.049569529704869796,0.5167628717662536,140,14,inf
random_addition,50,73,150,0.0026800483819562917,0.05176918370958047,0.47292389007342817,150,14,inf
random_addition,50,74,10,0.013263393805278245,0.11516680860941769,-1.608467092749768,10,10,inf
random_addition,50,74,20,0.013372901771832502,0.11564126327497681,-1.630003656569282,20,14,inf
random_addition,50,74,30,0.00519059108667959,0.07204575689573668,-0.020816107875486045,30,14,inf
random_addition,50,74,40,0.007765633443037806,0.08812283156502522,-0.5272410355832189,40,14,inf
random_addition,50,74,50,0.009042485349051404,0.09509198362139368,-0.7783552095306021,50,14,inf
random_addition,50,74,60,0.0071612624948924316,0.08462424295018793,-0.40838143198584875,60,14,inf
random_addition,50,74,70,0.00760189497397331,0.08718884661453728,-0.4950391410574002,70,14,inf
random_addition,50,74,80,0.006413389235583565,0.08008363900063212,-0.2612997110406139,80,14,inf
random_addition,50,74,90,0.005295447768528767,0.07276982732237838,-0.041437919161045667,90,14,inf
random_addition,50,74,100,0.004381397295971418,0.0661921241234289,0.13832531593413677,100,14,inf
random_addition,50,74,110,0.0035293283632739413,0.059408150646808905,0.3058988498520764,110,14,inf
random_addition,50,74,120,0.003176878609814331,0.056363805849271136,0.3752139585824905,120,14,inf
random_addition,50,74,130,0.0029107487858475068,0.05395135573688123,0.42755281682708945,130,14,inf
random_addition,50,74,140,0.0025480554327542704,0.05047826693493221,0.4988824998774626,140,14,inf
random_addition,50,74,150,0.0026800483819562917,0.05176918370958047,0.47292389007342817,150,14,inf
random_addition,50,75,10,0.013263393805278245,0.11516680860941769,-1.608467092749768,10,10,inf
random_addition,50,75,20,0.015462924700812276,0.12435000884926496,-2.04104144323039,20,14,inf
random_addition,50,75,30,0.005129489394712261,0.07162045374550667,-0.008799443426852571,30,14,inf
random_addition,50,75,40,0.004725779919843802,0.06874430827234937,0.07059674247291248,40,14,inf
random_addition,50,75,50,0.0036254930680080844,0.060212067461664895,0.2869864604994218,50,14,inf
random_addition,50,75,60,0.0030768040775562408,0.05546894696635443,0.3948952805766901,60,14,inf
random_addition,50,75,70,0.003692036283941911,0.06076212869824354,0.2738996298166102,70,14,inf
random_addition,50,75,80,0.0030344357910193137,0.05508571312980629,0.40322770912629613,80,14,inf
random_addition,50,75,90,0.002576620070303649,0.05076041834248068,0.4932647885919673,90,14,inf
random_addition,50,75,100,0.003169680499150558,0.0562999156229435,0.3766295868200349,100,14,inf
random_addition,50,75,110,0.003277356501827761,0.057248200861055545,0.35545330918055573,110,14,inf
random_addition,50,75,120,0.002911223909046744,0.05395575881263041,0.42745937594397865,120,14,inf
random_addition,50,75,130,0.0027180751096490844,0.05213516193174319,0.4654453013134283,130,14,inf
random_addition,50,75,140,0.002573268572728317,0.05072739469683336,0.493923916358588,140,14,inf
random_addition,50,75,150,0.0026800483819562917,0.05176918370958047,0.47292389007342817,150,14,inf
random_addition,50,76,10,0.013263393805278245,0.11516680860941769,-1.608467092749768,10,10,inf
random_addition,50,76,20,0.018906538340805655,0.13750104850802286,-2.718285366764676,20,14,inf
random_addition,50,76,30,0.020580785112558148,0.143460047095204,-3.0475538536523192,30,14,inf
random_addition,50,76,40,0.008406066190368036,0.09168460170807329,-0.6531927920533787,40,14,inf
random_addition,50,76,50,0.008952186282484995,0.09461599379853806,-0.7605963955269976,50,14,inf
random_addition,50,76,60,0.006579910755461754,0.08111664906455243,-0.29404893881850547,60,14,inf
random_addition,50,76,70,0.005414238512823626,0.07358150931330253,-0.06480009568731893,70,14,inf
random_addition,50,76,80,0.0040554981509689685,0.06368279320953948,0.20241880571319115,80,14,inf
random_addition,50,76,90,0.003935813696836929,0.06273606376588294,0.22595674515014774,90,14,inf
random_addition,50,76,100,0.004402052988493223,0.06634796898544237,0.1342630302920077,100,14,inf
random_addition,50,76,110,0.0034002843302082713,0.05831195700890403,0.33127750622836216,110,14,inf
random_addition,50,76,120,0.0034530850793893183,0.05876295669373111,0.3208933603051305,120,14,inf
random_addition,50,76,130,0.0027047960481791883,0.05200765374614767,0.4680568497131329,130,14,inf
random_addition,50,76,140,0.0028210096014975924,0.0531131772867863,0.4452015206764619,140,14,inf
random_addition,50,76,150,0.0026800483819562917,0.05176918370958047,0.47292389007342817,150,14,inf
random_addition,50,77,10,0.013263393805278245,0.11516680860941769,-1.608467092749768,10,10,inf
random_addition,50,77,20,0.007314361205109786,0.08552403875583628,-0.43849084089033874,20,14,inf
random_addition,50,77,30,0.0028566609108284856,0.0534477399973889,0.4381900974639452,30,14,inf
random_addition,50,77,40,0.003077424197430335,0.055474536477832195,0.39477332368474505,40,14,inf
random_addition,50,77,50,0.0031289199023010828,0.05593674912167387,0.38464583644088113,50,14,inf
random_addition,50,77,60,0.003185129741052889,0.05643695368331718,0.3735912363268057,60,14,inf
random_addition,50,77,70,0.0029252879829514806,0.054085931469759124,0.42469344178647006,70,14,inf
random_addition,50,77,80,0.0027912128093531257,0.0528319298280228,0.4510615556659542,80,14,inf
random_addition,50,77,90,0.003143539132735919,0.0560672732771616,0.3817707215140047,90,14,inf
random_addition,50,77,100,0.00299402810384325,0.05471771288936746,0.4111745531875003,100,14,inf
random_addition,50,77,110,0.00286049248919152,0.0534835721431499,0.43743655382194846,110,14,inf
random_addition,50,77,120,0.0028190951706567715,0.05309515204476555,0.44557802535715973,120,14,inf
random_addition,50,77,130,0.002916153036571886,0.05400141698670403,0.42648998099619506,130,14,inf
random_addition,50,77,140,0.00317888179623215,0.056381573197562956,0.37481999864069615,140,14,inf
random_addition,50,77,150,0.0026800483819562917,0.05176918370958047,0.47292389007342817,150,14,inf
random_addition,50,78,10,0.013263393805278245,0.11516680860941769,-1.608467092749768,10,10,inf
random_addition,50,78,20,0.007943815970454427,0.08912808743855344,-0.5622835945310105,20,14,inf
random_addition,50,78,30,0.0066653835638647765,0.0816418003467879,-0.3108585888460469,30,14,inf
random_addition,50,78,40,0.004717638707173584,0.06868506902648919,0.07219784741310431,40,14,inf
random_addition,50,78,50,0.002305031320149276,0.04801074171630007,0.5466772355070847,50,14,inf
random_addition,50,78,60,0.002845460625761141,0.053342859182472974,0.4403928198935513,60,14,inf
random_addition,50,78,70,0.00200982671504584,0.044831090941955004,0.6047341332623233,70,14,inf
random_addition,50,78,80,0.0018810301449436206,0.043370844411235766,0.6300641219290988,80,14,inf
random_addition,50,78,90,0.002130606643450925,0.0461584948135327,0.5809807505810398,90,14,inf
random_addition,50,78,100,0.0021143913148991334,0.04598251096774874,0.5841697647614559,100,14,inf
random_addition,50,78,110,0.0027408553164596154,0.05235317866624352,0.4609651945848128,110,14,inf
random_addition,50,78,120,0.0022836484386757282,0.04778753434396598,0.5508825349568923,120,14,inf
random_addition,50,78,130,0.002491731788288455,0.04991724940627693,0.5099594817789085,130,14,inf
random_addition,50,78,140,0.002535542795500602,0.050354173565858494,0.5013433182018585,140,14,inf
random_addition,50,78,150,0.0026800483819562917,0.05176918370958047,0.47292389007342817,150,14,inf
random_addition,50,79,10,0.013263393805278245,0.11516680860941769,-1.608467092749768,10,10,inf
random_addition,50,79,20,0.005140034112396826,0.07169403121876204,-0.010873237622089249,20,14,inf
random_addition,50,79,30,0.00570909844080421,0.0755585762227175,-0.12278920695097173,30,14,inf
random_addition,50,79,40,0.004879459298714209,0.06985312662089084,0.04037313541555798,40,14,inf
random_addition,50,79,50,0.0041910972387075845,0.06473868425221187,0.17575098876031525,50,14,inf
random_addition,50,79,60,0.0032477659878473084,0.056989174303961526,0.3612727761366561,60,14,inf
random_addition,50,79,70,0.0022127559923072857,0.047039940394384916,0.5648247141752323,70,14,inf
random_addition,50,79,80,0.002272784442226353,0.04767372905727381,0.5530191206339811,80,14,inf
random_addition,50,79,90,0.002249227642600756,0.04742602284190354,0.5576519572620706,90,14,inf
random_addition,50,79,100,0.0022863315647364576,0.04781559959611986,0.5503548535702228,100,14,inf
random_addition,50,79,110,0.002298526982490262,0.047942955504330996,0.5479564217389614,110,14,inf
random_addition,50,79,120,0.002251061144675447,0.04744534903102144,0.5572913685698752,120,14,inf
random_addition,50,79,130,0.0022404866564307607,0.047333779232496966,0.5593710176411375,130,14,inf
random_addition,50,79,140,0.0024398419307771965,0.04939475610606046,0.5201644856981713,140,14,inf
random_addition,50,79,150,0.0026800483819562917,0.05176918370958047,0.47292389007342817,150,14,inf
random_addition,50,80,10,0.013263393805278245,0.11516680860941769,-1.608467092749768,10,10,inf
random_addition,50,80,20,0.012799670322146415,0.1131356279964292,-1.5172681535006514,20,14,inf
random_addition,50,80,30,0.013039144556623633,0.11418907371821366,-1.5643647465269912,30,14,inf
random_addition,50,80,40,0.006656979318228867,0.0815903138750481,-0.30920575409632156,40,14,inf
random_addition,50,80,50,0.002170825367394163,0.04659211700914827,0.5730710692838914,50,14,inf
random_addition,50,80,60,0.0026454392234928703,0.05143383345126892,0.4797303569766178,60,14,inf
random_addition,50,80,70,0.0028093400123118638,0.05300320756625833,0.4474965395701004,70,14,inf
random_addition,50,80,80,0.002824305912081603,0.05314419923266887,0.44455324634998805,80,14,inf
random_addition,50,80,90,0.0026040754302242347,0.05103014236923345,0.4878652352103926,90,14,inf
random_addition,50,80,100,0.003200878990880117,0.05657631121662243,0.3704938842830572,100,14,inf
random_addition,50,80,110,0.0031850561311550438,0.056436301536821526,0.3736057129380749,110,14,inf
random_addition,50,80,120,0.002244385251998507,0.047374943292826294,0.5586042939506776,120,14,inf
random_addition,50,80,130,0.0025943818029065917,0.05093507438795581,0.4897716483229543,130,14,inf
random_addition,50,80,140,0.002378474972587688,0.04876961115887319,0.5322333191633877,140,14,inf
random_addition,50,80,150,0.0026800483819562917,0.05176918370958047,0.47292389007342817,150,14,inf
random_addition,50,81,10,0.013263393805278245,0.11516680860941769,-1.608467092749768,10,10,inf
random_addition,50,81,20,0.012274220926919542,0.11078908306741933,-1.4139297865278544,20,14,inf
random_addition,50,81,30,0.005534497072254687,0.07439420052836569,-0.0884509424843567,30,14,inf
random_addition,50,81,40,0.00522077912585887,0.0722549591783074,-0.026753088104668032,40,14,inf
random_addition,50,81,50,0.004372134636670939,0.06612211911812067,0.14014697201487814,50,14,inf
random_addition,50,81,60,0.0029136077947003345,0.05397784540624361,0.42699054516268986,60,14,inf
random_addition,50,81,70,0.0018842166306264879,0.04340756420978362,0.629437446496905,70,14,inf
random_addition,50,81,80,0.001906475985675876,0.043663210895167524,0.6250597739340158,80,14,inf
random_addition,50,81,90,0.001613932733443018,0.04017378166718959,0.6825932723627308,90,14,inf
random_addition,50,81,100,0.0014654133638266002,0.03828071791158834,0.7118020777384857,100,14,inf
random_addition,50,81,110,0.0017338182605298707,0.04163914336930901,0.6590157885833856,110,14,inf
random_addition,50,81,120,0.0019050997735668477,0.0436474486489972,0.6253304289452253,120,14,inf
random_addition,50,81,130,0.00201876227645591,0.04493063850487672,0.6029768064245921,130,14,inf
random_addition,50,81,140,0.002503612808038184,0.05003611503742256,0.5076228815466854,140,14,inf
random_addition,50,81,150,0.0026800483819562917,0.05176918370958047,0.47292389007342817,150,14,inf
random_addition,50,82,10,0.013263393805278245,0.11516680860941769,-1.608467092749768,10,10,inf
random_addition,50,82,20,0.008100502137402366,0.09000278960900249,-0.5930985364963277,20,14,inf
random_addition,50,82,30,0.005226661142593594,0.07229565092447535,-0.02790988457145338,30,14,inf
random_addition,50,82,40,0.0031011197708831015,0.05568769855976364,0.39011319487436624,40,14,inf
random_addition,50,82,50,0.003418674127318444,0.05846942899771165,0.32766084662310024,50,14,inf
random_addition,50,82,60,0.004142870333329912,0.06436513290073992,0.1852356121915183,60,14,inf
random_addition,50,82,70,0.0043896103129972015,0.06625413430871466,0.136710089472609,70,14,inf
random_addition,50,82,80,0.003705824987156929,0.06087548757223164,0.27118785188736294,80,14,inf
random_addition,50,82,90,0.004487819115791752,0.06699118685164304,0.1173956942228811,90,14,inf
random_addition,50,82,100,0.0032264333178643793,0.05680170171627237,0.3654682006613216,100,14,inf
random_addition,50,82,110,0.003205359723685572,0.056615896386841495,0.3696126736181229,110,14,inf
random_addition,50,82,120,0.0031695521072824333,0.056298775362190905,0.3766548372173236,120,14,inf
random_addition,50,82,130,0.003041708055998988,0.05515168225901172,0.4017974972086127,130,14,inf
random_addition,50,82,140,0.002562264952498214,0.05061882014130924,0.4960879613754764,140,14,inf
random_addition,50,82,150,0.0026800483819562917,0.05176918370958047,0.47292389007342817,150,14,inf
random_addition,50,83,10,0.013263393805278245,0.11516680860941769,-1.608467092749768,10,10,inf
random_addition,50,83,20,0.008028616643847573,0.0896025481995215,-0.5789610580246312,20,14,inf
random_addition,50,83,30,0.005680712160413203,0.0753704992713542,-0.11720657256850742,30,14,inf
random_addition,50,83,40,0.0052210067550754885,0.07225653434171535,-0.026797855177832952,40,14,inf
random_addition,50,83,50,0.004294228742995737,0.06553036504549427,0.1554684623488345,50,14,inf
random_addition,50,83,60,0.0037592923502578098,0.061313068348092074,0.26067260524443747,60,14,inf
random_addition,50,83,70,0.003345744619776537,0.05784241194639567,0.3420036478176035,70,14,inf
random_addition,50,83,80,0.002746979573287408,0.05241163585776929,0.4597607575728855,80,14,inf
random_addition,50,83,90,0.0023311197792920276,0.048281671256202675,0.541546505908501,90,14,inf
random_addition,50,83,100,0.0027585968349631766,0.0525223460534959,0.4574760297548027,100,14,inf
random_addition,50,83,110,0.002380738562881354,0.048792812614988225,0.5317881464663253,110,14,inf
random_addition,50,83,120,0.0020859300881246007,0.04567198362371182,0.5897671385973373,120,14,inf
random_addition,50,83,130,0.001849854295823151,0.0430099325252104,0.6361953714202293,130,14,inf
random_addition,50,83,140,0.002361552770099462,0.04859581021136968,0.5355613518656829,140,14,inf
random_addition,50,83,150,0.0026800483819562917,0.05176918370958047,0.47292389007342817,150,14,inf
random_addition,50,84,10,0.013263393805278245,0.11516680860941769,-1.608467092749768,10,10,inf
random_addition,50,84,20,0.00842892356940483,0.09180916931006854,-0.6576880759844235,20,14,inf
random_addition,50,84,30,0.009940300359686904,0.09970105495774308,-0.9549254708831307,30,14,inf
random_addition,50,84,40,0.008015811781058308,0.08953106601095683,-0.5764427686860698,40,14,inf
random_addition,50,84,50,0.0055647943365928045,0.0745975491326143,-0.09440940365851502,50,14,inf
random_addition,50,84,60,0.004748406204791496,0.06890868018465814,0.06614690703986126,60,14,inf
random_addition,50,84,70,0.0038136926396516884,0.06175510213457418,0.24997388312223634,70,14,inf
random_addition,50,84,80,0.0030974977270261566,0.0556551680172305,0.3908255300691169,80,14,inf
random_addition,50,84,90,0.0028022767858942423,0.052936535454204424,0.44888564057618485,90,14,inf
random_addition,50,84,100,0.003627772249800967,0.06023099077552159,0.2865382214745983,100,14,inf
random_addition,50,84,110,0.0032679319546535988,0.05716582855739606,0.3573068032054475,110,14,inf
random_addition,50,84,120,0.00266508746977154,0.05162448517681837,0.4758662024019601,120,14,inf
random_addition,50,84,130,0.0026917277766499523,0.05188186365821829,0.4706269427634926,130,14,inf
random_addition,50,84,140,0.002610062284531092,0.0510887686730762,0.48668782069056504,140,14,inf
random_addition,50,84,150,0.0026800483819562917,0.05176918370958047,0.47292389007342817,150,14,inf
random_addition,50,85,10,0.013263393805278245,0.11516680860941769,-1.608467092749768,10,10,inf
random_addition,50,85,20,0.008046796938696626,0.08970394048589296,-0.5825365155241569,20,14,inf
random_addition,50,85,30,0.009734587082710357,0.09866401108160136,-0.9144685319267152,30,14,inf
random_addition,50,85,40,0.006317910301089626,0.07948528355041344,-0.24252218981681217,40,14,inf
random_addition,50,85,50,0.00596071518782203,0.07720566810683027,-0.1722738271180615,50,14,inf
random_addition,50,85,60,0.005253417532009157,0.0724804631056477,-0.03317197377244829,60,14,inf
random_addition,50,85,70,0.006536021531331339,0.08084566488891869,-0.28541739258295973,70,14,inf
random_addition,50,85,80,0.005489396603835152,0.07409046230005015,-0.07958118490442723,80,14,inf
random_addition,50,85,90,0.00602116352765989,0.07759615665521,-0.1841619989987504,90,14,inf
random_addition,50,85,100,0.00494049948405152,0.07028868674297109,0.028368567269178913,100,14,inf
random_addition,50,85,110,0.0035168613217240905,0.05930313079192439,0.30835070102261075,110,14,inf
random_addition,50,85,120,0.002911839805410686,0.053961465930890774,0.42733824967558354,120,14,inf
random_addition,50,85,130,0.002855086658016555,0.053433010939086666,0.43849970047474895,130,14,inf
random_addition,50,85,140,0.002906444784164397,0.053911453181716376,0.4283992703760343,140,14,inf
random_addition,50,85,150,0.0026800483819562917,0.05176918370958047,0.47292389007342817,150,14,inf
random_addition,50,86,10,0.013263393805278245,0.11516680860941769,-1.608467092749768,10,10,inf
random_addition,50,86,20,0.010551421168986195,0.10272011083028579,-1.0751125469931253,20,14,inf
random_addition,50,86,30,0.009473718623657451,0.0973330294589532,-0.8631644086407844,30,14,inf
random_addition,50,86,40,0.006002252058635462,0.0774742025362989,-0.18044274393100568,40,14,inf
random_addition,50,86,50,0.0072488446886462745,0.08514014733747102,-0.4256059277424944,50,14,inf
random_addition,50,86,60,0.004700598248188503,0.0685609090385221,0.07554913722327705,60,14,inf
random_addition,50,86,70,0.0032777440082399113,0.057251585202856274,0.35537709959655606,70,14,inf
random_addition,50,86,80,0.004174880484650102,0.06461331507243767,0.17894028329014566,80,14,inf
random_addition,50,86,90,0.004005105603946315,0.06328590367488099,0.21232933860984138,90,14,inf
random_addition,50,86,100,0.003648956413304927,0.06040659246559871,0.2823720032201482,100,14,inf
random_addition,50,86,110,0.0035164107347582718,0.05929933165524104,0.3084393164471406,110,14,inf
random_addition,50,86,120,0.004009712586008952,0.06332229138312157,0.21142329892771317,120,14,inf
random_addition,50,86,130,0.0026939573658847278,0.05190334638426243,0.47018845694043376,130,14,inf
random_addition,50,86,140,0.0028522682289851666,0.05340663094584011,0.4390539914420202,140,14,inf
random_addition,50,86,150,0.0026800483819562917,0.05176918370958047,0.47292389007342817,150,14,inf
random_addition,50,87,10,0.013263393805278245,0.11516680860941769,-1.608467092749768,10,10,inf
random_addition,50,87,20,0.004547183746560719,0.06743280912553413,0.10572065176335099,20,14,inf
random_addition,50,87,30,0.0035042275464701724,0.05919651633728266,0.31083534315047456,30,14,inf
random_addition,50,87,40,0.004224459480614489,0.0649958420255826,0.16918974874647463,40,14,inf
random_addition,50,87,50,0.005141778295625501,0.07170619426259842,-0.011216260276963208,50,14,inf
random_addition,50,87,60,0.0041586192552443765,0.0644873573287383,0.1821383246372712,60,14,inf
random_addition,50,87,70,0.0024152212605610163,0.049144900656741757,0.525006550180551,70,14,inf
random_addition,50,87,80,0.0026805255154238447,0.0517737917814008,0.47283005383760246,80,14,inf
random_addition,50,87,90,0.00262373618137101,0.051222418737999965,0.48399862134534266,90,14,inf
random_addition,50,87,100,0.002834141760139041,0.05323665804818181,0.44261886316241317,100,14,inf
random_addition,50,87,110,0.003975116150515652,0.06304852219136982,0.21822726364711997,110,14,inf
random_addition,50,87,120,0.0029725115787113164,0.05452074448053068,0.4154061358865405,120,14,inf
random_addition,50,87,130,0.0030830455381481393,0.05552517931666803,0.3936677934942978,130,14,inf
random_addition,50,87,140,0.0028254473134203912,0.05315493686780553,0.44432877078396316,140,14,inf
random_addition,50,87,150,0.0026800483819562917,0.05176918370958047,0.47292389007342817,150,14,inf
random_addition,50,88,10,0.013263393805278245,0.11516680860941769,-1.608467092749768,10,10,inf
random_addition,50,88,20,0.004822051356793243,0.06944099190530939,0.05166336245411096,20,14,inf
random_addition,50,88,30,0.004062125141497288,0.06373480322004052,0.20111549775363968,30,14,inf
random_addition,50,88,40,0.003353529320674671,0.05790966517494874,0.34047265684969585,40,14,inf
random_addition,50,88,50,0.00288925867819662,0.053751824882478365,0.4317792040888987,50,14,inf
random_addition,50,88,60,0.002682273456821419,0.0517906695923254,0.4724862920762791,60,14,inf
random_addition,50,88,70,0.003142507233012266,0.05605807018630115,0.3819736617653222,70,14,inf
random_addition,50,88,80,0.002996188476680244,0.05473745040354222,0.410749679920816,80,14,inf
random_addition,50,88,90,0.0022930660982836844,0.047885969743586526,0.549030395486503,90,14,inf
random_addition,50,88,100,0.0023316592936296772,0.04828725808771583,0.5414404014365621,100,14,inf
random_addition,50,88,110,0.002486545314440401,0.049865271627059254,0.510979488163298,110,14,inf
random_addition,50,88,120,0.00229696757642201,0.0479266896042488,0.5482631048905731,120,14,inf
random_addition,50,88,130,0.00217039908112795,0.04658754212370459,0.5731549055714837,130,14,inf
random_addition,50,88,140,0.002497396453008551,0.04997395774809667,0.5088454312025055,140,14,inf
random_addition,50,88,150,0.0026800483819562917,0.05176918370958047,0.47292389007342817,150,14,inf
random_addition,50,89,10,0.013263393805278245,0.11516680860941769,-1.608467092749768,10,10,inf
random_addition,50,89,20,0.010543401561878215,0.10268106720266504,-1.0735353578102464,20,14,inf
random_addition,50,89,30,0.00579166787950623,0.0761030083472804,-0.13902786101516207,30,14,inf
random_addition,50,89,40,0.005065757941317715,0.07117413814945507,0.003734407365290182,40,14,inf
random_addition,50,89,50,0.004236868299275935,0.06509123058658467,0.16674934807576536,50,14,inf
random_addition,50,89,60,0.0028289188600923608,0.05318758182219192,0.44364603336488917,60,14,inf
random_addition,50,89,70,0.0036429438570498235,0.06035680456294736,0.2835544724557749,70,14,inf
random_addition,50,89,80,0.0024904214096788117,0.04990412217120758,0.510217189537004,80,14,inf
random_addition,50,89,90,0.002395776920549244,0.048946674254225324,0.5288306031948526,90,14,inf
random_addition,50,89,100,0.0027420767122568997,0.05236484233010637,0.46072498677742857,100,14,inf
random_addition,50,89,110,0.002477440631328251,0.04977389507892919,0.5127700755979037,110,14,inf
random_addition,50,89,120,0.0025130814215603226,0.050130643538262326,0.5057607211412065,120,14,inf
random_addition,50,89,130,0.0024291680517269055,0.04928659099315863,0.5222636816252044,130,14,inf
random_addition,50,89,140,0.002215343710409847,0.0470674378993572,0.5643157963511112,140,14,inf
random_addition,50,89,150,0.0026800483819562917,0.05176918370958047,0.47292389007342817,150,14,inf
random_addition,50,90,10,0.013263393805278245,0.11516680860941769,-1.608467092749768,10,10,inf
random_addition,50,90,20,0.005011418643810474,0.07079137407771142,0.01442113441808801,20,14,inf
random_addition,50,90,30,0.004419096946872873,0.06647628860633596,0.13091105226766375,30,14,inf
random_addition,50,90,40,0.002918116471309833,0.05401959340192994,0.4261038388837096,40,14,inf
random_addition,50,90,50,0.0017669165528357658,0.042034706527294394,0.6525064586506664,50,14,inf
random_addition,50,90,60,0.002049349138369028,0.045269737555778115,0.5969613910684486,60,14,inf
random_addition,50,90,70,0.001860712209365379,0.04313597349504679,0.6340599820480497,70,14,inf
random_addition,50,90,80,0.0012892862625833838,0.03590663257092461,0.7464404029272852,80,14,inf
random_addition,50,90,90,0.0012632211607907049,0.035541822699331344,0.7515665389143144,90,14,inf
random_addition,50,90,100,0.002037777261288398,0.045141746325196574,0.5992371932507041,100,14,inf
random_addition,50,90,110,0.001954245338340678,0.044206847188424075,0.6156651358574092,110,14,inf
random_addition,50,90,120,0.0020588551683843772,0.045374609291809635,0.5950918720869747,120,14,inf
random_addition,50,90,130,0.002114624861408064,0.045985050412150945,0.5841238339542947,130,14,inf
random_addition,50,90,140,0.0023454085980440962,0.04842941872502804,0.538736371937043,140,14,inf
random_addition,50,90,150,0.0026800483819562917,0.05176918370958047,0.47292389007342817,150,14,inf
random_addition,50,91,10,0.013263393805278245,0.11516680860941769,-1.608467092749768,10,10,inf
random_addition,50,91,20,0.009382332034978388,0.09686243872099437,-0.8451917153175168,20,14,inf
random_addition,50,91,30,0.008879766338368058,0.09423251210897467,-0.7463538084590762,30,14,inf
random_addition,50,91,40,0.008347575314690306,0.09136506616147282,-0.641689588071698,40,14,inf
random_addition,50,91,50,0.005553385903164174,0.07452104335799502,-0.09216574539010347,50,14,inf
random_addition,50,91,60,0.0030950326933893283,0.055633018014388975,0.39131031995160004,60,14,inf
random_addition,50,91,70,0.0027002411653829217,0.051963844790228156,0.4689526432076052,70,14,inf
random_addition,50,91,80,0.002408499493337114,0.04907646577879375,0.5263284975543592,80,14,inf
random_addition,50,91,90,0.0024332952543002634,0.049328442650262774,0.5214519985631036,90,14,inf
random_addition,50,91,100,0.0019691385267049865,0.04437497635723299,0.6127361425450819,100,14,inf
random_addition,50,91,110,0.001666823806847896,0.040826753567334936,0.6721913626779009,110,14,inf
random_addition,50,91,120,0.0021725633491435485,0.046610764305507243,0.5727292662531116,120,14,inf
random_addition,50,91,130,0.00242483729107158,0.04924263692240272,0.523115397771301,130,14,inf
random_addition,50,91,140,0.0024262317234112376,0.04925679367773787,0.5228411594485561,140,14,inf
random_addition,50,91,150,0.0026800483819562917,0.05176918370958047,0.47292389007342817,150,14,inf
random_addition,50,92,10,0.013263393805278245,0.11516680860941769,-1.608467092749768,10,10,inf
random_addition,50,92,20,0.008688321973851092,0.0932111687184057,-0.708703088570463,20,14,inf
random_addition,50,92,30,0.0048300782938866665,0.06949876469324233,0.05008473170762473,30,14,inf
random_addition,50,92,40,0.0036685427257862257,0.06056849614928726,0.27852002895731276,40,14,inf
random_addition,50,92,50,0.0035598695845364984,0.05966464266662877,0.29989241048931947,50,14,inf
random_addition,50,92,60,0.003203951095726968,0.05660345480381006,0.3698897037455465,60,14,inf
random_addition,50,92,70,0.004335999635823451,0.06584830776734851,0.14725352121268953,70,14,inf
random_addition,50,92,80,0.004647765381378279,0.06817452149724469,0.08593959961271902,80,14,inf
random_addition,50,92,90,0.003474707994940865,0.05894665380613954,0.3166408541597524,90,14,inf
random_addition,50,92,100,0.003200492756887101,0.05657289772397293,0.37056984362466117,100,14,inf
random_addition,50,92,110,0.002685495865716644,0.051821770190882556,0.4718525517466182,110,14,inf
random_addition,50,92,120,0.002680422340114466,0.05177279536701168,0.4728503449790139,120,14,inf
random_addition,50,92,130,0.001908999354255176,0.04369209716018649,0.6245635115144106,130,14,inf
random_addition,50,92,140,0.0020462024818071302,0.04523496967841507,0.5975802334412528,140,14,inf
random_addition,50,92,150,0.0026800483819562917,0.05176918370958047,0.47292389007342817,150,14,inf
random_addition,50,93,10,0.013263393805278245,0.11516680860941769,-1.608467092749768,10,10,inf
random_addition,50,93,20,0.0051523385737089755,0.07177979223785044,-0.013293114683568197,20,14,inf
random_addition,50,93,30,0.00383152253708682,0.06189929351040139,0.24646733710472035,30,14,inf
random_addition,50,93,40,0.002893176534018011,0.05378825646940056,0.4310086925490717,40,14,inf
random_addition,50,93,50,0.003255881891321898,0.05706033553460668,0.35967664867092586,50,14,inf
random_addition,50,93,60,0.0033879591866371635,0.05820617825142932,0.33370145080021496,60,14,inf
random_addition,50,93,70,0.0032302309525590795,0.056835120766644626,0.3647213326065204,70,14,inf
random_addition,50,93,80,0.003053979403460998,0.05526282116813254,0.3993841325367733,80,14,inf
random_addition,50,93,90,0.0018987151530022283,0.043574248737095034,0.6265860708184143,90,14,inf
random_addition,50,93,100,0.0021569150371192765,0.04644259937944125,0.5758067671983184,100,14,inf
random_addition,50,93,110,0.002618955437094962,0.05117573093855096,0.48493883425811624,110,14,inf
random_addition,50,93,120,0.002819592852386883,0.05309983853447092,0.4454801479635818,120,14,inf
random_addition,50,93,130,0.003054285335775129,0.055265589074713836,0.3993239658565303,130,14,inf
random_addition,50,93,140,0.0030442354445523894,0.05517459056986639,0.40130044419420874,140,14,inf
random_addition,50,93,150,0.0026800483819562917,0.05176918370958047,0.47292389007342817,150,14,inf
random_addition,50,94,10,0.013263393805278245,0.11516680860941769,-1.608467092749768,10,10,inf
random_addition,50,94,20,0.005056652832688603,0.07111014577884511,0.005525078484887036,20,14,inf
random_addition,50,94,30,0.003584286757071999,0.05986891311082906,0.2950903672120173,30,14,inf
random_addition,50,94,40,0.0040597037037893215,0.063715804191655,0.20159171377128215,40,14,inf
random_addition,50,94,50,0.0039122348717193795,0.06254786064862154,0.23059391345773073,50,14,inf
random_addition,50,94,60,0.004965308308029279,0.07046494382336,0.023489499218733778,60,14,inf
random_addition,50,94,70,0.005618179317657017,0.07495451499180698,-0.10490844850310466,70,14,inf
random_addition,50,94,80,0.0043364171356500055,0.06585147785471489,0.1471714129246613,80,14,inf
random_addition,50,94,90,0.003866273961002071,0.06217936925542161,0.23963289133315202,90,14,inf
random_addition,50,94,100,0.0031001856295056135,0.05567931060551678,0.39029690932022587,100,14,inf
random_addition,50,94,110,0.003583325037526776,0.059860880694546884,0.2952795053634587,110,14,inf
random_addition,50,94,120,0.0035023735642499337,0.05918085471037009,0.31119995960407876,120,14,inf
random_addition,50,94,130,0.003315160523056903,0.05757743067432675,0.3480185193524359,130,14,inf
random_addition,50,94,140,0.00300145970120897,0.05478557931800092,0.4097130059048334,140,14,inf
random_addition,50,94,150,0.0026800483819562917,0.05176918370958047,0.47292389007342817,150,14,inf
random_addition,50,95,10,0.013263393805278245,0.11516680860941769,-1.608467092749768,10,10,inf
random_addition,50,95,20,0.004950345943966659,0.07035869487111497,0.026432097083207484,20,14,inf
random_addition,50,95,30,0.004093920047751555,0.06398374830964153,0.19486250037612718,30,14,inf
random_addition,50,95,40,0.005008805484489392,0.07077291490739514,0.014935055681169374,40,14,inf
random_addition,50,95,50,0.004125740251515261,0.06423192548503634,0.18860452782243675,50,14,inf
random_addition,50,95,60,0.0015259918612266512,0.03906394579694493,0.699888308207389,60,14,inf
random_addition,50,95,70,0.0022489376987616244,0.0474229659422692,0.5577089795426592,70,14,inf
random_addition,50,95,80,0.00263975892901417,0.051378584342254605,0.48084748140512734,80,14,inf
random_addition,50,95,90,0.0022775748299313113,0.04772394398969255,0.5520770111804472,90,14,inf
random_addition,50,95,100,0.003218484810262188,0.05673169141020024,0.36703140694330183,100,14,inf
random_addition,50,95,110,0.0038569484916123006,0.0621043355299153,0.24146690006310323,110,14,inf
random_addition,50,95,120,0.0033133721403088697,0.05756189833830074,0.3483702345782652,120,14,inf
random_addition,50,95,130,0.0025080559302726978,0.050080494509067076,0.5067490676263613,130,14,inf
random_addition,50,95,140,0.002506556388484207,0.050065520954886776,0.507043977471225,140,14,inf
random_addition,50,95,150,0.0026800483819562917,0.05176918370958047,0.47292389007342817,150,14,inf
random_addition,50,96,10,0.013263393805278245,0.11516680860941769,-1.608467092749768,10,10,inf
random_addition,50,96,20,0.011609757454190467,0.10774858446490361,-1.2832519880402398,20,14,inf
random_addition,50,96,30,0.00949053775298753,0.09741939105223113,-0.8664721702914078,30,14,inf
random_addition,50,96,40,0.012148369093375948,0.11021964023428832,-1.38917892930532,40,14,inf
random_addition,50,96,50,0.003518407430579432,0.059316165002294544,0.30804663298918167,50,14,inf
random_addition,50,96,60,0.0026437007573816953,0.05141693064917134,0.48007225526520336,60,14,inf
random_addition,50,96,70,0.002703966038997435,0.051999673450873085,0.4682200848299566,70,14,inf
random_addition,50,96,80,0.0032814830673486657,0.05728423052942813,0.3546417514054204,80,14,inf
random_addition,50,96,90,0.00330268180792912,0.05746896386684834,0.35047266632631735,90,14,inf
random_addition,50,96,100,0.002929632269184453,0.05412607753370323,0.4238390656104656,100,14,inf
random_addition,50,96,110,0.0025894949971930438,0.05088708084762815,0.490732719982259,110,14,inf
random_addition,50,96,120,0.003220540673860667,0.056749807698887114,0.3666270871573899,120,14,inf
random_addition,50,96,130,0.0029359005259715475,0.05418395081545409,0.42260630861040316,130,14,inf
random_addition,50,96,140,0.002792312884902737,0.05284233988860388,0.4508452075040261,140,14,inf
random_addition,50,96,150,0.0026800483819562917,0.05176918370958047,0.47292389007342817,150,14,inf
random_addition,50,97,10,0.013263393805278245,0.11516680860941769,-1.608467092749768,10,10,inf
random_addition,50,97,20,0.010290150484700849,0.10144037896568037,-1.0237293194222659,20,14,inf
random_addition,50,97,30,0.0017553566362875847,0.041896976457586825,0.6547799085951944,30,14,inf
random_addition,50,97,40,0.0017666696889949574,0.04203176999597991,0.6525550085327396,40,14,inf
random_addition,50,97,50,0.0025805776691620102,0.0507993865037956,0.49248646092260184,50,14,inf
random_addition,50,97,60,0.0031512718780641893,0.05613619044844591,0.38024994847344395,60,14,inf
random_addition,50,97,70,0.0032070016744190056,0.056630395322821166,0.3692897566845721,70,14,inf
random_addition,50,97,80,0.0033035422002421952,0.057476449092147254,0.3503034558611482,80,14,inf
random_addition,50,97,90,0.0025792770022636637,0.05078658289611208,0.49274225871106947,90,14,inf
random_addition,50,97,100,0.002991585659424607,0.05469538974561391,0.41165490052434595,100,14,inf
random_addition,50,97,110,0.003334923535878341,0.057748796834898135,0.3441317940274442,110,14,inf
random_addition,50,97,120,0.0028390269643510753,0.05328252025149594,0.4416581064650299,120,14,inf
random_addition,50,97,130,0.002785728985815323,0.052780005549595416,0.4521400408146883,130,14,inf
random_addition,50,97,140,0.002449721633429159,0.04949466267618317,0.5182214777748493,140,14,inf
random_addition,50,97,150,0.0026800483819562917,0.05176918370958047,0.47292389007342817,150,14,inf
random_addition,50,98,10,0.013263393805278245,0.11516680860941769,-1.608467092749768,10,10,inf
random_addition,50,98,20,0.008694519676532527,0.0932444082856046,-0.7099219699316375,20,14,inf
random_addition,50,98,30,0.005737845016025462,0.07574856444861158,-0.1284426993070571,30,14,inf
random_addition,50,98,40,0.005403763636234979,0.0735102961239783,-0.06274003690574048,40,14,inf
random_addition,50,98,50,0.0034492436552375173,0.05873026183525421,0.3216488402853208,50,14,inf
random_addition,50,98,60,0.0026855757343946015,0.051822540794470906,0.4718368442420948,60,14,inf
random_addition,50,98,70,0.003485755427574116,0.059040286479438056,0.314468192704753,70,14,inf
random_addition,50,98,80,0.0030838445473799674,0.05553237386768161,0.3935106550334615,80,14,inf
random_addition,50,98,90,0.004180361110433132,0.06465571212532681,0.17786242703309774,90,14,inf
random_addition,50,98,100,0.004323228963226662,0.06575126586786495,0.14976508648098075,100,14,inf
random_addition,50,98,110,0.003898978731623455,0.06244180275763549,0.23320095398783547,110,14,inf
random_addition,50,98,120,0.0038209676376999716,0.06181397607094994,0.24854313370113312,120,14,inf
random_addition,50,98,130,0.0031025175510497956,0.055700247315876396,0.38983829814572746,130,14,inf
random_addition,50,98,140,0.0025437286392354986,0.050435390741378205,0.4997334358201432,140,14,inf
random_addition,50,98,150,0.0026800483819562917,0.05176918370958047,0.47292389007342817,150,14,inf
random_addition,50,99,10,0.013263393805278245,0.11516680860941769,-1.608467092749768,10,10,inf
random_addition,50,99,20,0.01420114315803725,0.1191685493661698,-1.792891106982522,20,14,inf
random_addition,50,99,30,0.008479634468674419,0.09208493073611132,-0.6676612181477684,30,14,inf
random_addition,50,99,40,0.01071028800621741,0.103490521335132,-1.1063563540556847,40,14,inf
random_addition,50,99,50,0.009423905626122327,0.0970768027188902,-0.853367853794476,50,14,inf
random_addition,50,99,60,0.00754832735921203,0.08688111048560573,-0.48450417825728453,60,14,inf
random_addition,50,99,70,0.0055434652117663285,0.07445445058400692,-0.09021467634785685,70,14,inf
random_addition,50,99,80,0.005002820671662164,0.07073062046710861,0.01611206871005788,80,14,inf
random_addition,50,99,90,0.004460768623297641,0.06678898579330009,0.12271562368810451,90,14,inf
random_addition,50,99,100,0.004685842439062469,0.06845321350427946,0.0784511126224271,100,14,inf
random_addition,50,99,110,0.003281862855354121,0.0572875453772818,0.3545670597745305,110,14,inf
random_addition,50,99,120,0.003132891652761107,0.05597224001914795,0.383864725623568,120,14,inf
random_addition,50,99,130,0.003006370622259993,0.054830380467948546,0.40874719156313843,130,14,inf
random_addition,50,99,140,0.0026129684721627024,0.05111720328972138,0.48611627053426987,140,14,inf
random_addition,50,99,150,0.0026800483819562917,0.05176918370958047,0.47292389007342817,150,14,inf
random_addition,50,100,10,0.013263393805278245,0.11516680860941769,-1.608467092749768,10,10,inf
random_addition,50,100,20,0.005753514224456429,0.07585192301093248,-0.13152430987835362,20,14,inf
random_addition,50,100,30,0.005954894225943164,0.07716796113636257,-0.17112903810462443,30,14,inf
random_addition,50,100,40,0.0033278545021998528,0.05768755933647959,0.3455220371280101,40,14,inf
random_addition,50,100,50,0.0027918566950054257,0.05283802319358121,0.4509349248382659,50,14,inf
random_addition,50,100,60,0.002999153323946626,0.05476452614554997,0.41016659337125516,60,14,inf
random_addition,50,100,70,0.0023557901264311806,0.04853648242746049,0.536694671632602,70,14,inf
random_addition,50,100,80,0.0020772201137354484,0.045576530295048226,0.5914800999936698,80,14,inf
random_addition,50,100,90,0.0018504425318771147,0.043016770356189164,0.636079685012055,90,14,inf
random_addition,50,100,100,0.0019354315316035928,0.043993539657586005,0.6193651840112618,100,14,inf
random_addition,50,100,110,0.0016947549428189927,0.04116740145818039,0.6666982400191489,110,14,inf
random_addition,50,100,120,0.0014718237085540732,0.03836435466098802,0.7105413767806252,120,14,inf
random_addition,50,100,130,0.0016062745569219346,0.04007835521727326,0.6840993802065441,130,14,inf
random_addition,50,100,140,0.00226549747250384,0.047597242278348856,0.5544522244840284,140,14,inf
random_addition,50,100,150,0.0026800483819562917,0.05176918370958047,0.47292389007342817,150,14,inf
random_addition,50,101,10,0.013263393805278245,0.11516680860941769,-1.608467092749768,10,10,inf
random_addition,50,101,20,0.010434595499329473,0.10214986783804213,-1.0521368350929974,20,14,inf
random_addition,50,101,30,0.008955040936540863,0.09463107806920971,-0.7611578107481121,30,14,inf
random_addition,50,101,40,0.008503082034495959,0.0922121577369056,-0.6722725721306555,40,14,inf
random_addition,50,101,50,0.00596223921749457,0.077215537409867,-0.17257355291279852,50,14,inf
random_addition,50,101,60,0.005654650696827454,0.07519741150350492,-0.11208115209541036,60,14,inf
random_addition,50,101,70,0.004594440562885833,0.06778230272634468,0.09642681248647411,70,14,inf
random_addition,50,101,80,0.00475295995465635,0.0689417141842031,0.06525133635520308,80,14,inf
random_addition,50,101,90,0.0052765762710254085,0.07264004591838726,-0.037726525158039426,90,14,inf
random_addition,50,101,100,0.004845877470122308,0.06961233705401872,0.04697756080489368,100,14,inf
random_addition,50,101,110,0.004843073859009998,0.06959219682557807,0.04752893758180998,110,14,inf
random_addition,50,101,120,0.004148831726264341,0.06441142543263843,0.18406320507425245,120,14,inf
random_addition,50,101,130,0.00298312557424734,0.05461799679819226,0.4133187170490412,130,14,inf
random_addition,50,101,140,0.0030098312888347757,0.05486192932111279,0.40806659389621946,140,14,inf
random_addition,50,101,150,0.0026800483819562917,0.05176918370958047,0.47292389007342817,150,14,inf
random_addition,50,102,10,0.013263393805278245,0.11516680860941769,-1.608467092749768,10,10,inf
random_addition,50,102,20,0.03592597993565948,0.18954149924399005,-6.065441757422827,20,14,inf
random_addition,50,102,30,0.012475104760405267,0.11169200848944058,-1.4534369350605632,30,14,inf
random_addition,50,102,40,0.00817374449228829,0.09040876336002109,-0.6075028643267661,40,14,inf
random_addition,50,102,50,0.004213279124740538,0.06490977680396488,0.17138855176858103,50,14,inf
random_addition,50,102,60,0.0032276644187580602,0.05681253751380993,0.3652260841852396,60,14,inf
random_addition,50,102,70,0.0025475228979860475,0.05047299176773701,0.4989872317009346,70,14,inf
random_addition,50,102,80,0.002916959628832214,0.054008884721240207,0.4263313512066238,80,14,inf
random_addition,50,102,90,0.002610093298290802,0.051089072200332646,0.4866817213186536,90,14,inf
random_addition,50,102,100,0.0029141372944266122,0.05398274997095472,0.42688641023071894,100,14,inf
random_addition,50,102,110,0.0029685385969895083,0.05448429679264943,0.41618748885197143,110,14,inf
random_addition,50,102,120,0.002959036974452775,0.05439703093416749,0.41805614102943567,120,14,inf
random_addition,50,102,130,0.003469198054535042,0.05889989859528658,0.3177244756251636,130,14,inf
random_addition,50,102,140,0.0030274365228464867,0.055022145749202535,0.40460423167928583,140,14,inf
random_addition,50,102,150,0.0026800483819562917,0.05176918370958047,0.47292389007342817,150,14,inf
random_addition,50,103,10,0.013263393805278245,0.11516680860941769,-1.608467092749768,10,10,inf
random_addition,50,103,20,0.009476755570203934,0.09734862901039713,-0.8637616747134986,20,14,inf
random_addition,50,103,30,0.0053002391026554865,0.07280274103806454,-0.04238021474416742,30,14,inf
random_addition,50,103,40,0.004582805647634877,0.06769642270929002,0.09871501217387046,40,14,inf
random_addition,50,103,50,0.004326287402738771,0.065774519403328,0.14916359345893637,50,14,inf
random_addition,50,103,60,0.0038149600853874125,0.06176536315272025,0.24972461882819363,60,14,inf
random_addition,50,103,70,0.0030990578943709355,0.05566918262711368,0.3905186971998087,70,14,inf
random_addition,50,103,80,0.0034792088753031318,0.05898481902407714,0.31575568114251873,80,14,inf
random_addition,50,103,90,0.003461570447603249,0.05883511237010811,0.3192245714505695,90,14,inf
random_addition,50,103,100,0.002419708029449607,0.04919052784276264,0.5241241524194286,100,14,inf
random_addition,50,103,110,0.0025718288939874843,0.05071320236375814,0.49420705313901747,110,14,inf
random_addition,50,103,120,0.0022426928083313443,0.047357077700501585,0.5589371411598413,120,14,inf
random_addition,50,103,130,0.002538551487697764,0.050384040009687235,0.5007516088170865,130,14,inf
random_addition,50,103,140,0.0024413328195486326,0.04940984537062055,0.5198712776130965,140,14,inf
random_addition,50,103,150,0.0026800483819562917,0.05176918370958047,0.47292389007342817,150,14,inf
random_addition,50,104,10,0.013263393805278245,0.11516680860941769,-1.608467092749768,10,10,inf
random_addition,50,104,20,0.0057876304023972164,0.07607647732641948,-0.13823382395864314,20,14,inf
random_addition,50,104,30,0.011740226067621644,0.108352323775827,-1.3089108118502124,30,14,inf
random_addition,50,104,40,0.006535417616213272,0.0808419298149993,-0.2852986226259324,40,14,inf
random_addition,50,104,50,0.006511547526494564,0.08069416042375412,-0.2806041722879311,50,14,inf
random_addition,50,104,60,0.0046386293300315976,0.0681074836565821,0.0877363561326081,60,14,inf
random_addition,50,104,70,0.005208576645787231,0.07217046934714524,-0.024353267351088448,70,14,inf
random_addition,50,104,80,0.003773418225120932,0.06142815498711427,0.25789451690010345,80,14,inf
random_addition,50,104,90,0.0038106490819901978,0.06173045506061168,0.25057244938072476,90,14,inf
random_addition,50,104,100,0.004390981877631046,0.06626448428555863,0.13644034846472752,100,14,inf
random_addition,50,104,110,0.0039015987999756535,0.06246277931677115,0.23268567394881967,110,14,inf
random_addition,50,104,120,0.0035399490643435185,0.059497471075193764,0.3038101122598247,120,14,inf
random_addition,50,104,130,0.003298577227199679,0.057433241482609,0.35127990042638757,130,14,inf
random_addition,50,104,140,0.0028161395797759335,0.053067311782074786,0.4461592914844785,140,14,inf
random_addition,50,104,150,0.0026800483819562917,0.05176918370958047,0.47292389007342817,150,14,inf
random_addition,50,105,10,0.013263393805278245,0.11516680860941769,-1.608467092749768,10,10,inf
random_addition,50,105,20,0.012694015493903022,0.11266772161494623,-1.496489373445629,20,14,inf
random_addition,50,105,30,0.005582009988240127,0.07471285022163274,-0.09779514802089784,30,14,inf
random_addition,50,105,40,0.0058162370135667165,0.0762642577723452,-0.14385979005497007,40,14,inf
random_addition,50,105,50,0.003995204981072374,0.06320763388288138,0.21427646084292507,50,14,inf
random_addition,50,105,60,0.0031414346032576437,0.056048502239200326,0.3821846122549716,60,14,inf
random_addition,50,105,70,0.0033163993756695938,0.05758818781373133,0.3477748783718232,70,14,inf
random_addition,50,105,80,0.003527351970661982,0.05939151429844151,0.3062875403461035,80,14,inf
random_addition,50,105,90,0.003542136949012465,0.059515854602050916,0.303379828333594,90,14,inf
random_addition,50,105,100,0.0032333999577216347,0.05686299286637694,0.3640980950095194,100,14,inf
random_addition,50,105,110,0.003284818133772348,0.057313332949431126,0.3539858550981836,110,14,inf
random_addition,50,105,120,0.003507429535564681,0.05922355558023075,0.3102056187144071,120,14,inf
random_addition,50,105,130,0.0031468610042156855,0.05609688943440345,0.38111742021205086,130,14,inf
random_addition,50,105,140,0.0026593084679422093,0.05156848328138233,0.47700273927344705,140,14,inf
random_addition,50,105,150,0.0026800483819562917,0.05176918370958047,0.47292389007342817,150,14,inf
random_addition,50,106,10,0.013263393805278245,0.11516680860941769,-1.608467092749768,10,10,inf
random_addition,50,106,20,0.009929091154005202,0.09964482502370708,-0.9527209940662733,20,14,inf
random_addition,50,106,30,0.006293142575453124,0.07932932985632189,-0.23765120443904575,30,14,inf
random_addition,50,106,40,0.005656184461906912,0.07520760906920863,-0.11238279251991323,40,14,inf
random_addition,50,106,50,0.006254151128052643,0.07908319118531221,-0.22998288749573326,50,14,inf
random_addition,50,106,60,0.004021519926426957,0.06341545494930205,0.20910118896208696,60,14,inf
random_addition,50,106,70,0.002910182729672607,0.0539461094952417,0.4276641411929758,70,14,inf
random_addition,50,106,80,0.002542030664071305,0.05041855475984318,0.5000673708902413,80,14,inf
random_addition,50,106,90,0.002792921440209899,0.05284809779178338,0.450725524976601,90,14,inf
random_addition,50,106,100,0.0028655148350538963,0.053530503781058295,0.4364488259370082,100,14,inf
random_addition,50,106,110,0.0028584185381150522,0.053464179953638606,0.4378444308113797,110,14,inf
random_addition,50,106,120,0.002601785993620002,0.051007705237738364,0.48831549101450666,120,14,inf
random_addition,50,106,130,0.0026122322019675654,0.05111000099753047,0.48626107031957233,130,14,inf
random_addition,50,106,140,0.00272429266575572,0.05219475707152702,0.46422251544583004,140,14,inf
random_addition,50,106,150,0.0026800483819562917,0.05176918370958047,0.47292389007342817,150,14,inf
random_addition,50,107,10,0.013263393805278245,0.11516680860941769,-1.608467092749768,10,10,inf
random_addition,50,107,20,0.006417643983395095,0.08011019899735049,-0.26213647799613526,20,14,inf
random_addition,50,107,30,0.004171524220991618,0.06458733793083299,0.17960034838632521,30,14,inf
random_addition,50,107,40,0.005926531354652472,0.07698396816644666,-0.16555100751126117,40,14,inf
random_addition,50,107,50,0.004952470460737522,0.07037379100728852,0.026014275508567497,50,14,inf
random_addition,50,107,60,0.0031905272216863068,0.05648475211671117,0.37252973194695216,60,14,inf
random_addition,50,107,70,0.002889434415612077,0.053753459568776384,0.43174464240190413,70,14,inf
random_addition,50,107,80,0.005452380380984821,0.07384023551550212,-0.07230132873635098,80,14,inf
random_addition,50,107,90,0.004729959508526793,0.0687747010791526,0.06977475681065515,90,14,inf
random_addition,50,107,100,0.0034677031419377267,0.05888720694631158,0.31801847506255354,100,14,inf
random_addition,50,107,110,0.002845245331304349,0.053340841119205736,0.4404351611309478,110,14,inf
random_addition,50,107,120,0.002761666369768668,0.052551559156400564,0.4568723546586906,120,14,inf
random_addition,50,107,130,0.0031017712110013233,0.05569354730129266,0.3899850783352493,130,14,inf
random_addition,50,107,140,0.0028092832349661786,0.053002671960630236,0.4475077057798962,140,14,inf
random_addition,50,107,150,0.0026800483819562917,0.05176918370958047,0.47292389007342817,150,14,inf
random_addition,50,108,10,0.013263393805278245,0.11516680860941769,-1.608467092749768,10,10,inf
random_addition,50,108,20,0.010528149236782832,0.10260676993640737,-1.0705357342837702,20,14,inf
random_addition,50,108,30,0.003542298062230261,0.05951720811857913,0.30334814273841393,30,14,inf
random_addition,50,108,40,0.004885483268984431,0.06989623215155757,0.03918842142393064,40,14,inf
random_addition,50,108,50,0.003690579773122668,0.06075014216545232,0.27418607690534225,50,14,inf
random_addition,50,108,60,0.005335628079123871,0.0730453836948227,-0.049340045834090906,60,14,inf
random_addition,50,108,70,0.002328093813919172,0.048250324495480564,0.5421416123506961,70,14,inf
random_addition,50,108,80,0.0028143631128141116,0.053050571276981665,0.44650866327267236,80,14,inf
random_addition,50,108,90,0.002763198520030331,0.05256613472598429,0.45657103181497727,90,14,inf
random_addition,50,108,100,0.0027094210381732537,0.05205209926768808,0.4671472684716398,100,14,inf
random_addition,50,108,110,0.0028553683256566016,0.053435646582188946,0.43844430584642524,110,14,inf
random_addition,50,108,120,0.0028924465371291275,0.05378147020237665,0.4311522585843126,120,14,inf
random_addition,50,108,130,0.0025745859050466707,0.050740377462595514,0.4936648410379658,130,14,inf
random_addition,50,108,140,0.0027682105323131585,0.05261378652324083,0.45558533620040464,140,14,inf
random_addition,50,108,150,0.0026800483819562917,0.05176918370958047,0.47292389007342817,150,14,inf
random_addition,50,109,10,0.013263393805278245,0.11516680860941769,-1.608467092749768,10,10,inf
random_addition,50,109,20,0.005603587039951446,0.07485711081755324,-0.10203863427892768,20,14,inf
random_addition,50,109,30,0.00927605541941983,0.09631228073002857,-0.824290650440517,30,14,inf
random_addition,50,109,40,0.010438055689208251,0.10216680326411437,-1.0528173390097146,40,14,inf
random_addition,50,109,50,0.007389965575974676,0.08596490898020352,-0.4533596984666428,50,14,inf
random_addition,50,109,60,0.007148032019679816,0.08454603491400302,-0.40577943888210677,60,14,inf
random_addition,50,109,70,0.006491832840568394,0.08057191098992499,-0.2767269512510462,70,14,inf
random_addition,50,109,80,0.005707480989253509,0.07554787216893345,-0.1224711081893679,80,14,inf
random_addition,50,109,90,0.003346901768325523,0.057852413677611784,0.3417760753006619,90,14,inf
random_addition,50,109,100,0.0030520901360445102,0.055245725047685906,0.39975568841136044,100,14,inf
random_addition,50,109,110,0.002881873817508382,0.053683086885055166,0.4332315598262474,110,14,inf
random_addition,50,109,120,0.003064546630522842,0.05535834743309126,0.39730591149794203,120,14,inf
random_addition,50,109,130,0.003076252149879211,0.055463971638165355,0.3950038263383743,130,14,inf
random_addition,50,109,140,0.0026213370012287693,0.05119899414274434,0.4844704600423225,140,14,inf
random_addition,50,109,150,0.0026800483819562917,0.05176918370958047,0.47292389007342817,150,14,inf
random_addition,50,110,10,0.013263393805278245,0.11516680860941769,-1.608467092749768,10,10,inf
random_addition,50,110,20,0.005748889394165436,0.0758214309688589,-0.13061476004512707,20,14,inf
random_addition,50,110,30,0.0066266386359405014,0.08140416841870263,-0.30323875405977874,30,14,inf
random_addition,50,110,40,0.004030879024626712,0.06348920400057566,0.2072605665670737,40,14,inf
random_addition,50,110,50,0.005150399360821351,0.07176628289678483,-0.012911736200996726,50,14,inf
random_addition,50,110,60,0.0035603444448176584,0.059668621945019464,0.2997990213134234,60,14,inf
random_addition,50,110,70,0.005292216357300305,0.0727476209734745,-0.04080240837275628,70,14,inf
random_addition,50,110,80,0.004069262088086636,0.06379076804747405,0.1997118984490922,80,14,inf
random_addition,50,110,90,0.0028942125458380702,0.053797886072206126,0.4308049435855712,90,14,inf
random_addition,50,110,100,0.002734613167769206,0.05229352892824509,0.46219281699322723,100,14,inf
random_addition,50,110,110,0.00266703431886671,0.05164333760386435,0.4754833221321094,110,14,inf
random_addition,50,110,120,0.0028508406729718205,0.053393264303391495,0.43933474408636886,120,14,inf
random_addition,50,110,130,0.0033005790367050445,0.05745066611193507,0.35088621127733877,130,14,inf
random_addition,50,110,140,0.002472844277269729,0.04972770130691473,0.5136740251061743,140,14,inf
random_addition,50,110,150,0.0026800483819562917,0.05176918370958047,0.47292389007342817,150,14,inf
random_addition,50,111,10,0.013263393805278245,0.11516680860941769,-1.608467092749768,10,10,inf
random_addition,50,111,20,0.013626014080875456,0.11673051906367699,-1.6797824038945488,20,14,inf
random_addition,50,111,30,0.007632545130303876,0.08736443859090423,-0.5010670043139449,30,14,inf
random_addition,50,111,40,0.004662758949395288,0.06828439755460458,0.08299086497138541,40,14,inf
random_addition,50,111,50,0.006429983967700749,0.0801871808190109,-0.2645633412453843,50,14,inf
random_addition,50,111,60,0.0045118657518751805,0.06717042319261642,0.1126665231045515,60,14,inf
random_addition,50,111,70,0.004432847069401549,0.06657962953788155,0.12820686187236263,70,14,inf
random_addition,50,111,80,0.0032763591544124906,0.057239489466735204,0.35564945414548443,80,14,inf
random_addition,50,111,90,0.002708959695982719,0.052047667536429705,0.46723799909007535,90,14,inf
random_addition,50,111,100,0.0024684827846593003,0.04968382820052517,0.5145317852026171,100,14,inf
random_addition,50,111,110,0.002632843370475204,0.05131124019622995,0.4822075410657022,110,14,inf
random_addition,50,111,120,0.00264317161985195,0.051411784834334916,0.4801763189651993,120,14,inf
random_addition,50,111,130,0.002491693555995797,0.04991686644808343,0.5099670007954396,130,14,inf
random_addition,50,111,140,0.0021548558901460938,0.04642042535507504,0.5762117327145005,140,14,inf
random_addition,50,111,150,0.0026800483819562917,0.05176918370958047,0.47292389007342817,150,14,inf
random_addition,50,112,10,0.013263393805278245,0.11516680860941769,-1.608467092749768,10,10,inf
random_addition,50,112,20,0.017643302987006813,0.1328280956236549,-2.4698491143877703,20,14,inf
random_addition,50,112,30,0.010228166969224451,0.10113440052338497,-1.011539229707159,30,14,inf
random_addition,50,112,40,0.011053502620174394,0.10513563915330706,-1.1738552189315303,40,14,inf
random_addition,50,112,50,0.0076592337461534625,0.08751704831719054,-0.5063157647154481,50,14,inf
random_addition,50,112,60,0.004671205356618368,0.06834621684203426,0.08132973844398028,60,14,inf
random_addition,50,112,70,0.0032828399066671572,0.05729607234939545,0.35437490637583036,70,14,inf
random_addition,50,112,80,0.0025843185812134423,0.050836193614524704,0.49175074831945587,80,14,inf
random_addition,50,112,90,0.0025705613452104707,0.050700703596799034,0.49445633769784425,90,14,inf
random_addition,50,112,100,0.002234269646123648,0.04726806158627248,0.5605936961681774,100,14,inf
random_addition,50,112,110,0.001771546166502025,0.042089739444453975,0.6515959680870991,110,14,inf
random_addition,50,112,120,0.0020806623960143225,0.04561427842259836,0.5908031179044533,120,14,inf
random_addition,50,112,130,0.002060170065455605,0.04538909632781429,0.594833275698222,130,14,inf
random_addition,50,112,140,0.0024267684564389094,0.04926224169116657,0.5227356019675051,140,14,inf
random_addition,50,112,150,0.0026800483819562917,0.05176918370958047,0.47292389007342817,150,14,inf
random_addition,50,113,10,0.013263393805278245,0.11516680860941769,-1.608467092749768,10,10,inf
random_addition,50,113,20,0.00940321895871191,0.09697019623942146,-0.8492994764250836,20,14,inf
random_addition,50,113,30,0.0034143951582478087,0.05843282603338477,0.32850237709226304,30,14,inf
random_addition,50,113,40,0.0032679089967970485,0.057165627756520336,0.35731131824995355,40,14,inf
random_addition,50,113,50,0.0034264053503813424,0.05853550504079846,0.32614037296135523,50,14,inf
random_addition,50,113,60,0.004156792076920757,0.06447318882233728,0.18249766965859215,60,14,inf
random_addition,50,113,70,0.0031759544165451243,0.056355606788900114,0.3753957165673214,70,14,inf
random_addition,50,113,80,0.0034599196377532197,0.058821081575853564,0.3195492306768133,80,14,inf
random_addition,50,113,90,0.004098511368766931,0.06401961706201413,0.19395954069954024,90,14,inf
random_addition,50,113,100,0.0033894457022287257,0.05821894624801041,0.33340910277373126,100,14,inf
random_addition,50,113,110,0.003646600974324169,0.06038709277920381,0.2828352394898759,110,14,inf
random_addition,50,113,120,0.003208034049337683,0.05663950961420555,0.36908672297824585,120,14,inf
random_addition,50,113,130,0.002969181490149095,0.054490196275560385,0.41606105321449016,130,14,inf
random_addition,50,113,140,0.002975862267864873,0.05455146439707071,0.414747167109514,140,14,inf
random_addition,50,113,150,0.0026800483819562917,0.05176918370958047,0.47292389007342817,150,14,inf
random_addition,50,114,10,0.013263393805278245,0.11516680860941769,-1.608467092749768,10,10,inf
random_addition,50,114,20,0.025358948463839265,0.159244932301908,-3.987259184624227,20,14,inf
random_addition,50,114,30,0.021726298102701776,0.14739843317587123,-3.2728380443334357,30,14,inf
random_addition,50,114,40,0.01274053026669238,0.11287395743346815,-1.5056372775137032,40,14,inf
random_addition,50,114,50,0.00933969604738128,0.09664210287127076,-0.8368066388999194,50,14,inf
random_addition,50,114,60,0.006750101864395311,0.08215900355040409,-0.3275198523455627,60,14,inf
random_addition,50,114,70,0.005228546190136432,0.07230868682348222,-0.028280610537669393,70,14,inf
random_addition,50,114,80,0.003902731638284103,0.06247184676543589,0.23246288244519864,80,14,inf
random_addition,50,114,90,0.003591108366441861,0.05992585724411342,0.2937487842188473,90,14,inf
random_addition,50,114,100,0.003156201426451396,0.05618008033503864,0.37928047075613236,100,14,inf
random_addition,50,114,110,0.0034587855356747028,0.05881144051691561,0.3197722707218471,110,14,inf
random_addition,50,114,120,0.0022915332776819626,0.04786996216503584,0.5493318501637432,120,14,inf
random_addition,50,114,130,0.0022475712266003334,0.04740855647032857,0.5579777190310748,130,14,inf
random_addition,50,114,140,0.0024377766767393143,0.04937384608007882,0.5205706522702473,140,14,inf
random_addition,50,114,150,0.0026800483819562917,0.05176918370958047,0.47292389007342817,150,14,inf
random_addition,50,115,10,0.013263393805278245,0.11516680860941769,-1.608467092749768,10,10,inf
random_addition,50,115,20,0.006195762934765795,0.07871316875063407,-0.2184998777148397,20,14,inf
random_addition,50,115,30,0.015525232967348456,0.12460029280603017,-2.0532954006452133,30,14,inf
random_addition,50,115,40,0.012835648164356662,0.11329451956893882,-1.5243437948373524,40,14,inf
random_addition,50,115,50,0.008299298504381155,0.09110048575271788,-0.6321951500053087,50,14,inf
random_addition,50,115,60,0.0060598700641037295,0.07784516724950707,-0.19177428346156233,60,14,inf
random_addition,50,115,70,0.003857242534543664,0.06210670281494312,0.2414090716278191,70,14,inf
random_addition,50,115,80,0.004214673668275758,0.06492051808385203,0.17111429157737856,80,14,inf
random_addition,50,115,90,0.002579868090002155,0.050792401892430276,0.4926260114716813,90,14,inf
random_addition,50,115,100,0.0020888211042565013,0.045703622441295624,0.5891985721689117,100,14,inf
random_addition,50,115,110,0.0023155984709205806,0.048120665736464834,0.5445990294720573,110,14,inf
random_addition,50,115,120,0.00228069443551114,0.047756616667338776,0.5514634888333911,120,14,inf
random_addition,50,115,130,0.002490949386243244,0.049909411800213035,0.5101133541601552,130,14,inf
random_addition,50,115,140,0.0027711269818030283,0.05264149486672114,0.45501176787892683,140,14,inf
random_addition,50,115,150,0.0026800483819562917,0.05176918370958047,0.47292389007342817,150,14,inf
random_addition,50,116,10,0.013263393805278245,0.11516680860941769,-1.608467092749768,10,10,inf
random_addition,50,116,20,0.011411705769311655,0.10682558574289053,-1.2443018286576208,20,14,inf
random_addition,50,116,30,0.0061201937790399475,0.07823166736712153,-0.2036379457816031,30,14,inf
random_addition,50,116,40,0.009531663730971916,0.09763023983875035,-0.874560278192323,40,14,inf
random_addition,50,116,50,0.006670345649095378,0.08167218405978488,-0.3118344654750205,50,14,inf
random_addition,50,116,60,0.004513220182230244,0.06718050448031962,0.11240015183770435,60,14,inf
random_addition,50,116,70,0.003646115508028326,0.060383073025710825,0.2829307145150419,70,14,inf
random_addition,50,116,80,0.00353288947476089,0.05943811466358005,0.30519849802179133,80,14,inf
random_addition,50,116,90,0.003049222428319555,0.055219764833975477,0.4003196708537119,90,14,inf
random_addition,50,116,100,0.0030149221336633197,0.05490830659985172,0.40706539454976953,100,14,inf
random_addition,50,116,110,0.0021737423612452284,0.04662341001305276,0.5724973939047264,110,14,inf
random_addition,50,116,120,0.0025368711339487774,0.050367361792620996,0.5010820783426664,120,14,inf
random_addition,50,116,130,0.0028267812636262155,0.05316748314173068,0.4440664272792506,130,14,inf
random_addition,50,116,140,0.002712063422797068,0.0520774751960679,0.46662759956647126,140,14,inf
random_addition,50,116,150,0.0026800483819562917,0.05176918370958047,0.47292389007342817,150,14,inf
random_addition,50,117,10,0.013263393805278245,0.11516680860941769,-1.608467092749768,10,10,inf
random_addition,50,117,20,0.014081171174398258,0.11866411072602473,-1.769296620083574,20,14,inf
random_addition,50,117,30,0.005519058581597671,0.07429036668100159,-0.085414706402418,30,14,inf
random_addition,50,117,40,0.004779800339898471,0.06913610012069289,0.059972727977237406,40,14,inf
random_addition,50,117,50,0.004512770307484738,0.06717715614317667,0.11248862719225838,50,14,inf
random_addition,50,117,60,0.0046341489876343634,0.06807458400632621,0.08861749001726937,60,14,inf
random_addition,50,117,70,0.004253745982200066,0.06522074809598603,0.1634300708865486,70,14,inf
random_addition,50,117,80,0.003933946640220517,0.06272118175082894,0.22632393290131536,80,14,inf
random_addition,50,117,90,0.004292731249117035,0.06551893809515716,0.15576296943816126,90,14,inf
random_addition,50,117,100,0.003418703745744148,0.058469682278460756,0.32765502166683935,100,14,inf
random_addition,50,117,110,0.0031747970179552684,0.056345337144747557,0.37562333825896066,110,14,inf
random_addition,50,117,120,0.002865911462878069,0.0535342083426856,0.43637082247555536,120,14,inf
random_addition,50,117,130,0.0034314206958815444,0.05857832957571891,0.32515402181412156,130,14,inf
random_addition,50,117,140,0.003326862151213773,0.05767895761205964,0.3457171994619985,140,14,inf
random_addition,50,117,150,0.0026800483819562917,0.05176918370958047,0.47292389007342817,150,14,inf
random_addition,50,118,10,0.013263393805278245,0.11516680860941769,-1.608467092749768,10,10,inf
random_addition,50,118,20,0.0078082545725031965,0.08836432862022546,-0.5356231899019765,20,14,inf
random_addition,50,118,30,0.00783821869555147,0.08853371502174451,-0.5415161332980645,30,14,inf
random_addition,50,118,40,0.007442646974958627,0.08627077706244814,-0.4637203721876455,40,14,inf
random_addition,50,118,50,0.0077148702947838444,0.08783433437320422,-0.5172576177876813,50,14,inf
random_addition,50,118,60,0.004162107609622383,0.06451439846749238,0.18145228170312733,60,14,inf
random_addition,50,118,70,0.004015202606915147,0.06336562638304105,0.2103435949633612,70,14,inf
random_addition,50,118,80,0.0031099061852475412,0.05576653284226608,0.3883852002849435,80,14,inf
random_addition,50,118,90,0.0033377490805062025,0.05777325575477119,0.343576103659724,90,14,inf
random_addition,50,118,100,0.0033294932470816774,0.05770176121299659,0.34519975067852304,100,14,inf
random_addition,50,118,110,0.00305907720050822,0.05530892514330956,0.3983815659208365,110,14,inf
random_addition,50,118,120,0.003577729972458805,0.059814128535479016,0.2963798680101434,120,14,inf
random_addition,50,118,130,0.0025550713378365325,0.05054771347782739,0.49750270539939667,130,14,inf
random_addition,50,118,140,0.0025843226715523714,0.05083623384508702,0.4917499438862428,140,14,inf
random_addition,50,118,150,0.0026800483819562917,0.05176918370958047,0.47292389007342817,150,14,inf
random_addition,50,119,10,0.013263393805278245,0.11516680860941769,-1.608467092749768,10,10,inf
random_addition,50,119,20,0.007610175107690152,0.08723631759588521,-0.49666756713303695,20,14,inf
random_addition,50,119,30,0.004131073812580146,0.06427343006702028,0.18755559428934754,30,14,inf
random_addition,50,119,40,0.007914328938912762,0.088962514234439,-0.5564844791184305,40,14,inf
random_addition,50,119,50,0.005909286969009851,0.07687188672726754,-0.16215961213057328,50,14,inf
random_addition,50,119,60,0.0063130261932933945,0.07945455426401557,-0.2415616487478407,60,14,inf
random_addition,50,119,70,0.00426965018250285,0.06534256026896137,0.16030224525342862,70,14,inf
random_addition,50,119,80,0.003974956698133023,0.06304725765751451,0.21825862261142848,80,14,inf
random_addition,50,119,90,0.004628026610906146,0.06802960099034938,0.08982155727633057,90,14,inf
random_addition,50,119,100,0.0033793201304859618,0.058131920065364794,0.3354004649449853,100,14,inf
random_addition,50,119,110,0.003185816692866681,0.05644303936595443,0.37345613582184534,110,14,inf
random_addition,50,119,120,0.002647305821017288,0.0514519758708768,0.4793632595135301,120,14,inf
random_addition,50,119,130,0.002384590447708167,0.048832268508724505,0.5310306092203299,130,14,inf
random_addition,50,119,140,0.0026958363787724926,0.0519214443055323,0.469818917789554,140,14,inf
random_addition,50,119,150,0.0026800483819562917,0.05176918370958047,0.47292389007342817,150,14,inf
random_addition,50,120,10,0.013263393805278245,0.11516680860941769,-1.608467092749768,10,10,inf
random_addition,50,120,20,0.006192693210973439,0.07869366690511657,-0.21789616545131585,20,14,inf
random_addition,50,120,30,0.0036427630314468293,0.060355306572387066,0.2835900348195154,30,14,inf
random_addition,50,120,40,0.004454067419525854,0.06673879995569185,0.12403352691688152,40,14,inf
random_addition,50,120,50,0.004087991476188015,0.0639374027951403,0.19602845262466495,50,14,inf
random_addition,50,120,60,0.0032440721463571137,0.05695675681038303,0.36199923153068747,60,14,inf
random_addition,50,120,70,0.004026763364718033,0.06345678344131565,0.20806997957209716,70,14,inf
random_addition,50,120,80,0.003134116265752277,0.05598317841773792,0.3836238851014725,80,14,inf
random_addition,50,120,90,0.0034914642405848143,0.05908861345965748,0.3133454596323819,90,14,inf
random_addition,50,120,100,0.0029211863394585412,0.05404800032802824,0.42550009823010715,100,14,inf
random_addition,50,120,110,0.0028607765871515346,0.05348622801386853,0.4373806812307628,110,14,inf
random_addition,50,120,120,0.0035243404126784838,0.059366155448020076,0.3068798133354448,120,14,inf
random_addition,50,120,130,0.003395597220744129,0.05827175319778983,0.3321993042973048,130,14,inf
random_addition,50,120,140,0.002824683890559793,0.05314775527301029,0.444478910592745,140,14,inf
random_addition,50,120,150,0.0026800483819562917,0.05176918370958047,0.47292389007342817,150,14,inf
random_addition,50,121,10,0.013263393805278245,0.11516680860941769,-1.608467092749768,10,10,inf
random_addition,50,121,20,0.007214151581527358,0.08493616180124551,-0.4187829509393082,20,14,inf
random_addition,50,121,30,0.006718733577727723,0.08196788137879203,-0.3213507568086582,30,14,inf
random_addition,50,121,40,0.0067922975829084655,0.08241539651611503,-0.3358183425217869,40,14,inf
random_addition,50,121,50,0.0064332967841635,0.08020783493003349,-0.26521486172756803,50,14,inf
random_addition,50,121,60,0.0061705043768286545,0.07855255805401028,-0.21353236199777448,60,14,inf
random_addition,50,121,70,0.003901035755895712,0.06245827211743623,0.23279640593611173,70,14,inf
random_addition,50,121,80,0.003359265361689979,0.05795916978088954,0.33934456893714826,80,14,inf
random_addition,50,121,90,0.0036191044167856257,0.06015899281724741,0.2882428950685444,90,14,inf
random_addition,50,121,100,0.0031916875921228424,0.056495022719907306,0.3723015257922123,100,14,inf
random_addition,50,121,110,0.0038565335216913903,0.06210099453061432,0.24154851080308937,110,14,inf
random_addition,50,121,120,0.00339952809634341,0.05830547226756173,0.3314262322015086,120,14,inf
random_addition,50,121,130,0.0030359472143891503,0.05509943025466915,0.40293046257075293,130,14,inf
random_addition,50,121,140,0.0029984218873396777,0.05475784772377086,0.41031044255101023,140,14,inf
random_addition,50,121,150,0.0026800483819562917,0.05176918370958047,0.47292389007342817,150,14,inf
random_addition,50,122,10,0.013263393805278245,0.11516680860941769,-1.608467092749768,10,10,inf
random_addition,50,122,20,0.005091966114086769,0.07135801366410621,-0.001419865909923379,20,14,inf
random_addition,50,122,30,0.005533395810491823,0.07438679863048163,-0.08823436103385429,30,14,inf
random_addition,50,122,40,0.007983272691767412,0.08934916167355691,-0.570043415331307,40,14,inf
random_addition,50,122,50,0.006314914912448258,0.07946643890629715,-0.2419330967976563,50,14,inf
random_addition,50,122,60,0.005839888308789966,0.0764191619215362,-0.1485112108147313,60,14,inf
random_addition,50,122,70,0.005345807451774482,0.0731150289049692,-0.05134198884911245,70,14,inf
random_addition,50,122,80,0.004804185356021985,0.06931223092659755,0.05517700879343046,80,14,inf
random_addition,50,122,90,0.0037758781383495877,0.06144817441022628,0.2574107340310904,90,14,inf
random_addition,50,122,100,0.003563201744661219,0.05969256021198303,0.2992370857541339,100,14,inf
random_addition,50,122,110,0.0027036844568439906,0.051996965842671924,0.46827546264591746,110,14,inf
random_addition,50,122,120,0.0022443695102872608,0.04737477715290343,0.5586073898201339,120,14,inf
random_addition,50,122,130,0.002176328148498072,0.0466511323388626,0.5719888558143313,130,14,inf
random_addition,50,122,140,0.0021958906831426998,0.04686033165847954,0.5681415578587371,140,14,inf
random_addition,50,122,150,0.0026800483819562917,0.05176918370958047,0.47292389007342817,150,14,inf
random_addition,50,123,10,0.013263393805278245,0.11516680860941769,-1.608467092749768,10,10,inf
random_addition,50,123,20,0.014426822594113492,0.12011170881356027,-1.8372747233598727,20,14,inf
random_addition,50,123,30,0.009962304020641218,0.09981134214427345,-0.959252856947511,30,14,inf
random_addition,50,123,40,0.004625515914962758,0.06801114552014807,0.09031532741121295,40,14,inf
random_addition,50,123,50,0.004333279376522862,0.06582764902776692,0.147788505468869,50,14,inf
random_addition,50,123,60,0.003940016190241192,0.06276954827176305,0.22513025489332106,60,14,inf
random_addition,50,123,70,0.003712809265887018,0.06093282584852781,0.2698142772577098,70,14,inf
random_addition,50,123,80,0.004151060790487217,0.06442872643850114,0.18362482250351964,80,14,inf
random_addition,50,123,90,0.002750343213935999,0.052443714722891235,0.4590992416688494,90,14,inf
random_addition,50,123,100,0.003395654150672537,0.05827224168223269,0.33218810807957766,100,14,inf
random_addition,50,123,110,0.002998178795151637,0.05475562797696358,0.410358250674807,110,14,inf
random_addition,50,123,120,0.002621283536797359,0.05119847201623657,0.4844809747123997,120,14,inf
random_addition,50,123,130,0.0026582368124295065,0.05155809162904991,0.4772134981622117,130,14,inf
random_addition,50,123,140,0.0027925530598800217,0.05284461240164433,0.4507979730982664,140,14,inf
random_addition,50,123,150,0.0026800483819562917,0.05176918370958047,0.47292389007342817,150,14,inf
random_addition,50,124,10,0.013263393805278245,0.11516680860941769,-1.608467092749768,10,10,inf
random_addition,50,124,20,0.006648225167140367,0.08153664922683766,-0.3074841046169685,20,14,inf
random_addition,50,124,30,0.006726656713623847,0.08201619787349232,-0.3229089733224588,30,14,inf
random_addition,50,124,40,0.0037149826664925603,0.060950657637900515,0.2693868418635603,40,14,inf
random_addition,50,124,50,0.0033173872875690543,0.057596764558168145,0.3475805890580841,50,14,inf
random_addition,50,124,60,0.003239904237457647,0.056920156688625226,0.36281892016916484,60,14,inf
random_addition,50,124,70,0.003737700902673193,0.061136739385358074,0.26491892269049655,70,14,inf
random_addition,50,124,80,0.002860433397954495,0.053483019716116395,0.43744817509697886,80,14,inf
random_addition,50,124,90,0.0024277364699237906,0.04927206581749735,0.5225452260080997,90,14,inf
random_addition,50,124,100,0.002257892382023652,0.04751728508683605,0.5559478920745557,100,14,inf
random_addition,50,124,110,0.003032203376911403,0.0550654463062945,0.40366675050766243,110,14,inf
random_addition,50,124,120,0.0018655498190326524,0.04319201105566459,0.6331085856098598,120,14,inf
random_addition,50,124,130,0.002324167522147593,0.04820962063890975,0.5429137829605006,130,14,inf
random_addition,50,124,140,0.0025880334246720267,0.05087271788170971,0.49102016253887093,140,14,inf
random_addition,50,124,150,0.0026800483819562917,0.05176918370958047,0.47292389007342817,150,14,inf
random_addition,50,125,10,0.013263393805278245,0.11516680860941769,-1.608467092749768,10,10,inf
random_addition,50,125,20,0.00851249898799524,0.09226320495189423,-0.6741245727330245,20,14,inf
random_addition,50,125,30,0.0061051752192423925,0.07813562068123854,-0.20068429609076555,30,14,inf
random_addition,50,125,40,0.006105889950033085,0.07814019420268345,-0.20082485979377163,40,14,inf
random_addition,50,125,50,0.005522296512183846,0.07431215588437631,-0.08605149933088274,50,14,inf
random_addition,50,125,60,0.0032690078775175794,0.05717523832497403,0.357095205071046,60,14,inf
random_addition,50,125,70,0.0028520192239127025,0.0534042996762686,0.43910296243292835,70,14,inf
random_addition,50,125,80,0.00301545066574681,0.05491311924983692,0.40696144992085426,80,14,inf
random_addition,50,125,90,0.0033029230764454348,0.05747106294863037,0.35042521685791095,90,14,inf
random_addition,50,125,100,0.0025732944850400774,0.05072765010366711,0.4939188202713033,100,14,inf
random_addition,50,125,110,0.0026488760473477578,0.05146723275393537,0.4790544483773057,110,14,inf
random_addition,50,125,120,0.0030650787667632095,0.05536315351172844,0.3972012580516041,120,14,inf
random_addition,50,125,130,0.0029034473717052217,0.05388364660734481,0.4289887614126381,130,14,inf
random_addition,50,125,140,0.0028241265413697725,0.05314251162082737,0.444588522585172,140,14,inf
random_addition,50,125,150,0.0026800483819562917,0.05176918370958047,0.47292389007342817,150,14,inf
random_addition,50,126,10,0.013263393805278245,0.11516680860941769,-1.608467092749768,10,10,inf
random_addition,50,126,20,0.013160864216034528,0.11472080986479535,-1.588302942947554,20,14,inf
random_addition,50,126,30,0.006995128565923559,0.08363688519979423,-0.3757084304097307,30,14,inf
random_addition,50,126,40,0.0036373731032231663,0.06031063839177269,0.2846500538923197,40,14,inf
random_addition,50,126,50,0.0018757673050243,0.04331012935820326,0.631099146972123,50,14,inf
random_addition,50,126,60,0.003077409722237078,0.05547440601067377,0.39477617047236413,60,14,inf
random_addition,50,126,70,0.003010447425527583,0.05486754437304064,0.40794542036315407,70,14,inf
random_addition,50,126,80,0.004349368413222233,0.06594974157054925,0.1446243286827097,80,14,inf
random_addition,50,126,90,0.002958828148711239,0.05439511144129809,0.4180972100863387,90,14,inf
random_addition,50,126,100,0.002403171888159487,0.04902215711450779,0.5273762597631141,100,14,inf
random_addition,50,126,110,0.0024883297172542777,0.049883160658224915,0.5106285556577461,110,14,inf
random_addition,50,126,120,0.0025827338412913008,0.050820604495532135,0.4920624137949866,120,14,inf
random_addition,50,126,130,0.002489213624998358,0.04989201965242896,0.5104547204917766,130,14,inf
random_addition,50,126,140,0.002908746566755016,0.05393279676370414,0.4279465865282619,140,14,inf
random_addition,50,126,150,0.0026800483819562917,0.05176918370958047,0.47292389007342817,150,14,inf
random_addition,50,127,10,0.013263393805278245,0.11516680860941769,-1.608467092749768,10,10,inf
random_addition,50,127,20,0.016647081540649054,0.12902356970975906,-2.273925589981697,20,14,inf
random_addition,50,127,30,0.009811166370574486,0.09905133199798216,-0.9295291231533964,30,14,inf
random_addition,50,127,40,0.007151812399225901,0.08456838888867342,-0.4065229134248096,40,14,inf
random_addition,50,127,50,0.005204702361858494,0.0721436231544999,-0.023591324948981862,50,14,inf
random_addition,50,127,60,0.005135722487717967,0.07166395528937798,-0.01002528488418486,60,14,inf
random_addition,50,127,70,0.003925363952588178,0.0626527250212485,0.2280118612388875,70,14,inf
random_addition,50,127,80,0.005038102756474403,0.07097959394413582,0.009173259642976772,80,14,inf
random_addition,50,127,90,0.003518753152540887,0.059319079161268905,0.30797864101269845,90,14,inf
random_addition,50,127,100,0.0031135935953353865,0.05579958418604378,0.3876600097332017,100,14,inf
random_addition,50,127,110,0.002657041527135179,0.05154649868938897,0.4774485709047145,110,14,inf
random_addition,50,127,120,0.0024120434542987085,0.04911255902820284,0.5256315186602674,120,14,inf
random_addition,50,127,130,0.002370874322402855,0.048691624766512516,0.5337281134959475,130,14,inf
random_addition,50,127,140,0.0025627111129028594,0.050623227009969046,0.49600021650785864,140,14,inf
random_addition,50,127,150,0.0026800483819562917,0.05176918370958047,0.47292389007342817,150,14,inf
random_addition,50,128,10,0.013263393805278245,0.11516680860941769,-1.608467092749768,10,10,inf
random_addition,50,128,20,0.009848753818293879,0.0992408878350747,-0.9369213201970723,20,14,inf
random_addition,50,128,30,0.00529515331924389,0.07276780413922004,-0.041380010809581425,30,14,inf
random_addition,50,128,40,0.00393750863268952,0.06274957077693456,0.2256234078112499,40,14,inf
random_addition,50,128,50,0.0033093217408142134,0.057526704588514485,0.3491668130369472,50,14,inf
random_addition,50,128,60,0.0031658415610054656,0.05626581165330743,0.37738457788563906,60,14,inf
random_addition,50,128,70,0.0035659726973952498,0.0597157659031118,0.2986921317907367,70,14,inf
random_addition,50,128,80,0.0026991331716743664,0.05195318249803727,0.4691705486072466,80,14,inf
random_addition,50,128,90,0.002029079734508892,0.045045307574806195,0.6009477066174733,90,14,inf
random_addition,50,128,100,0.002307195517442532,0.04803327510635239,0.546251610097438,100,14,inf
random_addition,50,128,110,0.0026276629635012304,0.051260735104963435,0.4832263542983519,110,14,inf
random_addition,50,128,120,0.002641054642476235,0.05139119226556468,0.48059265779232896,120,14,inf
random_addition,50,128,130,0.00308090325231766,0.055505884844020456,0.39408910965018584,130,14,inf
random_addition,50,128,140,0.0032728270397718593,0.05720862731941625,0.3563441032634379,140,14,inf
random_addition,50,128,150,0.0026800483819562917,0.05176918370958047,0.47292389007342817,150,14,inf
random_addition,50,129,10,0.013263393805278245,0.11516680860941769,-1.608467092749768,10,10,inf
random_addition,50,129,20,0.011134045452552529,0.10551798639356481,-1.1896953071396945,20,14,inf
random_addition,50,129,30,0.004170150079519432,0.06457669919962952,0.17987059617234447,30,14,inf
random_addition,50,129,40,0.00391545202389509,0.06257357288740263,0.22996120694943356,40,14,inf
random_addition,50,129,50,0.0027016792120242317,0.05197767994076142,0.4686698274067048,50,14,inf
random_addition,50,129,60,0.001996534073794407,0.044682592514248845,0.6073483523520325,60,14,inf
random_addition,50,129,70,0.0024619670014622594,0.04961821239688366,0.5158132223899989,70,14,inf
random_addition,50,129,80,0.002420143498284966,0.049194953992101324,0.5240385102268172,80,14,inf
random_addition,50,129,90,0.0028075543422278484,0.052986359963936455,0.44784772130541217,90,14,inf
random_addition,50,129,100,0.002626079337753682,0.051245286005189614,0.4835378006529091,100,14,inf
random_addition,50,129,110,0.002962562250432325,0.05442942449109971,0.41736283684797815,110,14,inf
random_addition,50,129,120,0.0033349939145744982,0.05774940618373923,0.34411795288575364,120,14,inf
random_addition,50,129,130,0.002892866106445894,0.05378537074749875,0.4310697432965981,130,14,inf
random_addition,50,129,140,0.0028120444920790603,0.05302871384522785,0.4469646586217316,140,14,inf
random_addition,50,129,150,0.0026800483819562917,0.05176918370958047,0.47292389007342817,150,14,inf
random_addition,50,130,10,0.013263393805278245,0.11516680860941769,-1.608467092749768,10,10,inf
random_addition,50,130,20,0.008460679787797633,0.09198195359850558,-0.6639334647502186,20,14,inf
random_addition,50,130,30,0.006362054767696199,0.0797624897285447,-0.25120393373249184,30,14,inf
random_addition,50,130,40,0.006353167087267728,0.07970675684826053,-0.24945602348652463,40,14,inf
random_addition,50,130,50,0.006137908058697809,0.07834480237193664,-0.20712175363935592,50,14,inf
random_addition,50,130,60,0.005314544033097735,0.07290091928842692,-0.04519351734759525,60,14,inf
random_addition,50,130,70,0.0037099688059751695,0.06090951326332505,0.2703729009642142,70,14,inf
random_addition,50,130,80,0.003303369959623325,0.05747495071440536,0.35033732984490795,80,14,inf
random_addition,50,130,90,0.002313038478001383,0.04809405865594401,0.5451024946775269,90,14,inf
random_addition,50,130,100,0.0024748137866577673,0.049747500305621056,0.5132866883126671,100,14,inf
random_addition,50,130,110,0.0023994280963510013,0.0489839575407194,0.5281125387184034,110,14,inf
random_addition,50,130,120,0.00299220629656592,0.0547010630295785,0.41153284190319517,120,14,inf
random_addition,50,130,130,0.0027171954796767488,0.05212672519616736,0.4656182951844028,130,14,inf
random_addition,50,130,140,0.002491980141386824,0.049919736992364294,0.5099106390095548,140,14,inf
random_addition,50,130,150,0.0026800483819562917,0.05176918370958047,0.47292389007342817,150,14,inf
random_addition,50,131,10,0.013263393805278245,0.11516680860941769,-1.608467092749768,10,10,inf
random_addition,50,131,20,0.006608267149938748,0.08129124891363614,-0.2996256956386818,20,14,inf
random_addition,50,131,30,0.007195028307846278,0.08482351270636154,-0.415022040961434,30,14,inf
random_addition,50,131,40,0.010284932447033455,0.10141465597749398,-1.0227031054875857,40,14,inf
random_addition,50,131,50,0.009249674189606994,0.09617522648586274,-0.8191023426179997,50,14,inf
random_addition,50,131,60,0.006680616620993861,0.0817350391263983,-0.31385442300633404,60,14,inf
random_addition,50,131,70,0.006037587731620622,0.07770191588127427,-0.1873920920039911,70,14,inf
random_addition,50,131,80,0.005760791954130486,0.0758998811206611,-0.13295559651911915,80,14,inf
random_addition,50,131,90,0.0054676026138796826,0.07394323913570248,-0.07529503413086447,90,14,inf
random_addition,50,131,100,0.005594465766315773,0.07479616144105106,-0.10024478404180726,100,14,inf
random_addition,50,131,110,0.004328670684664989,0.06579263396965492,0.1486948814106812,110,14,inf
random_addition,50,131,120,0.003932150117299115,0.06270685861450177,0.22667724902768904,120,14,inf
random_addition,50,131,130,0.0029080264091529357,0.05392611991561173,0.4280882175040287,130,14,inf
random_addition,50,131,140,0.0025183554516007775,0.05018321882463078,0.5047234953746591,140,14,inf
random_addition,50,131,150,0.0026800483819562917,0.05176918370958047,0.47292389007342817,150,14,inf
random_addition,50,132,10,0.013263393805278245,0.11516680860941769,-1.608467092749768,10,10,inf
random_addition,50,132,20,0.01007751658386383,0.10038683471384,-0.9819113246255151,20,14,inf
random_addition,50,132,30,0.011767959814860557,0.10848022775999577,-1.3143651147302609,30,14,inf
random_addition,50,132,40,0.003577377912867942,0.05981118551632246,0.2964491063869069,40,14,inf
random_addition,50,132,50,0.004058162733387036,0.06370371051506368,0.20189477124241473,50,14,inf
random_addition,50,132,60,0.003479137824560684,0.0589842167410968,0.3157696544532951,60,14,inf
random_addition,50,132,70,0.0029463163742988138,0.05427998134025853,0.4205578587186466,70,14,inf
random_addition,50,132,80,0.0025979998134978742,0.050970577919991,0.489060106337009,80,14,inf
random_addition,50,132,90,0.00249832981720194,0.049983295381576635,0.5086618696028312,90,14,inf
random_addition,50,132,100,0.002234455142162519,0.0472700237165428,0.5605572152855065,100,14,inf
random_addition,50,132,110,0.0025164483696057853,0.05016421403356964,0.5050985547825411,110,14,inf
random_addition,50,132,120,0.003210251445551903,0.056659080874577404,0.3686506351155693,120,14,inf
random_addition,50,132,130,0.00278375263685048,0.05276127971202442,0.4525287227247837,130,14,inf
random_addition,50,132,140,0.0025231722449144027,0.0502311879703676,0.5037761928187953,140,14,inf
random_addition,50,132,150,0.0026800483819562917,0.05176918370958047,0.47292389007342817,150,14,inf
random_addition,50,133,10,0.013263393805278245,0.11516680860941769,-1.608467092749768,10,10,inf
random_addition,50,133,20,0.010842894676981355,0.1041292210524085,-1.1324356624171088,20,14,inf
random_addition,50,133,30,0.002204464950856993,0.04695173000920193,0.5664552854381549,30,14,inf
random_addition,50,133,40,0.005487149157935811,0.07407529384306087,-0.07913918727114932,40,14,inf
random_addition,50,133,50,0.004395813999619727,0.06630093513382543,0.13549003126984704,50,14,inf
random_addition,50,133,60,0.004898403139138276,0.06998859292154884,0.03664751397341859,60,14,inf
random_addition,50,133,70,0.003390723380610478,0.0582299182603795,0.33315782605957744,70,14,inf
random_addition,50,133,80,0.002815153973297183,0.053058024589096635,0.4463531273988731,80,14,inf
random_addition,50,133,90,0.003471080071634882,0.05891587283266609,0.3173543456459895,90,14,inf
random_addition,50,133,100,0.0030836528141590753,0.05553064752151802,0.39354836256176284,100,14,inf
random_addition,50,133,110,0.0027055090906799176,0.05201450846331163,0.46791661804044105,110,14,inf
random_addition,50,133,120,0.0032302752534927397,0.056835510497335553,0.3647126200907551,120,14,inf
random_addition,50,133,130,0.0029126785336866337,0.05396923691962518,0.42717329980380203,130,14,inf
random_addition,50,133,140,0.002721032627486916,0.052163518166309646,0.46486365621795245,140,14,inf
random_addition,50,133,150,0.0026800483819562917,0.05176918370958047,0.47292389007342817,150,14,inf
random_addition,50,134,10,0.013263393805278245,0.11516680860941769,-1.608467092749768,10,10,inf
random_addition,50,134,20,0.009269159469337752,0.09627647412186298,-0.822934447109271,20,14,inf
random_addition,50,134,30,0.004616260145250689,0.06794306546845445,0.09213562853975166,30,14,inf
random_addition,50,134,40,0.0014525805473643847,0.03811273471379854,0.7143258646319779,40,14,inf
random_addition,50,134,50,0.002560635569362815,0.050602722944154056,0.4964084066817507,50,14,inf
random_addition,50,134,60,0.0030535053786088177,0.055258532179282664,0.39947735741165913,60,14,inf
random_addition,50,134,70,0.0024818208065621817,0.04981787637547572,0.511908641252673,70,14,inf
random_addition,50,134,80,0.0034745290328462284,0.058945135786137845,0.3166760500335658,80,14,inf
random_addition,50,134,90,0.0033266890588740114,0.0576774571117175,0.3457512409508441,90,14,inf
random_addition,50,134,100,0.0037302966136150487,0.06107615421434988,0.26637509934007253,100,14,inf
random_addition,50,134,110,0.002724166542592903,0.05219354885992045,0.4642473196644691,110,14,inf
random_addition,50,134,120,0.002618377584666973,0.05117008486085374,0.48505247855346045,120,14,inf
random_addition,50,134,130,0.0028352821591785195,0.0532473676267524,0.44239458471522575,130,14,inf
random_addition,50,134,140,0.0025076990277892136,0.050076931093959956,0.5068192584385438,140,14,inf
random_addition,50,134,150,0.0026800483819562917,0.05176918370958047,0.47292389007342817,150,14,inf
random_addition,50,135,10,0.013263393805278245,0.11516680860941769,-1.608467092749768,10,10,inf
random_addition,50,135,20,0.007266031531934091,0.08524102024221725,-0.42898600646161333,20,14,inf
random_addition,50,135,30,0.012356518736672812,0.11115987916812797,-1.4301150202394068,30,14,inf
random_addition,50,135,40,0.0042284301821807445,0.06502638066339494,0.16840884421157454,40,14,inf
random_addition,50,135,50,0.002949300948878878,0.05430746678753188,0.4199708924645905,50,14,inf
random_addition,50,135,60,0.002911913040861252,0.05396214451688565,0.42732384670560253,60,14,inf
random_addition,50,135,70,0.004635342295263852,0.06808334814963092,0.08838280621546513,70,14,inf
random_addition,50,135,80,0.003954120553623463,0.06288179826963812,0.22235639713964428,80,14,inf
random_addition,50,135,90,0.0036083359703617647,0.06006942625297635,0.2903606892431774,90,14,inf
random_addition,50,135,100,0.003315665956720949,0.057581819671845634,0.3479191174120586,100,14,inf
random_addition,50,135,110,0.0033632943712323593,0.05799391667435783,0.33855219716850693,110,14,inf
random_addition,50,135,120,0.0023045553681122,0.0480057847359274,0.5467708393949484,120,14,inf
random_addition,50,135,130,0.0023151337267374055,0.04811583654824475,0.5446904291489543,130,14,inf
random_addition,50,135,140,0.002529686737012327,0.050295991261852344,0.5024950095475385,140,14,inf
random_addition,50,135,150,0.0026800483819562917,0.05176918370958047,0.47292389007342817,150,14,inf
random_addition,50,136,10,0.013263393805278245,0.11516680860941769,-1.608467092749768,10,10,inf
random_addition,50,136,20,0.011701842497574489,0.10817505487668813,-1.3013620441034224,20,14,inf
random_addition,50,136,30,0.006711032507937187,0.08192089176722374,-0.31983621328966927,30,14,inf
random_addition,50,136,40,0.004570425939681028,0.06760492540992134,0.10114968773953281,40,14,inf
random_addition,50,136,50,0.00481552675496154,0.0693939965340053,0.05294653397273996,50,14,inf
random_addition,50,136,60,0.005744278261470791,0.0757910170235945,-0.12970790407214872,60,14,inf
random_addition,50,136,70,0.004121706529588747,0.06420051814112365,0.18939782635983127,70,14,inf
random_addition,50,136,80,0.002909361085820121,0.05393849354422239,0.4278257311286012,80,14,inf
random_addition,50,136,90,0.0031327886805736912,0.055971320161076164,0.38388497681766554,90,14,inf
random_addition,50,136,100,0.00391700113873726,0.06258595001066342,0.22965654773867528,100,14,inf
random_addition,50,136,110,0.004377524849613906,0.06616286609280092,0.13908689694728504,110,14,inf
random_addition,50,136,120,0.0030425462538045955,0.055159280758586726,0.4016326516626505,120,14,inf
random_addition,50,136,130,0.003046741969513771,0.0551973003824804,0.40080749435234264,130,14,inf
random_addition,50,136,140,0.0030680807912369023,0.05539025899232556,0.3966108599856023,140,14,inf
random_addition,50,136,150,0.0026800483819562917,0.05176918370958047,0.47292389007342817,150,14,inf
random_addition,50,137,10,0.013263393805278245,0.11516680860941769,-1.608467092749768,10,10,inf
random_addition,50,137,20,0.006566777017166995,0.08103565275338377,-0.29146597063934787,20,14,inf
random_addition,50,137,30,0.006144465392324881,0.07838664039442488,-0.20841136241019642,30,14,inf
random_addition,50,137,40,0.003244968207952441,0.05696462242438232,0.36182300610763185,40,14,inf
random_addition,50,137,50,0.007185119114377883,0.0847650819286921,-0.41307323317833755,50,14,inf
random_addition,50,137,60,0.009346562692492762,0.09667762250124257,-0.8381570789210673,60,14,inf
random_addition,50,137,70,0.008288823867185926,0.09104297813223118,-0.6301351383044291,70,14,inf
random_addition,50,137,80,0.005986862266408532,0.07737481674555703,-0.17741608520567786,80,14,inf
random_addition,50,137,90,0.004041536503858113,0.06357308002494541,0.20516459593731595,90,14,inf
random_addition,50,137,100,0.004812690214196115,0.06937355558277315,0.05350438691388604,100,14,inf
random_addition,50,137,110,0.004789385931660623,0.06920538946975606,0.05808756185435893,110,14,inf
random_addition,50,137,120,0.004023903475257534,0.06343424528799514,0.2086324244226484,120,14,inf
random_addition,50,137,130,0.003073366719982244,0.05543795378603222,0.3955712941407461,130,14,inf
random_addition,50,137,140,0.0028445178058317086,0.05333402109190445,0.4405782411210605,140,14,inf
random_addition,50,137,150,0.0026800483819562917,0.05176918370958047,0.47292389007342817,150,14,inf
random_addition,50,138,10,0.013263393805278245,0.11516680860941769,-1.608467092749768,10,10,inf
random_addition,50,138,20,0.0069107763429259545,0.08313107928401961,-0.35911916214854256,20,14,inf
random_addition,50,138,30,0.006768957823896915,0.08227367637280417,-0.33122819054197383,30,14,inf
random_addition,50,138,40,0.008214863767349761,0.09063588564884088,-0.6155896539863546,40,14,inf
random_addition,50,138,50,0.005124710920998022,0.07158708627258147,-0.00785967705784052,50,14,inf
random_addition,50,138,60,0.00489878617498196,0.06999132928429035,0.036572183601097596,60,14,inf
random_addition,50,138,70,0.004444776991109288,0.06666916072000073,0.12586064425637555,70,14,inf
random_addition,50,138,80,0.003996118398109521,0.06321485899778248,0.2140968221834436,80,14,inf
random_addition,50,138,90,0.003824484924568667,0.06184242010601353,0.24785140071126277,90,14,inf
random_addition,50,138,100,0.0034276591965094125,0.05854621419450973,0.32589378325645324,100,14,inf
random_addition,50,138,110,0.0035178690974645337,0.059311627000652525,0.30815250515401105,110,14,inf
random_addition,50,138,120,0.003325812058645906,0.057669853984953924,0.3459237176388571,120,14,inf
random_addition,50,138,130,0.0023152812587445707,0.04811736961581099,0.5446614145248341,130,14,inf
random_addition,50,138,140,0.0027187537471296897,0.052141669968746585,0.46531183596043846,140,14,inf
random_addition,50,138,150,0.0026800483819562917,0.05176918370958047,0.47292389007342817,150,14,inf
random_addition,50,139,10,0.013263393805278245,0.11516680860941769,-1.608467092749768,10,10,inf
random_addition,50,139,20,0.006797660869443262,0.08244792823014574,-0.33687312206316156,20,14,inf
random_addition,50,139,30,0.006372487242004439,0.07982786006153765,-0.25325565340006073,30,14,inf
random_addition,50,139,40,0.005910599468125653,0.07688042317863275,-0.16241773692148986,40,14,inf
random_addition,50,139,50,0.0045126822773340885,0.06717650093101075,0.1125059397861925,50,14,inf
random_addition,50,139,60,0.003804394051646827,0.06167977019774658,0.25180260518054287,60,14,inf
random_addition,50,139,70,0.004319525261181555,0.06572309534084313,0.15049348111721383,70,14,inf
random_addition,50,139,80,0.006017212080619051,0.07757069086078228,-0.18338488118666585,80,14,inf
random_addition,50,139,90,0.005540212434787604,0.0744326033051888,-0.08957496362925532,90,14,inf
random_addition,50,139,100,0.003190992062804226,0.05648886671552392,0.3724383132062248,100,14,inf
random_addition,50,139,110,0.0019483310312183473,0.044139902936213476,0.6168282827662249,110,14,inf
random_addition,50,139,120,0.0023147034482058474,0.048111365062798284,0.5447750505819573,120,14,inf
random_addition,50,139,130,0.0023587803285293656,0.04856727631368024,0.5361065986334663,130,14,inf
random_addition,50,139,140,0.002636295486676445,0.051344868163005784,0.4815286249720172,140,14,inf
random_addition,50,139,150,0.0026800483819562917,0.05176918370958047,0.47292389007342817,150,14,inf
random_addition,50,140,10,0.013263393805278245,0.11516680860941769,-1.608467092749768,10,10,inf
random_addition,50,140,20,0.019838749837339676,0.14085009704412588,-2.9016202694216657,20,14,inf
random_addition,50,140,30,0.015121919440176827,0.12297121386803021,-1.9739770844485416,30,14,inf
random_addition,50,140,40,0.011291880509663704,0.10626326039447362,-1.2207361974729771,40,14,inf
random_addition,50,140,50,0.010896734091692645,0.10438742305322345,-1.1430240792001056,50,14,inf
random_addition,50,140,60,0.0098407774521731,0.09920069280087261,-0.9353526350738501,60,14,inf
random_addition,50,140,70,0.00546392349050462,0.07391835692508743,-0.0745714732990812,70,14,inf
random_addition,50,140,80,0.004297759230515143,0.06555729730941585,0.15477413323134492,80,14,inf
random_addition,50,140,90,0.00344143047145794,0.05866370659494625,0.32318543288581514,90,14,inf
random_addition,50,140,100,0.003442763047990162,0.058675063255101495,0.32292335953687423,100,14,inf
random_addition,50,140,110,0.003292917137220166,0.05738394494299051,0.35239305130393195,110,14,inf
random_addition,50,140,120,0.0030149823968240227,0.05490885535889473,0.4070535427964471,120,14,inf
random_addition,50,140,130,0.0030929338573128617,0.05561415159213401,0.39172309099036395,130,14,inf
random_addition,50,140,140,0.002996389791370903,0.05473928928448837,0.4107100880370508,140,14,inf
random_addition,50,140,150,0.0026800483819562917,0.05176918370958047,0.47292389007342817,150,14,inf
random_addition,50,141,10,0.013263393805278245,0.11516680860941769,-1.608467092749768,10,10,inf
random_addition,50,141,20,0.0053250511710356335,0.07297294821394866,-0.0472599208603286,20,14,inf
random_addition,50,141,30,0.005269415754066873,0.07259074151754391,-0.03631829034818379,30,14,inf
random_addition,50,141,40,0.005323116870924276,0.07295969346786126,-0.046879508556957994,40,14,inf
random_addition,50,141,50,0.0050541756563962596,0.07109272576288139,0.0060122564226291475,50,14,inf
random_addition,50,141,60,0.006236691124793218,0.07897272392917201,-0.2265490873228555,60,14,inf
random_addition,50,141,70,0.005744691981041768,0.07579374631882084,-0.12978926891001463,70,14,inf
random_addition,50,141,80,0.0036342843781829075,0.060285026152295126,0.2852575030674215,80,14,inf
random_addition,50,141,90,0.0036584888113874088,0.06048544297091168,0.2804972985195119,90,14,inf
random_addition,50,141,100,0.0037679328701641125,0.0613834902083949,0.2589733032278698,100,14,inf
random_addition,50,141,110,0.0022019100386530153,0.0469245142612368,0.5669577514364342,110,14,inf
random_addition,50,141,120,0.002146810725748423,0.046333688885609174,0.5777939481636667,120,14,inf
random_addition,50,141,130,0.0025438247160239347,0.050436343206302484,0.4997145407209935,130,14,inf
random_addition,50,141,140,0.002690590790722366,0.051870905050156645,0.47085054996543274,140,14,inf
random_addition,50,141,150,0.0026800483819562917,0.05176918370958047,0.47292389007342817,150,14,inf
random_addition,50,142,10,0.013263393805278245,0.11516680860941769,-1.608467092749768,10,10,inf
random_addition,50,142,20,0.012301460219398163,0.11091194804617834,-1.419286846651636,20,14,inf
random_addition,50,142,30,0.013172724893517267,0.11477249188510838,-1.5906355425344811,30,14,inf
random_addition,50,142,40,0.009977746675867717,0.09988867140906278,-0.9622899120613366,40,14,inf
random_addition,50,142,50,0.003593322150841892,0.05994432542653134,0.2933134066795312,50,14,inf
random_addition,50,142,60,0.0038492305608692073,0.06204216760292315,0.24298475956897636,60,14,inf
random_addition,50,142,70,0.003968538251945768,0.06299633522631112,0.21952091685616215,70,14,inf
random_addition,50,142,80,0.003921540359598423,0.06262220340740514,0.22876383442435333,80,14,inf
random_addition,50,142,90,0.002923751952518457,0.0540717296978602,0.4249955277304469,90,14,inf
random_addition,50,142,100,0.002636087684679205,0.051342844532409816,0.48156949269256943,100,14,inf
random_addition,50,142,110,0.0024187481066990256,0.049180769683881784,0.5243129372013051,110,14,inf
random_addition,50,142,120,0.002417359068842026,0.04916664589782412,0.5245861146092718,120,14,inf
random_addition,50,142,130,0.0027624459898826443,0.05255897630169983,0.456719029390512,130,14,inf
random_addition,50,142,140,0.0026041131972232233,0.05103051241388061,0.48785780770160403,140,14,inf
random_addition,50,142,150,0.0026800483819562917,0.05176918370958047,0.47292389007342817,150,14,inf
random_addition,50,143,10,0.013263393805278245,0.11516680860941769,-1.608467092749768,10,10,inf
random_addition,50,143,20,0.005393531645019929,0.0734406675148036,-0.060727745574456815,20,14,inf
random_addition,50,143,30,0.005184428325930535,0.07200297442418983,-0.01960409842674271,30,14,inf
random_addition,50,143,40,0.0037376332351002363,0.0611361859711598,0.26493223064469706,40,14,inf
random_addition,50,143,50,0.004005632038569719,0.0632900627157986,0.21222580648135358,50,14,inf
random_addition,50,143,60,0.0038775850107566415,0.062270257834351715,0.23740838518469465,60,14,inf
random_addition,50,143,70,0.007635150322345403,0.08737934723002572,-0.5015793586789274,70,14,inf
random_addition,50,143,80,0.007839593810038386,0.08854148073100193,-0.5417865724436213,80,14,inf
random_addition,50,143,90,0.008007079303660403,0.08948228485940891,-0.5747253816986193,90,14,inf
random_addition,50,143,100,0.00603966295869632,0.07771526850430564,-0.18780021993990337,100,14,inf
random_addition,50,143,110,0.004289684886269746,0.0654956860126661,0.15636208738311486,110,14,inf
random_addition,50,143,120,0.0034112696031919167,0.05840607505381539,0.3291170695027853,120,14,inf
random_addition,50,143,130,0.0031500140894805523,0.05612498632053777,0.380497313527835,130,14,inf
random_addition,50,143,140,0.003563420891244113,0.05969439581103165,0.29919398693204047,140,14,inf
random_addition,50,143,150,0.0026800483819562917,0.05176918370958047,0.47292389007342817,150,14,inf
random_addition,50,144,10,0.013263393805278245,0.11516680860941769,-1.608467092749768,10,10,inf
random_addition,50,144,20,0.011313912261369768,0.10636687577140624,-1.2250691080511151,20,14,inf
random_addition,50,144,30,0.004963130450097397,0.0704494886432641,0.023917811220277252,30,14,inf
random_addition,50,144,40,0.0028334261938796324,0.05322993700803743,0.44275959117424424,40,14,inf
random_addition,50,144,50,0.002046878259727225,0.04524243870225416,0.5974473304684199,50,14,inf
random_addition,50,144,60,0.0014998014689094564,0.038727270351903924,0.7050390846608803,60,14,inf
random_addition,50,144,70,0.001386516367347049,0.03723595530326903,0.7273184849307237,70,14,inf
random_addition,50,144,80,0.0015586020144030394,0.039479133911511276,0.6934749789570513,80,14,inf
random_addition,50,144,90,0.0012463508929987798,0.03530369517485075,0.7548843577943962,90,14,inf
random_addition,50,144,100,0.0015780408754664528,0.03972456262146196,0.6896520034691134,100,14,inf
random_addition,50,144,110,0.0016260700224348657,0.04032455855226273,0.6802062725197623,110,14,inf
random_addition,50,144,120,0.0018840548994656088,0.04340570123227603,0.6294692536208748,120,14,inf
random_addition,50,144,130,0.0024953627495364434,0.04995360597130545,0.509245392830825,130,14,inf
random_addition,50,144,140,0.002144617254047078,0.0463100124600186,0.578225330872786,140,14,inf
random_addition,50,144,150,0.0026800483819562917,0.05176918370958047,0.47292389007342817,150,14,inf
random_addition,50,145,10,0.013263393805278245,0.11516680860941769,-1.608467092749768,10,10,inf
random_addition,50,145,20,0.005711908502590532,0.07557716918878697,-0.12334185236027073,20,14,inf
random_addition,50,145,30,0.003742364956807061,0.06117487193944145,0.26400165883588966,30,14,inf
random_addition,50,145,40,0.0040664030631557555,0.063768354715766,0.20027417327550845,40,14,inf
random_addition,50,145,50,0.0032008597965088453,0.056576141583788174,0.3704976591755593,50,14,inf
random_addition,50,145,60,0.003627123625299882,0.06022560606004627,0.28666578427575384,60,14,inf
random_addition,50,145,70,0.003177937734470586,0.056373200498735086,0.3750056640951579,70,14,inf
random_addition,50,145,80,0.00286872574042605,0.05356048674560426,0.43581734796657634,80,14,inf
random_addition,50,145,90,0.0031367357016050664,0.0560065683791202,0.3831087294539903,90,14,inf
random_addition,50,145,100,0.004535743678567226,0.06734793002436842,0.1079705314953372,100,14,inf
random_addition,50,145,110,0.004451121173357549,0.06671672334098512,0.12461295525098592,110,14,inf
random_addition,50,145,120,0.002741011207215666,0.0523546674826196,0.460934536073636,120,14,inf
random_addition,50,145,130,0.002790257786206425,0.05282289074072362,0.45124937685919897,130,14,inf
random_addition,50,145,140,0.002657413998918491,0.05155011153158149,0.47737531813064993,140,14,inf
random_addition,50,145,150,0.0026800483819562917,0.05176918370958047,0.47292389007342817,150,14,inf
random_addition,50,146,10,0.013263393805278245,0.11516680860941769,-1.608467092749768,10,10,inf
random_addition,50,146,20,0.007759184852308266,0.08808623531692263,-0.525972812912644,20,14,inf
random_addition,50,146,30,0.009431296582274044,0.0971148628288896,-0.8548214083061452,30,14,inf
random_addition,50,146,40,0.007925237860421373,0.08902380502102442,-0.5586299000559645,40,14,inf
random_addition,50,146,50,0.008553515702278167,0.09248521883132552,-0.6821911921089159,50,14,inf
random_addition,50,146,60,0.007554223439577942,0.08691503575088687,-0.4856637405711599,60,14,inf
random_addition,50,146,70,0.007777805042810994,0.08819186494689288,-0.5296347832122643,70,14,inf
random_addition,50,146,80,0.00413596485514756,0.06431146752444357,0.1865936893822293,80,14,inf
random_addition,50,146,90,0.004150832877402415,0.06442695769165586,0.1836696454040866,90,14,inf
random_addition,50,146,100,0.0040722043140921935,0.0638138254149694,0.19913326074688698,100,14,inf
random_addition,50,146,110,0.0032976841014091887,0.05742546561769603,0.3514555484745706,110,14,inf
random_addition,50,146,120,0.0028379570063362712,0.053272478882967995,0.44186853151258665,120,14,inf
random_addition,50,146,130,0.002845739054084318,0.05334546891802825,0.44033806233079176,130,14,inf
random_addition,50,146,140,0.00255762759195036,0.05057299271301195,0.4969999754922162,140,14,inf
random_addition,50,146,150,0.0026800483819562917,0.05176918370958047,0.47292389007342817,150,14,inf
random_addition,50,147,10,0.013263393805278245,0.11516680860941769,-1.608467092749768,10,10,inf
random_addition,50,147,20,0.0040904599335392176,0.0639567035856228,0.19554298941178005,20,14,inf
random_addition,50,147,30,0.009674519723755768,0.09835913645287746,-0.9026552862761879,30,14,inf
random_addition,50,147,40,0.0086033650463609,0.09275432629457722,-0.6919948951086128,40,14,inf
random_addition,50,147,50,0.005601523283917475,0.07484332491222898,-0.10163276231424723,50,14,inf
random_addition,50,147,60,0.004897953584380317,0.06998538121908258,0.03673592639709711,60,14,inf
random_addition,50,147,70,0.006594774332898385,0.08120821591993255,-0.29697210864918344,70,14,inf
random_addition,50,147,80,0.004617431286613901,0.06795168347152189,0.0919053041030542,80,14,inf
random_addition,50,147,90,0.003929133713355713,0.06268280237318456,0.22727047505568143,90,14,inf
random_addition,50,147,100,0.004488864875890036,0.06699899160353114,0.11719002809825763,100,14,inf
random_addition,50,147,110,0.004312909129107647,0.06567274266472847,0.1517946535810223,110,14,inf
random_addition,50,147,120,0.0032499258617433233,0.05700812101572304,0.36084800099501757,120,14,inf
random_addition,50,147,130,0.003294100382561123,0.05739425391588537,0.3521603464186026,130,14,inf
random_addition,50,147,140,0.002932300927175401,0.05415072416113566,0.4233142296104653,140,14,inf
random_addition,50,147,150,0.0026800483819562917,0.05176918370958047,0.47292389007342817,150,14,inf
random_addition,50,148,10,0.013263393805278245,0.11516680860941769,-1.608467092749768,10,10,inf
random_addition,50,148,20,0.005669783204783649,0.07529796281961185,-0.11505721158772508,20,14,inf
random_addition,50,148,30,0.013622693928420295,0.11671629675593848,-1.679129440667388,30,14,inf
random_addition,50,148,40,0.009155933287306661,0.0956866411120521,-0.8006666343456734,40,14,inf
random_addition,50,148,50,0.007559285461704907,0.08694415139447223,-0.48665927145373855,50,14,inf
random_addition,50,148,60,0.005316571663871475,0.07291482471947303,-0.04559228467873222,60,14,inf
random_addition,50,148,70,0.003778410411357342,0.06146877590579905,0.25691272040746127,70,14,inf
random_addition,50,148,80,0.003637285864990434,0.06030991514660283,0.28466721074241796,80,14,inf
random_addition,50,148,90,0.0033035990379455386,0.05747694353343381,0.3502922777810147,90,14,inf
random_addition,50,148,100,0.0030138293995501594,0.05489835516251976,0.4072802988960591,100,14,inf
random_addition,50,148,110,0.002723750234751857,0.05218956059167251,0.4643291935287127,110,14,inf
random_addition,50,148,120,0.0025092160198969113,0.05009207542013917,0.5065209166980372,120,14,inf
random_addition,50,148,130,0.002660500694307897,0.051580041627628574,0.4767682681201614,130,14,inf
random_addition,50,148,140,0.002568978320760491,0.05068508972824741,0.4947676657972292,140,14,inf
random_addition,50,148,150,0.0026800483819562917,0.05176918370958047,0.47292389007342817,150,14,inf
random_addition,50,149,10,0.013263393805278245,0.11516680860941769,-1.608467092749768,10,10,inf
random_addition,50,149,20,0.008204054978552118,0.09057623848754219,-0.6134639258126262,20,14,inf
random_addition,50,149,30,0.003037127309937348,0.055110137995992604,0.4026983771445817,30,14,inf
random_addition,50,149,40,0.0026438005616670895,0.05141790117913303,0.4800526270917518,40,14,inf
random_addition,50,149,50,0.005184802220199024,0.07200557075809498,-0.019677630956187242,50,14,inf
random_addition,50,149,60,0.006318916804261618,0.0794916146789183,-0.24272013541365078,60,14,inf
random_addition,50,149,70,0.005750664471098619,0.07583313570661983,-0.1309638584610595,70,14,inf
random_addition,50,149,80,0.005397374421414589,0.07346682531193646,-0.06148349149570631,80,14,inf
random_addition,50,149,90,0.00448519733530271,0.06697161589287443,0.11791131098209684,90,14,inf
random_addition,50,149,100,0.003564277728577475,0.05970157224543986,0.29902547561278636,100,14,inf
random_addition,50,149,110,0.002649487872533254,0.05147317624290591,0.4789341227738958,110,14,inf
random_addition,50,149,120,0.0033326090897067085,0.057728754444442226,0.34458696837914304,120,14,inf
random_addition,50,149,130,0.0028590651737761684,0.053470226984520725,0.43771725914869797,130,14,inf
random_addition,50,149,140,0.00228791565021619,0.04783216125386966,0.5500433168016817,140,14,inf
random_addition,50,149,150,0.0026800483819562917,0.05176918370958047,0.47292389007342817,150,14,inf
random_addition,50,150,10,0.013263393805278245,0.11516680860941769,-1.608467092749768,10,10,inf
random_addition,50,150,20,0.004720213830765069,0.06870381234520447,0.07169140650915728,20,14,inf
random_addition,50,150,30,0.003755279300982136,0.06128033372120403,0.2614618381610544,30,14,inf
random_addition,50,150,40,0.005015767296077341,0.07082208198067423,0.013565899588867891,40,14,inf
random_addition,50,150,50,0.005097082565228458,0.07139385523438595,-0.0024261011639383767,50,14,inf
random_addition,50,150,60,0.008002549585722859,0.08945697058207851,-0.5738345372923543,60,14,inf
random_addition,50,150,70,0.0083277665897309,0.09125659751344502,-0.6377938726941315,70,14,inf
random_addition,50,150,80,0.00933433774776311,0.09661437650662096,-0.8357528401186809,80,14,inf
random_addition,50,150,90,0.005833163839345918,0.07637515197592681,-0.14718873200436655,90,14,inf
random_addition,50,150,100,0.005129209780513682,0.07161850166342272,-0.008744452641962663,100,14,inf
random_addition,50,150,110,0.004445642651371525,0.06667565261301553,0.12569039776134583,110,14,inf
random_addition,50,150,120,0.0031470917649936044,0.056098946202166794,0.3810720372652473,120,14,inf
random_addition,50,150,130,0.0035496557775259894,0.059578987718204725,0.3019011255941977,130,14,inf
random_addition,50,150,140,0.002797577869594169,0.05289213428851372,0.4498097606558773,140,14,inf
random_addition,50,150,150,0.0026800483819562917,0.05176918370958047,0.47292389007342817,150,14,inf
random_addition,50,151,10,0.013263393805278245,0.11516680860941769,-1.608467092749768,10,10,inf
random_addition,50,151,20,0.019890849029162064,0.14103492131086565,-2.9118664424165046,20,14,inf
random_addition,50,151,30,0.00800542353828268,0.08947303246388087,-0.5743997478853953,30,14,inf
random_addition,50,151,40,0.007916380907117803,0.08897404625573574,-0.5568880328104042,40,14,inf
random_addition,50,151,50,0.005433200358257358,0.07371024595168135,-0.06852925811420962,50,14,inf
random_addition,50,151,60,0.0043717837733684515,0.06611946591865706,0.14021597512162653,60,14,inf
random_addition,50,151,70,0.005442905694812716,0.07377605095701935,-0.07043797404320795,70,14,inf
random_addition,50,151,80,0.005012944074560278,0.07080214738664554,0.014121133078193404,80,14,inf
random_addition,50,151,90,0.004654156368310577,0.06822137764887613,0.08468270568739056,90,14,inf
random_addition,50,151,100,0.003370254112699988,0.058053889729285046,0.33718344819981305,100,14,inf
random_addition,50,151,110,0.004735910878527012,0.06881795462324503,0.06860432087018187,110,14,inf
random_addition,50,151,120,0.004221756200849412,0.0649750429076381,0.1697213936944587,120,14,inf
random_addition,50,151,130,0.0036441629025680327,0.06036690237678286,0.28331472686987913,130,14,inf
random_addition,50,151,140,0.0035070236971014926,0.059220129154718096,0.31028543360128613,140,14,inf
random_addition,50,151,150,0.0026800483819562917,0.05176918370958047,0.47292389007342817,150,14,inf
random_addition,50,152,10,0.013263393805278245,0.11516680860941769,-1.608467092749768,10,10,inf
random_addition,50,152,20,0.006131062412629331,0.07830110096690424,-0.20577544342943588,20,14,inf
random_addition,50,152,30,0.00529516161906828,0.07276786116870744,-0.04138164310815551,30,14,inf
random_addition,50,152,40,0.003105687853896018,0.05572869865604272,0.3892148053376401,40,14,inf
random_addition,50,152,50,0.0029954484710708997,0.05473069039461223,0.4108952143374792,50,14,inf
random_addition,50,152,60,0.002856416115798577,0.053445449907345496,0.43823824047993043,60,14,inf
random_addition,50,152,70,0.0035665621461070897,0.059720701152172435,0.2985762068932126,70,14,inf
random_addition,50,152,80,0.004075015418348321,0.06383584743972873,0.198580410318554,80,14,inf
random_addition,50,152,90,0.0037555540760843614,0.061282575631939305,0.2614077990649841,90,14,inf
random_addition,50,152,100,0.002761470640404476,0.05254969686310736,0.4569108480950671,100,14,inf
random_addition,50,152,110,0.00292741128260313,0.054105556855124685,0.42427585957857616,110,14,inf
random_addition,50,152,120,0.0027947340234354633,0.05286524400242056,0.45036905032417285,120,14,inf
random_addition,50,152,130,0.0024545258462510882,0.04954317154009307,0.5172766493820151,130,14,inf
random_addition,50,152,140,0.002705324954234132,0.052012738384304785,0.46795283153650835,140,14,inf
random_addition,50,152,150,0.0026800483819562917,0.05176918370958047,0.47292389007342817,150,14,inf
random_addition,50,153,10,0.013263393805278245,0.11516680860941769,-1.608467092749768,10,10,inf
random_addition,50,153,20,0.0184792339185009,0.13593834601943963,-2.634248841835073,20,14,inf
random_addition,50,153,30,0.005952805948755878,0.07715442922318769,-0.17071834364711624,30,14,inf
random_addition,50,153,40,0.003902040588150332,0.06246631562810738,0.23259878895297825,40,14,inf
random_addition,50,153,50,0.004371467802812971,0.06611707648416536,0.1402781159890658,50,14,inf
random_addition,50,153,60,0.003136478804909481,0.05600427488066854,0.3831592524639008,60,14,inf
random_addition,50,153,70,0.003264534607822677,0.05713610599106905,0.35797494799110485,70,14,inf
random_addition,50,153,80,0.0028120334811915404,0.05302861002507552,0.446966824095982,80,14,inf
random_addition,50,153,90,0.0026783255752545073,0.051752541727479506,0.4732627086785868,90,14,inf
random_addition,50,153,100,0.0022923425858828333,0.04787841461329764,0.5491726862392714,100,14,inf
random_addition,50,153,110,0.0021898587410264492,0.04679592654309186,0.5693278396465363,110,14,inf
random_addition,50,153,120,0.002478404308843509,0.049783574689283905,0.5125805523790746,120,14,inf
random_addition,50,153,130,0.002588194668941678,0.05087430263838196,0.4909884511701629,130,14,inf
random_addition,50,153,140,0.0023473755800940267,0.04844972218799636,0.5383495321866292,140,14,inf
random_addition,50,153,150,0.0026800483819562917,0.05176918370958047,0.47292389007342817,150,14,inf
random_addition,50,154,10,0.013263393805278245,0.11516680860941769,-1.608467092749768,10,10,inf
random_addition,50,154,20,0.011096256414677095,0.10533876976060189,-1.1822634640374021,20,14,inf
random_addition,50,154,30,0.011313454927597446,0.10636472595554151,-1.2249791657548208,30,14,inf
random_addition,50,154,40,0.005661457674227497,0.07524265860685345,-0.11341985746824146,40,14,inf
random_addition,50,154,50,0.010046660619074194,0.10023303157679206,-0.9758429857108715,50,14,inf
random_addition,50,154,60,0.006944315099771928,0.08333255726168451,-0.36571511676233404,60,14,inf
random_addition,50,154,70,0.007132625944490269,0.08445487519670057,-0.4027495778412342,70,14,inf
random_addition,50,154,80,0.007738673645866459,0.08796973141863319,-0.5219389428623737,80,14,inf
random_addition,50,154,90,0.005892130604541902,0.07676021498499012,-0.15878552757854436,90,14,inf
random_addition,50,154,100,0.005525894991243981,0.07433636385541051,-0.08675920011622584,100,14,inf
random_addition,50,154,110,0.005030720041734089,0.0709275689822659,0.01062519334395784,110,14,inf
random_addition,50,154,120,0.00391926547568389,0.06260403721553338,0.2292112281998835,120,14,inf
random_addition,50,154,130,0.0036071933557158785,0.06005991471618886,0.2905854034262322,130,14,inf
random_addition,50,154,140,0.002643940870904243,0.05141926556169626,0.48002503294554033,140,14,inf
random_addition,50,154,150,0.0026800483819562917,0.05176918370958047,0.47292389007342817,150,14,inf
random_addition,50,155,10,0.013263393805278245,0.11516680860941769,-1.608467092749768,10,10,inf
random_addition,50,155,20,0.00903163451212748,0.09503491206986767,-0.776221211893166,20,14,inf
random_addition,50,155,30,0.004857746920821049,0.0696975388433555,0.044643235819054716,30,14,inf
random_addition,50,155,40,0.004425656870412174,0.06652561063539494,0.12962093414748754,40,14,inf
random_addition,50,155,50,0.002799678457967389,0.05291198784743765,0.44939664499879894,50,14,inf
random_addition,50,155,60,0.003332112760240156,0.057724455478074074,0.3446845798275907,60,14,inf
random_addition,50,155,70,0.0043422920417937085,0.06589607000264666,0.14601601487391924,70,14,inf
random_addition,50,155,80,0.002883995275082962,0.053702842337095734,0.4328143398934611,80,14,inf
random_addition,50,155,90,0.0039012876699210663,0.062460288743497384,0.23274686285121304,90,14,inf
random_addition,50,155,100,0.003208127121617826,0.05664033122800242,0.36906841876564656,100,14,inf
random_addition,50,155,110,0.0033365711845673154,0.05776306072714045,0.34380775649612305,110,14,inf
random_addition,50,155,120,0.0035166191274307924,0.059301088754177125,0.30839833256046567,120,14,inf
random_addition,50,155,130,0.003017267333968063,0.05492965805435223,0.40660417188605014,130,14,inf
random_addition,50,155,140,0.002604175001633225,0.0510311179735779,0.4878456528359608,140,14,inf
random_addition,50,155,150,0.0026800483819562917,0.05176918370958047,0.47292389007342817,150,14,inf
random_addition,50,156,10,0.013263393805278245,0.11516680860941769,-1.608467092749768,10,10,inf
random_addition,50,156,20,0.0064046189237616374,0.08002886306678134,-0.25957488328412004,20,14,inf
random_addition,50,156,30,0.003182264311412407,0.05641156185936006,0.3741547707459384,30,14,inf
random_addition,50,156,40,0.0035784270096272898,0.059819954945045634,0.2962427840523638,40,14,inf
random_addition,50,156,50,0.0038585861432140706,0.06211751881083202,0.24114482862533093,50,14,inf
random_addition,50,156,60,0.0029918288800349388,0.054697613110947896,0.4116070671441687,60,14,inf
random_addition,50,156,70,0.00258088485270497,0.050802409910406514,0.49242604816738944,70,14,inf
random_addition,50,156,80,0.0027311784074892645,0.052260677449582155,0.4628683197561887,80,14,inf
random_addition,50,156,90,0.0023610285464304975,0.04859041619939571,0.5356644491731902,90,14,inf
random_addition,50,156,100,0.002559267709718077,0.05058920546636483,0.4966774190418738,100,14,inf
random_addition,50,156,110,0.0028869141986759593,0.05373001208520206,0.4322402849984345,110,14,inf
random_addition,50,156,120,0.002644591676462886,0.051425593593685294,0.4798970412031234,120,14,inf
random_addition,50,156,130,0.002438178218109463,0.04937791224940016,0.5204916824782178,130,14,inf
random_addition,50,156,140,0.0022931389093258907,0.04788672999199142,0.549016075983488,140,14,inf
random_addition,50,156,150,0.0026800483819562917,0.05176918370958047,0.47292389007342817,150,14,inf
random_addition,50,157,10,0.013263393805278245,0.11516680860941769,-1.608467092749768,10,10,inf
random_addition,50,157,20,0.016461040051084307,0.12830058476516895,-2.2373374353554905,20,14,inf
random_addition,50,157,30,0.011833854805574934,0.10878352267496642,-1.3273244611372945,30,14,inf
random_addition,50,157,40,0.007221523651639711,0.08497954843160624,-0.4202327911970756,40,14,inf
random_addition,50,157,50,0.006019558157095713,0.07758581157077442,-0.1838462761641726,50,14,inf
random_addition,50,157,60,0.005375697837237027,0.07331915054906887,-0.05722043052198411,60,14,inf
random_addition,50,157,70,0.004326154777097527,0.06577351121156243,0.14918967649815829,70,14,inf
random_addition,50,157,80,0.004115640539754481,0.06415325821620038,0.1905908041979273,80,14,inf
random_addition,50,157,90,0.003342908803181053,0.05781789345160417,0.3425613583386806,90,14,inf
random_addition,50,157,100,0.0029162508020401864,0.05400232219118162,0.4264707537900506,100,14,inf
random_addition,50,157,110,0.003489619019331193,0.059072997378931034,0.31370835309611944,110,14,inf
random_addition,50,157,120,0.003122381078713499,0.055878270183618774,0.385931804904452,120,14,inf
random_addition,50,157,130,0.003100021467456083,0.05567783641141314,0.3903291945188986,130,14,inf
random_addition,50,157,140,0.0030858871751530226,0.055550762147364124,0.3931089382928614,140,14,inf
random_addition,50,157,150,0.0026800483819562917,0.05176918370958047,0.47292389007342817,150,14,inf
random_addition,50,158,10,0.013263393805278245,0.11516680860941769,-1.608467092749768,10,10,inf
random_addition,50,158,20,0.013430821985653901,0.11589142326183548,-1.641394630401185,20,14,inf
random_addition,50,158,30,0.009110722771827926,0.09545010619076297,-0.7917752341803852,30,14,inf
random_addition,50,158,40,0.004136736911895078,0.06431746972553475,0.18644185157591808,40,14,inf
random_addition,50,158,50,0.003635216970988188,0.06029276051888973,0.28507409317405463,50,14,inf
random_addition,50,158,60,0.00421715476185434,0.06493962397376767,0.1706263432401146,60,14,inf
random_addition,50,158,70,0.0030853166251855664,0.05554562651717564,0.3932211464378301,70,14,inf
random_addition,50,158,80,0.002900080726426466,0.053852397592182154,0.42965086822719256,80,14,inf
random_addition,50,158,90,0.0033363710169073643,0.05776132803967863,0.3438471227972132,90,14,inf
random_addition,50,158,100,0.003689947042763239,0.06074493429713493,0.274310513859065,100,14,inf
random_addition,50,158,110,0.003700950777854016,0.06083544014679286,0.27214644625291395,110,14,inf
random_addition,50,158,120,0.003038290317517656,0.055120688652425746,0.40246965235163734,120,14,inf
random_addition,50,158,130,0.0026563869409461775,0.05154014882541743,0.47757730617100047,130,14,inf
random_addition,50,158,140,0.0024614535304783927,0.049613037908178864,0.5159142050030587,140,14,inf
random_addition,50,158,150,0.0026800483819562917,0.05176918370958047,0.47292389007342817,150,14,inf
random_addition,50,159,10,0.013263393805278245,0.11516680860941769,-1.608467092749768,10,10,inf
random_addition,50,159,20,0.008343789844923196,0.0913443476353255,-0.64094511245233,20,14,inf
random_addition,50,159,30,0.007462559144827461,0.08638610504489401,-0.4676364317279593,30,14,inf
random_addition,50,159,40,0.004725274155243138,0.06874062958137013,0.07069620949748245,40,14,inf
random_addition,50,159,50,0.0036752783816138106,0.060624074274283235,0.27719535015848595,50,14,inf
random_addition,50,159,60,0.004102098992800481,0.06404763065719513,0.1932539747358012,60,14,inf
random_addition,50,159,70,0.003642334269450606,0.060351754485272475,0.2836743580006099,70,14,inf
random_addition,50,159,80,0.0028008257094751217,0.05292282786733076,0.44917101889970523,80,14,inf
random_addition,50,159,90,0.0022882606712560814,0.04783576769799019,0.5499754626730873,90,14,inf
random_addition,50,159,100,0.002321935106996227,0.048186461864264604,0.5433528245470798,100,14,inf
random_addition,50,159,110,0.002249905541324712,0.04743316921021314,0.5575186371978686,110,14,inf
random_addition,50,159,120,0.0024707720213380012,0.04970686090810806,0.5140815687171856,120,14,inf
random_addition,50,159,130,0.0026900863539257636,0.05186604239698421,0.47094975585523946,130,14,inf
random_addition,50,159,140,0.002790750835687963,0.05282755754043493,0.4511524104743829,140,14,inf
random_addition,50,159,150,0.0026800483819562917,0.05176918370958047,0.47292389007342817,150,14,inf
random_addition,50,160,10,0.013263393805278245,0.11516680860941769,-1.608467092749768,10,10,inf
random_addition,50,160,20,0.007906262539983949,0.08891716673389874,-0.5548980875453757,20,14,inf
random_addition,50,160,30,0.004982963847405678,0.07059011154124689,0.020017243614760427,30,14,inf
random_addition,50,160,40,0.0049584516989204675,0.07041627438966412,0.024837965492958913,40,14,inf
random_addition,50,160,50,0.0038753609623462157,0.06225239724176263,0.2378457813124466,50,14,inf
random_addition,50,160,60,0.003936684150544844,0.06274300080921252,0.2257855559442632,60,14,inf
random_addition,50,160,70,0.004664377658213519,0.06829624922507473,0.08267251894720118,70,14,inf
random_addition,50,160,80,0.0041541575159736496,0.06445275413800135,0.18301579990755157,80,14,inf
random_addition,50,160,90,0.004750785267287665,0.06892594045268925,0.06567902481273624,90,14,inf
random_addition,50,160,100,0.004028891537244892,0.06347354990265545,0.20765143903220928,100,14,inf
random_addition,50,160,110,0.0032679925134418896,0.057166358231409926,0.3572948933120407,110,14,inf
random_addition,50,160,120,0.0029268217739197035,0.054100108816154,0.4243917962705106,120,14,inf
random_addition,50,160,130,0.0032946349483563447,0.057398910689631946,0.35205521515987526,130,14,inf
random_addition,50,160,140,0.002866193987667113,0.05353684700901906,0.43631525927461856,140,14,inf
random_addition,50,160,150,0.0026800483819562917,0.05176918370958047,0.47292389007342817,150,14,inf
random_addition,50,161,10,0.013263393805278245,0.11516680860941769,-1.608467092749768,10,10,inf
random_addition,50,161,20,0.011407868085222704,0.10680762184986006,-1.243547084223024,20,14,inf
random_addition,50,161,30,0.008159022628983801,0.09032730832358396,-0.6046075649382763,30,14,inf
random_addition,50,161,40,0.0035184763824445157,0.05931674622266899,0.30803307245756395,40,14,inf
random_addition,50,161,50,0.0036386006720496022,0.06032081458377035,0.2844086320560345,50,14,inf
random_addition,50,161,60,0.002304593166680987,0.04800617842195926,0.5467634056774338,60,14,inf
random_addition,50,161,70,0.0026239398615710064,0.051224406893306304,0.48395856424480443,70,14,inf
random_addition,50,161,80,0.0033320941049317606,0.057724293888550604,0.3446882487044083,80,14,inf
random_addition,50,161,90,0.003838241971898504,0.0619535468871517,0.24514584843858578,90,14,inf
random_addition,50,161,100,0.0023479921972808676,0.04845608524510485,0.5382282641564168,100,14,inf
random_addition,50,161,110,0.002429799218379671,0.049292993603347636,0.5221395522004169,110,14,inf
random_addition,50,161,120,0.002630723387446762,0.0512905779597653,0.48262447100445427,120,14,inf
random_addition,50,161,130,0.0031511746858750044,0.05613532475968233,0.38026906293471097,130,14,inf
random_addition,50,161,140,0.002920006788106424,0.0540370871541613,0.4257320766310637,140,14,inf
random_addition,50,161,150,0.0026800483819562917,0.05176918370958047,0.47292389007342817,150,14,inf
random_addition,50,162,10,0.013263393805278245,0.11516680860941769,-1.608467092749768,10,10,inf
random_addition,50,162,20,0.01295761712864581,0.11383152958932692,-1.548331021210621,20,14,inf
random_addition,50,162,30,0.004489274234851144,0.06700204649748502,0.11710952084688231,30,14,inf
random_addition,50,162,40,0.004165710418711804,0.06454231494695402,0.1807437293454739,40,14,inf
random_addition,50,162,50,0.004046600365023855,0.06361289464427676,0.20416870337716042,50,14,inf
random_addition,50,162,60,0.005063095896064735,0.07115543476126567,0.004257942860334207,60,14,inf
random_addition,50,162,70,0.004130711473553983,0.06427061127415845,0.1876268542881111,70,14,inf
random_addition,50,162,80,0.004327307502580344,0.06578227346770818,0.14896297385077806,80,14,inf
random_addition,50,162,90,0.004076810541160334,0.06384990635200911,0.1982273695469895,90,14,inf
random_addition,50,162,100,0.003626509405842658,0.06022050652263445,0.28678658075253927,100,14,inf
random_addition,50,162,110,0.0028531700766153906,0.05341507349630243,0.43887662809892336,110,14,inf
random_addition,50,162,120,0.002846553246077863,0.053353099685752685,0.4401779379272249,120,14,inf
random_addition,50,162,130,0.0027870615998473905,0.052792628271827784,0.45187796009077874,130,14,inf
random_addition,50,162,140,0.002801626135255082,0.052930389524875804,0.4490136018511076,140,14,inf
random_addition,50,162,150,0.0026800483819562917,0.05176918370958047,0.47292389007342817,150,14,inf
random_addition,50,163,10,0.013263393805278245,0.11516680860941769,-1.608467092749768,10,10,inf
random_addition,50,163,20,0.004899525933848555,0.06999661373129813,0.036426697710501776,20,14,inf
random_addition,50,163,30,0.004978967027947627,0.07056179581010978,0.02080328466768,30,14,inf
random_addition,50,163,40,0.005044607413669688,0.07102539977831655,0.007894010568975207,40,14,inf
random_addition,50,163,50,0.0034005386900933495,0.05831413799494381,0.3312274821244501,50,14,inf
random_addition,50,163,60,0.0033549565272747695,0.0579219865618814,0.3401919729232765,60,14,inf
random_addition,50,163,70,0.0029961300394123467,0.0547369166049052,0.4107611725819357,70,14,inf
random_addition,50,163,80,0.0020346218273236865,0.04510678249802003,0.5998577618458265,80,14,inf
random_addition,50,163,90,0.0017117915147206863,0.041373802275361235,0.6633477146686049,90,14,inf
random_addition,50,163,100,0.0018548522397043785,0.04306799553850142,0.6352124425909274,100,14,inf
random_addition,50,163,110,0.0022068616390529647,0.0469772459713526,0.5659839368238745,110,14,inf
random_addition,50,163,120,0.0027403798475597063,0.05234863749477828,0.4610587034557132,120,14,inf
random_addition,50,163,130,0.002733294319009933,0.05228091735050116,0.46245219054718956,130,14,inf
random_addition,50,163,140,0.0029428001517740206,0.05424758199011289,0.42124938238757803,140,14,inf
random_addition,50,163,150,0.0026800483819562917,0.05176918370958047,0.47292389007342817,150,14,inf
random_addition,50,164,10,0.013263393805278245,0.11516680860941769,-1.608467092749768,10,10,inf
random_addition,50,164,20,0.003700599547022164,0.06083255334951973,0.2722155216404276,20,14,inf
random_addition,50,164,30,0.0031801001132164713,0.05639237637497174,0.374580396333112,30,14,inf
random_addition,50,164,40,0.003546794678303542,0.05955497190246623,0.30246380836456643,40,14,inf
random_addition,50,164,50,0.002857400135022772,0.05345465494250966,0.4380447167255558,50,14,inf
random_addition,50,164,60,0.00211115893856526,0.04594734963591763,0.5848054653537836,60,14,inf
random_addition,50,164,70,0.0019301553570478182,0.043933533400442745,0.6204028315324313,70,14,inf
random_addition,50,164,80,0.0021472930886403535,0.046338893908253284,0.5776990834745204,80,14,inf
random_addition,50,164,90,0.002112771761552335,0.0459648970579978,0.5844882768762356,90,14,inf
random_addition,50,164,100,0.0021255424062379996,0.046103605132765915,0.5819767170971315,100,14,inf
random_addition,50,164,110,0.0020707883192787628,0.04550591521196736,0.5927450193977004,110,14,inf
random_addition,50,164,120,0.0024733851848296818,0.04973313970412165,0.5135676466338865,120,14,inf
random_addition,50,164,130,0.002613784150962333,0.05112518118268465,0.48595585372554595,130,14,inf
random_addition,50,164,140,0.0026446826581713154,0.05142647818168492,0.47987914813623844,140,14,inf
random_addition,50,164,150,0.0026800483819562917,0.05176918370958047,0.47292389007342817,150,14,inf
random_addition,50,165,10,0.013263393805278245,0.11516680860941769,-1.608467092749768,10,10,inf
random_addition,50,165,20,0.016267332580083095,0.1275434536935671,-2.199241637918988,20,14,inf
random_addition,50,165,30,0.008895676490604633,0.09431689398302212,-0.7494828046390154,30,14,inf
random_addition,50,165,40,0.005780577520022619,0.07603010929903112,-0.1368467572807428,40,14,inf
random_addition,50,165,50,0.006489239207762171,0.08055581423933453,-0.27621687020203023,50,14,inf
random_addition,50,165,60,0.004831423721242478,0.06950844352481558,0.04982013103038918,60,14,inf
random_addition,50,165,70,0.0051236633865656255,0.07157976939447085,-0.007653661980889348,70,14,inf
random_addition,50,165,80,0.005762852916269779,0.07591345675352809,-0.13336091901792102,80,14,inf
random_addition,50,165,90,0.005205463593383168,0.07214889876764002,-0.023741033795090738,90,14,inf
random_addition,50,165,100,0.004603449450279426,0.067848724750576,0.0946550648739497,100,14,inf
random_addition,50,165,110,0.005040689281975029,0.07099781181117507,0.008664576363870857,110,14,inf
random_addition,50,165,120,0.0044069542608085295,0.06638489482411289,0.13329911353474488,120,14,inf
random_addition,50,165,130,0.003013089710764331,0.054891617855227504,0.40742577100410593,130,14,inf
random_addition,50,165,140,0.00257497935450144,0.05074425439891141,0.4935874626557438,140,14,inf
random_addition,50,165,150,0.0026800483819562917,0.05176918370958047,0.47292389007342817,150,14,inf
random_addition,50,166,10,0.013263393805278245,0.11516680860941769,-1.608467092749768,10,10,inf
random_addition,50,166,20,0.013122083832013165,0.11455166446635844,-1.580676135129809,20,14,inf
random_addition,50,166,30,0.008662185182680675,0.09307086108272919,-0.703562853674401,30,14,inf
random_addition,50,166,40,0.007247536512073796,0.08513246450135105,-0.4253486530516488,40,14,inf
random_addition,50,166,50,0.0048281693533106075,0.06948502970648143,0.05046015663640002,50,14,inf
random_addition,50,166,60,0.004726732524574038,0.06875123653123658,0.0704093969015076,60,14,inf
random_addition,50,166,70,0.005085395719154154,0.0713119605617049,-0.0001276884160095193,70,14,inf
random_addition,50,166,80,0.0039900614935883,0.06316693354586955,0.21528801324355096,80,14,inf
random_addition,50,166,90,0.002720297580770399,0.05215647208899773,0.46500821538582593,90,14,inf
random_addition,50,166,100,0.0028827479491784188,0.053691227860595804,0.4330596472879109,100,14,inf
random_addition,50,166,110,0.002446421797631023,0.04946131617366266,0.5188704453933399,110,14,inf
random_addition,50,166,120,0.002896892428929436,0.05382278726459116,0.43027789998278965,120,14,inf
random_addition,50,166,130,0.0025695401861025695,0.05069063213358627,0.49465716562835194,130,14,inf
random_addition,50,166,140,0.0024381908234370605,0.04937803989059368,0.5204892034307949,140,14,inf
random_addition,50,166,150,0.0026800483819562917,0.05176918370958047,0.47292389007342817,150,14,inf
random_addition,50,167,10,0.013263393805278245,0.11516680860941769,-1.608467092749768,10,10,inf
random_addition,50,167,20,0.04402996013430865,0.2098331721494689,-7.659224312537772,20,14,inf
random_addition,50,167,30,0.018432432989265956,0.13576609661202593,-2.625044660340373,30,14,inf
random_addition,50,167,40,0.013465393395658751,0.1160404817107321,-1.6481936734418676,40,14,inf
random_addition,50,167,50,0.010209024413247952,0.1010397170089463,-1.0077745275450365,50,14,inf
random_addition,50,167,60,0.007174536539418619,0.08470263596499591,-0.41099199372009165,60,14,inf
random_addition,50,167,70,0.0071463931364418405,0.08453634210469389,-0.40545712522258026,70,14,inf
random_addition,50,167,80,0.004395325825528261,0.06629725352929984,0.13558603882807985,80,14,inf
random_addition,50,167,90,0.005274898624107229,0.07262849732788934,-0.03739658797577894,90,14,inf
random_addition,50,167,100,0.0037195180160446055,0.060987851380784074,0.2684948899065944,100,14,inf
random_addition,50,167,110,0.004066850236429584,0.06377186085123739,0.20018622921031193,110,14,inf
random_addition,50,167,120,0.004032670812556817,0.06350331339825362,0.20690818165552827,120,14,inf
random_addition,50,167,130,0.004292721416247094,0.06551886305673424,0.15576490323565262,130,14,inf
random_addition,50,167,140,0.003378346290267349,0.05812354333888591,0.33559198682853497,140,14,inf
random_addition,50,167,150,0.0026800483819562917,0.05176918370958047,0.47292389007342817,150,14,inf
random_addition,50,168,10,0.013263393805278245,0.11516680860941769,-1.608467092749768,10,10,inf
random_addition,50,168,20,0.009408080856810965,0.09699526203279707,-0.8502556495875393,20,14,inf
random_addition,50,168,30,0.00878397369550105,0.09372285577969255,-0.7275145912636487,30,14,inf
random_addition,50,168,40,0.00685791745647354,0.08281254407680964,-0.3487235825635009,40,14,inf
random_addition,50,168,50,0.006051671625752364,0.07779249080568358,-0.19016192413894584,50,14,inf
random_addition,50,168,60,0.0032996868564007923,0.05744290083553225,0.35106167337992034,60,14,inf
random_addition,50,168,70,0.004818941263655114,0.0694185945093612,0.05227501402122103,70,14,inf
random_addition,50,168,80,0.0037454687857557747,0.06120023517729139,0.26339123922586327,80,14,inf
random_addition,50,168,90,0.0032851061697925176,0.057315845712965954,0.3539292080219397,90,14,inf
random_addition,50,168,100,0.003363948977888084,0.05799956015253981,0.33842345787709927,100,14,inf
random_addition,50,168,110,0.0028584908725911686,0.05346485642542369,0.4378302050330163,110,14,inf
random_addition,50,168,120,0.002771854701505109,0.052648406447917385,0.4548686496903628,120,14,inf
random_addition,50,168,130,0.002398754835598349,0.048977084800938785,0.5282449466483734,130,14,inf
random_addition,50,168,140,0.0028898572265140384,0.05375739229644643,0.4316614896025215,140,14,inf
random_addition,50,168,150,0.0026800483819562917,0.05176918370958047,0.47292389007342817,150,14,inf
random_addition,50,169,10,0.013263393805278245,0.11516680860941769,-1.608467092749768,10,10,inf
random_addition,50,169,20,0.00545215932833778,0.07383873866973745,-0.07225785505502658,20,14,inf
random_addition,50,169,30,0.00872480629308741,0.09340667156626131,-0.715878337042045,30,14,inf
random_addition,50,169,40,0.004715805575834336,0.06867172326244869,0.0725583631940061,40,14,inf
random_addition,50,169,50,0.004043471354118006,0.06358829573213931,0.20478407543808153,50,14,inf
random_addition,50,169,60,0.005417482799299124,0.0736035515399843,-0.06543813860718029,60,14,inf
random_addition,50,169,70,0.004189985955529203,0.06473010084596813,0.17596954108893426,70,14,inf
random_addition,50,169,80,0.004271028536353834,0.06535310655472955,0.16003116903302528,80,14,inf
random_addition,50,169,90,0.003179838851867887,0.05639005986756786,0.37463177772466194,90,14,inf
random_addition,50,169,100,0.002721279356450239,0.052165883069782676,0.464815132861781,100,14,inf
random_addition,50,169,110,0.0028508560745962867,0.05339340853135607,0.43933171510063684,110,14,inf
random_addition,50,169,120,0.0026482589800703184,0.05146123764611883,0.47917580492532375,120,14,inf
random_addition,50,169,130,0.0021532309726860514,0.04640291987241806,0.5765312997714078,130,14,inf
random_addition,50,169,140,0.002379554442398545,0.04878067693665746,0.5320210234628621,140,14,inf
random_addition,50,169,150,0.0026800483819562917,0.05176918370958047,0.47292389007342817,150,14,inf
random_addition,50,170,10,0.013263393805278245,0.11516680860941769,-1.608467092749768,10,10,inf
random_addition,50,170,20,0.00986281786641036,0.09931172069000899,-0.9396872492828914,20,14,inf
random_addition,50,170,30,0.007806143540808117,0.0883523827681411,-0.5352080203918792,30,14,inf
random_addition,50,170,40,0.004933833895003708,0.07024125493613925,0.02967946626986262,40,14,inf
random_addition,50,170,50,0.0051921872345341655,0.07205683336460302,-0.021130016910756222,50,14,inf
random_addition,50,170,60,0.005228585677819814,0.07230895987234096,-0.028288376447675567,60,14,inf
random_addition,50,170,70,0.002731843982011143,0.05226704489457141,0.4627374234513981,70,14,inf
random_addition,50,170,80,0.002644700676262186,0.05142665336440031,0.47987560457885037,80,14,inf
random_addition,50,170,90,0.002919751135292641,0.054034721571343744,0.42578235501091966,90,14,inf
random_addition,50,170,100,0.003380685344570864,0.05814366125873795,0.3351319728782257,100,14,inf
random_addition,50,170,110,0.003324724699866134,0.057660425769032735,0.346137564836391,110,14,inf
random_addition,50,170,120,0.0023928558811017733,0.048916826155237965,0.5294050742078689,120,14,inf
random_addition,50,170,130,0.0026302862626880613,0.05128631652485935,0.4827104388619451,130,14,inf
random_addition,50,170,140,0.002635568460039917,0.05133778783741969,0.4816716068577077,140,14,inf
random_addition,50,170,150,0.0026800483819562917,0.05176918370958047,0.47292389007342817,150,14,inf
random_addition,50,171,10,0.013263393805278245,0.11516680860941769,-1.608467092749768,10,10,inf
random_addition,50,171,20,0.006242879659480489,0.07901189568337472,-0.2277661656454235,20,14,inf
random_addition,50,171,30,0.003779841443188345,0.0614804151188681,0.25663128418573333,30,14,inf
random_addition,50,171,40,0.00464199043109507,0.06813215416449908,0.08707533968024395,40,14,inf
random_addition,50,171,50,0.004085999362701329,0.06392182227300258,0.19642023489030014,50,14,inf
random_addition,50,171,60,0.004039828375786489,0.06355964423898618,0.20550052774560323,60,14,inf
random_addition,50,171,70,0.005084949037618147,0.07130882860921323,-3.984105923815484e-05,70,14,inf
random_addition,50,171,80,0.005552878672078985,0.07451764000610181,-0.09206598995694981,80,14,inf
random_addition,50,171,90,0.003611877041323518,0.06009889384442544,0.2896642787156434,90,14,inf
random_addition,50,171,100,0.003786392901719314,0.06153367290938608,0.25534283085030207,100,14,inf
random_addition,50,171,110,0.0034609745553543453,0.05883004806520513,0.3193417635768766,110,14,inf
random_addition,50,171,120,0.002474605983202763,0.04974541167990032,0.5133275563199129,120,14,inf
random_addition,50,171,130,0.0028361970277999858,0.053255957674235715,0.4422146605775338,130,14,inf
random_addition,50,171,140,0.0028256796833241436,0.05315712260200079,0.44428307137578893,140,14,inf
random_addition,50,171,150,0.0026800483819562917,0.05176918370958047,0.47292389007342817,150,14,inf
random_addition,50,172,10,0.013263393805278245,0.11516680860941769,-1.608467092749768,10,10,inf
random_addition,50,172,20,0.011008677867487715,0.1049222467710624,-1.1650396854383365,20,14,inf
random_addition,50,172,30,0.007361129540121349,0.08579702524051372,-0.44768861218864786,30,14,inf
random_addition,50,172,40,0.007440957068688492,0.08626098230769513,-0.46338802399982915,40,14,inf
random_addition,50,172,50,0.003008538579999801,0.05485014658138847,0.40832082659910407,50,14,inf
random_addition,50,172,60,0.002535921771669288,0.05035793653108999,0.5012687862321782,60,14,inf
random_addition,50,172,70,0.002204299706491354,0.04694997025016474,0.5664877834923001,70,14,inf
random_addition,50,172,80,0.002123838178587878,0.046085118840986816,0.5823118818226279,80,14,inf
random_addition,50,172,90,0.0023312307207527016,0.04828282014083997,0.5415246874242097,90,14,inf
random_addition,50,172,100,0.002854067822746078,0.05342347632591947,0.43870007138395883,100,14,inf
random_addition,50,172,110,0.00234214039793512,0.04839566507379685,0.5393791178708471,110,14,inf
random_addition,50,172,120,0.002567662080288265,0.05067210357078404,0.49502652638814226,120,14,inf
random_addition,50,172,130,0.002625402915210993,0.05123868572876351,0.4836708304015015,130,14,inf
random_addition,50,172,140,0.002745071153672133,0.052393426626554336,0.4601360800460538,140,14,inf
random_addition,50,172,150,0.0026800483819562917,0.05176918370958047,0.47292389007342817,150,14,inf
random_addition,50,173,10,0.013263393805278245,0.11516680860941769,-1.608467092749768,10,10,inf
random_addition,50,173,20,0.003937379683690447,0.06274854327942958,0.22564876777761023,20,14,inf
random_addition,50,173,30,0.004966660701558164,0.0704745393852146,0.023223528527647086,30,14,inf
random_addition,50,173,40,0.005685371301720739,0.0754014011920252,-0.11812287023406731,40,14,inf
random_addition,50,173,50,0.003999430154120527,0.06324104801567197,0.2134455102567414,50,14,inf
random_addition,50,173,60,0.00313728905921327,0.05601150827475788,0.382999902472547,60,14,inf
random_addition,50,173,70,0.0025818964597839078,0.050812365225247166,0.49222709880232174,70,14,inf
random_addition,50,173,80,0.002250465018309076,0.04743906637265405,0.5574086067392778,80,14,inf
random_addition,50,173,90,0.0029853632973037485,0.05463847817521777,0.4128786315746126,90,14,inf
random_addition,50,173,100,0.0028566778110321912,0.05344789809741999,0.43818677375766957,100,14,inf
random_addition,50,173,110,0.002579452492860358,0.05078831059269798,0.49270774556509167,110,14,inf
random_addition,50,173,120,0.0025013052034628387,0.05001305033151686,0.5080767103846313,120,14,inf
random_addition,50,173,130,0.002598838939595321,0.05097880873064141,0.48889507822701006,130,14,inf
random_addition,50,173,140,0.0029671586314752945,0.05447163143761433,0.41645888203276693,140,14,inf
random_addition,50,173,150,0.0026800483819562917,0.05176918370958047,0.47292389007342817,150,14,inf
random_addition,50,174,10,0.013263393805278245,0.11516680860941769,-1.608467092749768,10,10,inf
random_addition,50,174,20,0.01931249234201571,0.13896939354410276,-2.7981229761181075,20,14,inf
random_addition,50,174,30,0.014254892296994786,0.11939385368181557,-1.803461769536368,30,14,inf
random_addition,50,174,40,0.004674009931865983,0.06836673117727644,0.0807781720538131,40,14,inf
random_addition,50,174,50,0.0034644612856361756,0.05885967452879922,0.3186560400482704,50,14,inf
random_addition,50,174,60,0.003040946243167513,0.05514477530253898,0.40194732037837677,60,14,inf
random_addition,50,174,70,0.0037308109986780116,0.06108036508304458,0.26627393695814827,70,14,inf
random_addition,50,174,80,0.003879418109358506,0.0622849749888246,0.23704787584214415,80,14,inf
random_addition,50,174,90,0.003897237450092453,0.062427857964953856,0.2335434059755782,90,14,inf
random_addition,50,174,100,0.0032520746894567146,0.05702696458217564,0.3604253982689989,100,14,inf
random_addition,50,174,110,0.003351824184321619,0.05789494092165238,0.3408080002867442,110,14,inf
random_addition,50,174,120,0.003658289786706954,0.0604837977206041,0.28053644003466505,120,14,inf
random_addition,50,174,130,0.003494594374317769,0.05911509430185973,0.31272986674882686,130,14,inf
random_addition,50,174,140,0.003456725407909865,0.058793923222641514,0.3201774291270285,140,14,inf
random_addition,50,174,150,0.0026800483819562917,0.05176918370958047,0.47292389007342817,150,14,inf
random_addition,50,175,10,0.013263393805278245,0.11516680860941769,-1.608467092749768,10,10,inf
random_addition,50,175,20,0.02470420916914074,0.1571757270355087,-3.8584938075552264,20,14,inf
random_addition,50,175,30,0.021040893676538282,0.14505479542758412,-3.138041858898526,30,14,inf
random_addition,50,175,40,0.009439199343417368,0.09715554201082596,-0.8563756177857749,40,14,inf
random_addition,50,175,50,0.011477673217742219,0.10713390321341895,-1.2572754250802287,50,14,inf
random_addition,50,175,60,0.009179720249899805,0.09581085663900414,-0.8053447363512094,60,14,inf
random_addition,50,175,70,0.006354571263091793,0.07971556474799506,-0.24973217802760828,70,14,inf
random_addition,50,175,80,0.004435863071030664,0.06660227526917278,0.12761371496616913,80,14,inf
random_addition,50,175,90,0.004111468032068793,0.06412073012738387,0.19141139726423828,90,14,inf
random_addition,50,175,100,0.004353877722869959,0.06598392018416274,0.14373749790622825,100,14,inf
random_addition,50,175,110,0.003210208526408983,0.05665870212428963,0.3686590758791929,110,14,inf
random_addition,50,175,120,0.0031184398884969875,0.05584299319070377,0.38670690554136034,120,14,inf
random_addition,50,175,130,0.0031799454274341935,0.0563910048450477,0.3746108178661459,130,14,inf
random_addition,50,175,140,0.0029703973184163294,0.05450135152834588,0.41582194035453324,140,14,inf
random_addition,50,175,150,0.0026800483819562917,0.05176918370958047,0.47292389007342817,150,14,inf
random_addition,50,176,10,0.013263393805278245,0.11516680860941769,-1.608467092749768,10,10,inf
random_addition,50,176,20,0.0077438808289324885,0.08799932288905687,-0.5229630220590766,20,14,inf
random_addition,50,176,30,0.012774974271233369,0.11302643173715328,-1.5124112641499092,30,14,inf
random_addition,50,176,40,0.004259009939585387,0.06526109054854498,0.1623948260752407,40,14,inf
random_addition,50,176,50,0.004293819541683052,0.0655272427443964,0.15554893859602426,50,14,inf
random_addition,50,176,60,0.0040979648254329485,0.06401534835828786,0.19406702754056948,60,14,inf
random_addition,50,176,70,0.003296232669607089,0.057412826699328165,0.3517409966900674,70,14,inf
random_addition,50,176,80,0.0025116141394376642,0.05011600681855712,0.5060492865859882,80,14,inf
random_addition,50,176,90,0.002733922533534433,0.05228692507247326,0.4623286417075484,90,14,inf
random_addition,50,176,100,0.002886549741788361,0.0537266204203127,0.43231196150989026,100,14,inf
random_addition,50,176,110,0.0027412732587633734,0.05235717007978347,0.46088299927627974,110,14,inf
random_addition,50,176,120,0.0029567621838214194,0.05437611777077708,0.41850351645927664,120,14,inf
random_addition,50,176,130,0.0023938891354476554,0.04892738635414379,0.5292018675475494,130,14,inf
random_addition,50,176,140,0.0022533639446080576,0.04746961074843628,0.5568384846448717,140,14,inf
random_addition,50,176,150,0.0026800483819562917,0.05176918370958047,0.47292389007342817,150,14,inf
random_addition,50,177,10,0.013263393805278245,0.11516680860941769,-1.608467092749768,10,10,inf
random_addition,50,177,20,0.013239043338277506,0.11506104179207446,-1.603678168225847,20,14,inf
random_addition,50,177,30,0.0070739901883436805,0.08410701628487174,-0.39121788070456254,30,14,inf
random_addition,50,177,40,0.00845078095635728,0.09192812929869333,-0.6619866948323592,40,14,inf
random_addition,50,177,50,0.006249550268418032,0.07905409710077038,-0.22907805189095276,50,14,inf
random_addition,50,177,60,0.005148539260734808,0.0717533222975411,-0.01254591656718329,60,14,inf
random_addition,50,177,70,0.004412858583525577,0.06642935031690117,0.13213793022536713,70,14,inf
random_addition,50,177,80,0.00411938492324836,0.06418243469399054,0.18985440887785987,80,14,inf
random_addition,50,177,90,0.004764708930340886,0.06902687107453796,0.06294070478559421,90,14,inf
random_addition,50,177,100,0.00423530047847226,0.06507918621550411,0.16705768612511807,100,14,inf
random_addition,50,177,110,0.002750301556100943,0.05244331755429802,0.45910743437529344,110,14,inf
random_addition,50,177,120,0.002763638089572548,0.05257031566932567,0.4564845831501272,120,14,inf
random_addition,50,177,130,0.00281824504261421,0.05308714573806177,0.4457452171827363,130,14,inf
random_addition,50,177,140,0.0026259040691257113,0.051243575881525984,0.483572270145044,140,14,inf
random_addition,50,177,150,0.0026800483819562917,0.05176918370958047,0.47292389007342817,150,14,inf
random_addition,50,178,10,0.013263393805278245,0.11516680860941769,-1.608467092749768,10,10,inf
random_addition,50,178,20,0.013534298124501135,0.11633700238746542,-1.661744934933378,20,14,inf
random_addition,50,178,30,0.012518122114428678,0.11188441408180443,-1.4618970135317748,30,14,inf
random_addition,50,178,40,0.00568186560975202,0.07537815074510663,-0.11743341757421488,40,14,inf
random_addition,50,178,50,0.0048531424243944965,0.06966449902493017,0.04554878665948636,50,14,inf
random_addition,50,178,60,0.003610159541026335,0.06008460319438196,0.2900020537280392,60,14,inf
random_addition,50,178,70,0.002762192277949336,0.05255656265348159,0.4567689260639267,70,14,inf
random_addition,50,178,80,0.0032927663223266306,0.05738263084180291,0.35242271156228355,80,14,inf
random_addition,50,178,90,0.003167915216362077,0.056284235948994434,0.3769767590544383,90,14,inf
random_addition,50,178,100,0.002896094460179344,0.053815373827367806,0.4304348338155791,100,14,inf
random_addition,50,178,110,0.002431824574146154,0.04931353337721963,0.521741232287313,110,14,inf
random_addition,50,178,120,0.002358973002427827,0.04856925985052507,0.5360687061052684,120,14,inf
random_addition,50,178,130,0.002547363572805819,0.05047141342191458,0.49901856564877434,130,14,inf
random_addition,50,178,140,0.0026250114691247985,0.051234865756873006,0.4837478147879576,140,14,inf
random_addition,50,178,150,0.0026800483819562917,0.05176918370958047,0.47292389007342817,150,14,inf
random_addition,50,179,10,0.013263393805278245,0.11516680860941769,-1.608467092749768,10,10,inf
random_addition,50,179,20,0.01490731169362972,0.12209550234807882,-1.9317709000483974,20,14,inf
random_addition,50,179,30,0.01983568309586103,0.14083921007965441,-2.9010171436797583,30,14,inf
random_addition,50,179,40,0.012744695923220223,0.11289240861643542,-1.5064565231858218,40,14,inf
random_addition,50,179,50,0.008549681025482366,0.0924644852117956,-0.681437039108558,50,14,inf
random_addition,50,179,60,0.006159103215129644,0.07847995422481874,-0.21129013383599338,60,14,inf
random_addition,50,179,70,0.004715404119679646,0.06866880019105945,0.07263731622699787,70,14,inf
random_addition,50,179,80,0.0039617886146805295,0.06294274076238283,0.22084834533735265,80,14,inf
random_addition,50,179,90,0.0031300916395368534,0.05594722191080495,0.3844153948159298,90,14,inf
random_addition,50,179,100,0.0030427220152753976,0.05516087395315086,0.40159808524477203,100,14,inf
random_addition,50,179,110,0.003126244376423589,0.05591282837080941,0.3851720231250513,110,14,inf
random_addition,50,179,120,0.002925692100770603,0.05408966722739753,0.424613965292878,120,14,inf
random_addition,50,179,130,0.0023451431000984318,0.0484266775661766,0.538788586525905,130,14,inf
random_addition,50,179,140,0.002401258429190023,0.04900263696159649,0.5277525733091378,140,14,inf
random_addition,50,179,150,0.0026800483819562917,0.05176918370958047,0.47292389007342817,150,14,inf
random_addition,50,180,10,0.013263393805278245,0.11516680860941769,-1.608467092749768,10,10,inf
random_addition,50,180,20,0.007187671255240403,0.08478013479135547,-0.4135751541462045,20,14,inf
random_addition,50,180,30,0.007225506202805265,0.08500297761140645,-0.4210160261528535,30,14,inf
random_addition,50,180,40,0.005424687701349764,0.0736524792613919,-0.06685510248395987,40,14,inf
random_addition,50,180,50,0.005665674277327822,0.07527067342151139,-0.11424912263158205,50,14,inf
random_addition,50,180,60,0.004061253590161466,0.06372796552661528,0.20128690282631645,60,14,inf
random_addition,50,180,70,0.0023455916144886754,0.048431308205423025,0.5387003787078495,70,14,inf
random_addition,50,180,80,0.002912826172041396,0.053970604703314155,0.42714426426465724,80,14,inf
random_addition,50,180,90,0.0034963433545605917,0.059129885460404805,0.3123859006812991,90,14,inf
random_addition,50,180,100,0.002887510424844887,0.05373556015195977,0.4321230272011982,100,14,inf
random_addition,50,180,110,0.003351177002077102,0.057889351370326324,0.3409352794441468,110,14,inf
random_addition,50,180,120,0.003588462406153328,0.05990377622615563,0.29426915633798123,120,14,inf
random_addition,50,180,130,0.003276989670857671,0.05724499690678366,0.3555254525948378,130,14,inf
random_addition,50,180,140,0.0031663012606200163,0.05626989657552266,0.3772941703071031,140,14,inf
random_addition,50,180,150,0.0026800483819562917,0.05176918370958047,0.47292389007342817,150,14,inf
random_addition,50,181,10,0.013263393805278245,0.11516680860941769,-1.608467092749768,10,10,inf
random_addition,50,181,20,0.012780533659457971,0.11305102237245787,-1.513504610351688,20,14,inf
random_addition,50,181,30,0.012043620417610727,0.10974342995191433,-1.3685783592133758,30,14,inf
random_addition,50,181,40,0.005641473635084303,0.07510974394234281,-0.10948966363923085,40,14,inf
random_addition,50,181,50,0.0051847173481635285,0.07200498141214626,-0.01966093945814884,50,14,inf
random_addition,50,181,60,0.004255498272893782,0.0652341802500329,0.16308545376376726,60,14,inf
random_addition,50,181,70,0.0036983326269325683,0.06081391803635553,0.2726613491972668,70,14,inf
random_addition,50,181,80,0.0030252929023025375,0.05500266268375139,0.40502581032878715,80,14,inf
random_addition,50,181,90,0.003436741648492421,0.05862372939768009,0.32410756794331597,90,14,inf
random_addition,50,181,100,0.0029825380892508024,0.0546126184068371,0.41343425574927506,100,14,inf
random_addition,50,181,110,0.0031055425054311147,0.05572739456883943,0.38924339053184054,110,14,inf
random_addition,50,181,120,0.0033240276234835055,0.05765438078310707,0.3462746565062844,120,14,inf
random_addition,50,181,130,0.0034503096033341894,0.058739336081830115,0.3214392038548891,130,14,inf
random_addition,50,181,140,0.0030681746967407175,0.05539110665748354,0.39659239190570317,140,14,inf
random_addition,50,181,150,0.0026800483819562917,0.05176918370958047,0.47292389007342817,150,14,inf
random_addition,50,182,10,0.013263393805278245,0.11516680860941769,-1.608467092749768,10,10,inf
random_addition,50,182,20,0.003672114795876799,0.06059797682989754,0.2778175219352753,20,14,inf
random_addition,50,182,30,0.003872890864665003,0.062232554701418155,0.23833156712352288,30,14,inf
random_addition,50,182,40,0.005264974747642981,0.07256014572506715,-0.03544489253722505,40,14,inf
random_addition,50,182,50,0.003626470277729396,0.06022018164809366,0.2867942759470984,50,14,inf
random_addition,50,182,60,0.004060241833676396,0.06372002694346884,0.2014858815745859,60,14,inf
random_addition,50,182,70,0.003246184733523049,0.056975299328068905,0.3615837561113634,70,14,inf
random_addition,50,182,80,0.003289461181985751,0.057353824475668155,0.35307272240737153,80,14,inf
random_addition,50,182,90,0.003044799735016021,0.05517970401348689,0.4011894670848244,90,14,inf
random_addition,50,182,100,0.0028125000562882643,0.05303300911968191,0.44687506433946955,100,14,inf
random_addition,50,182,110,0.0028087295426210213,0.0529974484538739,0.44761659859293135,110,14,inf
random_addition,50,182,120,0.0033579542168670736,0.057947857741827466,0.3396024273838315,120,14,inf
random_addition,50,182,130,0.0032732189659979093,0.05721205262877665,0.3562670244494899,130,14,inf
random_addition,50,182,140,0.0031098506847575475,0.055766035225373045,0.3883961153798209,140,14,inf
random_addition,50,182,150,0.0026800483819562917,0.05176918370958047,0.47292389007342817,150,14,inf
random_addition,50,183,10,0.013263393805278245,0.11516680860941769,-1.608467092749768,10,10,inf
random_addition,50,183,20,0.01962845492636264,0.1401015878795192,-2.860262275901331,20,14,inf
random_addition,50,183,30,0.005623818783809157,0.07499212481193714,-0.10601754336181868,30,14,inf
random_addition,50,183,40,0.0048792053487155,0.0698513088547058,0.04042307890849506,40,14,inf
random_addition,50,183,50,0.003370998159977551,0.058060297622192315,0.33703711892184196,50,14,inf
random_addition,50,183,60,0.0035180821338293812,0.05931342288073907,0.30811060800796974,60,14,inf
random_addition,50,183,70,0.0036357856256581064,0.060297476113500025,0.28496225777088424,70,14,inf
random_addition,50,183,80,0.003234483193882638,0.05687251703487932,0.3638850585935661,80,14,inf
random_addition,50,183,90,0.0028874364900325403,0.05373487219704296,0.4321375677123107,90,14,inf
random_addition,50,183,100,0.003007915895415369,0.05484447005319104,0.4084432878840134,100,14,inf
random_addition,50,183,110,0.0028677352052455156,0.05355123906358765,0.43601215319218956,110,14,inf
random_addition,50,183,120,0.0027997244116268433,0.052912422091857064,0.449387607447005,120,14,inf
random_addition,50,183,130,0.0030193295810355012,0.054948426556503886,0.40619859668474745,130,14,inf
random_addition,50,183,140,0.0030416485579861747,0.05515114285294707,0.40180919848287067,140,14,inf
random_addition,50,183,150,0.0026800483819562917,0.05176918370958047,0.47292389007342817,150,14,inf
random_addition,50,184,10,0.013263393805278245,0.11516680860941769,-1.608467092749768,10,10,inf
random_addition,50,184,20,0.01168821650716142,0.10811205532761561,-1.298682266354196,20,14,inf
random_addition,50,184,30,0.010505500539049369,0.1024963440277231,-1.0660814910034522,30,14,inf
random_addition,50,184,40,0.01242054912081493,0.11144751733804989,-1.442707660737224,40,14,inf
random_addition,50,184,50,0.005653854358866207,0.07519211633453475,-0.11192453898438348,50,14,inf
random_addition,50,184,60,0.004463018797172457,0.06680582906582672,0.12227308955305627,60,14,inf
random_addition,50,184,70,0.003527270374802275,0.05939082736249997,0.30630358752965814,70,14,inf
random_addition,50,184,80,0.0033601516165948564,0.057966814787383796,0.3391702721629515,80,14,inf
random_addition,50,184,90,0.0029937017089093883,0.054714730273568817,0.41123874418240847,90,14,inf
random_addition,50,184,100,0.0031904831476782525,0.056484361974605435,0.37253839983402104,100,14,inf
random_addition,50,184,110,0.0031396408236214124,0.056032497924163725,0.3825373888686685,110,14,inf
random_addition,50,184,120,0.0034387995840788584,0.05864127884075226,0.3237028406664946,120,14,inf
random_addition,50,184,130,0.0026713634286171404,0.05168523414493873,0.4746319306639314,130,14,inf
random_addition,50,184,140,0.0025068121020676145,0.050068074679056856,0.5069936871400111,140,14,inf
random_addition,50,184,150,0.0026800483819562917,0.05176918370958047,0.47292389007342817,150,14,inf
random_addition,50,185,10,0.013263393805278245,0.11516680860941769,-1.608467092749768,10,10,inf
random_addition,50,185,20,0.0038323204870282985,0.061905738724518086,0.24631040697095774,20,14,inf
random_addition,50,185,30,0.0038681252645241825,0.06219425427259485,0.23926880169010767,30,14,inf
random_addition,50,185,40,0.0029447958866999995,0.05426597356262946,0.4208568879056457,40,14,inf
random_addition,50,185,50,0.005222076522264843,0.07226393652621509,-0.027008242696390017,50,14,inf
random_addition,50,185,60,0.004028391772242222,0.06346961298323964,0.2077497261360013,60,14,inf
random_addition,50,185,70,0.003172424304172406,0.0563242781060921,0.3760899719059724,70,14,inf
random_addition,50,185,80,0.0027897695977209544,0.052818269544930706,0.45134538724825213,80,14,inf
random_addition,50,185,90,0.002782904982356481,0.05275324617837732,0.45269542808587604,90,14,inf
random_addition,50,185,100,0.0025431590008468587,0.05042974321615031,0.4998454646879691,100,14,inf
random_addition,50,185,110,0.002099400498418741,0.04581921538414578,0.5871179582673286,110,14,inf
random_addition,50,185,120,0.002337070375765909,0.04834325574230504,0.5403762220948531,120,14,inf
random_addition,50,185,130,0.0024799324392252207,0.04979892006083285,0.512280020111644,130,14,inf
random_addition,50,185,140,0.002870810907884423,0.05357994874843035,0.4354072650890043,140,14,inf
random_addition,50,185,150,0.0026800483819562917,0.05176918370958047,0.47292389007342817,150,14,inf
random_addition,50,186,10,0.013263393805278245,0.11516680860941769,-1.608467092749768,10,10,inf
random_addition,50,186,20,0.014569587588420585,0.12070454667667074,-1.8653518350790819,20,14,inf
random_addition,50,186,30,0.006165088253984436,0.07851807596970545,-0.21246719131696334,30,14,inf
random_addition,50,186,40,0.004718113373622782,0.06868852432264637,0.07210449635748895,40,14,inf
random_addition,50,186,50,0.0038594385230624854,0.062124379458168316,0.24097719394466366,50,14,inf
random_addition,50,186,60,0.0035462712949112614,0.05955057762029904,0.30256674041768183,60,14,inf
random_addition,50,186,70,0.004328580654102168,0.06579194976668626,0.14871258741895554,70,14,inf
random_addition,50,186,80,0.00392578067889404,0.06265605061679232,0.22792990507657462,80,14,inf
random_addition,50,186,90,0.002838636642511041,0.05327885736866962,0.44173486974977116,90,14,inf
random_addition,50,186,100,0.002987554375501077,0.054658525185931214,0.41244771958788573,100,14,inf
random_addition,50,186,110,0.0030186863081687557,0.05494257282079859,0.4063251069979599,110,14,inf
random_addition,50,186,120,0.003143012477727298,0.05606257644567629,0.3818742969849127,120,14,inf
random_addition,50,186,130,0.0030973894179947515,0.05565419497212004,0.39084683084238925,130,14,inf
random_addition,50,186,140,0.0030869531924646036,0.05556035630253467,0.3928992882501662,140,14,inf
random_addition,50,186,150,0.0026800483819562917,0.05176918370958047,0.47292389007342817,150,14,inf
random_addition,50,187,10,0.013263393805278245,0.11516680860941769,-1.608467092749768,10,10,inf
random_addition,50,187,20,0.006043087754797692,0.07773729963664607,-0.18847376308134667,20,14,inf
random_addition,50,187,30,0.004230950838166347,0.0650457595709847,0.16791311526865726,30,14,inf
random_addition,50,187,40,0.004752662743269599,0.06893955862398307,0.06530978791996178,40,14,inf
random_addition,50,187,50,0.0046757050723260545,0.06837912746098808,0.0804447944754495,50,14,inf
random_addition,50,187,60,0.004267803391371851,0.06532842713070514,0.16066544745967515,60,14,inf
random_addition,50,187,70,0.0027559153553685964,0.05249681281152787,0.4580033873365069,70,14,inf
random_addition,50,187,80,0.00307018667669532,0.0554092652603815,0.3961967025685771,80,14,inf
random_addition,50,187,90,0.003244453580012589,0.056960105161530286,0.36192421625533766,90,14,inf
random_addition,50,187,100,0.004600720054643714,0.06782860793679694,0.09519184594245833,100,14,inf
random_addition,50,187,110,0.0038670936291291765,0.06218596006438412,0.23947168995679846,110,14,inf
random_addition,50,187,120,0.0031432206771828106,0.05606443326372622,0.38183335109757743,120,14,inf
random_addition,50,187,130,0.002763208381189869,0.052566228523547975,0.4565690924538659,130,14,inf
random_addition,50,187,140,0.0029277591769985793,0.0541087717195519,0.4242074403567989,140,14,inf
random_addition,50,187,150,0.0026800483819562917,0.05176918370958047,0.47292389007342817,150,14,inf
random_addition,50,188,10,0.013263393805278245,0.11516680860941769,-1.608467092749768,10,10,inf
random_addition,50,188,20,0.012826212041358628,0.11325286769596003,-1.5224880242340761,20,14,inf
random_addition,50,188,30,0.0039911007546613135,0.06317515931646958,0.21508362526038993,30,14,inf
random_addition,50,188,40,0.004230364118238664,0.0650412493594539,0.16802850350537024,40,14,inf
random_addition,50,188,50,0.004617616758564982,0.06795304819185805,0.09186882795764784,50,14,inf
random_addition,50,188,60,0.003976408055223319,0.06305876668016366,0.217973189089251,60,14,inf
random_addition,50,188,70,0.0034384618188722732,0.05863839884301304,0.32376926781473336,70,14,inf
random_addition,50,188,80,0.003293861278481485,0.057392170881414524,0.3522073702145204,80,14,inf
random_addition,50,188,90,0.003526021443036148,0.05938031191427128,0.3065492107435097,90,14,inf
random_addition,50,188,100,0.0025401727027042627,0.05040012601873395,0.5004327699092769,100,14,inf
random_addition,50,188,110,0.0029283877862752504,0.05411458016353125,0.42408381388257477,110,14,inf
random_addition,50,188,120,0.0029838672512124834,0.0546247860518692,0.41317285393244896,120,14,inf
random_addition,50,188,130,0.0026411561695578625,0.05139218004286122,0.480572690802331,130,14,inf
random_addition,50,188,140,0.0026065745404428055,0.051054623105481894,0.48737374360108043,140,14,inf
random_addition,50,188,150,0.0026800483819562917,0.05176918370958047,0.47292389007342817,150,14,inf
random_addition,50,189,10,0.013263393805278245,0.11516680860941769,-1.608467092749768,10,10,inf
random_addition,50,189,20,0.0049008067928578225,0.07000576256893301,0.03617479547302194,20,14,inf
random_addition,50,189,30,0.007328877763022132,0.08560886497917217,-0.44134576355721156,30,14,inf
random_addition,50,189,40,0.006257390022691774,0.07910366630372939,-0.23061987002125361,40,14,inf
random_addition,50,189,50,0.005917597813040543,0.07692592419360682,-0.16379407790044342,50,14,inf
random_addition,50,189,60,0.004363909573249519,0.0660598938331687,0.1417645676005581,60,14,inf
random_addition,50,189,70,0.0037258029147153927,0.06103935545789612,0.2672588600031852,70,14,inf
random_addition,50,189,80,0.003887092311320972,0.06234655011563167,0.23553861632862194,80,14,inf
random_addition,50,189,90,0.003737541892138249,0.0611354389216128,0.26495019475810544,90,14,inf
random_addition,50,189,100,0.003856865518404346,0.06210366751170454,0.24148321812510964,100,14,inf
random_addition,50,189,110,0.0033765154937817595,0.05810779202294439,0.3359520434216131,110,14,inf
random_addition,50,189,120,0.0031707758321982923,0.05630964244424122,0.37641417135001554,120,14,inf
random_addition,50,189,130,0.0025191164683214346,0.0501908006343935,0.5045738287733343,130,14,inf
random_addition,50,189,140,0.0028729478114815897,0.05359988630101364,0.43498700743885677,140,14,inf
random_addition,50,189,150,0.0026800483819562917,0.05176918370958047,0.47292389007342817,150,14,inf
random_addition,50,190,10,0.013263393805278245,0.11516680860941769,-1.608467092749768,10,10,inf
random_addition,50,190,20,0.007043151918956858,0.08392348848181215,-0.3851530218853312,20,14,inf
random_addition,50,190,30,0.008260777727705993,0.0908888206970802,-0.624619398292023,30,14,inf
random_addition,50,190,40,0.005674680337790242,0.07533047416411397,-0.11602031428105186,40,14,inf
random_addition,50,190,50,0.005525968820954289,0.07433686044590725,-0.08677371995727357,50,14,inf
random_addition,50,190,60,0.003955418602385917,0.06289211876209862,0.2221011142511654,60,14,inf
random_addition,50,190,70,0.003181109388445312,0.056401324350101145,0.3743819055651677,70,14,inf
random_addition,50,190,80,0.0044857102041023795,0.06697544478465507,0.11781044679857966,80,14,inf
random_addition,50,190,90,0.004215730540390075,0.06492865731239231,0.17090644008990008,90,14,inf
random_addition,50,190,100,0.004534480144550178,0.0673385487261953,0.10821902648481185,100,14,inf
random_addition,50,190,110,0.004191728463971192,0.06474355924701075,0.1756268478087304,110,14,inf
random_addition,50,190,120,0.003833074792583693,0.061911830796574675,0.24616206023195486,120,14,inf
random_addition,50,190,130,0.0037331567340430694,0.06109956410681724,0.26581260906591475,130,14,inf
random_addition,50,190,140,0.0029155932841430894,0.05399623398111288,0.4266000656255168,140,14,inf
random_addition,50,190,150,0.0026800483819562917,0.05176918370958047,0.47292389007342817,150,14,inf
random_addition,50,191,10,0.013263393805278245,0.11516680860941769,-1.608467092749768,10,10,inf
random_addition,50,191,20,0.003558588957397276,0.05965390982489979,0.30014426712569675,20,14,inf
random_addition,50,191,30,0.0043703412322233315,0.06610855642217074,0.14049967484148906,30,14,inf
random_addition,50,191,40,0.005841486756164896,0.07642961962593361,-0.14882557208894287,40,14,inf
random_addition,50,191,50,0.005002611123258413,0.0707291391383948,0.01615327989051052,50,14,inf
random_addition,50,191,60,0.0033380424057953785,0.057775794289610403,0.34351841636071745,60,14,inf
random_addition,50,191,70,0.0026338159264618316,0.051320716347902154,0.48201627174774186,70,14,inf
random_addition,50,191,80,0.002752068051291754,0.052460156798200236,0.4587600237017977,80,14,inf
random_addition,50,191,90,0.0029822289551338565,0.054609788089076634,0.4134950521173192,90,14,inf
random_addition,50,191,100,0.0026247705286445828,0.05123251436972992,0.48379519974260654,100,14,inf
random_addition,50,191,110,0.002389567562291057,0.04888320327363027,0.5300517768191425,110,14,inf
random_addition,50,191,120,0.0023948568153263515,0.04893727429400162,0.5290115571973515,120,14,inf
random_addition,50,191,130,0.002765154443663952,0.05258473584286558,0.4561863668861412,130,14,inf
random_addition,50,191,140,0.0027935268500210385,0.05285382531114506,0.45060646106330937,140,14,inf
random_addition,50,191,150,0.0026800483819562917,0.05176918370958047,0.47292389007342817,150,14,inf
random_addition,50,192,10,0.013263393805278245,0.11516680860941769,-1.608467092749768,10,10,inf
random_addition,50,192,20,0.010058198938443386,0.10029057253024028,-0.9781121882107777,20,14,inf
random_addition,50,192,30,0.0075354427675274945,0.08680692810788489,-0.4819702089047908,30,14,inf
random_addition,50,192,40,0.005880555630776002,0.07668478095930119,-0.15650911638160192,40,14,inf
random_addition,50,192,50,0.0044380205207768565,0.06661846981713747,0.1271894165739308,50,14,inf
random_addition,50,192,60,0.0028435310469093825,0.053324769543893785,0.44077230368266074,60,14,inf
random_addition,50,192,70,0.002792022814069833,0.052839595135370156,0.4509022547600531,70,14,inf
random_addition,50,192,80,0.0036534499507712265,0.0604437751201166,0.2814882743055912,80,14,inf
random_addition,50,192,90,0.0031910097509371383,0.05648902327830725,0.3724348345405596,90,14,inf
random_addition,50,192,100,0.00280888758057621,0.05299893942878678,0.4475855177993149,100,14,inf
random_addition,50,192,110,0.0033337364671336077,0.05773851805453278,0.34436525084874714,110,14,inf
random_addition,50,192,120,0.0029942718330351614,0.05471993999480593,0.4111266197862927,120,14,inf
random_addition,50,192,130,0.002625592214182987,0.05124053292251152,0.4836336016087517,130,14,inf
random_addition,50,192,140,0.002910350876807457,0.053947667945959045,0.42763107226096375,140,14,inf
random_addition,50,192,150,0.0026800483819562917,0.05176918370958047,0.47292389007342817,150,14,inf
random_addition,50,193,10,0.013263393805278245,0.11516680860941769,-1.608467092749768,10,10,inf
random_addition,50,193,20,0.006975451743217435,0.08351916991456174,-0.37183865580510655,20,14,inf
random_addition,50,193,30,0.006301812813667115,0.07938395816326567,-0.2393563510553285,30,14,inf
random_addition,50,193,40,0.006499796496723847,0.08062131539936475,-0.27829313674809497,40,14,inf
random_addition,50,193,50,0.005601694381812745,0.07484446794394857,-0.1016664115623962,50,14,inf
random_addition,50,193,60,0.004654202293033037,0.0682217142340548,0.08467367382653812,60,14,inf
random_addition,50,193,70,0.004663994764988361,0.06829344598853071,0.08274782127121594,70,14,inf
random_addition,50,193,80,0.004296697366713341,0.06554919806308343,0.15498296641722842,80,14,inf
random_addition,50,193,90,0.0036445857588549625,0.060370404660354586,0.2832315651447873,90,14,inf
random_addition,50,193,100,0.004041185738312257,0.0635703212066154,0.20523357981859625,100,14,inf
random_addition,50,193,110,0.003985505382532417,0.06313085919368132,0.21618404829571514,110,14,inf
random_addition,50,193,120,0.004123097978130252,0.06421135396587002,0.18912417485064315,120,14,inf
random_addition,50,193,130,0.0036160083061716856,0.060133254578242194,0.2888517967396056,130,14,inf
random_addition,50,193,140,0.002926846826008145,0.05410034035020616,0.42438686936045544,140,14,inf
random_addition,50,193,150,0.0026800483819562917,0.05176918370958047,0.47292389007342817,150,14,inf
random_addition,50,194,10,0.013263393805278245,0.11516680860941769,-1.608467092749768,10,10,inf
random_addition,50,194,20,0.006434804315913506,0.08021723203846856,-0.2655113429313154,20,14,inf
random_addition,50,194,30,0.0029433311288994037,0.054252475785897585,0.4211449569004895,30,14,inf
random_addition,50,194,40,0.0037748534909958103,0.061439836352287024,0.2576122479831935,40,14,inf
random_addition,50,194,50,0.0034501368052254388,0.05873786517422504,0.32147318747831033,50,14,inf
random_addition,50,194,60,0.0022179242267101828,0.047094842888687746,0.5638082948812346,60,14,inf
random_addition,50,194,70,0.0016052717472906507,0.040065842650450406,0.6842965994071424,70,14,inf
random_addition,50,194,80,0.001722813590739236,0.04150678969444922,0.6611800400138169,80,14,inf
random_addition,50,194,90,0.001878912902909953,0.043346428952221114,0.6304805128056186,90,14,inf
random_addition,50,194,100,0.002097703981447463,0.04580069848209155,0.5874516065595259,100,14,inf
random_addition,50,194,110,0.002055710509312316,0.045339943860930355,0.5957103216201647,110,14,inf
random_addition,50,194,120,0.0019898847409310916,0.04460812415839845,0.6086560543035342,120,14,inf
random_addition,50,194,130,0.0021718891965259637,0.046603532017712605,0.572861849583161,130,14,inf
random_addition,50,194,140,0.0026100397610902943,0.05108854823823333,0.48669225029998475,140,14,inf
random_addition,50,194,150,0.0026800483819562917,0.05176918370958047,0.47292389007342817,150,14,inf
random_addition,50,195,10,0.013263393805278245,0.11516680860941769,-1.608467092749768,10,10,inf
random_addition,50,195,20,0.007477130699646342,0.0864704036052009,-0.4705021704516428,20,14,inf
random_addition,50,195,30,0.003678338523008174,0.060649307687789596,0.2765935224329772,30,14,inf
random_addition,50,195,40,0.005033743652792978,0.07094888056053442,0.010030549916779652,40,14,inf
random_addition,50,195,50,0.004860992826592797,0.06972082061043744,0.044004874437640895,50,14,inf
random_addition,50,195,60,0.003109276713412393,0.05576088874302842,0.38850899639564507,60,14,inf
random_addition,50,195,70,0.0027233559353105554,0.05218578288490607,0.4644067390749299,70,14,inf
random_addition,50,195,80,0.0032185073355700776,0.05673188993476313,0.3670269769666874,80,14,inf
random_addition,50,195,90,0.003468207002421105,0.05889148497381523,0.31791938251433216,90,14,inf
random_addition,50,195,100,0.0026652825970478475,0.05162637501362891,0.4758278273761848,100,14,inf
random_addition,50,195,110,0.00232411530860732,0.04820907910972082,0.542924051622021,110,14,inf
random_addition,50,195,120,0.002221637302803284,0.04713424766349076,0.5630780566824807,120,14,inf
random_addition,50,195,130,0.0023668072258909924,0.048649843020209145,0.534527975700899,130,14,inf
random_addition,50,195,140,0.002245423426653479,0.04738589902759553,0.5584001196297022,140,14,inf
random_addition,50,195,150,0.0026800483819562917,0.05176918370958047,0.47292389007342817,150,14,inf
random_addition,50,196,10,0.013263393805278245,0.11516680860941769,-1.608467092749768,10,10,inf
random_addition,50,196,20,0.013765423932435794,0.1173261434311884,-1.7071996709635213,20,14,inf
random_addition,50,196,30,0.007341827977755122,0.08568446754082751,-0.44389263877414176,30,14,inf
random_addition,50,196,40,0.005068107400087567,0.0711906412394745,0.003272347203546966,40,14,inf
random_addition,50,196,50,0.0032538784083522487,0.057042777004211925,0.36007066693457235,50,14,inf
random_addition,50,196,60,0.002681588778624215,0.05178405911691565,0.47262094543670485,60,14,inf
random_addition,50,196,70,0.0035029296818241346,0.05918555298232952,0.31109058982939664,70,14,inf
random_addition,50,196,80,0.0027379564505307305,0.05232548566932495,0.461535304806435,80,14,inf
random_addition,50,196,90,0.0021102343077873645,0.0459372866829046,0.5849873093819783,90,14,inf
random_addition,50,196,100,0.0021394320357152833,0.04625399480818152,0.5792450903390115,100,14,inf
random_addition,50,196,110,0.0022555704377954303,0.047492846174928605,0.5564045410438494,110,14,inf
random_addition,50,196,120,0.001862326052228487,0.0431546759022529,0.6337425929949092,120,14,inf
random_addition,50,196,130,0.002350572393853202,0.0484827020065219,0.5377208255663719,130,14,inf
random_addition,50,196,140,0.0024954945594237977,0.04995492527693138,0.5092194702231795,140,14,inf
random_addition,50,196,150,0.0026800483819562917,0.05176918370958047,0.47292389007342817,150,14,inf
random_addition,50,197,10,0.013263393805278245,0.11516680860941769,-1.608467092749768,10,10,inf
random_addition,50,197,20,0.011067009281060962,0.10519985399733672,-1.1765115285437444,20,14,inf
random_addition,50,197,30,0.005344159498880599,0.07310375844565449,-0.051017891490834355,30,14,inf
random_addition,50,197,40,0.004059654255893823,0.06371541615569833,0.2016014385227377,40,14,inf
random_addition,50,197,50,0.003369570107015941,0.05804799830326573,0.3373179692993359,50,14,inf
random_addition,50,197,60,0.0039818242087480095,0.06310169735235344,0.21690801237461454,60,14,inf
random_addition,50,197,70,0.003952423731385947,0.06286830466448055,0.22269010546752688,70,14,inf
random_addition,50,197,80,0.0033706116617087446,0.05805696910542906,0.33711313023767764,80,14,inf
random_addition,50,197,90,0.0033347793326180242,0.05774754828231259,0.34416015399810673,90,14,inf
random_addition,50,197,100,0.003125370392650365,0.05590501223191321,0.38534390657701856,100,14,inf
random_addition,50,197,110,0.001954650583915081,0.04421143046673655,0.6155854375719756,110,14,inf
random_addition,50,197,120,0.0022576721942240193,0.04751496810715566,0.5559911956692465,120,14,inf
random_addition,50,197,130,0.0023954289070433096,0.04894311909802347,0.5288990458416887,130,14,inf
random_addition,50,197,140,0.0025812868175436776,0.05080636591553934,0.4923469950932211,140,14,inf
random_addition,50,197,150,0.0026800483819562917,0.05176918370958047,0.47292389007342817,150,14,inf
random_addition,50,198,10,0.013263393805278245,0.11516680860941769,-1.608467092749768,10,10,inf
random_addition,50,198,20,0.006274147300949681,0.07920951521723688,-0.23391546762934157,20,14,inf
random_addition,50,198,30,0.004409586372105776,0.06640471648991339,0.13278146505019273,30,14,inf
random_addition,50,198,40,0.004261199393361208,0.06527786296564256,0.16196423355803335,40,14,inf
random_addition,50,198,50,0.004454534482181696,0.06674229904776802,0.12394167127375566,50,14,inf
random_addition,50,198,60,0.004064210716111872,0.0637511624687101,0.2007053348020238,60,14,inf
random_addition,50,198,70,0.003879458945879184,0.06228530280795931,0.23703984466083905,70,14,inf
random_addition,50,198,80,0.006187045511596561,0.0786577746417769,-0.21678545139195737,80,14,inf
random_addition,50,198,90,0.006061505813578688,0.07785567296978871,-0.192095980814446,90,14,inf
random_addition,50,198,100,0.005063806636546009,0.07116042886707477,0.004118163918073403,100,14,inf
random_addition,50,198,110,0.004934092244928004,0.07024309393049258,0.02962865745834453,110,14,inf
random_addition,50,198,120,0.003571172387433757,0.05975928703920218,0.29766952622257903,120,14,inf
random_addition,50,198,130,0.0029012265709304963,0.05386303529258722,0.4294255188387893,130,14,inf
random_addition,50,198,140,0.0022363250291203415,0.04728979836201822,0.5601894709006039,140,14,inf
random_addition,50,198,150,0.0026800483819562917,0.05176918370958047,0.47292389007342817,150,14,inf
random_addition,50,199,10,0.013263393805278245,0.11516680860941769,-1.608467092749768,10,10,inf
random_addition,50,199,20,0.01615722219124533,0.12711106242670356,-2.177586597733203,20,14,inf
random_addition,50,199,30,0.009283216424507731,0.09634944952882571,-0.8256989812491349,30,14,inf
random_addition,50,199,40,0.005850507256982388,0.07648860867464115,-0.15059960367452274,40,14,inf
random_addition,50,199,50,0.004267130318006447,0.0653232754690581,0.16079781853682473,50,14,inf
random_addition,50,199,60,0.0041801438789673415,0.06465403219418989,0.17790514921554534,60,14,inf
random_addition,50,199,70,0.003118979710525104,0.055847826372430145,0.38660074055697125,70,14,inf
random_addition,50,199,80,0.002293725538157677,0.04789285477143409,0.5489007056622989,80,14,inf
random_addition,50,199,90,0.003028235696405621,0.05502940756000941,0.40444706090075044,90,14,inf
random_addition,50,199,100,0.002401004491995981,0.049000045836672244,0.5278025142838241,100,14,inf
random_addition,50,199,110,0.002186477487122271,0.04675978493451687,0.5699928194903656,110,14,inf
random_addition,50,199,120,0.0027481748948704416,0.052423037825658686,0.45952567769360475,120,14,inf
random_addition,50,199,130,0.002819389094119799,0.05309791986622262,0.44552022041731176,130,14,inf
random_addition,50,199,140,0.00275331967386836,0.05247208471052356,0.45851387129529064,140,14,inf
random_addition,50,199,150,0.0026800483819562917,0.05176918370958047,0.47292389007342817,150,14,inf
