method,seed_state,run,n_pairs,mse,rmse,r2_custom,train_n_rows,train_rank,train_cond
random_addition,42,0,10,0.00962854819961681,0.0981251659851682,-0.8936142210947935,10,10,inf
random_addition,42,0,11,0.007392142574844533,0.0859775701845809,-0.45378784151934437,11,11,inf
random_addition,42,0,12,0.008016742782131093,0.0895362651785917,-0.5766258655387553,12,12,inf
random_addition,42,0,13,0.008029074713348704,0.0896051042817802,-0.5790511450142384,13,13,inf
random_addition,42,0,14,0.007953991502351602,0.08918515292553801,-0.5642847821979593,14,14,inf
random_addition,42,0,15,0.015432029129762525,0.12422571847150865,-2.034965315085653,15,14,inf
random_addition,42,0,16,0.014825860476907555,0.12176149012272951,-1.9157521629435963,16,14,inf
random_addition,42,0,17,0.01052210617656207,0.10257731804137828,-1.0693472659357153,17,14,inf
random_addition,42,0,18,0.012874487388289951,0.11346579831953746,-1.5319821745028652,18,14,inf
random_addition,42,0,19,0.010881242411444574,0.10431319385123138,-1.1399773825000188,19,14,inf
random_addition,42,0,20,0.010891164944598488,0.10436074427004863,-1.1419288137542427,20,14,inf
random_addition,42,0,21,0.010533937499126773,0.10263497210564619,-1.0716740923895491,21,14,inf
random_addition,42,0,22,0.014512740997589669,0.12046883828438651,-1.8541720070731875,22,14,inf
random_addition,42,0,23,0.015166137770334496,0.12315087401368492,-1.9826733548606232,23,14,inf
random_addition,42,0,24,0.016721030465170435,0.12930982354473475,-2.2884688764881638,24,14,inf
random_addition,42,0,25,0.015990109450220693,0.12645200453223623,-2.144721096479029,25,14,inf
random_addition,42,0,26,0.01697599699030473,0.13029196824940795,-2.3386122862616787,26,14,inf
random_addition,42,0,27,0.01702383977880325,0.13047543745396392,-2.3480213667169476,27,14,inf
random_addition,42,0,28,0.018709639489075842,0.136783184233574,-2.6795619312037835,28,14,inf
random_addition,42,0,29,0.01871169081642229,0.13679068249125118,-2.6799653588602506,29,14,inf
random_addition,42,0,30,0.019392089241049883,0.13925548190663764,-2.813777030793988,30,14,inf
random_addition,42,0,31,0.015898529625789866,0.1260893715813901,-2.126710400129762,31,14,inf
random_addition,42,0,32,0.01910406020738232,0.13821743814505577,-2.7571313285620778,32,14,inf
random_addition,42,0,33,0.019319270531065264,0.1389937787495011,-2.799456019782781,33,14,inf
random_addition,42,0,34,0.019693047649347147,0.14033191956695792,-2.8729655096897404,34,14,inf
random_addition,42,0,35,0.01932139869650022,0.13900143415267419,-2.799874558927928,35,14,inf
random_addition,42,0,36,0.0178964881542021,0.13377775657485852,-2.5196421904810427,36,14,inf
random_addition,42,0,37,0.01749431067012566,0.13226606015953474,-2.4405472960626313,37,14,inf
random_addition,42,0,38,0.013390820424578499,0.11571871250829961,-1.6335276577955549,38,14,inf
random_addition,42,0,39,0.012417774411247962,0.11143506813946838,-1.4421619679301165,39,14,inf
random_addition,42,0,40,0.012321693599570511,0.1110031242784207,-1.4232660775430284,40,14,inf
random_addition,42,0,41,0.011276452765453242,0.10619064349298031,-1.2177020748585723,41,14,inf
random_addition,42,0,42,0.009808260167142925,0.09903666072290061,-0.9289575698897781,42,14,inf
random_addition,42,0,43,0.009906850852169889,0.09953316458432279,-0.9483470686349746,43,14,inf
random_addition,42,0,44,0.009499318563230726,0.0974644476885327,-0.8681990627371361,44,14,inf
random_addition,42,0,45,0.006983563662006281,0.08356771901880702,-0.3734339996160807,45,14,inf
random_addition,42,0,46,0.006744531598986631,0.08212509725404671,-0.32642436696454014,46,14,inf
random_addition,42,0,47,0.007036821150006227,0.08388576249880683,-0.3839079708281161,47,14,inf
random_addition,42,0,48,0.005727700241613683,0.07568157134741378,-0.1264475606114115,48,14,inf
random_addition,42,0,49,0.005517426523079615,0.07427938154750358,-0.08509373493762618,49,14,inf
random_addition,42,0,50,0.004800340399062552,0.06928448887783291,0.05593318355902688,50,14,inf
random_addition,42,0,51,0.005368211966065566,0.07326808286058512,-0.055748209392310066,51,14,inf
random_addition,42,0,52,0.0052399236132751595,0.0723873166602766,-0.030518170116564436,52,14,inf
random_addition,42,0,53,0.005386503977968916,0.07339280603689244,-0.05934563790951852,53,14,inf
random_addition,42,0,54,0.005123532808395552,0.07157885727221099,-0.007627981610942802,54,14,inf
random_addition,42,0,55,0.005065476171329425,0.07117215868111228,0.003789822122099107,55,14,inf
random_addition,42,0,56,0.004319074318400035,0.06571966462482925,0.15058216651882206,56,14,inf
random_addition,42,0,57,0.0036416564734800864,0.060346138844834855,0.28380765785663886,57,14,inf
random_addition,42,0,58,0.004357755923332968,0.0660133011091929,0.14297478525248652,58,14,inf
random_addition,42,0,59,0.004185880762779072,0.06469838299972475,0.1767768955530572,59,14,inf
random_addition,42,0,60,0.0042502103058354185,0.06519363700420018,0.16412542047679646,60,14,inf
random_addition,42,0,61,0.0040313160566102894,0.06349264568916851,0.20717461695535466,61,14,inf
random_addition,42,0,62,0.00421485797359414,0.06492193753727733,0.17107804486970513,62,14,inf
random_addition,42,0,63,0.004650494133886409,0.06819453155412396,0.0854029450259508,63,14,inf
random_addition,42,0,64,0.0041847357383442245,0.06468953345282547,0.17700208366120984,64,14,inf
random_addition,42,0,65,0.004178901677963828,0.06464442495655622,0.17814944871293015,65,14,inf
random_addition,42,0,66,0.004570105703468204,0.06760255692995794,0.10121266751946845,66,14,inf
random_addition,42,0,67,0.004096405604547869,0.06400316870708722,0.1943736742728288,67,14,inf
random_addition,42,0,68,0.003939477168813813,0.06276525447103527,0.22523626242625316,68,14,inf
random_addition,42,0,69,0.0038327144972365385,0.06190892098265434,0.24623291830723482,69,14,inf
random_addition,42,0,70,0.0036388032195128774,0.06032249347890783,0.28436879772702106,70,14,inf
random_addition,42,0,71,0.003556968882450165,0.059640329328820484,0.30046288182185743,71,14,inf
random_addition,42,0,72,0.003554459844538095,0.05961929087584064,0.3009563258772915,72,14,inf
random_addition,42,0,73,0.003706275305329537,0.06087918614214169,0.27109928932549077,73,14,inf
random_addition,42,0,74,0.003741236518382758,0.061165648189018304,0.26422358502907994,74,14,inf
random_addition,42,0,75,0.003723182869752612,0.06101788975171636,0.2677741354422828,75,14,inf
random_addition,42,0,76,0.003715908468978338,0.0609582518530374,0.2692047673995135,76,14,inf
random_addition,42,0,77,0.0037335382120468287,0.06110268580059987,0.265737585068737,77,14,inf
random_addition,42,0,78,0.0037481015618149433,0.06122174092440481,0.2628734600048175,78,14,inf
random_addition,42,0,79,0.0037180186609792956,0.060975557898056955,0.2687897630292375,79,14,inf
random_addition,42,0,80,0.003603597175302698,0.06002996897635962,0.2912926521444026,80,14,inf
random_addition,42,0,81,0.0034202470688194956,0.05848287842453974,0.32735150150340087,81,14,inf
random_addition,42,0,82,0.0034310638292699156,0.058575283433116354,0.3252242055715069,82,14,inf
random_addition,42,0,83,0.0034294831920949733,0.058561789522648414,0.32553506417353173,83,14,inf
random_addition,42,0,84,0.0034947472022052776,0.05911638691771747,0.31269981060171437,84,14,inf
random_addition,42,0,85,0.0034758849953721816,0.0589566365676688,0.3164093774398181,85,14,inf
random_addition,42,0,86,0.0035600516828382224,0.05966616866230161,0.2998565978281963,86,14,inf
random_addition,42,0,87,0.003708310484063352,0.060895898745837986,0.2706990375624082,87,14,inf
random_addition,42,0,88,0.0037273016711013374,0.06105163119115932,0.2669641046208012,88,14,inf
random_addition,42,0,89,0.0033506551596135525,0.05788484395429906,0.3410379084479864,89,14,inf
random_addition,42,0,90,0.0033859519615892773,0.058188933325756004,0.3340962050058144,90,14,inf
random_addition,42,0,91,0.0033889089564459766,0.05821433634806788,0.33351466276328057,91,14,inf
random_addition,42,0,92,0.003517350396158377,0.05930725416134503,0.308254516396981,92,14,inf
random_addition,42,0,93,0.0035776642911821296,0.05981357948812401,0.29639278532612845,93,14,inf
random_addition,42,0,94,0.0034866232262526697,0.059047635229979106,0.3142975256545718,94,14,inf
random_addition,42,0,95,0.0035140210489458938,0.05927917888218336,0.3089092879261687,95,14,inf
random_addition,42,0,96,0.003424783086561638,0.05852164630768377,0.32645941813573387,96,14,inf
random_addition,42,0,97,0.0034547099013080935,0.058776780290418204,0.3205738120380033,97,14,inf
random_addition,42,0,98,0.003585130766719407,0.05987596150976957,0.294924378670657,98,14,inf
random_addition,42,0,99,0.003578759810510235,0.05982273656821656,0.2961773332209744,99,14,inf
random_addition,42,0,100,0.0035075521060688583,0.05922459038329314,0.31018151318520537,100,14,inf
random_addition,42,0,101,0.0035670294967768594,0.05972461382693788,0.29848429460735526,101,14,inf
random_addition,42,0,102,0.002752095953228174,0.05246042273207655,0.4587545363217166,102,14,inf
random_addition,42,0,103,0.0025437739951136274,0.05043584038274397,0.49972451583199395,103,14,inf
random_addition,42,0,104,0.0023128919394698765,0.048092535174077446,0.5451313139181275,104,14,inf
random_addition,42,0,105,0.0022377072502022333,0.047304410473043984,0.5599176341248924,105,14,inf
random_addition,42,0,106,0.002286631641587719,0.0478187373483211,0.5502958384641872,106,14,inf
random_addition,42,0,107,0.002295566821769896,0.04791207386212682,0.5485385866012649,107,14,inf
random_addition,42,0,108,0.0022737579803447762,0.047683938389616855,0.5528276581634606,108,14,inf
random_addition,42,0,109,0.0022780223387089443,0.04772863227360433,0.5519890011328447,109,14,inf
random_addition,42,0,110,0.003019175376960291,0.054947023367606464,0.40622892348207096,110,14,inf
random_addition,42,0,111,0.0030242480892473536,0.05499316402287973,0.4052312902016262,111,14,inf
random_addition,42,0,112,0.0030002136507889803,0.05477420607173581,0.4099580624540219,112,14,inf
random_addition,42,0,113,0.0030704324127726404,0.05541148267978976,0.39614837447995943,113,14,inf
random_addition,42,0,114,0.003044736202855829,0.05517912832635025,0.4012019617412921,114,14,inf
random_addition,42,0,115,0.0029286229646626597,0.054116753086846034,0.4240375621393565,115,14,inf
random_addition,42,0,116,0.002937185376537135,0.05419580589434145,0.4223536213669541,116,14,inf
random_addition,42,0,117,0.0029665485501029886,0.054466031157988634,0.416578864686296,117,14,inf
random_addition,42,0,118,0.0029816255617592037,0.054604263219635185,0.4136137194648225,118,14,inf
random_addition,42,0,119,0.002981612682019402,0.054604145282381285,0.4136162524799716,119,14,inf
random_addition,42,0,120,0.002957477029310677,0.05438269053026595,0.41836293019888926,120,14,inf
random_addition,42,0,121,0.0032750093773731446,0.05722769764172891,0.35591491026036526,121,14,inf
random_addition,42,0,122,0.003250341455459895,0.057011765938794555,0.3607662675752349,122,14,inf
random_addition,42,0,123,0.003247339330694393,0.056985430863461875,0.36135668536528975,123,14,inf
random_addition,42,0,124,0.0028406069631703177,0.05329734480412995,0.4413473734062755,124,14,inf
random_addition,42,0,125,0.0028580338489661078,0.05346058219815893,0.43792008633369106,125,14,inf
random_addition,42,0,126,0.002746477859890409,0.052406849360464414,0.4598594278608432,126,14,inf
random_addition,42,0,127,0.002512705834356946,0.05012689731428573,0.5058345866144669,127,14,inf
random_addition,42,0,128,0.002536859789903975,0.05036724917944174,0.5010843093378401,128,14,inf
random_addition,42,0,129,0.002498734810884704,0.049987346507738374,0.5085822208560797,129,14,inf
random_addition,42,0,130,0.002458246483080517,0.04958070676261601,0.5165449242386528,130,14,inf
random_addition,42,0,131,0.002504176074107143,0.0500417433160271,0.5075121059015593,131,14,inf
random_addition,42,0,132,0.002505835340695708,0.050058319395438235,0.5071857835169635,132,14,inf
random_addition,42,0,133,0.0025498914654778454,0.050496450028470766,0.4985214134910543,133,14,inf
random_addition,42,0,134,0.00255327590740109,0.05052995059765139,0.49785580667022744,134,14,inf
random_addition,42,0,135,0.002514205896900124,0.05014185773283758,0.5055395743545287,135,14,inf
random_addition,42,0,136,0.0024506462076624184,0.04950400193582755,0.5180396448670982,136,14,inf
random_addition,42,0,137,0.002413620171296735,0.049128608481176575,0.525321431026264,137,14,inf
random_addition,42,0,138,0.0025396668316603104,0.050395107219454456,0.5005322578676906,138,14,inf
random_addition,42,0,139,0.0025537397477839426,0.05053454014616085,0.49776458474070306,139,14,inf
random_addition,42,0,140,0.0027007702901831023,0.05196893581922861,0.46884858201109003,140,14,inf
random_addition,42,0,141,0.002687313687466053,0.05183930639453091,0.4714950468513077,141,14,inf
random_addition,42,0,142,0.0029159696978771975,0.05399971942405995,0.42652603760123475,142,14,inf
random_addition,42,0,143,0.0029116819909220035,0.05396000362233127,0.4273692865207931,143,14,inf
random_addition,42,0,144,0.002927664877037435,0.05410790031998502,0.42422598601329564,144,14,inf
random_addition,42,0,145,0.002896014363146789,0.053814629638666,0.430450586229834,145,14,inf
random_addition,42,0,146,0.0026949558047100657,0.051912963744233154,0.46999209733155445,146,14,inf
random_addition,42,0,147,0.002691575359922299,0.05188039475488114,0.47065691804917786,147,14,inf
random_addition,42,0,148,0.0027248837270355975,0.05220041883965681,0.46410627340996846,148,14,inf
random_addition,42,0,149,0.002708555494088349,0.05204378439437652,0.46731749211846385,149,14,inf
random_addition,42,0,150,0.0026800483819562917,0.05176918370958047,0.47292389007342817,150,14,inf
random_addition,42,1,10,0.00962854819961681,0.0981251659851682,-0.8936142210947935,10,10,inf
random_addition,42,1,11,0.00963001682965772,0.09813264915234746,-0.8939030516301283,11,11,inf
random_addition,42,1,12,0.011806352989198696,0.10865704298018926,-1.3219157713206866,12,12,inf
random_addition,42,1,13,0.008609647081967367,0.09278818395661899,-0.6932303619427824,13,13,inf
random_addition,42,1,14,0.008572733845729756,0.09258905899581092,-0.6859707598057796,14,14,inf
random_addition,42,1,15,0.005957658687910421,0.0771858710381014,-0.17167271555073005,15,14,inf
random_addition,42,1,16,0.006666858667172449,0.08165083384248105,-0.3111486924570048,16,14,inf
random_addition,42,1,17,0.00748849369481131,0.08653608319545847,-0.47273689252941864,17,14,inf
random_addition,42,1,18,0.007171122931490452,0.08468248302624606,-0.4103206509190789,18,14,inf
random_addition,42,1,19,0.0036835626415807725,0.060692360652562956,0.2755661125871032,19,14,inf
random_addition,42,1,20,0.0036885461568800966,0.06073340231602455,0.27458602137852217,20,14,inf
random_addition,42,1,21,0.0035726587144007615,0.05977172169513575,0.29737721529225325,21,14,inf
random_addition,42,1,22,0.003581704156932576,0.05984734043324378,0.29559827850352516,22,14,inf
random_addition,42,1,23,0.0042581129498239344,0.06525421786998856,0.16257123403760942,23,14,inf
random_addition,42,1,24,0.004343619694200917,0.065906143068768,0.14575490993609885,24,14,inf
random_addition,42,1,25,0.0071337783790720675,0.08446169770417872,-0.40297622327808846,25,14,inf
random_addition,42,1,26,0.008803574524232324,0.093827365540296,-0.7313694203885901,26,14,inf
random_addition,42,1,27,0.008406035539657923,0.09168443455493372,-0.6531867640812117,27,14,inf
random_addition,42,1,28,0.008283776271437842,0.09101525296035738,-0.6291424446093101,28,14,inf
random_addition,42,1,29,0.006495495964790962,0.08059463980185631,-0.2774473655832679,29,14,inf
random_addition,42,1,30,0.006565917981811697,0.08103035222564256,-0.2912970270425055,30,14,inf
random_addition,42,1,31,0.006691798288601093,0.08180341245083296,-0.31605348400261724,31,14,inf
random_addition,42,1,32,0.006641944714002063,0.08149812705824633,-0.30624894900149524,32,14,inf
random_addition,42,1,33,0.006743809980443623,0.08212070372594005,-0.3262824486704303,33,14,inf
random_addition,42,1,34,0.00683980806362572,0.08270313212705865,-0.34516206912231673,34,14,inf
random_addition,42,1,35,0.00790871969940705,0.08893098278669279,-0.5553813288327034,35,14,inf
random_addition,42,1,36,0.007825934973582834,0.08846431469006491,-0.539100334973587,36,14,inf
random_addition,42,1,37,0.008896608772591571,0.09432183613878374,-0.749666153404783,37,14,inf
random_addition,42,1,38,0.006672682637713102,0.08168648993385076,-0.31229407317384617,38,14,inf
random_addition,42,1,39,0.005990795097686034,0.07740022672890587,-0.17818954191813852,39,14,inf
random_addition,42,1,40,0.005655913481487371,0.07520580749840647,-0.11232949971133577,40,14,inf
random_addition,42,1,41,0.0056557795325528045,0.07520491694399246,-0.11230315642446254,41,14,inf
random_addition,42,1,42,0.005761807583715082,0.07590657141325172,-0.13315533697685833,42,14,inf
random_addition,42,1,43,0.006067134871797832,0.07789181517847579,-0.19320302877994977,43,14,inf
random_addition,42,1,44,0.006105905044829322,0.0781402907905347,-0.20082782843662672,44,14,inf
random_addition,42,1,45,0.005787997110656869,0.07607888741731748,-0.13830594323987588,45,14,inf
random_addition,42,1,46,0.005951702872485977,0.0771472803959153,-0.1705014053436118,46,14,inf
random_addition,42,1,47,0.006493945063962457,0.08058501761470588,-0.27714235512857854,47,14,inf
random_addition,42,1,48,0.006073566543995212,0.07793309017352777,-0.19446792413965341,48,14,inf
random_addition,42,1,49,0.005503064612566382,0.07418264360729121,-0.08226922625509903,49,14,inf
random_addition,42,1,50,0.005482320900627393,0.07404269647053241,-0.07818963012995028,50,14,inf
random_addition,42,1,51,0.005480676908454096,0.07403159398833782,-0.07786631171328118,51,14,inf
random_addition,42,1,52,0.005306855065537064,0.07284816446237381,-0.0436813539334886,52,14,inf
random_addition,42,1,53,0.005252019316411794,0.07247081699837386,-0.03289699140912261,53,14,inf
random_addition,42,1,54,0.005303756202061659,0.07282689202527909,-0.04307191086641304,54,14,inf
random_addition,42,1,55,0.004633687324807772,0.06807119306143952,0.08870828369412076,55,14,inf
random_addition,42,1,56,0.00453900320996952,0.0673721248734929,0.10732949040694817,56,14,inf
random_addition,42,1,57,0.004553718386596604,0.06748124470248458,0.10443550606483554,57,14,inf
random_addition,42,1,58,0.003598278695597537,0.05998565408160135,0.29233861967715047,58,14,inf
random_addition,42,1,59,0.0036071229224892342,0.06005932835529577,0.2905992552922504,59,14,inf
random_addition,42,1,60,0.0032687314409124953,0.05717282082346904,0.35714957092930055,60,14,inf
random_addition,42,1,61,0.00316195942490037,0.056231302891720104,0.3781480645488857,61,14,inf
random_addition,42,1,62,0.002989930297564733,0.05468025509783886,0.41198045497907054,62,14,inf
random_addition,42,1,63,0.0029258268380834345,0.054090912712612224,0.4245874669583004,63,14,inf
random_addition,42,1,64,0.00295786453286944,0.05438625316078908,0.4182867211760557,64,14,inf
random_addition,42,1,65,0.0030818967687699576,0.05551483377233474,0.39389371810787244,65,14,inf
random_addition,42,1,66,0.0026303532254948157,0.05128696935377266,0.4826972695117455,66,14,inf
random_addition,42,1,67,0.0025555314970400335,0.05055226500405331,0.497412207435046,67,14,inf
random_addition,42,1,68,0.002568920778123403,0.05068452207650185,0.4947789825143136,68,14,inf
random_addition,42,1,69,0.002608236230784611,0.051070894164725676,0.487046944545079,69,14,inf
random_addition,42,1,70,0.002351421965084807,0.048491462806197205,0.5375537432469352,70,14,inf
random_addition,42,1,71,0.0023411544097558987,0.048385477260805214,0.5395730288529907,71,14,inf
random_addition,42,1,72,0.0022713325500627805,0.04765849924266165,0.5533046593872218,72,14,inf
random_addition,42,1,73,0.0022573748114787986,0.047511838645529166,0.5560496809344997,73,14,inf
random_addition,42,1,74,0.0021194949257978845,0.046037972650822545,0.5831660547548743,74,14,inf
random_addition,42,1,75,0.002081492064628973,0.04562337191209099,0.5906399497658174,75,14,inf
random_addition,42,1,76,0.0020457914007319536,0.04523042560856523,0.5976610793750156,76,14,inf
random_addition,42,1,77,0.0020469893833532293,0.04524366677617133,0.5974254761582853,77,14,inf
random_addition,42,1,78,0.002015076104760806,0.04488959907106329,0.6037017534257946,78,14,inf
random_addition,42,1,79,0.002046593097443557,0.0452392871014073,0.5975034123765621,79,14,inf
random_addition,42,1,80,0.0022380320244609385,0.04730784316010336,0.5598537618627215,80,14,inf
random_addition,42,1,81,0.0014373142923103416,0.0379119281006696,0.7173282277166169,81,14,inf
random_addition,42,1,82,0.0014169507039733464,0.03764240566134617,0.721333066210232,82,14,inf
random_addition,42,1,83,0.0014461290137644353,0.038028003020990145,0.7155946660669877,83,14,inf
random_addition,42,1,84,0.0012759538745951444,0.035720496561430164,0.7490624388741675,84,14,inf
random_addition,42,1,85,0.0012690559697404815,0.03562381183619296,0.7504190266439694,85,14,inf
random_addition,42,1,86,0.0016020434392573966,0.04002553484036655,0.6849314999004574,86,14,inf
random_addition,42,1,87,0.0016748555583996684,0.04092499918631237,0.6706117850880684,87,14,inf
random_addition,42,1,88,0.0016728682526382338,0.040900712128742134,0.6710026218345331,88,14,inf
random_addition,42,1,89,0.0016752695681108206,0.0409300570255017,0.670530363189309,89,14,inf
random_addition,42,1,90,0.0018020528193086458,0.04245059268501025,0.6455963271864161,90,14,inf
random_addition,42,1,91,0.0018061316650653486,0.04249860780149567,0.6447941542969611,91,14,inf
random_addition,42,1,92,0.0017753458921523173,0.042134853650538734,0.6508486888110876,92,14,inf
random_addition,42,1,93,0.0015599862382392941,0.039496661102418444,0.6932027483063687,93,14,inf
random_addition,42,1,94,0.0015616054141001292,0.03951715341595507,0.692884310430485,94,14,inf
random_addition,42,1,95,0.0015043041317175676,0.03878535976006369,0.7041535610960117,95,14,inf
random_addition,42,1,96,0.0015066104266831365,0.038815079887630485,0.7036999898146201,96,14,inf
random_addition,42,1,97,0.001471574295119679,0.03836110393510175,0.710590428082702,97,14,inf
random_addition,42,1,98,0.001288635567463554,0.0358975704952794,0.7465683729500718,98,14,inf
random_addition,42,1,99,0.0012881702877490882,0.03589108925275309,0.7466598779481082,99,14,inf
random_addition,42,1,100,0.0015826206656178582,0.03978216517005904,0.6887513115287982,100,14,inf
random_addition,42,1,101,0.00158214310156738,0.03977616247914547,0.6888452324459209,101,14,inf
random_addition,42,1,102,0.0016256366814077449,0.04031918502906209,0.6802914962434772,102,14,inf
random_addition,42,1,103,0.001428152015188644,0.03779089857609427,0.719130141971556,103,14,inf
random_addition,42,1,104,0.0014576997874159701,0.03817983482698648,0.7133190808924246,104,14,inf
random_addition,42,1,105,0.0013743382627061833,0.037072068497808204,0.729713511850238,105,14,inf
random_addition,42,1,106,0.0012853086261189113,0.03585120118097734,0.7472226713253154,106,14,inf
random_addition,42,1,107,0.001280580358999217,0.035785197484423874,0.7481525637320797,107,14,inf
random_addition,42,1,108,0.0013240157978547723,0.03638702787883028,0.7396102619217564,108,14,inf
random_addition,42,1,109,0.0014333522903951083,0.03785963933260733,0.7181074213203824,109,14,inf
random_addition,42,1,110,0.0014135005856762922,0.03759655018317894,0.7220115893828138,110,14,inf
random_addition,42,1,111,0.001374293491602303,0.03707146465412856,0.7297223168328006,111,14,inf
random_addition,42,1,112,0.0013995428912950564,0.03741046499704403,0.7247566022368861,112,14,inf
random_addition,42,1,113,0.0013800646929675547,0.03714922196988188,0.7285873140523735,113,14,inf
random_addition,42,1,114,0.0016186968977969756,0.040233032421096174,0.6816563201675239,114,14,inf
random_addition,42,1,115,0.0015895959947881543,0.039869737831946604,0.6873794969789976,115,14,inf
random_addition,42,1,116,0.001532307022243997,0.039144693411035894,0.6986463267099681,116,14,inf
random_addition,42,1,117,0.0015493319012257795,0.039361553592633755,0.6952981009666932,117,14,inf
random_addition,42,1,118,0.001731806986363525,0.041614985117905845,0.6594113391155068,118,14,inf
random_addition,42,1,119,0.001875062951538789,0.04330199708487807,0.6312376698053883,119,14,inf
random_addition,42,1,120,0.001855281208196694,0.043072975381283955,0.6351280787989403,120,14,inf
random_addition,42,1,121,0.0018854510863496664,0.04342178124339979,0.6291946702377784,121,14,inf
random_addition,42,1,122,0.0021465712592197046,0.04633110466219972,0.5778410432412273,122,14,inf
random_addition,42,1,123,0.002309076838812017,0.048052854637492835,0.5458816169452152,123,14,inf
random_addition,42,1,124,0.00235367215914493,0.04851465921909511,0.5371112051421104,124,14,inf
random_addition,42,1,125,0.0023529353067972447,0.048507064504020904,0.5372561194173986,125,14,inf
random_addition,42,1,126,0.0023889361839931214,0.04887674481788984,0.5301759478674745,126,14,inf
random_addition,42,1,127,0.002417200676667743,0.04916503510288326,0.5246172650659673,127,14,inf
random_addition,42,1,128,0.0027208718081053918,0.05216197665067335,0.4648952840253403,128,14,inf
random_addition,42,1,129,0.0027687190419567556,0.05261861877659614,0.45548532931746477,129,14,inf
random_addition,42,1,130,0.0027098550388834257,0.052056268007641744,0.46706191501027583,130,14,inf
random_addition,42,1,131,0.0026896660833380906,0.05186199073828627,0.4710324090595468,131,14,inf
random_addition,42,1,132,0.002712320747091133,0.05207994572857323,0.4665769924622045,132,14,inf
random_addition,42,1,133,0.002684208439704334,0.051809347030283386,0.47210574549452045,133,14,inf
random_addition,42,1,134,0.002675686977425189,0.05172704299904634,0.4737816328476059,134,14,inf
random_addition,42,1,135,0.002657593029714041,0.051551847975742256,0.4773401087456587,135,14,inf
random_addition,42,1,136,0.002692787930646175,0.051892079652353255,0.47041844583932724,136,14,inf
random_addition,42,1,137,0.0027506815227262217,0.05244694007019115,0.459032707615843,137,14,inf
random_addition,42,1,138,0.0027790465485841827,0.052716662912063984,0.45345425329097466,138,14,inf
random_addition,42,1,139,0.002838066948775084,0.053273510760743784,0.441846909502568,139,14,inf
random_addition,42,1,140,0.0030398704309327683,0.05513502000482786,0.4021588967556984,140,14,inf
random_addition,42,1,141,0.0029531252524450003,0.05434266512092502,0.4192187795324581,141,14,inf
random_addition,42,1,142,0.002923101384604387,0.054065713577131184,0.4251234727361042,142,14,inf
random_addition,42,1,143,0.0029502018842294227,0.05431576091917909,0.4197937085364729,143,14,inf
random_addition,42,1,144,0.0028639739146074077,0.05351610892626077,0.436751873583502,144,14,inf
random_addition,42,1,145,0.002842234670390195,0.05331261267645954,0.4410272576966755,145,14,inf
random_addition,42,1,146,0.002850047001763952,0.05338583147019396,0.43949083273596956,146,14,inf
random_addition,42,1,147,0.0028840484187050825,0.053703337128199795,0.4328038883158689,147,14,inf
random_addition,42,1,148,0.002897132429605349,0.05382501676363277,0.43023069985629514,148,14,inf
random_addition,42,1,149,0.0027730931741876425,0.05266016686441131,0.4546250834293374,149,14,inf
random_addition,42,1,150,0.0026800483819562917,0.05176918370958047,0.47292389007342817,150,14,inf
random_addition,42,2,10,0.00962854819961681,0.0981251659851682,-0.8936142210947935,10,10,inf
random_addition,42,2,11,0.010545685747367787,0.10269218932016098,-1.0739845808952846,11,11,inf
random_addition,42,2,12,0.014138753318790595,0.11890648980939011,-1.780621106936826,12,12,inf
random_addition,42,2,13,0.019503994759930143,0.1396567032402317,-2.8357851131733325,13,13,inf
random_addition,42,2,14,0.019096105489781145,0.1381886590490737,-2.7555669009804644,14,14,inf
random_addition,42,2,15,0.010538859772188403,0.10265894881688786,-1.0726421392930257,15,14,inf
random_addition,42,2,16,0.010533337591811218,0.10263204953527537,-1.071556110633575,16,14,inf
random_addition,42,2,17,0.011927552781956159,0.1092133360993801,-1.3457517273133468,17,14,inf
random_addition,42,2,18,0.012317195211877744,0.11098285999143176,-1.4223813947507296,18,14,inf
random_addition,42,2,19,0.007482470690440127,0.08650127565787759,-0.4715523684979097,19,14,inf
random_addition,42,2,20,0.008034587975216344,0.08963586322012158,-0.5801354197003847,20,14,inf
random_addition,42,2,21,0.007469674566097472,0.08642727906221202,-0.4690357977202808,21,14,inf
random_addition,42,2,22,0.009471836802481542,0.09732336205907367,-0.8627943171933115,22,14,inf
random_addition,42,2,23,0.010902948336299411,0.10441718410443471,-1.1442462138061518,23,14,inf
random_addition,42,2,24,0.010978571813351694,0.10477868014702081,-1.1591188289321308,24,14,inf
random_addition,42,2,25,0.011112483972004823,0.10541576718880731,-1.1854548832100913,25,14,inf
random_addition,42,2,26,0.01019078286437583,0.1009494074493547,-1.0041870234226162,26,14,inf
random_addition,42,2,27,0.01011093216452814,0.10055313105283266,-0.9884830545935488,27,14,inf
random_addition,42,2,28,0.009390589476148101,0.09690505392469528,-0.8468156785261596,28,14,inf
random_addition,42,2,29,0.004505879650113133,0.06712584934370018,0.11384378962391983,29,14,inf
random_addition,42,2,30,0.004030304863480334,0.06348468211687237,0.2073734849104668,30,14,inf
random_addition,42,2,31,0.004186369031074948,0.06470215630931436,0.1766808694679598,31,14,inf
random_addition,42,2,32,0.005354200894279985,0.07317240527876602,-0.0529926989834808,32,14,inf
random_addition,42,2,33,0.005685362042338413,0.07540133979140168,-0.11812104922245825,33,14,inf
random_addition,42,2,34,0.005561681774934259,0.07457668385584236,-0.09379726661578913,34,14,inf
random_addition,42,2,35,0.004938117671427064,0.07027174162796211,0.02883699035479359,35,14,inf
random_addition,42,2,36,0.004868862155019539,0.06977723235425391,0.042457240058042967,36,14,inf
random_addition,42,2,37,0.004861556949487872,0.06972486607723154,0.043893930283401605,37,14,inf
random_addition,42,2,38,0.0049038566074241985,0.0700275417776763,0.035574998690073745,38,14,inf
random_addition,42,2,39,0.005782403451303658,0.0760421162994801,-0.1372058570503898,39,14,inf
random_addition,42,2,40,0.0056303990794235315,0.07503598522991173,-0.10731166798954628,40,14,inf
random_addition,42,2,41,0.0054714727209973025,0.0739694039518861,-0.07605615509356345,41,14,inf
random_addition,42,2,42,0.0058244361721125236,0.07631799376367623,-0.1454722910158075,42,14,inf
random_addition,42,2,43,0.005287288068357973,0.07271374057465324,-0.03983317834623623,43,14,inf
random_addition,42,2,44,0.006117009957002586,0.0782113160418784,-0.203011794199621,44,14,inf
random_addition,42,2,45,0.0070439558217686325,0.0839282778434577,-0.3853111227500925,45,14,inf
random_addition,42,2,46,0.007409030565004934,0.08607572575938546,-0.4571091457980847,46,14,inf
random_addition,42,2,47,0.0075066369713286205,0.08664085047671578,-0.47630506975802755,47,14,inf
random_addition,42,2,48,0.007439627045410293,0.08625327266492729,-0.46312645279077747,48,14,inf
random_addition,42,2,49,0.0069279544578553275,0.08323433460931448,-0.3624975242907351,49,14,inf
random_addition,42,2,50,0.006267919550409682,0.07917019357314772,-0.23269067685678846,50,14,inf
random_addition,42,2,51,0.006559712644092349,0.08099205296874719,-0.29007664412407963,51,14,inf
random_addition,42,2,52,0.006845042664708777,0.08273477300814197,-0.3461915405282996,52,14,inf
random_addition,42,2,53,0.0067662500267525435,0.08225721869083918,-0.33069565717618277,53,14,inf
random_addition,42,2,54,0.004607047377980322,0.06787523390737098,0.09394747252257529,54,14,inf
random_addition,42,2,55,0.004341834435508533,0.06589259772924826,0.146106010764401,55,14,inf
random_addition,42,2,56,0.0031250830044142566,0.05590244184661576,0.38540042625574766,56,14,inf
random_addition,42,2,57,0.0035397528722755965,0.059495822309432754,0.3038486966945889,57,14,inf
random_addition,42,2,58,0.00490295705860848,0.0700211186615044,0.035751909933046,58,14,inf
random_addition,42,2,59,0.004846496233280194,0.06961678126199311,0.0468558707337664,59,14,inf
random_addition,42,2,60,0.004911957090020198,0.07008535574583465,0.03398190399671952,60,14,inf
random_addition,42,2,61,0.0049294951595865956,0.07021036361952981,0.03053275078556328,61,14,inf
random_addition,42,2,62,0.005152626617631615,0.07178179865141034,-0.013349763313964091,62,14,inf
random_addition,42,2,63,0.00514324017849995,0.07171638709876531,-0.011503763869741945,63,14,inf
random_addition,42,2,64,0.005029578908276955,0.07091952416843302,0.010849616226597858,64,14,inf
random_addition,42,2,65,0.004966975095363268,0.07047676989876357,0.023161697754406352,65,14,inf
random_addition,42,2,66,0.004756228339024788,0.0689654140785422,0.0646085541837097,66,14,inf
random_addition,42,2,67,0.0046835580466750406,0.06843652567653505,0.07890037639737157,67,14,inf
random_addition,42,2,68,0.004719711877189873,0.06870015922244921,0.0717901240321539,68,14,inf
random_addition,42,2,69,0.004572257488169985,0.06761847002239836,0.10078948325247916,69,14,inf
random_addition,42,2,70,0.004554296942849191,0.06748553135931576,0.10432172335067236,70,14,inf
random_addition,42,2,71,0.004727343438473903,0.06875567931795819,0.07028925051758073,71,14,inf
random_addition,42,2,72,0.0048973219020504045,0.06998086811443828,0.03686015723837632,72,14,inf
random_addition,42,2,73,0.004800016459830379,0.06928215109124701,0.05599689159933541,73,14,inf
random_addition,42,2,74,0.004631270375988634,0.06805343765004553,0.08918361689708065,74,14,inf
random_addition,42,2,75,0.004732857251682907,0.0687957647801295,0.06920486740098108,75,14,inf
random_addition,42,2,76,0.004785420228790129,0.06917673184525364,0.058867483312559976,76,14,inf
random_addition,42,2,77,0.004642838243360715,0.06813837570239487,0.08690860329073213,77,14,inf
random_addition,42,2,78,0.0045098416150217415,0.06715535432876325,0.11306460329812285,78,14,inf
random_addition,42,2,79,0.0046337345858565105,0.06807154020482062,0.08869898902246942,79,14,inf
random_addition,42,2,80,0.004580233513293992,0.06767742247820903,0.0992208651919465,80,14,inf
random_addition,42,2,81,0.004902576253460059,0.07001839939230302,0.03582680160202534,81,14,inf
random_addition,42,2,82,0.004673172428717169,0.06836060582467923,0.08094288098395774,82,14,inf
random_addition,42,2,83,0.0047135892221340315,0.06865558405646281,0.07299424602897386,83,14,inf
random_addition,42,2,84,0.00474970283499445,0.0689180878651929,0.0658919031347126,84,14,inf
random_addition,42,2,85,0.0047901985773104675,0.06921126048057835,0.05792774156501168,85,14,inf
random_addition,42,2,86,0.0048656334136150175,0.06975409245065853,0.043092225781029,86,14,inf
random_addition,42,2,87,0.004949264276879363,0.0703510076465104,0.0266448249147071,87,14,inf
random_addition,42,2,88,0.004937403125671419,0.07026665728260752,0.02897751766757839,88,14,inf
random_addition,42,2,89,0.004952224725016535,0.07037204505353341,0.02606260352710621,89,14,inf
random_addition,42,2,90,0.004919285346470176,0.07013761719983205,0.03254068042471092,90,14,inf
random_addition,42,2,91,0.004922209758332176,0.07015846177284801,0.03196554617026104,91,14,inf
random_addition,42,2,92,0.004815282398764264,0.06939223586802967,0.05299459068498569,92,14,inf
random_addition,42,2,93,0.004879065246847693,0.0698503059896497,0.04045063227207413,93,14,inf
random_addition,42,2,94,0.004983109227296679,0.07059114128059327,0.019988652240094718,94,14,inf
random_addition,42,2,95,0.00495344200013515,0.07038069337634541,0.025823206119749864,95,14,inf
random_addition,42,2,96,0.0049492258480233,0.07035073452369421,0.026652382588702617,96,14,inf
random_addition,42,2,97,0.004948375894642469,0.07034469343626759,0.026819540064143443,97,14,inf
random_addition,42,2,98,0.004959344479351117,0.07042261340898331,0.024662385365535222,98,14,inf
random_addition,42,2,99,0.0037829243636383395,0.06150548238684369,0.2560249765798944,99,14,inf
random_addition,42,2,100,0.003792347266872398,0.06158203688473123,0.254171805863179,100,14,inf
random_addition,42,2,101,0.003675871561988772,0.06062896636088044,0.27707869136731467,101,14,inf
random_addition,42,2,102,0.004084381714822577,0.06390916768995335,0.196738372263082,102,14,inf
random_addition,42,2,103,0.004321037853178847,0.0657346016431137,0.15019600473163575,103,14,inf
random_addition,42,2,104,0.004396492112228987,0.06630604883590174,0.1353566691415411,104,14,inf
random_addition,42,2,105,0.004457146299363755,0.06676186261155208,0.1234280139646462,105,14,inf
random_addition,42,2,106,0.004426004128067509,0.06652822053886237,0.12955264015124912,106,14,inf
random_addition,42,2,107,0.004365595438047912,0.0660726527244662,0.14143301423540933,107,14,inf
random_addition,42,2,108,0.004238258162320401,0.06510190598070383,0.16647600838095256,108,14,inf
random_addition,42,2,109,0.004099754397774618,0.06402932451443337,0.19371507836135704,109,14,inf
random_addition,42,2,110,0.003770562725256987,0.06140490798997249,0.2584560984634502,110,14,inf
random_addition,42,2,111,0.004212939113597121,0.06490715764534079,0.17145542061766983,111,14,inf
random_addition,42,2,112,0.004152140590559503,0.06443710569663649,0.18341246185158877,112,14,inf
random_addition,42,2,113,0.004159584426710385,0.06449484031075962,0.18194850760816805,113,14,inf
random_addition,42,2,114,0.004122969962191173,0.06421035712555392,0.1891493513152297,114,14,inf
random_addition,42,2,115,0.004191612622876316,0.06474266462601239,0.1756496298876168,115,14,inf
random_addition,42,2,116,0.004120023495884532,0.0641874091694355,0.18972882294320104,116,14,inf
random_addition,42,2,117,0.003922948926504099,0.06263344894306955,0.22848681630400403,117,14,inf
random_addition,42,2,118,0.0039539120477089075,0.06288014032831755,0.22239740329724966,118,14,inf
random_addition,42,2,119,0.004065089156357717,0.06375805169825782,0.20053257491056053,119,14,inf
random_addition,42,2,120,0.004062828241333862,0.06374031880477114,0.20097722147129848,120,14,inf
random_addition,42,2,121,0.0038921114801436256,0.06238678930786249,0.23455151326140866,121,14,inf
random_addition,42,2,122,0.003916987079549443,0.06258583769152126,0.22965931271190243,122,14,inf
random_addition,42,2,123,0.0038836030938163325,0.062318561390779334,0.23622482901098052,123,14,inf
random_addition,42,2,124,0.003825428676139341,0.061850049928349624,0.24766579626100094,124,14,inf
random_addition,42,2,125,0.0037978489501754678,0.0616266902419355,0.2530898082944212,125,14,inf
random_addition,42,2,126,0.0037969035064070434,0.06161901903152178,0.2532757455435285,126,14,inf
random_addition,42,2,127,0.003782686734967916,0.06150355058830275,0.25607171021203967,127,14,inf
random_addition,42,2,128,0.003805274319719459,0.06168690557743563,0.2516294858165272,128,14,inf
random_addition,42,2,129,0.0038065097063083183,0.06169691812650222,0.2513865264871751,129,14,inf
random_addition,42,2,130,0.0035652910099137616,0.05971005786225434,0.29882619697715174,130,14,inf
random_addition,42,2,131,0.0035755300496547173,0.05979573604910903,0.2968125194359623,131,14,inf
random_addition,42,2,132,0.003511247246016167,0.059255778165645305,0.3094548024279764,132,14,inf
random_addition,42,2,133,0.003628541708004988,0.06023737799742771,0.28638689471510503,133,14,inf
random_addition,42,2,134,0.0029636443829265864,0.05443936427739202,0.4171500174864545,134,14,inf
random_addition,42,2,135,0.0031230219521181336,0.05588400443882072,0.38580576648539044,135,14,inf
random_addition,42,2,136,0.0031331734616740366,0.05597475736145746,0.38380930321158113,136,14,inf
random_addition,42,2,137,0.0031491858324103734,0.05611760715150258,0.3806602040627628,137,14,inf
random_addition,42,2,138,0.0031802678349993575,0.05639386345161464,0.3745474110536414,138,14,inf
random_addition,42,2,139,0.0031323727803653023,0.055967604740289736,0.38396677051416406,139,14,inf
random_addition,42,2,140,0.003130888645197542,0.055954344292445626,0.3842586503906973,140,14,inf
random_addition,42,2,141,0.0028748745727731847,0.05361785684614021,0.43460807776983723,141,14,inf
random_addition,42,2,142,0.002868495775003077,0.05355833992015695,0.4358625744935951,142,14,inf
random_addition,42,2,143,0.0028167699942090534,0.05307325121197168,0.4460353099962011,143,14,inf
random_addition,42,2,144,0.00261996652688976,0.05118560859157347,0.48473998662558215,144,14,inf
random_addition,42,2,145,0.0026525811909374297,0.05150321534562119,0.4783257702373468,145,14,inf
random_addition,42,2,146,0.0026838777554548865,0.05180615557494,0.472170780054712,146,14,inf
random_addition,42,2,147,0.0026629101779463635,0.05160339308559432,0.4762944030692,147,14,inf
random_addition,42,2,148,0.0026456797436295197,0.051436171549110454,0.47968305468952566,148,14,inf
random_addition,42,2,149,0.002658094855999993,0.051556714945775906,0.47724141625620986,149,14,inf
random_addition,42,2,150,0.0026800483819562917,0.05176918370958047,0.47292389007342817,150,14,inf
random_addition,42,3,10,0.00962854819961681,0.0981251659851682,-0.8936142210947935,10,10,inf
random_addition,42,3,11,0.011643278210139765,0.10790402314158525,-1.2898444024781677,11,11,inf
random_addition,42,3,12,0.015300756937530849,0.1236962284693064,-2.0091484541331277,12,12,inf
random_addition,42,3,13,0.018366296544215115,0.13552231013458674,-2.6120378279203087,13,13,inf
random_addition,42,3,14,0.008126372516579576,0.09014639491726542,-0.5981863770408689,14,14,inf
random_addition,42,3,15,0.00693140114970431,0.08325503678279357,-0.36317537359528806,15,14,inf
random_addition,42,3,16,0.007045981566127117,0.08394034528239157,-0.3857095190862796,16,14,inf
random_addition,42,3,17,0.006649195814962867,0.08154260122759678,-0.30767499866270165,17,14,inf
random_addition,42,3,18,0.008089767989115839,0.08994313753208656,-0.5909874876211176,18,14,inf
random_addition,42,3,19,0.008161752200927129,0.09034241639964656,-0.6051443806806114,19,14,inf
random_addition,42,3,20,0.007841566181531633,0.08855261815176123,-0.5421744721177428,20,14,inf
random_addition,42,3,21,0.007827398343020427,0.08847258526244402,-0.5393881309237443,21,14,inf
random_addition,42,3,22,0.008004579297101414,0.0894683144867579,-0.574233713809049,22,14,inf
random_addition,42,3,23,0.008168927070351866,0.09038211698312817,-0.6065554381417686,23,14,inf
random_addition,42,3,24,0.008704986546398903,0.09330051739620153,-0.711980454058051,24,14,inf
random_addition,42,3,25,0.006690819385988404,0.08179742896930443,-0.31586096651503515,25,14,inf
random_addition,42,3,26,0.004622303743982431,0.06798752638523063,0.09094705428455163,26,14,inf
random_addition,42,3,27,0.004622279565631153,0.0679873485703859,0.09095180935965463,27,14,inf
random_addition,42,3,28,0.004572319763879009,0.06761893051416155,0.10077723569804098,28,14,inf
random_addition,42,3,29,0.004697986524204479,0.06854185964944691,0.07606277620344226,29,14,inf
random_addition,42,3,30,0.0038216086035756268,0.06181916048908807,0.24841707709610672,30,14,inf
random_addition,42,3,31,0.0035767206397551987,0.05980569069708332,0.2965783700814567,31,14,inf
random_addition,42,3,32,0.003930646222415008,0.06269486599726494,0.22697301498124056,32,14,inf
random_addition,42,3,33,0.004439489230838238,0.06662949220006287,0.12690057030123847,33,14,inf
random_addition,42,3,34,0.004601778699746693,0.06783641131241167,0.09498364576725715,34,14,inf
random_addition,42,3,35,0.004927652780216692,0.07019724197015643,0.030895085345579387,35,14,inf
random_addition,42,3,36,0.004947138100717918,0.07033589482417862,0.02706297283611714,36,14,inf
random_addition,42,3,37,0.005004424532265484,0.07074195736806753,0.01579664283440807,37,14,inf
random_addition,42,3,38,0.004485424056830165,0.06697330854026971,0.11786672242110963,38,14,inf
random_addition,42,3,39,0.0034515525450941435,0.058749915277335876,0.32119475867542424,39,14,inf
random_addition,42,3,40,0.002695997985397936,0.051923000543092034,0.4697871351575498,40,14,inf
random_addition,42,3,41,0.002488304189024696,0.04988290477733525,0.5106335762088794,41,14,inf
random_addition,42,3,42,0.002430991935698652,0.04930509036294987,0.5219049844929967,42,14,inf
random_addition,42,3,43,0.0027534152127066413,0.05247299508039008,0.45849508199299027,43,14,inf
random_addition,42,3,44,0.0026920576723442682,0.051885042857689426,0.4705620632857891,44,14,inf
random_addition,42,3,45,0.002993527745477234,0.05471314051923207,0.4112729569860678,45,14,inf
random_addition,42,3,46,0.0030173206983076183,0.054930143803813385,0.4065936769007018,46,14,inf
random_addition,42,3,47,0.0030450897125212416,0.055182331524875256,0.4011324381832394,47,14,inf
random_addition,42,3,48,0.003053053012415676,0.05525443884807515,0.399566322750848,48,14,inf
random_addition,42,3,49,0.0029710191829467633,0.05450705626748489,0.4156996403468881,49,14,inf
random_addition,42,3,50,0.003528332367149704,0.05939976739979463,0.30609472906313817,50,14,inf
random_addition,42,3,51,0.002670600034481523,0.051677848586038515,0.47478206482346774,51,14,inf
random_addition,42,3,52,0.003211347598050778,0.05666875327771715,0.36843505848684754,52,14,inf
random_addition,42,3,53,0.0032098004034583688,0.05665510041874755,0.3687393400485376,53,14,inf
random_addition,42,3,54,0.0029979157580463773,0.05475322600583803,0.4104099812984555,54,14,inf
random_addition,42,3,55,0.0034843637268701156,0.059028499276791,0.3147418938058918,55,14,inf
random_addition,42,3,56,0.0036619287408499895,0.06051387230090295,0.27982077915076997,56,14,inf
random_addition,42,3,57,0.0038633478282972754,0.06215583503016652,0.24020836401997225,57,14,inf
random_addition,42,3,58,0.003946888450326029,0.06282426641295566,0.2237787105942306,58,14,inf
random_addition,42,3,59,0.003998429976396454,0.0632331398587517,0.21364221184899213,59,14,inf
random_addition,42,3,60,0.003964177481464196,0.06296171441014131,0.2203785349339492,60,14,inf
random_addition,42,3,61,0.003859595723654831,0.06212564465383704,0.24094627783238387,61,14,inf
random_addition,42,3,62,0.003758095353752449,0.06130330622203381,0.2609080145250643,62,14,inf
random_addition,42,3,63,0.003685064782109699,0.06070473442911763,0.27527069165669005,63,14,inf
random_addition,42,3,64,0.0046997342075721016,0.06855460748609171,0.07571906518800242,64,14,inf
random_addition,42,3,65,0.004335367802564154,0.06584350995021569,0.14737778173674376,65,14,inf
random_addition,42,3,66,0.004316322788214521,0.06569872744745153,0.15112330071486502,66,14,inf
random_addition,42,3,67,0.004261486470122211,0.06528006181156855,0.1619077751360667,67,14,inf
random_addition,42,3,68,0.003933936642312161,0.0627211020495667,0.22632589915635737,68,14,inf
random_addition,42,3,69,0.003982371956613504,0.06310603740224467,0.2168002886424204,69,14,inf
random_addition,42,3,70,0.0041035524807073636,0.06405897658179815,0.19296812215308556,70,14,inf
random_addition,42,3,71,0.004146175311499,0.0643908014509759,0.1845856332402116,71,14,inf
random_addition,42,3,72,0.004019962457837472,0.06340317387826473,0.20940749107625978,72,14,inf
random_addition,42,3,73,0.0035500451825454618,0.0595822556013572,0.3018245426174756,73,14,inf
random_addition,42,3,74,0.003302598764413825,0.05746824135480244,0.350488998215432,74,14,inf
random_addition,42,3,75,0.0032898938131259844,0.057357595949673344,0.35298763829472546,75,14,inf
random_addition,42,3,76,0.003289497161768052,0.05735413813987664,0.3530656463844838,76,14,inf
random_addition,42,3,77,0.004780209986086227,0.06913906266421485,0.059892164237962286,77,14,inf
random_addition,42,3,78,0.004753931829903033,0.06894876235222089,0.06506020091608022,78,14,inf
random_addition,42,3,79,0.0047398087780811515,0.0688462691660278,0.06783773406237925,79,14,inf
random_addition,42,3,80,0.004677021478946137,0.06838875257632747,0.08018590120879576,80,14,inf
random_addition,42,3,81,0.004433004369537788,0.06658081082066955,0.1281759261831198,81,14,inf
random_addition,42,3,82,0.004430577524639904,0.06656258351836943,0.12865320561463445,82,14,inf
random_addition,42,3,83,0.0041126765478039715,0.06413015318712385,0.19117372253538956,83,14,inf
random_addition,42,3,84,0.004113293386449524,0.06413496227838232,0.1910524109516364,84,14,inf
random_addition,42,3,85,0.0038917849270946854,0.06238417208791574,0.23461573535227798,85,14,inf
random_addition,42,3,86,0.003890273454699085,0.062372056681650995,0.23491299154955336,86,14,inf
random_addition,42,3,87,0.0038390305926151516,0.061959911173396234,0.24499075305212314,87,14,inf
random_addition,42,3,88,0.0039996961439802085,0.06324315096498757,0.21339319892480246,88,14,inf
random_addition,42,3,89,0.004411238133768621,0.06641715240635224,0.13245661863412062,89,14,inf
random_addition,42,3,90,0.004137422822090302,0.0643228017276168,0.1863069559225815,90,14,inf
random_addition,42,3,91,0.004424926208500213,0.06652011882506083,0.12976463097058255,91,14,inf
random_addition,42,3,92,0.0043812926287601535,0.06619133348679533,0.1383459004828791,92,14,inf
random_addition,42,3,93,0.0044700400172100795,0.06685835787102522,0.12089224980057878,93,14,inf
random_addition,42,3,94,0.004459402787601595,0.06677876000347413,0.1229842380050391,94,14,inf
random_addition,42,3,95,0.004156428095229673,0.06447036602369861,0.18256925271474622,95,14,inf
random_addition,42,3,96,0.004054710097330173,0.06367660557324152,0.20257378957435812,96,14,inf
random_addition,42,3,97,0.004193419804232743,0.06475661977151635,0.17529421760264063,97,14,inf
random_addition,42,3,98,0.0040685369472783055,0.06378508405009987,0.19985450945528793,98,14,inf
random_addition,42,3,99,0.004101622251624441,0.06404390877846573,0.19334773382097314,99,14,inf
random_addition,42,3,100,0.0041039294889948065,0.0640619191797655,0.1928939771999969,100,14,inf
random_addition,42,3,101,0.003897853572466188,0.06243279244488579,0.23342223525859662,101,14,inf
random_addition,42,3,102,0.0038675569638371883,0.06218968534923768,0.23938056747664582,102,14,inf
random_addition,42,3,103,0.00386777376508122,0.062191428389137514,0.2393379299044659,103,14,inf
random_addition,42,3,104,0.003765114076794293,0.06136052539535734,0.25952766584835607,104,14,inf
random_addition,42,3,105,0.003770933469095016,0.06140792676108693,0.2583831855185783,105,14,inf
random_addition,42,3,106,0.003735451328336521,0.06111833872363123,0.26536133891639246,106,14,inf
random_addition,42,3,107,0.0036569317422318294,0.060472570163933245,0.2808035220783607,107,14,inf
random_addition,42,3,108,0.0034366556109549883,0.05862299558155475,0.3241244886567042,108,14,inf
random_addition,42,3,109,0.0034277221630735614,0.058546751942986225,0.3258813998338589,109,14,inf
random_addition,42,3,110,0.0027098911749990646,0.052056615093560056,0.46705480824183576,110,14,inf
random_addition,42,3,111,0.002670499243692369,0.051676873393156915,0.47480188700929893,111,14,inf
random_addition,42,3,112,0.0027418246305593074,0.05236243530012052,0.4607745628378629,112,14,inf
random_addition,42,3,113,0.0027611799332498263,0.05254693076907372,0.4569680204943537,113,14,inf
random_addition,42,3,114,0.0027736949129407882,0.052665879969300694,0.45450674149068604,114,14,inf
random_addition,42,3,115,0.0026849689702990757,0.051816686214954694,0.47195617449794613,115,14,inf
random_addition,42,3,116,0.002116663940646269,0.04600721618014145,0.5837228150921201,116,14,inf
random_addition,42,3,117,0.0021295602979057773,0.0461471591531459,0.5811865318435308,117,14,inf
random_addition,42,3,118,0.002183289930985744,0.04672568812747164,0.5706197054450837,118,14,inf
random_addition,42,3,119,0.002188957195587542,0.04678629281731501,0.5695051435586823,119,14,inf
random_addition,42,3,120,0.0021103316703053048,0.04593834640368877,0.5849681614227272,120,14,inf
random_addition,42,3,121,0.0022848909518112196,0.04780053296576535,0.5506381740735602,121,14,inf
random_addition,42,3,122,0.002589331694500414,0.05088547626288285,0.4907648361740977,122,14,inf
random_addition,42,3,123,0.002620022511810895,0.05118615547011609,0.48472897625926004,123,14,inf
random_addition,42,3,124,0.002624379866873163,0.05122870159269277,0.48387202988051126,124,14,inf
random_addition,42,3,125,0.0028887729726761635,0.0537473066550889,0.43187472616156564,125,14,inf
random_addition,42,3,126,0.0030156145202603797,0.05491461117280518,0.40692922520424557,126,14,inf
random_addition,42,3,127,0.0029819947307425064,0.054607643519405835,0.41354111624133794,127,14,inf
random_addition,42,3,128,0.002777173786663739,0.05269889739514233,0.4538225630851156,128,14,inf
random_addition,42,3,129,0.002829478501772341,0.053192842580297786,0.443535970516165,129,14,inf
random_addition,42,3,130,0.00282088282034783,0.05311198377341812,0.4452264542991825,130,14,inf
random_addition,42,3,131,0.002708244644588193,0.05204079788577605,0.4673786258451599,131,14,inf
random_addition,42,3,132,0.002647746285593785,0.05145625603941454,0.4792766348252955,132,14,inf
random_addition,42,3,133,0.002646842015511035,0.0514474685043981,0.4794544745839908,133,14,inf
random_addition,42,3,134,0.0026992281595141477,0.05195409665766645,0.4691518676679698,134,14,inf
random_addition,42,3,135,0.0027129785547523903,0.052086260710022085,0.46644762363979464,135,14,inf
random_addition,42,3,136,0.002772774800325689,0.05265714386790921,0.4546876969469853,136,14,inf
random_addition,42,3,137,0.0027803906782055765,0.052729409992959116,0.4531899078348064,137,14,inf
random_addition,42,3,138,0.0027275203225398765,0.05222566727711458,0.46358774303148675,138,14,inf
random_addition,42,3,139,0.0026785986821689827,0.0517551802447734,0.47320899765939595,139,14,inf
random_addition,42,3,140,0.0027537958780493965,0.052476622205029515,0.45842021781912157,140,14,inf
random_addition,42,3,141,0.002789349708502224,0.052814294547046864,0.45142796545001096,141,14,inf
random_addition,42,3,142,0.002739937969151473,0.052344416790632724,0.4611456061974847,142,14,inf
random_addition,42,3,143,0.002900639892294171,0.05385758899444136,0.4295408989548698,143,14,inf
random_addition,42,3,144,0.0029022805211545684,0.05387281801757328,0.4292182419896473,144,14,inf
random_addition,42,3,145,0.002874062628468142,0.05361028472660952,0.43476776012805896,145,14,inf
random_addition,42,3,146,0.002791155533853386,0.0528313877714128,0.451072819846034,146,14,inf
random_addition,42,3,147,0.0027588324056171064,0.05252458858113128,0.457429700865846,147,14,inf
random_addition,42,3,148,0.002669004785209761,0.05166241172467426,0.4750957971374754,148,14,inf
random_addition,42,3,149,0.0026814166595488776,0.05178239719778216,0.47265479551690626,149,14,inf
random_addition,42,3,150,0.0026800483819562917,0.05176918370958047,0.47292389007342817,150,14,inf
random_addition,42,4,10,0.00962854819961681,0.0981251659851682,-0.8936142210947935,10,10,inf
random_addition,42,4,11,0.005361585695993393,0.0732228495484394,-0.05444504312244769,11,11,inf
random_addition,42,4,12,0.021327745305125052,0.14604021810831785,-3.1944560048294495,12,12,inf
random_addition,42,4,13,0.008690914529933234,0.09322507457724684,-0.7092129578637718,13,13,inf
random_addition,42,4,14,0.008448196894541824,0.09191407343025236,-0.6614784960779374,14,14,inf
random_addition,42,4,15,0.007306173666972751,0.08547615847107748,-0.43688062527624827,15,14,inf
random_addition,42,4,16,0.005934102297566343,0.07703312467741616,-0.16703995941466165,16,14,inf
random_addition,42,4,17,0.0040341149391982575,0.06351468286308495,0.20662417012143197,17,14,inf
random_addition,42,4,18,0.004101386148993115,0.06404206546476397,0.19339416733213677,18,14,inf
random_addition,42,4,19,0.0042142937655574335,0.06491759211151807,0.17118900576846308,19,14,inf
random_addition,42,4,20,0.004173484457824586,0.06460251123466167,0.17921483519506642,20,14,inf
random_addition,42,4,21,0.004137519118394602,0.06432355026267286,0.18628801765198433,21,14,inf
random_addition,42,4,22,0.004175420563898973,0.06461749425580485,0.1788340677190151,22,14,inf
random_addition,42,4,23,0.0041553200397415006,0.06446177192523876,0.1827871702643774,23,14,inf
random_addition,42,4,24,0.003773822654253059,0.06143144678625971,0.2578149791816289,24,14,inf
random_addition,42,4,25,0.003805750507036738,0.06169076516818978,0.25153583565689674,25,14,inf
random_addition,42,4,26,0.006666469147093107,0.08164844852838973,-0.31107208685184506,26,14,inf
random_addition,42,4,27,0.007748167357850781,0.08802367498491971,-0.5238060392980759,27,14,inf
random_addition,42,4,28,0.006182757035543441,0.07863050957194313,-0.21594205121649424,28,14,inf
random_addition,42,4,29,0.004808406187161352,0.0693426721951307,0.0543469121158584,29,14,inf
random_addition,42,4,30,0.0029924311987550825,0.054703118729694765,0.4114886111453566,30,14,inf
random_addition,42,4,31,0.003115743186564234,0.055818842576357976,0.38723725684916377,31,14,inf
random_addition,42,4,32,0.003023120183560711,0.054982908103889075,0.40545311162309083,32,14,inf
random_addition,42,4,33,0.003032777329620721,0.05507065761020764,0.4035538731568855,33,14,inf
random_addition,42,4,34,0.0031127409125910623,0.05579194307954386,0.38782770398338984,34,14,inf
random_addition,42,4,35,0.002860533019110152,0.05348395104244031,0.4374285829390374,35,14,inf
random_addition,42,4,36,0.0026068189848862276,0.05105701699949016,0.48732566953376155,36,14,inf
random_addition,42,4,37,0.0026294923017602103,0.051278575465395,0.48286658448980124,37,14,inf
random_addition,42,4,38,0.0026489656874236207,0.05146810359264872,0.47903681916478935,38,14,inf
random_addition,42,4,39,0.0026158790871979366,0.051145665380342216,0.48554384965538067,39,14,inf
random_addition,42,4,40,0.002747328392363556,0.0524149634394946,0.45969215649726236,40,14,inf
random_addition,42,4,41,0.002698864171227398,0.051950593559914195,0.46922345202127114,41,14,inf
random_addition,42,4,42,0.0031752900752905857,0.05634971229110745,0.37552637032956826,42,14,inf
random_addition,42,4,43,0.0031489320746919507,0.056115346160314744,0.38071010974058206,43,14,inf
random_addition,42,4,44,0.003041608176974385,0.055150776757670286,0.4018171400807733,44,14,inf
random_addition,42,4,45,0.0030454461279676008,0.0551855608648458,0.40106234315501166,45,14,inf
random_addition,42,4,46,0.003290997904629439,0.05736721977427038,0.3527705003286493,46,14,inf
random_addition,42,4,47,0.0030174997551335224,0.05493177363906542,0.40655846239640825,47,14,inf
random_addition,42,4,48,0.0030986338611597316,0.055665373987423564,0.39060209038664284,48,14,inf
random_addition,42,4,49,0.0030184803871788186,0.05494069882317496,0.40636560478712624,49,14,inf
random_addition,42,4,50,0.002950318610347633,0.05431683542280085,0.4197707524030212,50,14,inf
random_addition,42,4,51,0.0029503194774565,0.05431684340475337,0.41977058187163396,51,14,inf
random_addition,42,4,52,0.0027852770796335303,0.05277572434020712,0.4522289156849909,52,14,inf
random_addition,42,4,53,0.0027687844334325137,0.05261924014495566,0.4554724689956523,53,14,inf
random_addition,42,4,54,0.0029712474211089253,0.05450914988429856,0.41565475351444914,54,14,inf
random_addition,42,4,55,0.003008316424553945,0.05484812143140314,0.4083645171641659,55,14,inf
random_addition,42,4,56,0.0033656249376949033,0.05801400639237824,0.3380938524933611,56,14,inf
random_addition,42,4,57,0.003257252489326063,0.05707234434755649,0.35940709776685553,57,14,inf
random_addition,42,4,58,0.003247798710222215,0.056989461396140736,0.36126634073713515,58,14,inf
random_addition,42,4,59,0.003249345234872805,0.057003028295633605,0.3609621909306516,59,14,inf
random_addition,42,4,60,0.003475574456655201,0.05895400288916098,0.3164704500458314,60,14,inf
random_addition,42,4,61,0.003499463686565963,0.0591562649815382,0.31177223547057253,61,14,inf
random_addition,42,4,62,0.003991864784106587,0.0631812059405848,0.21493336615663816,62,14,inf
random_addition,42,4,63,0.0040030626495932845,0.06326976094148992,0.21273111957782787,63,14,inf
random_addition,42,4,64,0.004188338593404389,0.06471737474128866,0.17629352226264494,64,14,inf
random_addition,42,4,65,0.004201569437391523,0.0648195143254832,0.17369145663325747,65,14,inf
random_addition,42,4,66,0.00415339866563864,0.0644468669962989,0.18316504045309034,66,14,inf
random_addition,42,4,67,0.003999620357885951,0.06324255179770935,0.2134081035213079,67,14,inf
random_addition,42,4,68,0.0040837176878579665,0.06390397239497687,0.19686896421498457,68,14,inf
random_addition,42,4,69,0.004176565960892561,0.06462635654972793,0.17860880634098675,69,14,inf
random_addition,42,4,70,0.004534127446243322,0.06733592983128192,0.1082883904757036,70,14,inf
random_addition,42,4,71,0.0045279233265541705,0.0672898456422228,0.10950853384822345,71,14,inf
random_addition,42,4,72,0.004534738403154683,0.06734046631227529,0.10816823563285027,72,14,inf
random_addition,42,4,73,0.006743984336715135,0.08212176530442544,-0.3263167387324859,73,14,inf
random_addition,42,4,74,0.006755639082372858,0.08219269482364511,-0.32860883839934796,74,14,inf
random_addition,42,4,75,0.006693204420596101,0.08181200657969526,-0.3163300232572672,75,14,inf
random_addition,42,4,76,0.006302644864362552,0.0793891986630584,-0.23951998766978866,76,14,inf
random_addition,42,4,77,0.006216300075614657,0.07884351638286217,-0.2225388481978019,77,14,inf
random_addition,42,4,78,0.006217200731173198,0.0788492278413251,-0.22271597710016655,78,14,inf
random_addition,42,4,79,0.006961459267496367,0.08343535981522682,-0.3690868026217997,79,14,inf
random_addition,42,4,80,0.005324846700121654,0.07297154719561354,-0.04721970825272814,80,14,inf
random_addition,42,4,81,0.005367195555545998,0.07326114628877983,-0.05554831535071392,81,14,inf
random_addition,42,4,82,0.005432921477039237,0.07370835418756301,-0.06847441148212341,82,14,inf
random_addition,42,4,83,0.0056577501600754195,0.07521801752290085,-0.11269071311773993,83,14,inf
random_addition,42,4,84,0.005465351303544201,0.07392801433519097,-0.07485227649191595,84,14,inf
random_addition,42,4,85,0.005208635857374634,0.07217087956630869,-0.024364912295023355,85,14,inf
random_addition,42,4,86,0.005151854783825093,0.07177642219994734,-0.01319796935270956,86,14,inf
random_addition,42,4,87,0.004880790126551036,0.06986265187173356,0.040111405976664516,87,14,inf
random_addition,42,4,88,0.004285501211338202,0.0654637396681415,0.15718487667414482,88,14,inf
random_addition,42,4,89,0.004038011307569221,0.06354534843376988,0.20585788444627962,89,14,inf
random_addition,42,4,90,0.003913428845039938,0.06255740439820004,0.23035909873670068,90,14,inf
random_addition,42,4,91,0.0037507223922876613,0.061243141593876955,0.2623580300821201,91,14,inf
random_addition,42,4,92,0.00366650828730709,0.06055169929330712,0.2789201351369949,92,14,inf
random_addition,42,4,93,0.00375217340613091,0.06125498678581941,0.26207266406518614,93,14,inf
random_addition,42,4,94,0.003369556295879224,0.05804787934006912,0.3373206854891866,94,14,inf
random_addition,42,4,95,0.0033540519913751337,0.05791417780971369,0.34036986495928556,95,14,inf
random_addition,42,4,96,0.0034461081907921506,0.05870356199407452,0.32226548154217405,96,14,inf
random_addition,42,4,97,0.0029966849144672843,0.05474198493357073,0.410652047169342,97,14,inf
random_addition,42,4,98,0.0029980806704066883,0.05475473194534595,0.4103775485386827,98,14,inf
random_addition,42,4,99,0.0030139643760581205,0.054899584479831176,0.4072537535197791,99,14,inf
random_addition,42,4,100,0.0030392044571403015,0.055128980193182436,0.4022898715836939,100,14,inf
random_addition,42,4,101,0.0029293564645967375,0.05412352967607284,0.42389330717198803,101,14,inf
random_addition,42,4,102,0.0030336022817384163,0.05507814704343653,0.40339163259585764,102,14,inf
random_addition,42,4,103,0.0030642246340254814,0.05535543906451724,0.3973692374671228,103,14,inf
random_addition,42,4,104,0.0031057490676070277,0.05572924786507555,0.38920276664278275,104,14,inf
random_addition,42,4,105,0.003070202579384869,0.055409408762274924,0.3961935750400588,105,14,inf
random_addition,42,4,106,0.0032808388769774875,0.05727860749858962,0.35476844216114656,106,14,inf
random_addition,42,4,107,0.0034209479243012568,0.05848887008911402,0.32721366661077944,107,14,inf
random_addition,42,4,108,0.0035116901320540158,0.059259515118283035,0.3093677015190742,108,14,inf
random_addition,42,4,109,0.0035281176825412244,0.05939796025572953,0.30613695036371635,109,14,inf
random_addition,42,4,110,0.003683133388592595,0.06068882424790083,0.2756505323299355,110,14,inf
random_addition,42,4,111,0.0035655005406395345,0.059711812404578166,0.2987849892733677,111,14,inf
random_addition,42,4,112,0.0035894741425174493,0.05991222031036281,0.29407018154683107,112,14,inf
random_addition,42,4,113,0.0035621098594516578,0.05968341360421384,0.299451823149405,113,14,inf
random_addition,42,4,114,0.0034404462473380643,0.05865531729807677,0.32337899693633476,114,14,inf
random_addition,42,4,115,0.0034744477420742244,0.05894444623604691,0.31669203721654704,115,14,inf
random_addition,42,4,116,0.0033958562034448808,0.058273975353024275,0.33214837103976746,116,14,inf
random_addition,42,4,117,0.0032734803210864305,0.05721433667435489,0.3562156246224215,117,14,inf
random_addition,42,4,118,0.0031674790564947585,0.0562803611972663,0.37706253714998317,118,14,inf
random_addition,42,4,119,0.003146185750309497,0.0560908704720251,0.3812502201288295,119,14,inf
random_addition,42,4,120,0.0031681451335701847,0.056286278377329094,0.37693154200967505,120,14,inf
random_addition,42,4,121,0.0031337675101628716,0.05598006350624186,0.3836924736913714,121,14,inf
random_addition,42,4,122,0.0030885769935185036,0.05557496732809209,0.39257994075310365,122,14,inf
random_addition,42,4,123,0.003137924851207312,0.05601718353511993,0.3828748633974325,123,14,inf
random_addition,42,4,124,0.0031413169744859233,0.05604745288133907,0.3822077459102561,124,14,inf
random_addition,42,4,125,0.003073355538472465,0.0554378529388762,0.3955734931707029,125,14,inf
random_addition,42,4,126,0.003089957985068877,0.05558739052221175,0.39230834578522433,126,14,inf
random_addition,42,4,127,0.0030101016939847176,0.054864393681008795,0.4080134142239811,127,14,inf
random_addition,42,4,128,0.002999306516804352,0.0547659247781351,0.4101364654466765,128,14,inf
random_addition,42,4,129,0.002718524007133078,0.0521394668857774,0.4653570181536122,129,14,inf
random_addition,42,4,130,0.002687380885864797,0.05183995453185503,0.4714818311680232,130,14,inf
random_addition,42,4,131,0.0026977105487953714,0.05193948930048669,0.46945033106863854,131,14,inf
random_addition,42,4,132,0.0026730910055586415,0.051701943924369435,0.4742921739117564,132,14,inf
random_addition,42,4,133,0.002914531601762061,0.05398640200793215,0.4268088631319863,133,14,inf
random_addition,42,4,134,0.0029495049799924617,0.05430934523627091,0.4199307663510563,134,14,inf
random_addition,42,4,135,0.002950515742679256,0.05431865004470616,0.41973198304975423,135,14,inf
random_addition,42,4,136,0.0029599737220111625,0.05440564053488538,0.4178719140347358,136,14,inf
random_addition,42,4,137,0.0029906319951222885,0.05468667109197897,0.4118424544782321,137,14,inf
random_addition,42,4,138,0.0029591414348363017,0.05439799109191719,0.4180355971568096,138,14,inf
random_addition,42,4,139,0.0026602538237027076,0.051577648489463994,0.4768168193325628,139,14,inf
random_addition,42,4,140,0.0026622108822118478,0.05159661696479574,0.4764319312115718,140,14,inf
random_addition,42,4,141,0.00265143346737396,0.051492071888534066,0.4785514891740561,141,14,inf
random_addition,42,4,142,0.002607920258072385,0.051067800599520485,0.4871090858366781,142,14,inf
random_addition,42,4,143,0.0025666108052198947,0.05066172919689867,0.49523327712340137,143,14,inf
random_addition,42,4,144,0.0025483073984286448,0.05048076265696314,0.4988329466349247,144,14,inf
random_addition,42,4,145,0.0025483168589799,0.05048085636139605,0.4988310860600982,145,14,inf
random_addition,42,4,146,0.002513121451330539,0.0501310427911742,0.5057528486208038,146,14,inf
random_addition,42,4,147,0.0024945414863808218,0.049945385035865146,0.5094069078960773,147,14,inf
random_addition,42,4,148,0.0027146702517453873,0.05210249755765444,0.46611492327653015,148,14,inf
random_addition,42,4,149,0.00267048188466524,0.05167670543547876,0.4748053009508355,149,14,inf
random_addition,42,4,150,0.0026800483819562917,0.05176918370958047,0.47292389007342817,150,14,inf
random_addition,42,5,10,0.00962854819961681,0.0981251659851682,-0.8936142210947935,10,10,inf
random_addition,42,5,11,0.011578317758704326,0.10760259178432612,-1.2770688487709347,11,11,inf
random_addition,42,5,12,0.01609016097695801,0.1268469982969956,-2.1643978940547597,12,12,inf
random_addition,42,5,13,0.013168952338468464,0.11475605578124609,-1.5898936068093672,13,13,inf
random_addition,42,5,14,0.00699089053338031,0.08361154545504054,-0.37487495078985633,14,14,inf
random_addition,42,5,15,0.009004849350078068,0.09489388468219681,-0.7709534640749525,15,14,inf
random_addition,42,5,16,0.008824155124646006,0.09393697421487454,-0.735416937918135,16,14,inf
random_addition,42,5,17,0.005868471481097828,0.07660594938448206,-0.1541325672688978,17,14,inf
random_addition,42,5,18,0.0059685253394638205,0.07725623171928477,-0.17380982339820572,18,14,inf
random_addition,42,5,19,0.007198546597759134,0.084844249055308,-0.4157139712166291,19,14,inf
random_addition,42,5,20,0.007363801018915195,0.08581259242625872,-0.44821400294647584,20,14,inf
random_addition,42,5,21,0.005285760975905083,0.07270323910187966,-0.03953285020477937,21,14,inf
random_addition,42,5,22,0.007187452298234293,0.08477884345893315,-0.4135320926075403,22,14,inf
random_addition,42,5,23,0.007236318515823235,0.08506655344977387,-0.42314244742315155,23,14,inf
random_addition,42,5,24,0.007247638752342908,0.0851330649767933,-0.4253687603018328,24,14,inf
random_addition,42,5,25,0.005243809612244195,0.07241415339727583,-0.03128241647628238,25,14,inf
random_addition,42,5,26,0.005249066477972712,0.07245044153055737,-0.032316266595275644,26,14,inf
random_addition,42,5,27,0.006741384843314983,0.08210593671175662,-0.3258055051001545,27,14,inf
random_addition,42,5,28,0.00659502192432274,0.08120974032911779,-0.2970208016226681,28,14,inf
random_addition,42,5,29,0.006668214728183124,0.0816591374445207,-0.31141538441941186,29,14,inf
random_addition,42,5,30,0.006540540346309469,0.08087360722948785,-0.2863060927408325,30,14,inf
random_addition,42,5,31,0.006912798719339555,0.08314324217481271,-0.3595168961223263,31,14,inf
random_addition,42,5,32,0.006972568457654278,0.08350190691028725,-0.37127160972165973,32,14,inf
random_addition,42,5,33,0.005520699220118933,0.0743014079282414,-0.08573736526761011,33,14,inf
random_addition,42,5,34,0.007251442318980558,0.08515540099712149,-0.4261167949719218,34,14,inf
random_addition,42,5,35,0.006490738253497901,0.08056511809398594,-0.27651168248986435,35,14,inf
random_addition,42,5,36,0.006912397278155416,0.08314082798574607,-0.3594379460335424,36,14,inf
random_addition,42,5,37,0.00687976844797458,0.08294436959778874,-0.3530209436394973,37,14,inf
random_addition,42,5,38,0.006875421009963291,0.08291815850562102,-0.3521659476138419,38,14,inf
random_addition,42,5,39,0.00645985750838827,0.08037323875761304,-0.27043847011295297,39,14,inf
random_addition,42,5,40,0.006074562766211891,0.07793948143407095,-0.19466384781555623,40,14,inf
random_addition,42,5,41,0.005939696314611337,0.07706942529052191,-0.16814011595018896,41,14,inf
random_addition,42,5,42,0.006066534714009249,0.07788796257451627,-0.19308499776428678,42,14,inf
random_addition,42,5,43,0.006057654391423355,0.07783093466882789,-0.19133853456049588,43,14,inf
random_addition,42,5,44,0.005854211169390792,0.0765128170268929,-0.15132803968219855,44,14,inf
random_addition,42,5,45,0.005833740777082083,0.07637892888147937,-0.14730219641034337,45,14,inf
random_addition,42,5,46,0.005567968181814306,0.0746188192201827,-0.09503359313364568,46,14,inf
random_addition,42,5,47,0.005699736569191113,0.0754965997193987,-0.1209480391180755,47,14,inf
random_addition,42,5,48,0.0052544476001664935,0.07248756859052795,-0.03337455381577259,48,14,inf
random_addition,42,5,49,0.005326743540501698,0.07298454316156057,-0.04759275347661163,49,14,inf
random_addition,42,5,50,0.005028360617608893,0.07091093440090106,0.01108921335865165,50,14,inf
random_addition,42,5,51,0.004951802657560811,0.07036904616065796,0.026145610115415385,51,14,inf
random_addition,42,5,52,0.004921396421821109,0.07015266510846975,0.032125502328963496,52,14,inf
random_addition,42,5,53,0.00506279454269855,0.07115331715878431,0.004317209014270573,53,14,inf
random_addition,42,5,54,0.004965740513882952,0.0704680105713433,0.023404498745766444,54,14,inf
random_addition,42,5,55,0.00476928156060012,0.06905998523457792,0.0620414209572141,55,14,inf
random_addition,42,5,56,0.00418670078017319,0.06470471992191289,0.17661562548753384,56,14,inf
random_addition,42,5,57,0.004483568099192138,0.06695945115659281,0.11823172737349241,57,14,inf
random_addition,42,5,58,0.004370097747680652,0.06610671484562405,0.14054756012835434,58,14,inf
random_addition,42,5,59,0.004122562819511478,0.06420718666560214,0.18922942269798648,59,14,inf
random_addition,42,5,60,0.004195858722431256,0.0647754484541115,0.1748145637556594,60,14,inf
random_addition,42,5,61,0.004145987718946323,0.06438934476251737,0.18462252643720833,61,14,inf
random_addition,42,5,62,0.004225873317195284,0.06500671747746754,0.1689116942568265,62,14,inf
random_addition,42,5,63,0.004443454292415624,0.06665924011279775,0.1261207749639982,63,14,inf
random_addition,42,5,64,0.004345986701465337,0.06592409803300563,0.1452893985708945,64,14,inf
random_addition,42,5,65,0.0057081406467896995,0.07555223786751587,-0.1226008408204653,65,14,inf
random_addition,42,5,66,0.0057075901623687055,0.07554859470809967,-0.12249257889909604,66,14,inf
random_addition,42,5,67,0.0058313334907242765,0.07636316841726958,-0.14682876349118623,67,14,inf
random_addition,42,5,68,0.004488027240352034,0.0669927402063241,0.1173547630649393,68,14,inf
random_addition,42,5,69,0.004218736654338398,0.06495180254880074,0.17031523776066382,69,14,inf
random_addition,42,5,70,0.004335600704770445,0.06584527853058597,0.1473319776424178,70,14,inf
random_addition,42,5,71,0.004276654375451074,0.06539613425464134,0.1589247541614095,71,14,inf
random_addition,42,5,72,0.004446565571720926,0.06668257322360113,0.12550889011737587,72,14,inf
random_addition,42,5,73,0.004523488898805522,0.06725688737077803,0.11038063785322727,73,14,inf
random_addition,42,5,74,0.004981941133261677,0.07058286713687449,0.02021837736899257,74,14,inf
random_addition,42,5,75,0.004977748566859218,0.07055316128182505,0.02104291531573066,75,14,inf
random_addition,42,5,76,0.004976135957801326,0.07054173203006378,0.021360061720545165,76,14,inf
random_addition,42,5,77,0.005029164822227411,0.07091660470036204,0.010931053138572233,77,14,inf
random_addition,42,5,78,0.0046285886691931595,0.06803373184820277,0.08971101916162139,78,14,inf
random_addition,42,5,79,0.004267649396649208,0.06532724850052395,0.1606957330843326,79,14,inf
random_addition,42,5,80,0.004185192587185781,0.06469306444423374,0.17691223673461953,80,14,inf
random_addition,42,5,81,0.004178301686060632,0.06463978408117273,0.17826744710447162,81,14,inf
random_addition,42,5,82,0.0041383556719772705,0.06433005263465336,0.18612349546982287,82,14,inf
random_addition,42,5,83,0.0041039592541075014,0.06406215149452524,0.19288812339529826,83,14,inf
random_addition,42,5,84,0.004117085625968036,0.06416451999328006,0.19030660394800758,84,14,inf
random_addition,42,5,85,0.004165368197260755,0.06453966375230626,0.180811032888338,85,14,inf
random_addition,42,5,86,0.003957913960175954,0.06291195403240908,0.22161036061936423,86,14,inf
random_addition,42,5,87,0.0038623530577444006,0.0621478322851602,0.24040400220203217,87,14,inf
random_addition,42,5,88,0.0038550670436436384,0.062089186205358166,0.24183691811316088,88,14,inf
random_addition,42,5,89,0.003274655481421358,0.05722460555933399,0.3559845097880612,89,14,inf
random_addition,42,5,90,0.00324814283293718,0.05699248049468614,0.36119866327908534,90,14,inf
random_addition,42,5,91,0.0030787882919490308,0.055486829896372984,0.3945050517993094,91,14,inf
random_addition,42,5,92,0.0029984949740134497,0.0547585150822541,0.4102960688404613,92,14,inf
random_addition,42,5,93,0.0029645724024243664,0.054447887033606424,0.41696750701010676,93,14,inf
random_addition,42,5,94,0.002960509750847675,0.054410566536727725,0.41776649504459384,94,14,inf
random_addition,42,5,95,0.002924786032823044,0.05408129096853222,0.42479215863160413,95,14,inf
random_addition,42,5,96,0.0028933208998973246,0.053789598435918115,0.43098030059667747,96,14,inf
random_addition,42,5,97,0.0031404665438580517,0.05603986566595295,0.3823749972442688,97,14,inf
random_addition,42,5,98,0.003151559181071102,0.05613874937216808,0.3801934455564543,98,14,inf
random_addition,42,5,99,0.0031514929147126807,0.05613815916747432,0.3802064779385005,99,14,inf
random_addition,42,5,100,0.0029973639854739826,0.054748187051937916,0.4105184965562322,100,14,inf
random_addition,42,5,101,0.0031751860769386776,0.05634878948955938,0.3755468233359883,101,14,inf
random_addition,42,5,102,0.0032366509328729497,0.05689157172088806,0.3634587366502602,102,14,inf
random_addition,42,5,103,0.003257489872724151,0.05707442398066012,0.35936041237159644,103,14,inf
random_addition,42,5,104,0.003094007649392027,0.05562380470079359,0.39151191191025225,104,14,inf
random_addition,42,5,105,0.002719740917564364,0.05215113534300441,0.46511769246808743,105,14,inf
random_addition,42,5,106,0.0027124521971017756,0.0520812077154685,0.4665511406303027,106,14,inf
random_addition,42,5,107,0.0026923262849356143,0.05188763132901341,0.4705092361500265,107,14,inf
random_addition,42,5,108,0.0027594826452653496,0.052530778075956096,0.4573018204191259,108,14,inf
random_addition,42,5,109,0.0026720888768379824,0.051692251613157485,0.47448925919995,109,14,inf
random_addition,42,5,110,0.002634047456570833,0.05132297201615309,0.4819707374991795,110,14,inf
random_addition,42,5,111,0.0026685657701769924,0.05165816266745259,0.4751821367488156,111,14,inf
random_addition,42,5,112,0.0027204089440850876,0.05215753966671633,0.464986313936923,112,14,inf
random_addition,42,5,113,0.0027886372739592234,0.052807549403084623,0.451568077557699,113,14,inf
random_addition,42,5,114,0.0027861249748969393,0.05278375673345863,0.45206216297258783,114,14,inf
random_addition,42,5,115,0.002769046905003575,0.052621734150477925,0.4554208495937144,115,14,inf
random_addition,42,5,116,0.003152925246745249,0.056150914923492105,0.3799247860104994,116,14,inf
random_addition,42,5,117,0.003055695143229329,0.055278342442853054,0.39904670376167106,117,14,inf
random_addition,42,5,118,0.0030597415590106034,0.055314930706009235,0.39825090876651403,118,14,inf
random_addition,42,5,119,0.00308695506904622,0.055560373190307315,0.3928989191891653,119,14,inf
random_addition,42,5,120,0.002839608357358965,0.05328797572960494,0.4415437658557334,120,14,inf
random_addition,42,5,121,0.0026581027663993007,0.051556791661228306,0.47723986054455814,121,14,inf
random_addition,42,5,122,0.0025917850831724022,0.050909577519091656,0.4902823364677209,122,14,inf
random_addition,42,5,123,0.0027267871052668717,0.052218647102992545,0.46373194240885185,123,14,inf
random_addition,42,5,124,0.002681780781652839,0.05178591296533102,0.4725831848462234,124,14,inf
random_addition,42,5,125,0.0027717041537519836,0.05264697668197086,0.45489825741110756,125,14,inf
random_addition,42,5,126,0.00279916915143667,0.05290717485782689,0.44949680860285135,126,14,inf
random_addition,42,5,127,0.002510899612274434,0.050108877579471224,0.5061898102422654,127,14,inf
random_addition,42,5,128,0.0022659519592529162,0.047602016336001106,0.5543628421022293,128,14,inf
random_addition,42,5,129,0.0022819895472685208,0.047770174243648315,0.5512087835558311,129,14,inf
random_addition,42,5,130,0.0023202938070563815,0.048169428137111836,0.5436756134912424,130,14,inf
random_addition,42,5,131,0.0024309057421944115,0.04930421627198237,0.521921935879853,131,14,inf
random_addition,42,5,132,0.0024027121549474438,0.04901746785532116,0.527466673949156,132,14,inf
random_addition,42,5,133,0.0023609868345151135,0.04858998697792698,0.5356726525154307,133,14,inf
random_addition,42,5,134,0.0025693137247829708,0.050688398325287126,0.4947017030151344,134,14,inf
random_addition,42,5,135,0.0025683060948958015,0.050678457897767586,0.49489987019926085,135,14,inf
random_addition,42,5,136,0.002573540494172366,0.050730074848874075,0.4938704384818826,136,14,inf
random_addition,42,5,137,0.0025764773479837414,0.050759012480383635,0.49329285731105577,137,14,inf
random_addition,42,5,138,0.0025552937581602006,0.05054991353266789,0.49745896274170553,138,14,inf
random_addition,42,5,139,0.0025734165180620683,0.050728852914905025,0.4938948204469171,139,14,inf
random_addition,42,5,140,0.0025734828992074,0.05072950718474801,0.493881765490115,140,14,inf
random_addition,42,5,141,0.0025800401903374624,0.05079409601850851,0.49259216507701853,141,14,inf
random_addition,42,5,142,0.002618053984901914,0.05116692276170137,0.4851161198319124,142,14,inf
random_addition,42,5,143,0.002693704429695289,0.051900909719342,0.4702382010509083,143,14,inf
random_addition,42,5,144,0.002669826344095809,0.05167036233757035,0.47493422391191387,144,14,inf
random_addition,42,5,145,0.0026135258580152216,0.051122655036834906,0.4860066513315525,145,14,inf
random_addition,42,5,146,0.002597228332941793,0.05096300945727002,0.48921183082568653,146,14,inf
random_addition,42,5,147,0.0026365184819888837,0.05134703966139512,0.4814847692332166,147,14,inf
random_addition,42,5,148,0.0026099440398181612,0.05108761141233911,0.4867110754809377,148,14,inf
random_addition,42,5,149,0.0024925904478231556,0.04992584949525802,0.5097906120934399,149,14,inf
random_addition,42,5,150,0.0026800483819562917,0.05176918370958047,0.47292389007342817,150,14,inf
random_addition,42,6,10,0.00962854819961681,0.0981251659851682,-0.8936142210947935,10,10,inf
random_addition,42,6,11,0.00527869753842518,0.07265464567682633,-0.038143707689785256,11,11,inf
random_addition,42,6,12,0.00691985985390461,0.08318569500764304,-0.36090558573079523,12,12,inf
random_addition,42,6,13,0.005616842606936691,0.07494559764880585,-0.10464556209728082,13,13,inf
random_addition,42,6,14,0.0049038121320600075,0.07002722422072724,0.03558374551050547,14,14,inf
random_addition,42,6,15,0.004067818408742532,0.06377945130480923,0.19999582201472432,15,14,inf
random_addition,42,6,16,0.004548139281232573,0.06743989384060872,0.10553272997017304,16,14,inf
random_addition,42,6,17,0.0045704779267846446,0.06760530990081064,0.10113946361054871,17,14,inf
random_addition,42,6,18,0.005133839923325455,0.07165081941838107,-0.00965504727079991,18,14,inf
random_addition,42,6,19,0.005501665493673595,0.07417321277707738,-0.08199406624369776,19,14,inf
random_addition,42,6,20,0.004261684215952113,0.06528157638991351,0.16186888512815467,20,14,inf
random_addition,42,6,21,0.0032126628225641156,0.05668035658465916,0.3681763977011553,21,14,inf
random_addition,42,6,22,0.0044795265512770095,0.06692926528266248,0.11902656502177134,22,14,inf
random_addition,42,6,23,0.004392962518035358,0.06627942756267104,0.1360508225716517,23,14,inf
random_addition,42,6,24,0.004528067801623574,0.06729091916167868,0.10948012042178112,24,14,inf
random_addition,42,6,25,0.004245094517805064,0.0651543898582825,0.1651315253189336,25,14,inf
random_addition,42,6,26,0.0040554847137896045,0.06368268770858847,0.20242144835810583,26,14,inf
random_addition,42,6,27,0.005047734891310313,0.07104741298112348,0.007278940050173821,27,14,inf
random_addition,42,6,28,0.005471742897338751,0.07397123020025252,-0.07610928976680431,28,14,inf
random_addition,42,6,29,0.00554715872820542,0.07447925031984022,-0.09094106781518008,29,14,inf
random_addition,42,6,30,0.0034960228494874965,0.05912717521992317,0.312448933337081,30,14,inf
random_addition,42,6,31,0.0034972576001347858,0.05913761577993135,0.31220609907622054,31,14,inf
random_addition,42,6,32,0.0037160238153208375,0.06095919795503249,0.2691820826219147,32,14,inf
random_addition,42,6,33,0.003773130065093438,0.06142580943783678,0.2579511883644511,33,14,inf
random_addition,42,6,34,0.003735084190221355,0.0611153351477463,0.2654335427358647,34,14,inf
random_addition,42,6,35,0.003660288465753535,0.06050031789795435,0.28014336654242655,35,14,inf
random_addition,42,6,36,0.003254869408059414,0.057051462803852926,0.3598757703520674,36,14,inf
random_addition,42,6,37,0.0032741683376380387,0.057220348982141296,0.35608031471905255,37,14,inf
random_addition,42,6,38,0.004091625111709469,0.06396581205385787,0.19531383773620503,38,14,inf
random_addition,42,6,39,0.004296340683307487,0.0655464772761091,0.15505311414414946,39,14,inf
random_addition,42,6,40,0.004156249172474634,0.06446897837312636,0.1826044408517733,40,14,inf
random_addition,42,6,41,0.0036179118038610096,0.06014907982555518,0.28847744224507565,41,14,inf
random_addition,42,6,42,0.003620831683059838,0.06017334694912556,0.28790319941426123,42,14,inf
random_addition,42,6,43,0.0037534799560919934,0.061265650703244745,0.2618157092745379,43,14,inf
random_addition,42,6,44,0.003954816336463535,0.06288733049242538,0.22221955986641906,44,14,inf
random_addition,42,6,45,0.003780178719783833,0.061483158017328884,0.25656495313099714,45,14,inf
random_addition,42,6,46,0.003794112037080193,0.06159636383001998,0.2538247344362967,46,14,inf
random_addition,42,6,47,0.002939094606426171,0.05421341721775313,0.42197813953996777,47,14,inf
random_addition,42,6,48,0.0029154409544070296,0.053994823403795196,0.42663002380285764,48,14,inf
random_addition,42,6,49,0.003103483863901588,0.05570892086462982,0.3896482566441173,49,14,inf
random_addition,42,6,50,0.003628464672543431,0.06023673856164053,0.28640204502047906,50,14,inf
random_addition,42,6,51,0.004404429717916387,0.06636587766251861,0.1337956069025108,51,14,inf
random_addition,42,6,52,0.004471296170599567,0.06686775134995618,0.12064520633432652,52,14,inf
random_addition,42,6,53,0.0045847848758650426,0.06771103954204988,0.09832576400833881,53,14,inf
random_addition,42,6,54,0.004574923029751548,0.06763817730950139,0.10026526014624093,54,14,inf
random_addition,42,6,55,0.004585394871843661,0.0677155437978878,0.09820579814889918,55,14,inf
random_addition,42,6,56,0.004675264333309606,0.0683759046251646,0.08053147313686715,56,14,inf
random_addition,42,6,57,0.004762427198929566,0.06901034124629124,0.06338944523530876,57,14,inf
random_addition,42,6,58,0.004697362702485519,0.06853730883603118,0.07618546112477831,58,14,inf
random_addition,42,6,59,0.004740763225597238,0.0688532005472312,0.06765002607647308,59,14,inf
random_addition,42,6,60,0.004232693271947938,0.06505915209982327,0.16757043667166294,60,14,inf
random_addition,42,6,61,0.004440805760441355,0.06663937094872185,0.1266416528479246,61,14,inf
random_addition,42,6,62,0.004306995084542226,0.06562770058856417,0.15295774885365288,62,14,inf
random_addition,42,6,63,0.004217737810953015,0.06494411298149368,0.17051167693300806,63,14,inf
random_addition,42,6,64,0.004239101037966593,0.06510837916863384,0.1663102428598009,64,14,inf
random_addition,42,6,65,0.0041686564666709395,0.06456513352166895,0.18016433999250092,65,14,inf
random_addition,42,6,66,0.0037299628092164307,0.0610734214631572,0.2664407475295173,66,14,inf
random_addition,42,6,67,0.003462455097157262,0.058842629930665594,0.319050590395333,67,14,inf
random_addition,42,6,68,0.0037709126188331657,0.06140775699236348,0.25838728606951655,68,14,inf
random_addition,42,6,69,0.003635451184326228,0.06029470278827343,0.28502803122385323,69,14,inf
random_addition,42,6,70,0.003689096017417419,0.06073792898525121,0.2744778821542584,70,14,inf
random_addition,42,6,71,0.00369233226180673,0.060764564194987276,0.27384142084446494,71,14,inf
random_addition,42,6,72,0.00420899638479903,0.06487677847118359,0.17223082384224764,72,14,inf
random_addition,42,6,73,0.004194110581026483,0.06476195319032992,0.17515836485172642,73,14,inf
random_addition,42,6,74,0.0041966128787354695,0.06478126950543243,0.17466624636938466,74,14,inf
random_addition,42,6,75,0.004204677008147963,0.06484348084540159,0.1730803011344786,75,14,inf
random_addition,42,6,76,0.004296691097917601,0.06554915024557985,0.15498419928022245,76,14,inf
random_addition,42,6,77,0.004208533247968259,0.06487320901549622,0.17232190740654818,77,14,inf
random_addition,42,6,78,0.003861319915952363,0.06213951975958909,0.2406071867267654,78,14,inf
random_addition,42,6,79,0.004006280516311652,0.06329518556977025,0.2120982725428271,79,14,inf
random_addition,42,6,80,0.004125302576110693,0.06422851840195827,0.18869060397360005,80,14,inf
random_addition,42,6,81,0.0042563282576139495,0.06524054151839905,0.16292222345772145,81,14,inf
random_addition,42,6,82,0.004238523724846172,0.0651039455397764,0.16642378109133793,82,14,inf
random_addition,42,6,83,0.0042682423902215315,0.06533178698169469,0.16057911103100853,83,14,inf
random_addition,42,6,84,0.004270899724889412,0.0653521210435393,0.16005650195090781,84,14,inf
random_addition,42,6,85,0.004263905919287386,0.06529859048469105,0.16143195019845324,85,14,inf
random_addition,42,6,86,0.0042488154841001545,0.06518293859669226,0.16439973538066666,86,14,inf
random_addition,42,6,87,0.0041497866090636215,0.06441883737745988,0.18387541148266318,87,14,inf
random_addition,42,6,88,0.004114706334056143,0.06414597675658344,0.19077453129355226,88,14,inf
random_addition,42,6,89,0.004090130678814641,0.06395412948992928,0.1956077428321188,89,14,inf
random_addition,42,6,90,0.004324627246590678,0.06576189813707234,0.14949009079021547,90,14,inf
random_addition,42,6,91,0.004195169312966088,0.06477012670179122,0.17495014759865768,91,14,inf
random_addition,42,6,92,0.0040284521452569255,0.06347008858712051,0.20773785277806167,92,14,inf
random_addition,42,6,93,0.00362603897378141,0.06021660048343322,0.28687909904530473,93,14,inf
random_addition,42,6,94,0.003617728947549632,0.06014755978050674,0.28851340398141045,94,14,inf
random_addition,42,6,95,0.0034213083762445994,0.05849195138003689,0.3271427777382533,95,14,inf
random_addition,42,6,96,0.0034245232803163835,0.05851942652074082,0.3265105133570012,96,14,inf
random_addition,42,6,97,0.003393232500251496,0.05825145921134934,0.33266436593078574,97,14,inf
random_addition,42,6,98,0.0034256503541679113,0.05852905564049288,0.3262888555297535,98,14,inf
random_addition,42,6,99,0.0033348521600081366,0.057748178845814145,0.344145831280004,99,14,inf
random_addition,42,6,100,0.0033577135820810336,0.05794578140021095,0.33964975221863414,100,14,inf
random_addition,42,6,101,0.0038298913678176407,0.06188611611514848,0.2467881336839236,101,14,inf
random_addition,42,6,102,0.003854345537790458,0.062083375695837106,0.24197881424494128,102,14,inf
random_addition,42,6,103,0.0038883616707533633,0.06235672915374381,0.23528897567428608,103,14,inf
random_addition,42,6,104,0.0039092662426845354,0.06252412528524118,0.23117774375498779,104,14,inf
random_addition,42,6,105,0.004144150924352206,0.06437507999491889,0.1849837626581361,105,14,inf
random_addition,42,6,106,0.004185946516581081,0.06469889115418502,0.17676396397375838,106,14,inf
random_addition,42,6,107,0.004125932746341954,0.06423342390330718,0.18856667051168163,107,14,inf
random_addition,42,6,108,0.004057794137378114,0.06370081739960731,0.20196726178095314,108,14,inf
random_addition,42,6,109,0.004056438947357585,0.06369017936352185,0.20223378244865486,109,14,inf
random_addition,42,6,110,0.003911212284445356,0.06253968567593984,0.23079502226087079,110,14,inf
random_addition,42,6,111,0.003731418704215309,0.06108533951952227,0.2661544215521071,111,14,inf
random_addition,42,6,112,0.0036356889625014377,0.06029667455591094,0.28498126818910396,112,14,inf
random_addition,42,6,113,0.0038659544502975076,0.062176799936129776,0.239695728429816,113,14,inf
random_addition,42,6,114,0.0037651433565212985,0.06136076398254261,0.2595219075028301,114,14,inf
random_addition,42,6,115,0.0037376731642689265,0.06113651252949359,0.2649243779092585,115,14,inf
random_addition,42,6,116,0.0036379240248839914,0.0603152055860211,0.28454170598046213,116,14,inf
random_addition,42,6,117,0.003609246691732308,0.06007700634795569,0.290181580731389,117,14,inf
random_addition,42,6,118,0.0037220984503708874,0.06100900302718352,0.2679874045582795,118,14,inf
random_addition,42,6,119,0.0035800648973251963,0.05983364352373334,0.2959206661823577,119,14,inf
random_addition,42,6,120,0.003486291335928681,0.059044824802252406,0.31436279740939077,120,14,inf
random_addition,42,6,121,0.003203538069664208,0.05659980626878689,0.36997093219348187,121,14,inf
random_addition,42,6,122,0.003202159261380004,0.05658762463100924,0.3702420977857397,122,14,inf
random_addition,42,6,123,0.003210921646037338,0.05666499489135544,0.36851882903807,123,14,inf
random_addition,42,6,124,0.0030624976493246257,0.05533983781440478,0.39770887774532004,124,14,inf
random_addition,42,6,125,0.0029906426680686216,0.054686768674594606,0.4118403554657394,125,14,inf
random_addition,42,6,126,0.0029883418825208375,0.054665728592243584,0.4122928432284477,126,14,inf
random_addition,42,6,127,0.0030120450766956556,0.05488210160603961,0.4076312156762698,127,14,inf
random_addition,42,6,128,0.002925103906228905,0.05408422973685495,0.4247296435369744,128,14,inf
random_addition,42,6,129,0.00301770594261879,0.05493365036677237,0.4065179121965006,129,14,inf
random_addition,42,6,130,0.0029705135294626982,0.054502417647868596,0.41579908551852984,130,14,inf
random_addition,42,6,131,0.0029749478800623497,0.05454308278840086,0.41492699668616007,131,14,inf
random_addition,42,6,132,0.002934791286720219,0.054173713983076875,0.4228244589667566,132,14,inf
random_addition,42,6,133,0.002906214015863748,0.05390931288621427,0.42844465480230787,133,14,inf
random_addition,42,6,134,0.0028063953578615418,0.052975422205599663,0.44807565486637757,134,14,inf
random_addition,42,6,135,0.002791284443350099,0.052832607765944124,0.45104746764847015,135,14,inf
random_addition,42,6,136,0.0027923003287421465,0.0528422210807054,0.45084767688193894,136,14,inf
random_addition,42,6,137,0.00276425116754397,0.052576146374035154,0.4563640111655187,137,14,inf
random_addition,42,6,138,0.00277436336300415,0.052672225726697275,0.4543752796628143,138,14,inf
random_addition,42,6,139,0.0027360399500804575,0.052307169203470165,0.4619122165102697,139,14,inf
random_addition,42,6,140,0.0027636314053905036,0.052570252095557844,0.45648589770575,140,14,inf
random_addition,42,6,141,0.0027716382320121793,0.05264635060488219,0.45491122201816825,141,14,inf
random_addition,42,6,142,0.0028121166965631456,0.05302939464639537,0.44695045840846415,142,14,inf
random_addition,42,6,143,0.002793703353931978,0.05285549502116103,0.4505717486322237,143,14,inf
random_addition,42,6,144,0.0028062855773647805,0.05297438604990888,0.44809724502779713,144,14,inf
random_addition,42,6,145,0.0028049667081585295,0.05296193640869384,0.4483566226029979,145,14,inf
random_addition,42,6,146,0.002662248926783544,0.05159698563660036,0.4764244491134916,146,14,inf
random_addition,42,6,147,0.0027002274634485464,0.05196371294902383,0.4689553379209983,147,14,inf
random_addition,42,6,148,0.0027109147747704757,0.05206644576664011,0.46685350031423656,148,14,inf
random_addition,42,6,149,0.002754717991731908,0.05248540741703267,0.4582388688196184,149,14,inf
random_addition,42,6,150,0.0026800483819562917,0.05176918370958047,0.47292389007342817,150,14,inf
random_addition,42,7,10,0.00962854819961681,0.0981251659851682,-0.8936142210947935,10,10,inf
random_addition,42,7,11,0.015553079891586863,0.12471198776215085,-2.0587719616654607,11,11,inf
random_addition,42,7,12,0.012906232241003074,0.11360559951429804,-1.538225328018628,12,12,inf
random_addition,42,7,13,0.022278467622836483,0.14925973208751409,-3.3814313684883466,13,13,inf
random_addition,42,7,14,0.022093577061731675,0.14863908322420344,-3.345069563095069,14,14,inf
random_addition,42,7,15,0.012317126926726155,0.11098255235272865,-1.4223679653394146,15,14,inf
random_addition,42,7,16,0.010243088683142141,0.10120814533989911,-1.01447383304422,16,14,inf
random_addition,42,7,17,0.007813557070615363,0.08839432714046395,-0.5366660143885307,17,14,inf
random_addition,42,7,18,0.006483431975494572,0.08051976139740213,-0.2750747813451073,18,14,inf
random_addition,42,7,19,0.006580343843208361,0.08111931855734712,-0.2941341127303927,19,14,inf
random_addition,42,7,20,0.006996191182077216,0.08364323751551715,-0.3759174115581254,20,14,inf
random_addition,42,7,21,0.006264112688266363,0.07914614765272131,-0.23194199407067306,21,14,inf
random_addition,42,7,22,0.006261256088516945,0.079128099234829,-0.23138019619654604,22,14,inf
random_addition,42,7,23,0.00425578271984126,0.06523636041228281,0.16302951253838993,23,14,inf
random_addition,42,7,24,0.004981201735474414,0.07057762914319532,0.020363792247329315,24,14,inf
random_addition,42,7,25,0.004604840454767427,0.067858974754762,0.09438150069527207,25,14,inf
random_addition,42,7,26,0.004511288272603248,0.06716612444233512,0.11278009401254818,26,14,inf
random_addition,42,7,27,0.004493469288630577,0.0670333446027466,0.11628449371607275,27,14,inf
random_addition,42,7,28,0.004648384258197353,0.06817906026191145,0.08581788718822803,28,14,inf
random_addition,42,7,29,0.004674033384792344,0.06836690270000788,0.08077355964559085,29,14,inf
random_addition,42,7,30,0.004395797495629224,0.06630081067098068,0.13549327705420355,30,14,inf
random_addition,42,7,31,0.0040473656362741885,0.06361890942380409,0.20401820005178006,31,14,inf
random_addition,42,7,32,0.0035113792206048953,0.05925689175619065,0.30942884742906496,32,14,inf
random_addition,42,7,33,0.0036362612361039554,0.06030141985147577,0.2848687210626194,33,14,inf
random_addition,42,7,34,0.003456683927267273,0.058793570458573724,0.32018558698562605,34,14,inf
random_addition,42,7,35,0.00355894056895401,0.059656856847758996,0.30007511686229993,35,14,inf
random_addition,42,7,36,0.003438179042751279,0.058635987607878484,0.32382488044428037,36,14,inf
random_addition,42,7,37,0.0029820308620882173,0.054607974345220106,0.4135340104109836,37,14,inf
random_addition,42,7,38,0.0030295872101103643,0.05504168611253078,0.4041812632417213,38,14,inf
random_addition,42,7,39,0.003072097035179751,0.05542650119915338,0.3958209987845267,39,14,inf
random_addition,42,7,40,0.0031082592010518596,0.05575176410708328,0.38870910713260154,40,14,inf
random_addition,42,7,41,0.003016087739516336,0.054918919686355226,0.4068361587632622,41,14,inf
random_addition,42,7,42,0.0031494463981143707,0.056119928707317246,0.38060895948129636,42,14,inf
random_addition,42,7,43,0.0030710827119669014,0.055417350279194165,0.39602048232252407,43,14,inf
random_addition,42,7,44,0.003062502652869886,0.05533988302183052,0.39770789371488624,44,14,inf
random_addition,42,7,45,0.0030632680755127454,0.05534679824084448,0.3975573606156467,45,14,inf
random_addition,42,7,46,0.0030110431386023307,0.05487297275164096,0.40782826347442613,46,14,inf
random_addition,42,7,47,0.00303230229797489,0.05506634451255041,0.40364729603449556,47,14,inf
random_addition,42,7,48,0.003324910509499044,0.05766203698707707,0.3461010222802341,48,14,inf
random_addition,42,7,49,0.003069382378387614,0.055402006988805146,0.39635488121419415,49,14,inf
random_addition,42,7,50,0.0026375259979687974,0.05135684957207556,0.48128662445084736,50,14,inf
random_addition,42,7,51,0.003148852429102874,0.05611463649621972,0.380725773370965,51,14,inf
random_addition,42,7,52,0.00322050374284025,0.0567494823134119,0.3666343502570818,52,14,inf
random_addition,42,7,53,0.003214302560431354,0.05669481952022913,0.3678539159645635,53,14,inf
random_addition,42,7,54,0.0032373972924789893,0.05689813083466793,0.3633119526144173,54,14,inf
random_addition,42,7,55,0.0032326246746116395,0.0568561753428037,0.3642505673336981,55,14,inf
random_addition,42,7,56,0.003189845013071803,0.056478712919752365,0.3726638996228463,56,14,inf
random_addition,42,7,57,0.0030799134019660122,0.055496967502432167,0.3942837801928031,57,14,inf
random_addition,42,7,58,0.0031111741783404288,0.05577790044758254,0.38813582834400673,58,14,inf
random_addition,42,7,59,0.002911621762685058,0.05395944553722785,0.4273811314057775,59,14,inf
random_addition,42,7,60,0.0029813662054888478,0.05460188829599987,0.41366472619103867,60,14,inf
random_addition,42,7,61,0.003880915009740263,0.06229699037465825,0.23675348547386732,61,14,inf
random_addition,42,7,62,0.003854802269732731,0.062087053962422235,0.24188899030854016,62,14,inf
random_addition,42,7,63,0.0038091217601170873,0.06171808292645752,0.2508728226414856,63,14,inf
random_addition,42,7,64,0.003986630809403021,0.06313977200943174,0.21596271437467152,64,14,inf
random_addition,42,7,65,0.004142723605424891,0.06436399308172926,0.18526446867557167,65,14,inf
random_addition,42,7,66,0.003989643069495319,0.06316362140896704,0.21537030330395168,66,14,inf
random_addition,42,7,67,0.004031026581434232,0.06349036605213607,0.20723154706555102,67,14,inf
random_addition,42,7,68,0.0040511106713682875,0.06364833596700142,0.2032816765836868,68,14,inf
random_addition,42,7,69,0.003866023658365963,0.06217735647618,0.23968211751154211,69,14,inf
random_addition,42,7,70,0.0038446114205422746,0.06200493061476865,0.24389319037609025,70,14,inf
random_addition,42,7,71,0.003983034619907655,0.06311128757922511,0.21666996487900492,71,14,inf
random_addition,42,7,72,0.004030622726279177,0.06348718552809832,0.20731097190188374,72,14,inf
random_addition,42,7,73,0.004048932951988557,0.06363122623357621,0.2037099613366442,73,14,inf
random_addition,42,7,74,0.0038776423696448,0.06227071839672962,0.23739710460489472,74,14,inf
random_addition,42,7,75,0.003965212379632397,0.06296993234578227,0.22017500498861764,75,14,inf
random_addition,42,7,76,0.003926932572458347,0.06266524213994826,0.22770336603981234,76,14,inf
random_addition,42,7,77,0.004173735395196906,0.06460445336969353,0.17916548418523837,77,14,inf
random_addition,42,7,78,0.004171188388366844,0.06458473804519799,0.17966639546019292,78,14,inf
random_addition,42,7,79,0.0041458818451655145,0.06438852261983898,0.1846433482779286,79,14,inf
random_addition,42,7,80,0.004040810981325676,0.06356737356007149,0.2053072820159091,80,14,inf
random_addition,42,7,81,0.004063951062801885,0.06374912597676838,0.200756399946026,81,14,inf
random_addition,42,7,82,0.0035161635820468206,0.05929724767682578,0.3084879231404326,82,14,inf
random_addition,42,7,83,0.0034618973273369477,0.05883789023526377,0.31916028511170647,83,14,inf
random_addition,42,7,84,0.0034507152812800817,0.05874278918539774,0.3213594205364074,84,14,inf
random_addition,42,7,85,0.003347735470949335,0.05785961865540885,0.34161211380699896,85,14,inf
random_addition,42,7,86,0.00330414917252995,0.05748172903218857,0.35018408466083073,86,14,inf
random_addition,42,7,87,0.0023993815386583964,0.048983482304327815,0.5281216950633674,87,14,inf
random_addition,42,7,88,0.0023628884568696546,0.04860955108689705,0.535298666836691,88,14,inf
random_addition,42,7,89,0.002568475307329382,0.05068012734129012,0.494866591758527,89,14,inf
random_addition,42,7,90,0.00287462247781124,0.05361550594567993,0.43465765643892706,90,14,inf
random_addition,42,7,91,0.0028893568527602197,0.05375273809547026,0.43175989642735635,91,14,inf
random_addition,42,7,92,0.0030489218897006873,0.05521704347120269,0.400378776774031,92,14,inf
random_addition,42,7,93,0.002710482424136555,0.05206229368877782,0.4669385292606486,93,14,inf
random_addition,42,7,94,0.0027456667965040454,0.05239911064611732,0.4600189369717482,94,14,inf
random_addition,42,7,95,0.0026953455908715475,0.051916717836083856,0.46991543939691405,95,14,inf
random_addition,42,7,96,0.0025408498401898873,0.050406843188101826,0.5002995995552597,96,14,inf
random_addition,42,7,97,0.0025185122302603734,0.05018478086293068,0.5046926622424754,97,14,inf
random_addition,42,7,98,0.0025152172526606807,0.05015194166391448,0.5053406744154025,98,14,inf
random_addition,42,7,99,0.002503345397577147,0.05003344279156839,0.5076754722635195,99,14,inf
random_addition,42,7,100,0.002524648298847738,0.05024587842647134,0.5034859022514824,100,14,inf
random_addition,42,7,101,0.0025209249853778604,0.050208813821657455,0.5042181538007278,101,14,inf
random_addition,42,7,102,0.0025022174687890897,0.050022169772902594,0.5078972982282618,102,14,inf
random_addition,42,7,103,0.002563352258096123,0.05062955913393008,0.4958741246370407,103,14,inf
random_addition,42,7,104,0.002604567767098772,0.051034966122245756,0.4877684089716009,104,14,inf
random_addition,42,7,105,0.0025925818447144855,0.050917402179554344,0.49012564005247417,105,14,inf
random_addition,42,7,106,0.002671879570257405,0.05169022702849548,0.47453042282185154,106,14,inf
random_addition,42,7,107,0.002674540431518064,0.05171595915689918,0.47400712017859903,107,14,inf
random_addition,42,7,108,0.0027783677918302467,0.052710224737049324,0.4535877421010497,108,14,inf
random_addition,42,7,109,0.0027547513994064096,0.052485725672857086,0.45823229864452875,109,14,inf
random_addition,42,7,110,0.002679328805796621,0.05176223339266401,0.47306540669887,110,14,inf
random_addition,42,7,111,0.002811138638195234,0.053020171993263414,0.44714280986126276,111,14,inf
random_addition,42,7,112,0.0029003509886420305,0.05385490682047487,0.42959771666537794,112,14,inf
random_addition,42,7,113,0.003137195404860306,0.05601067224074628,0.3830183211594522,113,14,inf
random_addition,42,7,114,0.0030187313168007356,0.05494298241632625,0.4063162553015439,114,14,inf
random_addition,42,7,115,0.0030237802896886266,0.054988910606490714,0.40532329076896645,115,14,inf
random_addition,42,7,116,0.002705146051368146,0.05201101855730328,0.4679880157620222,116,14,inf
random_addition,42,7,117,0.002779812181177864,0.05272392418227103,0.4533036789014123,117,14,inf
random_addition,42,7,118,0.0028117874821112004,0.05302629048039473,0.4470152039085197,118,14,inf
random_addition,42,7,119,0.002809696135279251,0.05300656690712247,0.4474265020627294,119,14,inf
random_addition,42,7,120,0.0028626158681985606,0.05350341921969624,0.4370189560074963,120,14,inf
random_addition,42,7,121,0.002965486383938797,0.05445627956387396,0.41678775733677464,121,14,inf
random_addition,42,7,122,0.0029607891942461597,0.054413134390936896,0.4177115378503844,122,14,inf
random_addition,42,7,123,0.0028371493799529204,0.05326489819715157,0.442027364679658,123,14,inf
random_addition,42,7,124,0.002901090622032319,0.05386177329082583,0.4294522554517858,124,14,inf
random_addition,42,7,125,0.0028747229629856033,0.05361644302810103,0.4346378943573299,125,14,inf
random_addition,42,7,126,0.0027355567009936113,0.05230254966054343,0.46200725548439237,126,14,inf
random_addition,42,7,127,0.002589754443547218,0.05088963001975175,0.4906816955395611,127,14,inf
random_addition,42,7,128,0.002638845648658551,0.051369695820187126,0.481027093183912,128,14,inf
random_addition,42,7,129,0.002501343168513433,0.050013429881517156,0.5080692439256991,129,14,inf
random_addition,42,7,130,0.0024339781145285818,0.049335363731592995,0.5213177027365101,130,14,inf
random_addition,42,7,131,0.002450299482776315,0.04950049982349991,0.5181078340854021,131,14,inf
random_addition,42,7,132,0.002495712846952978,0.04995711007407232,0.5091765403482935,132,14,inf
random_addition,42,7,133,0.002696813369346153,0.051930851806475824,0.4696267763362627,133,14,inf
random_addition,42,7,134,0.0027322669482744894,0.052271090942073224,0.462654240097614,134,14,inf
random_addition,42,7,135,0.0027071423558102797,0.05203020618650554,0.46759540927526133,135,14,inf
random_addition,42,7,136,0.002588768514138677,0.050879942159348775,0.49087559496347244,136,14,inf
random_addition,42,7,137,0.0026234849272036395,0.05121996609920432,0.4840480346581888,137,14,inf
random_addition,42,7,138,0.002230822504969642,0.04723158376520569,0.5612716338360397,138,14,inf
random_addition,42,7,139,0.0022316947153967768,0.04724081620163623,0.5611000991420891,139,14,inf
random_addition,42,7,140,0.0022281659626601173,0.04720345286798538,0.561794087085685,140,14,inf
random_addition,42,7,141,0.0023845867295559406,0.04883223043806151,0.5310313404568346,141,14,inf
random_addition,42,7,142,0.002398066633877969,0.04897005854476763,0.5283802929682625,142,14,inf
random_addition,42,7,143,0.0023903513188901484,0.04889121924119042,0.5298976380423355,143,14,inf
random_addition,42,7,144,0.002341668297677473,0.04839078732235582,0.539471964242193,144,14,inf
random_addition,42,7,145,0.0023106226633522716,0.04806893657396918,0.5455776048270788,145,14,inf
random_addition,42,7,146,0.0022516413208828476,0.04745146278970594,0.5571772672646422,146,14,inf
random_addition,42,7,147,0.0023000308500672694,0.047958636866233695,0.5476606611558055,147,14,inf
random_addition,42,7,148,0.0023162189997992864,0.04812711293854314,0.5444769921425496,148,14,inf
random_addition,42,7,149,0.0024614599672327267,0.0496131027777212,0.5159129391082122,149,14,inf
random_addition,42,7,150,0.0026800483819562917,0.05176918370958047,0.47292389007342817,150,14,inf
random_addition,42,8,10,0.00962854819961681,0.0981251659851682,-0.8936142210947935,10,10,inf
random_addition,42,8,11,0.012460497613406873,0.11162659904076122,-1.4505641965425298,11,11,inf
random_addition,42,8,12,0.006488879291938809,0.0805535802552488,-0.27614608676641916,12,12,inf
random_addition,42,8,13,0.012102592940112573,0.11001178546007047,-1.380176287057552,13,13,inf
random_addition,42,8,14,0.04502489153710325,0.21219069616056035,-7.854894128411013,14,14,inf
random_addition,42,8,15,0.03493316499234475,0.18690415991182419,-5.870188178523882,15,14,inf
random_addition,42,8,16,0.0306832475710065,0.17516634257472666,-5.034371199610601,16,14,inf
random_addition,42,8,17,0.022001781909745794,0.148329976436814,-3.3270165189990815,17,14,inf
random_addition,42,8,18,0.024556061724955495,0.15670373870765017,-3.829358147504297,18,14,inf
random_addition,42,8,19,0.013156566503734753,0.11470207715527542,-1.5874577263104963,19,14,inf
random_addition,42,8,20,0.012634199282001376,0.11240195408444364,-1.4847255200421134,20,14,inf
random_addition,42,8,21,0.013544909547364087,0.11638259984793296,-1.6638318478119092,21,14,inf
random_addition,42,8,22,0.012430950729524699,0.1114941735227662,-1.4447533101712544,22,14,inf
random_addition,42,8,23,0.0120739203065898,0.10988139199423076,-1.3745373365668518,23,14,inf
random_addition,42,8,24,0.012860257028917587,0.11340307327809766,-1.5291835375411815,24,14,inf
random_addition,42,8,25,0.013080775076006346,0.11437121611667136,-1.5725520808893827,25,14,inf
random_addition,42,8,26,0.012801555641823661,0.11314395981148821,-1.5176389329866264,26,14,inf
random_addition,42,8,27,0.01378014676352785,0.11738886984517677,-1.7100951606835402,27,14,inf
random_addition,42,8,28,0.010733896069000267,0.10360451760903222,-1.1109992724366609,28,14,inf
random_addition,42,8,29,0.009904353893432704,0.09952062044336693,-0.9478560001502774,29,14,inf
random_addition,42,8,30,0.010196149553210623,0.10097598503213832,-1.005242472082899,30,14,inf
random_addition,42,8,31,0.009955275259385369,0.09977612569841228,-0.9578705340889844,31,14,inf
random_addition,42,8,32,0.009144356427408682,0.09562612837195011,-0.7983898522094728,32,14,inf
random_addition,42,8,33,0.009042028902382055,0.09508958356403742,-0.7782654416978687,33,14,inf
random_addition,42,8,34,0.009086196376907498,0.09532154204012594,-0.7869517105036425,34,14,inf
random_addition,42,8,35,0.0099143829710474,0.09957099462718749,-0.9498283851455986,35,14,inf
random_addition,42,8,36,0.0098939796926364,0.09946848592713373,-0.9458157409384935,36,14,inf
random_addition,42,8,37,0.009940797855155215,0.09970354986235552,-0.9550233116452262,37,14,inf
random_addition,42,8,38,0.008979376271851563,0.09475957087203152,-0.7659437593733975,38,14,inf
random_addition,42,8,39,0.008434997948522057,0.09184224490136365,-0.6588827037146103,39,14,inf
random_addition,42,8,40,0.008459014542580712,0.09197290113169591,-0.6636059665688729,40,14,inf
random_addition,42,8,41,0.008402177203529685,0.0916633907485954,-0.6524279580794421,41,14,inf
random_addition,42,8,42,0.007117823524420336,0.08436719459849507,-0.39983843562436716,42,14,inf
random_addition,42,8,43,0.0070415924295974,0.08391419682984161,-0.384846322353118,43,14,inf
random_addition,42,8,44,0.007173535305128024,0.08469672546874539,-0.4107950843364536,44,14,inf
random_addition,42,8,45,0.007020043272766859,0.0837856984978156,-0.3806083220875598,45,14,inf
random_addition,42,8,46,0.006301894544426731,0.07938447294292966,-0.23937242476919485,46,14,inf
random_addition,42,8,47,0.006318826855131387,0.07949104889942885,-0.2427024454204505,47,14,inf
random_addition,42,8,48,0.006576340846406577,0.08109464129279183,-0.2933468568000379,48,14,inf
random_addition,42,8,49,0.0064600242269463055,0.0803742759030917,-0.27047125809156314,49,14,inf
random_addition,42,8,50,0.0067029479499762,0.08187153320890113,-0.3182462504407739,50,14,inf
random_addition,42,8,51,0.006806457316629574,0.08250125645485391,-0.3386030897739505,51,14,inf
random_addition,42,8,52,0.006793402443063866,0.08242209923960846,-0.33603563165605843,52,14,inf
random_addition,42,8,53,0.0067518346991136,0.0821695484903842,-0.32786064312703167,53,14,inf
random_addition,42,8,54,0.006556544424335374,0.08097249177551209,-0.28945356099015496,54,14,inf
random_addition,42,8,55,0.006556633377340315,0.08097304105281161,-0.2894710550787416,55,14,inf
random_addition,42,8,56,0.006671319028361572,0.08167814290470599,-0.3120258967046068,56,14,inf
random_addition,42,8,57,0.006784395310040025,0.08236744083702022,-0.3342642290695381,57,14,inf
random_addition,42,8,58,0.006771825371868316,0.08229110141362987,-0.33179214156613046,58,14,inf
random_addition,42,8,59,0.006659538297364402,0.08160599424897905,-0.3097090199243646,59,14,inf
random_addition,42,8,60,0.006472504552673451,0.08045187724766559,-0.27292572181660923,60,14,inf
random_addition,42,8,61,0.006472323967178534,0.08045075491987962,-0.27289020667411745,61,14,inf
random_addition,42,8,62,0.006702788765057656,0.08187056104032545,-0.3182149440777282,62,14,inf
random_addition,42,8,63,0.007142757285223264,0.08451483470505793,-0.40474207458041245,63,14,inf
random_addition,42,8,64,0.0076647007543496,0.08754827670690954,-0.507390942847439,64,14,inf
random_addition,42,8,65,0.007661446225884843,0.08752968768300755,-0.5067508856699645,65,14,inf
random_addition,42,8,66,0.007823636103588355,0.08845132053049494,-0.5386482239363108,66,14,inf
random_addition,42,8,67,0.007886899103311877,0.0888082152917841,-0.5510899455190459,67,14,inf
random_addition,42,8,68,0.007904987199766537,0.08890999493738899,-0.5546472706701462,68,14,inf
random_addition,42,8,69,0.007078870824130031,0.08413602572103124,-0.3921777389450172,69,14,inf
random_addition,42,8,70,0.006876131908271727,0.0829224451416607,-0.35230575759544003,70,14,inf
random_addition,42,8,71,0.0072176285865499495,0.08495662767877471,-0.4194667618338581,71,14,inf
random_addition,42,8,72,0.007154505184254081,0.08458430814432474,-0.40705249440815194,72,14,inf
random_addition,42,8,73,0.007145169964161953,0.0845291072007859,-0.4052165680403319,73,14,inf
random_addition,42,8,74,0.0072613968233277175,0.08521383000034512,-0.42807451389329354,74,14,inf
random_addition,42,8,75,0.005697016273177939,0.07547858155250362,-0.12041304764175531,75,14,inf
random_addition,42,8,76,0.00569460758614153,0.07546262376926428,-0.11993933925584388,76,14,inf
random_addition,42,8,77,0.005843963996220248,0.07644582392923925,-0.14931276256674164,77,14,inf
random_addition,42,8,78,0.00591538382769312,0.07691153247526096,-0.163358660841479,78,14,inf
random_addition,42,8,79,0.005195004849806923,0.07207638205270103,-0.021684147838851864,79,14,inf
random_addition,42,8,80,0.005022141109842023,0.0708670664684381,0.012312383052710207,80,14,inf
random_addition,42,8,81,0.005022367481420871,0.07086866360685004,0.012267863314939786,81,14,inf
random_addition,42,8,82,0.004998174134071604,0.07069776611797295,0.0170258876449505,82,14,inf
random_addition,42,8,83,0.004910451727681084,0.07007461543013337,0.03427795854971627,83,14,inf
random_addition,42,8,84,0.004886411088345787,0.06990286895647264,0.0390059503077409,84,14,inf
random_addition,42,8,85,0.004616051184748523,0.06794152768924558,0.09217672409957478,85,14,inf
random_addition,42,8,86,0.004665527927384895,0.06830466987977392,0.08244629937433867,86,14,inf
random_addition,42,8,87,0.00471168295839025,0.06864169985067568,0.07336914451413967,87,14,inf
random_addition,42,8,88,0.00489033496924918,0.06993092998987772,0.03823425383528167,88,14,inf
random_addition,42,8,89,0.004963897772992435,0.07045493434098449,0.023766904404826872,89,14,inf
random_addition,42,8,90,0.00499479437996179,0.07067385924061166,0.01769057252926176,90,14,inf
random_addition,42,8,91,0.004794083097643343,0.06923931757060682,0.05716378600369898,91,14,inf
random_addition,42,8,92,0.004822000306181585,0.0694406243216576,0.05167340240636831,92,14,inf
random_addition,42,8,93,0.004850674202888901,0.0696467817123584,0.04603420348940823,93,14,inf
random_addition,42,8,94,0.00476660455947936,0.06904060080473924,0.06256789777252048,94,14,inf
random_addition,42,8,95,0.004774175466410136,0.06909540843218263,0.06107895294579446,95,14,inf
random_addition,42,8,96,0.004843059028678496,0.06959209027381269,0.04753185421327455,96,14,inf
random_addition,42,8,97,0.00481367628679902,0.06938066219631389,0.05331045932842038,97,14,inf
random_addition,42,8,98,0.004909909776254389,0.0700707483637387,0.03438454231576871,98,14,inf
random_addition,42,8,99,0.0048498992452229136,0.06964121800502138,0.04618661180960737,99,14,inf
random_addition,42,8,100,0.004665460724241054,0.06830417794133134,0.08245951599082546,100,14,inf
random_addition,42,8,101,0.004709559428129218,0.06862622988427397,0.0737867720752059,101,14,inf
random_addition,42,8,102,0.0047414567022523646,0.06885823627027027,0.06751364235289192,102,14,inf
random_addition,42,8,103,0.004626326901706406,0.06801710741943093,0.09015583337337318,103,14,inf
random_addition,42,8,104,0.004616916038040287,0.0679478920794478,0.09200663630871675,104,14,inf
random_addition,42,8,105,0.00433938761464799,0.0658740283772595,0.1465872188013697,105,14,inf
random_addition,42,8,106,0.004297398554915859,0.06555454640919925,0.15484506608953363,106,14,inf
random_addition,42,8,107,0.004595148810285815,0.06778752695213047,0.09628752385013406,107,14,inf
random_addition,42,8,108,0.004525314254757417,0.06727045603203101,0.11002165123162977,108,14,inf
random_addition,42,8,109,0.00457280298992002,0.06762250357625056,0.10068220125626515,109,14,inf
random_addition,42,8,110,0.004499573106934021,0.06707885737647908,0.11508407628005257,110,14,inf
random_addition,42,8,111,0.004676426796839306,0.0683844046317529,0.08030285534052772,111,14,inf
random_addition,42,8,112,0.004656947535269397,0.06824183127136461,0.0841337762603267,112,14,inf
random_addition,42,8,113,0.00461569226789754,0.06793888627213093,0.09224731107064477,113,14,inf
random_addition,42,8,114,0.0038921478818691965,0.0623870810494384,0.23454435425635578,114,14,inf
random_addition,42,8,115,0.003945221764637466,0.06281100034737121,0.2241064920682937,115,14,inf
random_addition,42,8,116,0.004248623155170746,0.06518146327883984,0.16443756006496024,116,14,inf
random_addition,42,8,117,0.004149831016422094,0.06441918205334568,0.18386667803668755,117,14,inf
random_addition,42,8,118,0.004139682255320657,0.06434036256752566,0.1858626007811921,118,14,inf
random_addition,42,8,119,0.0041380814489146295,0.0643279212233275,0.18617742599812304,119,14,inf
random_addition,42,8,120,0.0033590357110826557,0.05795718860575154,0.339389733550431,120,14,inf
random_addition,42,8,121,0.003283675957903741,0.05730336777104589,0.3542104829883853,121,14,inf
random_addition,42,8,122,0.0030642155864640005,0.0553553573420315,0.39737101682063813,122,14,inf
random_addition,42,8,123,0.0027919065239172145,0.052838494716609924,0.4509251251536168,123,14,inf
random_addition,42,8,124,0.0027908506641034446,0.0528285023836891,0.4511327775553482,124,14,inf
random_addition,42,8,125,0.0027879313228860447,0.05280086479297517,0.4517069145831627,125,14,inf
random_addition,42,8,126,0.0027897883538615005,0.05281844709816354,0.4513416985411143,126,14,inf
random_addition,42,8,127,0.00279131094358336,0.05283285855964411,0.4510422559366394,127,14,inf
random_addition,42,8,128,0.002818456393530437,0.05308913630424248,0.4457036515082118,128,14,inf
random_addition,42,8,129,0.002845226818502358,0.05334066758583322,0.44043880198150975,129,14,inf
random_addition,42,8,130,0.0025885315567197344,0.050877613512425424,0.49092219658284453,130,14,inf
random_addition,42,8,131,0.0026083817150647543,0.05107231848139219,0.4870183326405516,131,14,inf
random_addition,42,8,132,0.0026024733586261246,0.05101444264741235,0.48818030924839906,132,14,inf
random_addition,42,8,133,0.0027378858556039516,0.05232481108999775,0.46154918847347537,133,14,inf
random_addition,42,8,134,0.0026983429043286153,0.051945576369202176,0.4693259678307221,134,14,inf
random_addition,42,8,135,0.0027114726497389557,0.05207180282781609,0.4667437849187267,135,14,inf
random_addition,42,8,136,0.0027303617554497927,0.05225286361004335,0.46302892796872175,136,14,inf
random_addition,42,8,137,0.0026588448020089398,0.05156398745257139,0.4770939268945581,137,14,inf
random_addition,42,8,138,0.002671279237031844,0.051684419673938914,0.4746484883401155,138,14,inf
random_addition,42,8,139,0.002477162269698313,0.049771098739110765,0.512824820044328,139,14,inf
random_addition,42,8,140,0.002497011420909404,0.04997010527214651,0.5089211541716807,140,14,inf
random_addition,42,8,141,0.0025050369118152253,0.05005034377319725,0.5073428078420508,141,14,inf
random_addition,42,8,142,0.00249318987532229,0.049931852312149305,0.5096727247013488,142,14,inf
random_addition,42,8,143,0.002424344317159974,0.04923763110832988,0.5232123492940324,143,14,inf
random_addition,42,8,144,0.0024043285509842416,0.04903395304260347,0.527148782771925,144,14,inf
random_addition,42,8,145,0.0025170160335886,0.05016987177169781,0.5049869142144745,145,14,inf
random_addition,42,8,146,0.0025578510572434165,0.0505752019990372,0.49695602732390665,146,14,inf
random_addition,42,8,147,0.0025213071721834858,0.05021261965067632,0.5041429904058687,147,14,inf
random_addition,42,8,148,0.00246551538595144,0.04965395639776794,0.5151153735356003,148,14,inf
random_addition,42,8,149,0.0024925904478231556,0.04992584949525802,0.5097906120934399,149,14,inf
random_addition,42,8,150,0.0026800483819562917,0.05176918370958047,0.47292389007342817,150,14,inf
random_addition,42,9,10,0.00962854819961681,0.0981251659851682,-0.8936142210947935,10,10,inf
random_addition,42,9,11,0.010187182579308611,0.10093157374830045,-1.0034789674559281,11,11,inf
random_addition,42,9,12,0.006857242465251825,0.08280846855999588,-0.34859083430799487,12,12,inf
random_addition,42,9,13,0.007424825586392221,0.08616742764172679,-0.4602154995807508,13,13,inf
random_addition,42,9,14,0.00670743839305806,0.08189895233187089,-0.31912937079314063,14,14,inf
random_addition,42,9,15,0.006692318363858964,0.08180659120058092,-0.31615576545605406,15,14,inf
random_addition,42,9,16,0.005452362948825535,0.07384011747570243,-0.07229790041215889,16,14,inf
random_addition,42,9,17,0.0054682997492766635,0.07394795297556697,-0.07543213740691224,17,14,inf
random_addition,42,9,18,0.011201126527703865,0.1058353746518803,-1.2028879167875286,18,14,inf
random_addition,42,9,19,0.011531706487161848,0.10738578344996068,-1.2679019666173348,19,14,inf
random_addition,42,9,20,0.011693183626495546,0.10813502497570131,-1.2996591330233942,20,14,inf
random_addition,42,9,21,0.014735638735456557,0.1213904392258985,-1.8980085562106157,21,14,inf
random_addition,42,9,22,0.014790239527030258,0.12161512869306293,-1.9087467104228062,22,14,inf
random_addition,42,9,23,0.012797640055575935,0.11312665492966693,-1.516868867796226,23,14,inf
random_addition,42,9,24,0.0121266799757587,0.1101212058404679,-1.384913403422129,24,14,inf
random_addition,42,9,25,0.01395091490818352,0.11811399116185821,-1.7436795578871411,25,14,inf
random_addition,42,9,26,0.015072314795976033,0.12276935609498012,-1.9642215057523984,26,14,inf
random_addition,42,9,27,0.01774078143858667,0.1331945248070906,-2.489019873918191,27,14,inf
random_addition,42,9,28,0.019333700612262028,0.13904567815024682,-2.802293935364575,28,14,inf
random_addition,42,9,29,0.018548726694069876,0.1361937101854189,-2.6479157525003796,29,14,inf
random_addition,42,9,30,0.016775095194494813,0.12951870596363604,-2.299101605139027,30,14,inf
random_addition,42,9,31,0.016655281681609013,0.1290553434833638,-2.275538284150625,31,14,inf
random_addition,42,9,32,0.01815851562529714,0.13475353659662198,-2.5711742527708505,32,14,inf
random_addition,42,9,33,0.01772987006548559,0.1331535582156391,-2.486873970834204,33,14,inf
random_addition,42,9,34,0.016006855212979634,0.1265182011134352,-2.148014429372629,34,14,inf
random_addition,42,9,35,0.008264789439548507,0.09091088735431256,-0.6254083681801541,35,14,inf
random_addition,42,9,36,0.0069916277835932366,0.08361595412116779,-0.37501994331196453,36,14,inf
random_addition,42,9,37,0.006103443306630409,0.07812453716106361,-0.20034368665684532,37,14,inf
random_addition,42,9,38,0.005924430427267818,0.07697032173031251,-0.1651378251819431,38,14,inf
random_addition,42,9,39,0.0061291877001673975,0.07828912887602849,-0.20540675002885433,39,14,inf
random_addition,42,9,40,0.007147441082562586,0.08454254007635793,-0.40566322126489585,40,14,inf
random_addition,42,9,41,0.007242146480146122,0.08510080187722159,-0.42428861358372516,41,14,inf
random_addition,42,9,42,0.007108969847131464,0.0843147071816742,-0.39809721266160936,42,14,inf
random_addition,42,9,43,0.006882396609659169,0.08296021100298123,-0.3535378153669997,43,14,inf
random_addition,42,9,44,0.006720992783009849,0.08198166126036877,-0.3217950671202354,44,14,inf
random_addition,42,9,45,0.006006768866980032,0.07750334745661011,-0.18133104945099854,45,14,inf
random_addition,42,9,46,0.005843165542577548,0.07644060140120268,-0.14915573337175214,46,14,inf
random_addition,42,9,47,0.005912063182976402,0.07688994201439095,-0.16270560080289176,47,14,inf
random_addition,42,9,48,0.005529367802623508,0.0743597189520207,-0.08744218626108569,48,14,inf
random_addition,42,9,49,0.005680817257961426,0.0753711964742595,-0.1172272417501734,49,14,inf
random_addition,42,9,50,0.006765044711739487,0.08224989186460666,-0.33045861192259895,50,14,inf
random_addition,42,9,51,0.005708656413537529,0.07555565110259807,-0.12270227493370944,51,14,inf
random_addition,42,9,52,0.005715237256907662,0.0755991882027027,-0.12399650728672174,52,14,inf
random_addition,42,9,53,0.005732201875920193,0.07571130613006352,-0.12733288190432623,53,14,inf
random_addition,42,9,54,0.006399653648034323,0.0799978352709267,-0.2585983791908786,54,14,inf
random_addition,42,9,55,0.0060261207912320775,0.07762809279656481,-0.18513692736836518,55,14,inf
random_addition,42,9,56,0.006130068845659911,0.07829475618239008,-0.20558004195208968,56,14,inf
random_addition,42,9,57,0.005356240682791736,0.07318634218754026,-0.05339385733610058,57,14,inf
random_addition,42,9,58,0.0049362569179846475,0.07025850068130295,0.029202938481911134,58,14,inf
random_addition,42,9,59,0.004670588345902397,0.06834170283145129,0.08145108386824451,59,14,inf
random_addition,42,9,60,0.0054590782777535155,0.07388557557300014,-0.07361858158794177,60,14,inf
random_addition,42,9,61,0.0051794253859234,0.07196822483515485,-0.018620187026146207,61,14,inf
random_addition,42,9,62,0.00538730119594953,0.07339823700845634,-0.059502424090997375,62,14,inf
random_addition,42,9,63,0.00539408195173973,0.07344441402679805,-0.06083597254792927,63,14,inf
random_addition,42,9,64,0.005325721275522107,0.07297753952773488,-0.04739170805803461,64,14,inf
random_addition,42,9,65,0.0053243128983734315,0.07296788950198184,-0.047114727256556854,65,14,inf
random_addition,42,9,66,0.005522481656940891,0.07431340159716072,-0.0860879111281374,66,14,inf
random_addition,42,9,67,0.00554476225203089,0.0744631603682713,-0.09046976089844394,67,14,inf
random_addition,42,9,68,0.005469042736936263,0.07395297652519649,-0.07557825829337905,68,14,inf
random_addition,42,9,69,0.005364212386707998,0.07324078362980559,-0.05496162555922601,69,14,inf
random_addition,42,9,70,0.004520145057282329,0.06723202404570555,0.11103825992979932,70,14,inf
random_addition,42,9,71,0.0045109296542819215,0.06716345475243156,0.11285062227279363,71,14,inf
random_addition,42,9,72,0.004517175513381557,0.06720993612094536,0.11162227015066428,72,14,inf
random_addition,42,9,73,0.004219778525137524,0.0649598223915177,0.17011033653143737,73,14,inf
random_addition,42,9,74,0.004281259698335992,0.06543133575234417,0.15801904078418816,74,14,inf
random_addition,42,9,75,0.004366212647868996,0.06607732324987897,0.14131162965381172,75,14,inf
random_addition,42,9,76,0.004085859537613546,0.06392072854413931,0.19644773382048175,76,14,inf
random_addition,42,9,77,0.004323439624248919,0.06575286780246865,0.14972365648558517,77,14,inf
random_addition,42,9,78,0.00432731151416446,0.06578230395907747,0.14896218490600965,78,14,inf
random_addition,42,9,79,0.004143465572747452,0.06436975666217368,0.1851185484553619,79,14,inf
random_addition,42,9,80,0.004199508220466589,0.06480361271153476,0.17409682923989522,80,14,inf
random_addition,42,9,81,0.0040627623919063435,0.06373980225813651,0.2009901718569448,81,14,inf
random_addition,42,9,82,0.004136620990373429,0.06431656855253885,0.18646464947206765,82,14,inf
random_addition,42,9,83,0.004132065602740237,0.06428114500178289,0.18736054225112175,83,14,inf
random_addition,42,9,84,0.0041331365524049,0.06428947466269187,0.1871499221791192,84,14,inf
random_addition,42,9,85,0.0041332956415104875,0.06429071193812126,0.18711863465928602,85,14,inf
random_addition,42,9,86,0.004211124585887269,0.0648931782692701,0.17181227768528906,86,14,inf
random_addition,42,9,87,0.004193782016233923,0.06475941642907171,0.17522298258545366,87,14,inf
random_addition,42,9,88,0.003961062678126261,0.06293697385580484,0.2209911128402281,88,14,inf
random_addition,42,9,89,0.0038941892279129504,0.062403439231447415,0.23414288958915064,89,14,inf
random_addition,42,9,90,0.003836180680502806,0.06193690887106658,0.24555123569113846,90,14,inf
random_addition,42,9,91,0.0037070098067455435,0.06088521829430805,0.27095483740003645,91,14,inf
random_addition,42,9,92,0.003223260231490566,0.056773763583988036,0.36609224089642733,92,14,inf
random_addition,42,9,93,0.003220453147322289,0.05674903653210589,0.3666443007075908,93,14,inf
random_addition,42,9,94,0.0032447024112685916,0.056962289378751196,0.361875279448329,94,14,inf
random_addition,42,9,95,0.0032400413356193703,0.056921360978277484,0.36279195753436844,95,14,inf
random_addition,42,9,96,0.0032154718659471782,0.05670513086085931,0.3676239525778031,96,14,inf
random_addition,42,9,97,0.003245967706387814,0.05697339472409744,0.36162643810880735,97,14,inf
random_addition,42,9,98,0.0032973814254415716,0.057422830176172716,0.3515150747400866,98,14,inf
random_addition,42,9,99,0.0032857704447236897,0.05732164028291313,0.3537985673032866,99,14,inf
random_addition,42,9,100,0.003263492021831093,0.0571269815571512,0.358179989874829,100,14,inf
random_addition,42,9,101,0.0032636244139897233,0.05712814029871551,0.3581539527538481,101,14,inf
random_addition,42,9,102,0.0037252929490409308,0.061035177963539446,0.26735915323882276,102,14,inf
random_addition,42,9,103,0.0037374604883790566,0.061134773152266265,0.2649662041618973,103,14,inf
random_addition,42,9,104,0.0035608954608163193,0.059673239067578016,0.2996906548484608,104,14,inf
random_addition,42,9,105,0.0035623925490643063,0.059685781799891896,0.29939622753316364,105,14,inf
random_addition,42,9,106,0.0035820335127139122,0.05985009200255178,0.29553350520869326,106,14,inf
random_addition,42,9,107,0.003416325572376492,0.05844934193279247,0.3281227290320474,107,14,inf
random_addition,42,9,108,0.0034656367161347073,0.05886965870577735,0.31842487208174186,108,14,inf
random_addition,42,9,109,0.003406624163006301,0.058366293038073794,0.33003067261473484,109,14,inf
random_addition,42,9,110,0.0034744916939503136,0.058944819059441635,0.3166833933487613,110,14,inf
random_addition,42,9,111,0.0034699399270572717,0.05890619599886986,0.31757857404901635,111,14,inf
random_addition,42,9,112,0.0033566570703478446,0.0579366643011819,0.33985753283116715,112,14,inf
random_addition,42,9,113,0.003400359772548501,0.058312603890998564,0.3312626692368065,113,14,inf
random_addition,42,9,114,0.0033470900015123927,0.05785404049426792,0.34173905611229116,114,14,inf
random_addition,42,9,115,0.0033553036423721594,0.05792498288624831,0.3401237069634301,115,14,inf
random_addition,42,9,116,0.003358526424317023,0.057952794792978046,0.33948989326735024,116,14,inf
random_addition,42,9,117,0.0031939148134586272,0.05651473094210595,0.37186350565589144,117,14,inf
random_addition,42,9,118,0.0033617938862840735,0.05798097865924715,0.3388472925014384,118,14,inf
random_addition,42,9,119,0.0026674207886388784,0.05164707918787739,0.47540731642061174,119,14,inf
random_addition,42,9,120,0.0026262989319969688,0.05124742854033721,0.4834946137909506,120,14,inf
random_addition,42,9,121,0.002606413913282547,0.051053049990010854,0.48740533360495786,121,14,inf
random_addition,42,9,122,0.00250710582431619,0.05007100782205397,0.5069359217723333,122,14,inf
random_addition,42,9,123,0.0025021414844597534,0.05002141026060494,0.507912241810994,123,14,inf
random_addition,42,9,124,0.0025228061744330577,0.050227543981694524,0.5038481866703113,124,14,inf
random_addition,42,9,125,0.002637716120415305,0.05135870053277541,0.4812492337081318,125,14,inf
random_addition,42,9,126,0.002622459044272887,0.05120995063728227,0.48424979160706383,126,14,inf
random_addition,42,9,127,0.002602530212720636,0.05101499987964948,0.4881691279446695,127,14,inf
random_addition,42,9,128,0.002596437430422794,0.05095524929212685,0.4893673749665505,128,14,inf
random_addition,42,9,129,0.002586534731677641,0.050857985918414436,0.49131490545425016,129,14,inf
random_addition,42,9,130,0.002565285906037715,0.05064865157176166,0.4954938405937065,130,14,inf
random_addition,42,9,131,0.002436049311878398,0.0493563502690221,0.5209103673132464,131,14,inf
random_addition,42,9,132,0.0024708921721127474,0.04970806948688258,0.5140579390680403,132,14,inf
random_addition,42,9,133,0.0025219167830563267,0.050218689579242574,0.5040231002838884,133,14,inf
random_addition,42,9,134,0.0025626952966331428,0.05062307079418576,0.4960033270404789,134,14,inf
random_addition,42,9,135,0.0025216143307543225,0.05021567813695562,0.5040825825618398,135,14,inf
random_addition,42,9,136,0.0025208765823246386,0.05020833180184977,0.5042276730665636,136,14,inf
random_addition,42,9,137,0.0025149733015301405,0.05014950948444202,0.5053886514645346,137,14,inf
random_addition,42,9,138,0.0025457274039387195,0.05045520195122322,0.49934034548210116,138,14,inf
random_addition,42,9,139,0.002682340912395562,0.051791320821114054,0.47247302581517303,139,14,inf
random_addition,42,9,140,0.0026983915716392685,0.05194604481227871,0.46931639659426516,140,14,inf
random_addition,42,9,141,0.0027284308967416267,0.05223438423817808,0.46340866346289045,141,14,inf
random_addition,42,9,142,0.0028040229843105074,0.05295302620540688,0.4485422216011389,142,14,inf
random_addition,42,9,143,0.0027665513725400963,0.05259801681185419,0.4559116375779543,143,14,inf
random_addition,42,9,144,0.002778616368755053,0.05271258264167156,0.4535388553125027,144,14,inf
random_addition,42,9,145,0.002788380663125425,0.052805119667750255,0.4516185443481324,145,14,inf
random_addition,42,9,146,0.0027040566574082405,0.05200054477991784,0.4682022632115945,146,14,inf
random_addition,42,9,147,0.002688030466000249,0.05184621939929901,0.47135408042546767,147,14,inf
random_addition,42,9,148,0.002678618968474278,0.05175537622773385,0.4732050080198984,148,14,inf
random_addition,42,9,149,0.002679809108886373,0.05176687269756956,0.4729709471040967,149,14,inf
random_addition,42,9,150,0.0026800483819562917,0.05176918370958047,0.47292389007342817,150,14,inf
random_addition,42,10,10,0.00962854819961681,0.0981251659851682,-0.8936142210947935,10,10,inf
random_addition,42,10,11,0.00527869753842518,0.07265464567682633,-0.038143707689785256,11,11,inf
random_addition,42,10,12,0.00500287574811387,0.0707310098055575,0.01610123700936572,12,12,inf
random_addition,42,10,13,0.004554882423351018,0.06748986904233122,0.10420657886767792,13,13,inf
random_addition,42,10,14,0.004327708366843935,0.06578532029901454,0.14888413722301996,14,14,inf
random_addition,42,10,15,0.004116412873502033,0.06415927737671329,0.19043891191495022,15,14,inf
random_addition,42,10,16,0.007579453632194552,0.0870600576165359,-0.4906256777759479,16,14,inf
random_addition,42,10,17,0.0071066382078462595,0.08430087904551328,-0.3976386569980357,17,14,inf
random_addition,42,10,18,0.004090458762165815,0.06395669442807231,0.19554321978185119,18,14,inf
random_addition,42,10,19,0.003987565357980089,0.06314717220889697,0.21577891984623876,19,14,inf
random_addition,42,10,20,0.004202304074936371,0.06482518087083422,0.1735469779358012,20,14,inf
random_addition,42,10,21,0.003969054447854512,0.06300043212434746,0.21941939834128288,21,14,inf
random_addition,42,10,22,0.004360363111170335,0.06603304559968694,0.14246203838104232,22,14,inf
random_addition,42,10,23,0.004253078190550583,0.06521562842256895,0.16356140322637525,23,14,inf
random_addition,42,10,24,0.004148802398319115,0.06441119777118816,0.18406897290269386,24,14,inf
random_addition,42,10,25,0.006070364146503806,0.07791254165090371,-0.19383811938554052,25,14,inf
random_addition,42,10,26,0.006069315660863531,0.07790581275401426,-0.1936319172377321,26,14,inf
random_addition,42,10,27,0.006591451461987094,0.08118775438443346,-0.29631861079238986,27,14,inf
random_addition,42,10,28,0.0061298532763684405,0.07829337951812043,-0.20553764666388052,28,14,inf
random_addition,42,10,29,0.007177765832634306,0.0847216963512553,-0.4116270879659256,29,14,inf
random_addition,42,10,30,0.0069983976489084694,0.08365642622601369,-0.37635134997577824,30,14,inf
random_addition,42,10,31,0.0070039131866135055,0.08368938514897517,-0.37743607224321796,31,14,inf
random_addition,42,10,32,0.004808092324927473,0.0693404090334595,0.054408638346772564,32,14,inf
random_addition,42,10,33,0.004958151548236677,0.0704141430980785,0.02489699511939003,33,14,inf
random_addition,42,10,34,0.004989182080014682,0.0706341424526035,0.018794324701714382,34,14,inf
random_addition,42,10,35,0.0043408749639910075,0.06588531675563992,0.14629470680378875,35,14,inf
random_addition,42,10,36,0.004594329907140375,0.06778148646304812,0.09644857478011393,36,14,inf
random_addition,42,10,37,0.0043355946397392,0.06584523247539795,0.14733317043173344,37,14,inf
random_addition,42,10,38,0.004786562347697443,0.06918498643273295,0.05864286662474427,38,14,inf
random_addition,42,10,39,0.005671762313694027,0.07531110352195104,-0.1154464362870351,39,14,inf
random_addition,42,10,40,0.00483681989056092,0.0695472493385678,0.0487588845424457,40,14,inf
random_addition,42,10,41,0.004891877555596571,0.06994195847698698,0.03793087856165511,41,14,inf
random_addition,42,10,42,0.004986673808979566,0.07061638484784934,0.019287617938034796,42,14,inf
random_addition,42,10,43,0.004385306043439663,0.06622164331575942,0.13755659570351764,43,14,inf
random_addition,42,10,44,0.008648993067702788,0.09299996272957742,-0.7009684047491269,44,14,inf
random_addition,42,10,45,0.008651598476733743,0.09301396925587975,-0.7014808017886911,45,14,inf
random_addition,42,10,46,0.009079324492862816,0.09528548941398589,-0.7856002401591058,46,14,inf
random_addition,42,10,47,0.00910742669698422,0.0954328386719384,-0.791127006216165,47,14,inf
random_addition,42,10,48,0.009326087403255624,0.09657166977564188,-0.8341302725867523,48,14,inf
random_addition,42,10,49,0.009486372583697151,0.09739801118963955,-0.865653020442644,49,14,inf
random_addition,42,10,50,0.008772782251832017,0.0936631317639551,-0.7253136076421403,50,14,inf
random_addition,42,10,51,0.008827571606405469,0.09395515742313175,-0.7360888459058925,51,14,inf
random_addition,42,10,52,0.008387907415275727,0.09158551968120139,-0.6496215667721024,52,14,inf
random_addition,42,10,53,0.008073144888339509,0.08985068106775546,-0.5877182782474755,53,14,inf
random_addition,42,10,54,0.007923822871635903,0.08901585741673167,-0.5583516189660944,54,14,inf
random_addition,42,10,55,0.006769241607447338,0.0822754009862446,-0.33128400129928126,55,14,inf
random_addition,42,10,56,0.006538266634993191,0.08085954881764547,-0.285858929576261,56,14,inf
random_addition,42,10,57,0.006695877712411027,0.08182834296508165,-0.316855770575859,57,14,inf
random_addition,42,10,58,0.006763476125340272,0.08224035581963561,-0.3301501233061441,58,14,inf
random_addition,42,10,59,0.006941195180136843,0.08331383546648685,-0.365101532651086,59,14,inf
random_addition,42,10,60,0.005981704017036549,0.07734147669288807,-0.17640162963415884,60,14,inf
random_addition,42,10,61,0.005921479235842245,0.0769511483724723,-0.16455742428070863,61,14,inf
random_addition,42,10,62,0.006067053351737696,0.07789129188643423,-0.19318699650364213,62,14,inf
random_addition,42,10,63,0.005310509244126222,0.07287324093332355,-0.0444000089580463,63,14,inf
random_addition,42,10,64,0.0044330473472163415,0.0665811335681238,0.12816747390748995,64,14,inf
random_addition,42,10,65,0.0043214627899017585,0.06573783377859176,0.15011243385419004,65,14,inf
random_addition,42,10,66,0.004721560814480717,0.06871361447690491,0.0714264997478622,66,14,inf
random_addition,42,10,67,0.0050011984778242785,0.070719152128856,0.016431100121347297,67,14,inf
random_addition,42,10,68,0.004657598577899566,0.06824660121866558,0.08400573789384946,68,14,inf
random_addition,42,10,69,0.0046081688022859574,0.06788349432878332,0.09372692577253494,69,14,inf
random_addition,42,10,70,0.004199407226662685,0.06480283347711491,0.17411669135195518,70,14,inf
random_addition,42,10,71,0.004314800559229189,0.0656871415059994,0.15142267237449925,71,14,inf
random_addition,42,10,72,0.004735355301207247,0.0688139179324012,0.06871358439483932,72,14,inf
random_addition,42,10,73,0.00465885176424675,0.06825578191074182,0.08375927794583726,73,14,inf
random_addition,42,10,74,0.00469187501577744,0.06849726283419973,0.07726470603022983,74,14,inf
random_addition,42,10,75,0.0037243315421996307,0.06102730161329133,0.26754822989183424,75,14,inf
random_addition,42,10,76,0.004153282998361407,0.06444596960525466,0.18318778834784477,76,14,inf
random_addition,42,10,77,0.003926307975904912,0.06266025834534128,0.22782620334524117,77,14,inf
random_addition,42,10,78,0.003947757482437868,0.06283118240521873,0.22360780096886967,78,14,inf
random_addition,42,10,79,0.004261556982666332,0.0652806018865201,0.1618939076709469,79,14,inf
random_addition,42,10,80,0.00423551899510828,0.06508086504578961,0.16701471119255962,80,14,inf
random_addition,42,10,81,0.003984560265511159,0.06312337336922956,0.216369921284555,81,14,inf
random_addition,42,10,82,0.004094373787590754,0.06398729395427466,0.19477326488658386,82,14,inf
random_addition,42,10,83,0.004064570259803493,0.06375398230544892,0.20063462455231185,83,14,inf
random_addition,42,10,84,0.004060250748150254,0.06372009689376072,0.2014841283949662,84,14,inf
random_addition,42,10,85,0.003829010229311915,0.06187899667344256,0.2469614242330911,85,14,inf
random_addition,42,10,86,0.003714602854910325,0.06094754182828316,0.2694615381312163,86,14,inf
random_addition,42,10,87,0.003731263822312951,0.061084071756170207,0.2661848816554181,87,14,inf
random_addition,42,10,88,0.0036710003578678896,0.060588780792056623,0.27803669471381354,88,14,inf
random_addition,42,10,89,0.003567825966965038,0.05973128131025684,0.2983276554917019,89,14,inf
random_addition,42,10,90,0.0035539859971646407,0.05961531680000234,0.3010495158480325,90,14,inf
random_addition,42,10,91,0.003603412781588617,0.06002843310955748,0.2913289162365612,91,14,inf
random_addition,42,10,92,0.003551571127674636,0.05959505959116608,0.30152444011631874,92,14,inf
random_addition,42,10,93,0.003472275626100387,0.058926018244069296,0.3171192199664957,93,14,inf
random_addition,42,10,94,0.0034836140416660347,0.059022148738130796,0.31488933187592694,94,14,inf
random_addition,42,10,95,0.0032607778009497504,0.05710322058299121,0.35871378657538533,95,14,inf
random_addition,42,10,96,0.0032574645862122457,0.057074202457960334,0.35936538538492646,96,14,inf
random_addition,42,10,97,0.0035521923085961053,0.05960027104465302,0.3014022745517516,97,14,inf
random_addition,42,10,98,0.0035694529436550632,0.059744898892332754,0.29800768345295325,98,14,inf
random_addition,42,10,99,0.0036258703885971564,0.06021520064399982,0.28691225412702115,99,14,inf
random_addition,42,10,100,0.0036078337295403413,0.06006524560459518,0.2904594632579244,100,14,inf
random_addition,42,10,101,0.0035800762225663605,0.05983373816306616,0.2959184388852324,101,14,inf
random_addition,42,10,102,0.003575264676877026,0.05979351701377856,0.29686470940845966,102,14,inf
random_addition,42,10,103,0.0035003154461140757,0.05916346377718326,0.31160472278228135,103,14,inf
random_addition,42,10,104,0.003503671769118485,0.059191821809423006,0.31094464601473815,104,14,inf
random_addition,42,10,105,0.0034771040727096885,0.05896697442390688,0.31616962559612805,105,14,inf
random_addition,42,10,106,0.003588490564407025,0.05990401125473172,0.29426361854884253,106,14,inf
random_addition,42,10,107,0.0037173361748403717,0.060969961250113745,0.2689239852849269,107,14,inf
random_addition,42,10,108,0.0036602389100885667,0.06049990834776997,0.2801531124885416,108,14,inf
random_addition,42,10,109,0.0036840574024152722,0.0606964364886051,0.27546880963625053,109,14,inf
random_addition,42,10,110,0.003665825258567768,0.06054605898460913,0.2790544641040813,110,14,inf
random_addition,42,10,111,0.0036375639779213645,0.060312220800774405,0.28461251520679176,111,14,inf
random_addition,42,10,112,0.0034986471159721075,0.05914936276894374,0.31193282766547004,112,14,inf
random_addition,42,10,113,0.003516514529426456,0.05930020682448296,0.308418903498514,113,14,inf
random_addition,42,10,114,0.0035978715651846264,0.05998226042076629,0.29241868864744014,114,14,inf
random_addition,42,10,115,0.0035191042695037087,0.05932203864925504,0.30790958801942436,115,14,inf
random_addition,42,10,116,0.0030067052354699293,0.05483343173165372,0.40868138430748935,116,14,inf
random_addition,42,10,117,0.003018728576590689,0.05494295747946855,0.40631679420944633,117,14,inf
random_addition,42,10,118,0.002991374648311143,0.054693460745423146,0.411696399371003,118,14,inf
random_addition,42,10,119,0.002999135563730513,0.05476436399457692,0.4101700862132812,119,14,inf
random_addition,42,10,120,0.0031732406657142796,0.056331524617342636,0.37592942082462577,120,14,inf
random_addition,42,10,121,0.0032233606436978257,0.05677464789585071,0.3660724931650251,121,14,inf
random_addition,42,10,122,0.0032499093109287234,0.05700797585363581,0.36085125598811185,122,14,inf
random_addition,42,10,123,0.003276858987774358,0.057243855458680964,0.3555511535977188,123,14,inf
random_addition,42,10,124,0.003391206802752784,0.058234069089775825,0.3330627530512189,124,14,inf
random_addition,42,10,125,0.003380160171692481,0.05813914491710797,0.3352352568635599,125,14,inf
random_addition,42,10,126,0.0033343333839592065,0.05774368696194595,0.34424785722238405,126,14,inf
random_addition,42,10,127,0.0032869810263534026,0.05733219886201298,0.3535604862819015,127,14,inf
random_addition,42,10,128,0.003277111882081747,0.05724606433705069,0.3555014177240463,128,14,inf
random_addition,42,10,129,0.0031948914114848896,0.05652337048942578,0.371671441403578,129,14,inf
random_addition,42,10,130,0.0031963777503287993,0.0565365169631876,0.3713791281374612,130,14,inf
random_addition,42,10,131,0.0031496310765564833,0.05612157407411595,0.38057263939263253,131,14,inf
random_addition,42,10,132,0.003306106286726826,0.05749875030578339,0.3497991855879198,132,14,inf
random_addition,42,10,133,0.0032859798260502352,0.057323466626245094,0.3537573889813467,133,14,inf
random_addition,42,10,134,0.003156604275477589,0.05618366555750514,0.3792012437917823,134,14,inf
random_addition,42,10,135,0.0031801164069833582,0.05639252084260251,0.37457719189272787,135,14,inf
random_addition,42,10,136,0.003183180298667805,0.05641968006527337,0.3739746266102698,136,14,inf
random_addition,42,10,137,0.0032010993451107666,0.05657825859029921,0.37045054795693766,137,14,inf
random_addition,42,10,138,0.003168584541963282,0.05629018157692585,0.3768451250374808,138,14,inf
random_addition,42,10,139,0.0031623437090321795,0.05623471978264122,0.37807248867993337,139,14,inf
random_addition,42,10,140,0.0031687703282539384,0.05629183180758944,0.3768085870719663,140,14,inf
random_addition,42,10,141,0.0031919562056350196,0.05649739999004396,0.3722486984753529,141,14,inf
random_addition,42,10,142,0.0032482481295913273,0.05699340426392625,0.3611779549399263,142,14,inf
random_addition,42,10,143,0.0032468939997540185,0.056981523319002435,0.3614442671049565,143,14,inf
random_addition,42,10,144,0.0026892880187397742,0.05185834569999099,0.47110676175374555,144,14,inf
random_addition,42,10,145,0.00266889702351169,0.051661368773114114,0.47511699026854004,145,14,inf
random_addition,42,10,146,0.002699836149515407,0.05195994755112256,0.469032296317357,146,14,inf
random_addition,42,10,147,0.0026766732770521816,0.05173657581491243,0.47358766061407565,147,14,inf
random_addition,42,10,148,0.0026503917074127163,0.05148195516307356,0.4787563686051688,148,14,inf
random_addition,42,10,149,0.0026625702633796605,0.05160009945125746,0.4763612529248711,149,14,inf
random_addition,42,10,150,0.0026800483819562917,0.05176918370958047,0.47292389007342817,150,14,inf
random_addition,42,11,10,0.00962854819961681,0.0981251659851682,-0.8936142210947935,10,10,inf
random_addition,42,11,11,0.004406599562799687,0.06638222324387522,0.13336887080030713,11,11,inf
random_addition,42,11,12,0.004818722514629261,0.06941701891200212,0.05231803465710694,12,12,inf
random_addition,42,11,13,0.005874791974763592,0.07664719156475071,-0.15537559752036456,13,13,inf
random_addition,42,11,14,0.0032629782385679615,0.05712248452726791,0.3582810339028025,14,14,inf
random_addition,42,11,15,0.002344149807863852,0.0484164208493756,0.5389839339720733,15,14,inf
random_addition,42,11,16,0.0026103774567081644,0.05109185313441043,0.4866258368375246,16,14,inf
random_addition,42,11,17,0.002691401180878238,0.05187871606813567,0.47069117325650633,17,14,inf
random_addition,42,11,18,0.0028895081013305774,0.053754144968835446,0.4317301508792414,18,14,inf
random_addition,42,11,19,0.0027321844690016165,0.05227030197924646,0.4626704610190675,19,14,inf
random_addition,42,11,20,0.0027164448134246047,0.052119524301595506,0.46576592619386403,20,14,inf
random_addition,42,11,21,0.0020566858287810966,0.04535069821712888,0.595518508817455,21,14,inf
random_addition,42,11,22,0.002201330272454809,0.04691833620723149,0.5670717721065366,22,14,inf
random_addition,42,11,23,0.0023855184725738742,0.04884176975268069,0.5308480976882899,23,14,inf
random_addition,42,11,24,0.002749186469136433,0.05243268512232072,0.459326734781749,24,14,inf
random_addition,42,11,25,0.0035972449517132333,0.05997703687006581,0.29254192261334655,25,14,inf
random_addition,42,11,26,0.002741160235009181,0.05235609071549537,0.46090522727824046,26,14,inf
random_addition,42,11,27,0.0029691020171683136,0.05448946702958576,0.4160766828985797,27,14,inf
random_addition,42,11,28,0.0026082257991391395,0.05107079203555727,0.487048996101742,28,14,inf
random_addition,42,11,29,0.002538392123003306,0.050382458485104774,0.500782950536057,29,14,inf
random_addition,42,11,30,0.0026622731677964553,0.05159722054332438,0.47641968171493565,30,14,inf
random_addition,42,11,31,0.00360711432975743,0.06005925681988939,0.2906009451959416,31,14,inf
random_addition,42,11,32,0.004266417093843082,0.06531781605230752,0.1609380859364965,32,14,inf
random_addition,42,11,33,0.004756091662664611,0.06896442316632984,0.06463543386421322,33,14,inf
random_addition,42,11,34,0.004604102475683049,0.06785353694305883,0.09452663656207949,34,14,inf
random_addition,42,11,35,0.003639483025543262,0.06032812797976796,0.28423510255927253,35,14,inf
random_addition,42,11,36,0.004114097854068025,0.06414123364940859,0.19089419900823412,36,14,inf
random_addition,42,11,37,0.003528464458217563,0.059400879271417885,0.30606875115666754,37,14,inf
random_addition,42,11,38,0.003714361315571168,0.06094556026136086,0.2695090408614409,38,14,inf
random_addition,42,11,39,0.0036200063027856154,0.06016648820386325,0.2880655241793947,39,14,inf
random_addition,42,11,40,0.00479155182588962,0.06922103600705222,0.057661602714061955,40,14,inf
random_addition,42,11,41,0.005270092945658591,0.0725954058164743,-0.03645147134306459,41,14,inf
random_addition,42,11,42,0.003898521764441093,0.06243814350572167,0.2332908241881143,42,14,inf
random_addition,42,11,43,0.003619697857144039,0.06016392488147727,0.28812618514730126,43,14,inf
random_addition,42,11,44,0.00440133564294072,0.0663425628306649,0.134404108231433,44,14,inf
random_addition,42,11,45,0.004130713554412706,0.06427062746241635,0.18762644505261805,45,14,inf
random_addition,42,11,46,0.00400432308288407,0.0632797209450553,0.2124832343977684,46,14,inf
random_addition,42,11,47,0.004024352498887503,0.06343778447335234,0.2085441164541273,47,14,inf
random_addition,42,11,48,0.004238872772649152,0.06510662618082089,0.1663551350327771,48,14,inf
random_addition,42,11,49,0.004108459238005439,0.06409726388860479,0.19200312668269193,49,14,inf
random_addition,42,11,50,0.003636334385063036,0.060302026376093165,0.28485433510262825,50,14,inf
random_addition,42,11,51,0.0036667066491998857,0.06055333722595218,0.2788811239700636,51,14,inf
random_addition,42,11,52,0.0040556103981910716,0.06368367450289808,0.20239673042918715,52,14,inf
random_addition,42,11,53,0.003878558585457087,0.0622780746768643,0.2372169155197108,53,14,inf
random_addition,42,11,54,0.0037621645998269075,0.06133648669288866,0.26010772957285977,54,14,inf
random_addition,42,11,55,0.0035994980433560427,0.0599958168821464,0.2920988146506711,55,14,inf
random_addition,42,11,56,0.003549594669011976,0.05957847487987567,0.3019131436003152,56,14,inf
random_addition,42,11,57,0.0033968867555904496,0.05828281698400009,0.33194569581210376,57,14,inf
random_addition,42,11,58,0.0031227426848347726,0.055881505749530165,0.38586068904363025,58,14,inf
random_addition,42,11,59,0.0030999832202875284,0.05567749294182999,0.3903367164610222,59,14,inf
random_addition,42,11,60,0.003066112899834339,0.05537249226677755,0.39699787857534274,60,14,inf
random_addition,42,11,61,0.0055989432137297564,0.07482608645205065,-0.10112534857984024,61,14,inf
random_addition,42,11,62,0.00559246069921958,0.07478275669711287,-0.09985045423331651,62,14,inf
random_addition,42,11,63,0.005065056460369774,0.07116921005863261,0.0038723652662436825,63,14,inf
random_addition,42,11,64,0.005021921440778277,0.07086551658443109,0.012355584629357153,64,14,inf
random_addition,42,11,65,0.005135200639060972,0.07166031425455077,-0.009922654662301023,65,14,inf
random_addition,42,11,66,0.00513948993788463,0.07169023600103873,-0.010766216649281235,66,14,inf
random_addition,42,11,67,0.005094698731333259,0.07137715833047194,-0.001957280561798669,67,14,inf
random_addition,42,11,68,0.005208981854405389,0.07217327659463292,-0.02443295836846171,68,14,inf
random_addition,42,11,69,0.005099095128195442,0.07140794863455638,-0.002821905160150573,69,14,inf
random_addition,42,11,70,0.005063122728988581,0.07115562331248726,0.004252665719363891,70,14,inf
random_addition,42,11,71,0.004754590965098659,0.06895354207797202,0.06493057101194666,71,14,inf
random_addition,42,11,72,0.004700373989465563,0.06855927354826306,0.07559324143277568,72,14,inf
random_addition,42,11,73,0.0046982713772451565,0.06854393756741115,0.07600675511307986,73,14,inf
random_addition,42,11,74,0.004680141118498916,0.0684115569074328,0.07957237218039381,74,14,inf
random_addition,42,11,75,0.003823262017941856,0.06183253203566757,0.24809190564841344,75,14,inf
random_addition,42,11,76,0.0037788281547513638,0.06147217382484016,0.2568305642178377,76,14,inf
random_addition,42,11,77,0.0037194503634793872,0.06098729673857817,0.26850819490927336,77,14,inf
random_addition,42,11,78,0.0037310815886729973,0.061082580075443746,0.26622072093305627,78,14,inf
random_addition,42,11,79,0.0036985412331339423,0.06081563313107858,0.2726203233165898,79,14,inf
random_addition,42,11,80,0.003577384997303887,0.059811244739629746,0.2964477131146943,80,14,inf
random_addition,42,11,81,0.003617078010395761,0.060142148368642116,0.2886414216042186,81,14,inf
random_addition,42,11,82,0.0036558113693380143,0.060463305974268515,0.28102386205077123,82,14,inf
random_addition,42,11,83,0.003213358878969637,0.056686496442888736,0.36803950662673224,83,14,inf
random_addition,42,11,84,0.003096071854532932,0.05564235665869062,0.3911059516212202,84,14,inf
random_addition,42,11,85,0.0030113422709288516,0.054875698363928374,0.4077694341248974,85,14,inf
random_addition,42,11,86,0.002543831837317199,0.05043641380309666,0.49971314020017576,86,14,inf
random_addition,42,11,87,0.00254925885672191,0.050490185746557815,0.4986458265294266,87,14,inf
random_addition,42,11,88,0.0024362023412283296,0.0493579004945341,0.5208802715451962,88,14,inf
random_addition,42,11,89,0.002448589061583447,0.04948322000015204,0.5184442168741392,89,14,inf
random_addition,42,11,90,0.002468713565523744,0.04968615064103622,0.5144863983054643,90,14,inf
random_addition,42,11,91,0.002413825742658586,0.04913070061233186,0.5252810019972785,91,14,inf
random_addition,42,11,92,0.0022678860471524965,0.04762232719169126,0.5539824715338357,92,14,inf
random_addition,42,11,93,0.0022680144144149182,0.047623674936053795,0.553957225975668,93,14,inf
random_addition,42,11,94,0.002292450201950384,0.047879538447549636,0.5491515217488718,94,14,inf
random_addition,42,11,95,0.0022422843924047404,0.04735276541454301,0.5590174629477895,95,14,inf
random_addition,42,11,96,0.0021860220511457106,0.046754914727178264,0.5700823885535447,96,14,inf
random_addition,42,11,97,0.0021861995295281923,0.046756812653646444,0.5700474844764152,97,14,inf
random_addition,42,11,98,0.0021867825087730527,0.046763046401758865,0.5699328319072235,98,14,inf
random_addition,42,11,99,0.0021221376091570205,0.04606666483648475,0.5826463270984338,99,14,inf
random_addition,42,11,100,0.0021345219385179915,0.046200886771987304,0.5802107426561613,100,14,inf
random_addition,42,11,101,0.0021785528381495084,0.046674970146209076,0.5715513335758645,101,14,inf
random_addition,42,11,102,0.002202702125599898,0.04693295351456051,0.5668019743581183,102,14,inf
random_addition,42,11,103,0.002200657931931135,0.04691117065189415,0.5672039990581655,103,14,inf
random_addition,42,11,104,0.002120769619503332,0.04605181450826158,0.5829153650269803,104,14,inf
random_addition,42,11,105,0.002144556235636614,0.04630935365168266,0.5782373311585411,105,14,inf
random_addition,42,11,106,0.002167712141986616,0.046558695664576086,0.573683336863903,106,14,inf
random_addition,42,11,107,0.002271382863622682,0.04765902709479791,0.5532947643884569,107,14,inf
random_addition,42,11,108,0.00228831473098428,0.047836332750162615,0.549964830927991,108,14,inf
random_addition,42,11,109,0.0022938388196005856,0.04789403741177586,0.5488784269815642,109,14,inf
random_addition,42,11,110,0.00230944242977123,0.04805665853730604,0.5458097173997056,110,14,inf
random_addition,42,11,111,0.002305698381642504,0.048017688216349025,0.5465460467646353,111,14,inf
random_addition,42,11,112,0.0022415003584283465,0.04734448604038644,0.5591716562754585,112,14,inf
random_addition,42,11,113,0.00217960762773321,0.04668626808530759,0.5713438916526845,113,14,inf
random_addition,42,11,114,0.0021892182349579747,0.04678908243338369,0.5694538058228296,114,14,inf
random_addition,42,11,115,0.0022027377639678046,0.04693333318621004,0.5667949654800521,115,14,inf
random_addition,42,11,116,0.002492005880452512,0.04991999479619877,0.509905576993993,116,14,inf
random_addition,42,11,117,0.0023467034512950243,0.04844278533791203,0.5384817174990784,117,14,inf
random_addition,42,11,118,0.002368879408060986,0.048671135265791636,0.5341204465963603,118,14,inf
random_addition,42,11,119,0.0023947487316413715,0.04893616997315351,0.5290328136524995,119,14,inf
random_addition,42,11,120,0.002402276781404173,0.049013026650107754,0.5275522974009925,120,14,inf
random_addition,42,11,121,0.0024015957816374564,0.04900607902737635,0.5276862273368544,121,14,inf
random_addition,42,11,122,0.0023954949002471847,0.04894379327603435,0.5288860671800294,122,14,inf
random_addition,42,11,123,0.0023990870633370876,0.04898047634861351,0.5281796085353292,123,14,inf
random_addition,42,11,124,0.0024558123883695318,0.04955615389000171,0.5170236294665496,124,14,inf
random_addition,42,11,125,0.002478458499895973,0.04978411895269387,0.5125698948068764,125,14,inf
random_addition,42,11,126,0.0024887845036664987,0.04988771896635984,0.5105391143422031,126,14,inf
random_addition,42,11,127,0.0025417456614216334,0.0504157283139065,0.5001234214037019,127,14,inf
random_addition,42,11,128,0.0024723561159705853,0.049722792720950273,0.5137700301485839,128,14,inf
random_addition,42,11,129,0.0026436015155249567,0.05141596557028718,0.4800917728277011,129,14,inf
random_addition,42,11,130,0.002389345630802544,0.04888093320306543,0.5300954233392663,130,14,inf
random_addition,42,11,131,0.0023662370311583977,0.04864398247633923,0.5346401139830211,131,14,inf
random_addition,42,11,132,0.0023510746321106692,0.04848788129121202,0.5376220520558694,132,14,inf
random_addition,42,11,133,0.0023712974889417626,0.04869596994558957,0.5336448907546417,133,14,inf
random_addition,42,11,134,0.0023712831826339692,0.04869582305120193,0.5336477043281241,134,14,inf
random_addition,42,11,135,0.0023825289725121815,0.0488111562300278,0.5314360326202675,135,14,inf
random_addition,42,11,136,0.002364021748292284,0.0486212067753597,0.5350757862206268,136,14,inf
random_addition,42,11,137,0.0023411049311586915,0.048384965962152866,0.5395827596424482,137,14,inf
random_addition,42,11,138,0.002512350002058337,0.050123347873604146,0.5059045669569859,138,14,inf
random_addition,42,11,139,0.002549959684017676,0.05049712550252416,0.4985079971800501,139,14,inf
random_addition,42,11,140,0.0025552100951076575,0.05054908599675822,0.4974754164731291,140,14,inf
random_addition,42,11,141,0.0027539992830973394,0.052478560223174375,0.45838021483181324,141,14,inf
random_addition,42,11,142,0.002680549545130509,0.05177402384526925,0.47282532799593613,142,14,inf
random_addition,42,11,143,0.002664522505983243,0.05161901302798459,0.4759773119318439,143,14,inf
random_addition,42,11,144,0.002685618763280468,0.05182295594888879,0.47182838189569465,144,14,inf
random_addition,42,11,145,0.0026880643468230143,0.051846546141696016,0.47134741719789897,145,14,inf
random_addition,42,11,146,0.002650039483933279,0.05147853420536835,0.47882563921334753,146,14,inf
random_addition,42,11,147,0.0027337460374323745,0.052285237280061896,0.46236335260288763,147,14,inf
random_addition,42,11,148,0.0028282157872753745,0.05318097204146775,0.4437843043333789,148,14,inf
random_addition,42,11,149,0.0028115047578368925,0.053023624525647926,0.44707080634155316,149,14,inf
random_addition,42,11,150,0.0026800483819562917,0.05176918370958047,0.47292389007342817,150,14,inf
random_addition,42,12,10,0.00962854819961681,0.0981251659851682,-0.8936142210947935,10,10,inf
random_addition,42,12,11,0.007726460600426243,0.08790028782902956,-0.5195370442532574,11,11,inf
random_addition,42,12,12,0.00845958448664372,0.09197599951424132,-0.6637180555526496,12,12,inf
random_addition,42,12,13,0.006482322161710022,0.08051286954090024,-0.27485651799723576,13,13,inf
random_addition,42,12,14,0.004954817746585786,0.070390466304648,0.02555264268801183,14,14,inf
random_addition,42,12,15,0.004910463748348937,0.07007470120056836,0.03427559448536088,15,14,inf
random_addition,42,12,16,0.005228250404440523,0.07230664149606537,-0.028222439358737805,16,14,inf
random_addition,42,12,17,0.003485925307558803,0.05904172514043609,0.3144347829789861,17,14,inf
random_addition,42,12,18,0.004758482929682738,0.06898175794862536,0.06416515141476342,18,14,inf
random_addition,42,12,19,0.004626270187670179,0.06801669050806705,0.09016698713231053,19,14,inf
random_addition,42,12,20,0.005305604194197382,0.0728395784872303,-0.0434353492702233,20,14,inf
random_addition,42,12,21,0.005161195983393882,0.0718414642347571,-0.015035071684112777,21,14,inf
random_addition,42,12,22,0.0047128310536912275,0.06865006229925234,0.07314335246906378,22,14,inf
random_addition,42,12,23,0.0047221124923149185,0.06871762868663993,0.0713180031219276,23,14,inf
random_addition,42,12,24,0.0042512784839329205,0.06520182883886709,0.16391534547959463,24,14,inf
random_addition,42,12,25,0.00384774106876307,0.062030162572437854,0.24327769297658008,25,14,inf
random_addition,42,12,26,0.0038343971452126334,0.061922509196677696,0.24590199758371845,26,14,inf
random_addition,42,12,27,0.004220555548675128,0.06496580291718966,0.169957521923209,27,14,inf
random_addition,42,12,28,0.003775557674243825,0.061445566758260316,0.2574737586299647,28,14,inf
random_addition,42,12,29,0.004164945383425675,0.0645363880568604,0.1808941862645671,29,14,inf
random_addition,42,12,30,0.004068138702375229,0.06378196220229689,0.19993283094221503,30,14,inf
random_addition,42,12,31,0.00363327094736107,0.06027662023837327,0.28545681110187715,31,14,inf
random_addition,42,12,32,0.005607203964854286,0.07488126578026233,-0.10274996274617476,32,14,inf
random_addition,42,12,33,0.005582350432539274,0.07471512853859835,-0.09786210205726875,33,14,inf
random_addition,42,12,34,0.00418336134861967,0.0646789096121732,0.17727238027018843,34,14,inf
random_addition,42,12,35,0.010012102078818952,0.10006049209762538,-0.9690464737205999,35,14,inf
random_addition,42,12,36,0.010074064597594598,0.10036963981999038,-0.9812324340851215,36,14,inf
random_addition,42,12,37,0.009863635523110207,0.09931583722201714,-0.9398480550786048,37,14,inf
random_addition,42,12,38,0.009498887913332147,0.09746223839688962,-0.868114368268629,38,14,inf
random_addition,42,12,39,0.008673366050733886,0.09313090813867267,-0.7057617574250812,39,14,inf
random_addition,42,12,40,0.008567043152454738,0.09255832297775678,-0.6848515902809398,40,14,inf
random_addition,42,12,41,0.00782426736596127,0.08845488887541078,-0.5387723721860584,41,14,inf
random_addition,42,12,42,0.0056828554488168445,0.07538471628133149,-0.1176280858970904,42,14,inf
random_addition,42,12,43,0.005396846743673933,0.07346323395872205,-0.06137971488752547,43,14,inf
random_addition,42,12,44,0.003731651316644393,0.061087243485398755,0.2661086744472908,44,14,inf
random_addition,42,12,45,0.0031985963793878733,0.05655613476350619,0.3709427978153298,45,14,inf
random_addition,42,12,46,0.0029142257539720483,0.05398356929633357,0.42686901318915493,46,14,inf
random_addition,42,12,47,0.0039178807927264855,0.06259297718375828,0.22948354914437985,47,14,inf
random_addition,42,12,48,0.0044088177343827315,0.06639892871411956,0.13293263044844916,48,14,inf
random_addition,42,12,49,0.004587975424375113,0.06773459547657396,0.09769828955357074,49,14,inf
random_addition,42,12,50,0.005038285556442487,0.07098088162626953,0.009137308987488213,50,14,inf
random_addition,42,12,51,0.005105084023750607,0.07144987070492576,-0.003999721125423905,51,14,inf
random_addition,42,12,52,0.004544103484378035,0.06740996576455172,0.10632643657669005,52,14,inf
random_addition,42,12,53,0.004467973443576532,0.06684290122052253,0.12129867589310017,53,14,inf
random_addition,42,12,54,0.004487236807098016,0.06698684055169356,0.11751021491703606,54,14,inf
random_addition,42,12,55,0.004057457048046363,0.06369817146548529,0.20203355600715933,55,14,inf
random_addition,42,12,56,0.004237868675930634,0.06509891455263009,0.16655260736049704,56,14,inf
random_addition,42,12,57,0.004156113434973871,0.06446792562952426,0.18263113588995072,57,14,inf
random_addition,42,12,58,0.004554090811993138,0.06748400411944402,0.10436226241350277,58,14,inf
random_addition,42,12,59,0.004598723986515725,0.06781389228259742,0.09558440595411044,59,14,inf
random_addition,42,12,60,0.004536530170918306,0.06735376879520778,0.10781585468737909,60,14,inf
random_addition,42,12,61,0.004410234491378382,0.06640959638017974,0.13265400161062435,61,14,inf
random_addition,42,12,62,0.004504810501723748,0.06711788511063015,0.114054055445166,62,14,inf
random_addition,42,12,63,0.004516513718598779,0.0672050126002427,0.11175242310686628,63,14,inf
random_addition,42,12,64,0.0047288516435038995,0.06876664630112406,0.06999263690211988,64,14,inf
random_addition,42,12,65,0.004864572744595578,0.06974648912021005,0.04330082399307977,65,14,inf
random_addition,42,12,66,0.004864307132581401,0.06974458496959747,0.04335306101541303,66,14,inf
random_addition,42,12,67,0.00486860696658727,0.06977540373646912,0.042507427109547136,67,14,inf
random_addition,42,12,68,0.0048287799721883125,0.06948942345557568,0.050340068273490024,68,14,inf
random_addition,42,12,69,0.0048659343178993186,0.06975624931071996,0.043033047946517744,69,14,inf
random_addition,42,12,70,0.004876866077413312,0.06983456219819319,0.040883135535204174,70,14,inf
random_addition,42,12,71,0.004925195828011861,0.07017973944103711,0.03137828587998637,71,14,inf
random_addition,42,12,72,0.00488325010700709,0.06988025548756308,0.03962760988626479,72,14,inf
random_addition,42,12,73,0.0048856545600726815,0.06989745746500857,0.03915473418116733,73,14,inf
random_addition,42,12,74,0.005004068302737705,0.07073943951387872,0.015866701298653307,74,14,inf
random_addition,42,12,75,0.004507613914569991,0.06713876610848601,0.11350271766057085,75,14,inf
random_addition,42,12,76,0.00451841025003073,0.06721912116377847,0.11137943864276623,76,14,inf
random_addition,42,12,77,0.004252108386406576,0.06520819263257169,0.16375213134869393,77,14,inf
random_addition,42,12,78,0.0042953563346072015,0.0655389680618119,0.1552467026954797,78,14,inf
random_addition,42,12,79,0.004295984579656362,0.06554376079884616,0.15512314785265613,79,14,inf
random_addition,42,12,80,0.004192557012614103,0.06474995762634986,0.17546389993117317,80,14,inf
random_addition,42,12,81,0.004147928147972829,0.06440441093568693,0.18424090878068944,81,14,inf
random_addition,42,12,82,0.00413021708683983,0.06426676502547665,0.18772408366197224,82,14,inf
random_addition,42,12,83,0.004134430126885561,0.06429953442199687,0.1868955192326064,83,14,inf
random_addition,42,12,84,0.0041407069551745255,0.06434832519323658,0.1856610765040726,84,14,inf
random_addition,42,12,85,0.004140611740066287,0.06434758534759705,0.18567980213947333,85,14,inf
random_addition,42,12,86,0.004046208395510731,0.06360981367297605,0.20424579070423188,86,14,inf
random_addition,42,12,87,0.004049899199097784,0.06363881833517797,0.2035199327644035,87,14,inf
random_addition,42,12,88,0.00399173493526376,0.06318017834150011,0.21495890309224597,88,14,inf
random_addition,42,12,89,0.003994777957883399,0.0632042558526196,0.21436044205864058,89,14,inf
random_addition,42,12,90,0.004249427163214783,0.06518763044638747,0.16427943850452364,90,14,inf
random_addition,42,12,91,0.003982677343842395,0.06310845699145555,0.21674022916225988,91,14,inf
random_addition,42,12,92,0.003956635673144355,0.06290179387858788,0.22186175703463817,92,14,inf
random_addition,42,12,93,0.0039010712377401274,0.06245855616118681,0.23278942784099466,93,14,inf
random_addition,42,12,94,0.003906682081028763,0.06250345655264805,0.23168596214466908,94,14,inf
random_addition,42,12,95,0.0038863685120373603,0.06234074519956719,0.2356809635016589,95,14,inf
random_addition,42,12,96,0.003886625443389728,0.06234280586715461,0.2356304336759154,96,14,inf
random_addition,42,12,97,0.0037452430176007556,0.06119839064551253,0.2634356402902971,97,14,inf
random_addition,42,12,98,0.003741981338714526,0.061171736436973295,0.2640771037171359,98,14,inf
random_addition,42,12,99,0.0030013521989877413,0.054784598191350654,0.40973414800545926,99,14,inf
random_addition,42,12,100,0.00307744425226201,0.05547471723462869,0.39476937956838676,100,14,inf
random_addition,42,12,101,0.0030748687291449824,0.055451498889975755,0.39527589904567983,101,14,inf
random_addition,42,12,102,0.0030032503114595485,0.054801918866583026,0.40936085260356325,102,14,inf
random_addition,42,12,103,0.00297025962992507,0.05450008834786481,0.41584901908745586,103,14,inf
random_addition,42,12,104,0.002945007482566166,0.05426792314587105,0.42081527405763963,104,14,inf
random_addition,42,12,105,0.002937393082594361,0.054197722116287886,0.4223127725146021,105,14,inf
random_addition,42,12,106,0.0030190114495747935,0.05494553166159004,0.40626116253015687,106,14,inf
random_addition,42,12,107,0.0030650554595534818,0.055362943017450594,0.3972058418022256,107,14,inf
random_addition,42,12,108,0.0029888244229271154,0.054670141969150904,0.412197943628151,108,14,inf
random_addition,42,12,109,0.0028910450450276787,0.053768439116527074,0.4314278853266871,109,14,inf
random_addition,42,12,110,0.002889766945585647,0.05375655258278424,0.4316792448493513,110,14,inf
random_addition,42,12,111,0.0029474881940550696,0.05429077448383905,0.4203274008646688,111,14,inf
random_addition,42,12,112,0.0029649519233366753,0.05445137209783309,0.41689286790752844,112,14,inf
random_addition,42,12,113,0.002980610032985549,0.05459496343973086,0.41381344009641263,113,14,inf
random_addition,42,12,114,0.002997950009882403,0.05475353878867012,0.4104032451049554,114,14,inf
random_addition,42,12,115,0.0029935906483059592,0.05471371535827154,0.411260586098105,115,14,inf
random_addition,42,12,116,0.0029925717795758174,0.0547044036579855,0.4114609635877148,116,14,inf
random_addition,42,12,117,0.0028886740154036557,0.0537463860683084,0.4318941877558389,117,14,inf
random_addition,42,12,118,0.0028921860084179995,0.053779048043062265,0.43120349589051576,118,14,inf
random_addition,42,12,119,0.0028926961369506498,0.053783790652487944,0.4311031706261056,119,14,inf
random_addition,42,12,120,0.0027974499131324855,0.05289092467647437,0.4498349254232443,120,14,inf
random_addition,42,12,121,0.002803890134485095,0.052951771778525926,0.44856834872990803,121,14,inf
random_addition,42,12,122,0.002855821801959607,0.05343988961402902,0.43835512218565964,122,14,inf
random_addition,42,12,123,0.002849932746926596,0.05338476137369723,0.4395133028509195,123,14,inf
random_addition,42,12,124,0.0028497753097586737,0.05338328680175729,0.43954426548972303,124,14,inf
random_addition,42,12,125,0.0027113884634438075,0.052070994454147,0.4667603415545153,125,14,inf
random_addition,42,12,126,0.002664298447871171,0.051616842676312266,0.47602137668787725,126,14,inf
random_addition,42,12,127,0.002614328047218984,0.05113050016593798,0.48584888747632105,127,14,inf
random_addition,42,12,128,0.0026997966395325415,0.051959567353207836,0.46904006661292785,128,14,inf
random_addition,42,12,129,0.0026552622962999605,0.05152923729592706,0.4777984862546022,129,14,inf
random_addition,42,12,130,0.0027358746747003244,0.052305589325619156,0.4619447206639311,130,14,inf
random_addition,42,12,131,0.002684065247207883,0.051807965094258265,0.4721339066816499,131,14,inf
random_addition,42,12,132,0.0026833838922174407,0.0518013889023976,0.4722679064781682,132,14,inf
random_addition,42,12,133,0.0026842920768677097,0.051810154186874506,0.4720892968546324,133,14,inf
random_addition,42,12,134,0.0026530968202937303,0.05150822090010225,0.47822436314443284,134,14,inf
random_addition,42,12,135,0.002885328726450493,0.0537152559935303,0.43255209449359944,135,14,inf
random_addition,42,12,136,0.0029076172872503233,0.0539223264265399,0.42816867813390624,136,14,inf
random_addition,42,12,137,0.002928398310291915,0.05411467740171713,0.42408174415957955,137,14,inf
random_addition,42,12,138,0.002929053143080418,0.05412072748107159,0.4239529603953981,138,14,inf
random_addition,42,12,139,0.0030589236628583015,0.055307537125226444,0.39841176165453707,139,14,inf
random_addition,42,12,140,0.0028717165383707367,0.05358839928912541,0.43522915778431126,140,14,inf
random_addition,42,12,141,0.002904808158486041,0.053896272213262035,0.42872114004889594,141,14,inf
random_addition,42,12,142,0.0028320234680245396,0.053216759277736364,0.44303546055480225,142,14,inf
random_addition,42,12,143,0.0027882932727588587,0.05280429218121249,0.4516357311178806,143,14,inf
random_addition,42,12,144,0.0027898888581028313,0.05281939850190299,0.4513219327096806,144,14,inf
random_addition,42,12,145,0.0027936738193325757,0.052855215630366846,0.4505775571026476,145,14,inf
random_addition,42,12,146,0.0028065668104164613,0.05297704040824158,0.44804193586850705,146,14,inf
random_addition,42,12,147,0.002756440954622724,0.052501818583956916,0.45790001949728776,147,14,inf
random_addition,42,12,148,0.0027143395953261804,0.05209932432696398,0.4661799523634418,148,14,inf
random_addition,42,12,149,0.0026963838740889563,0.051926716380770274,0.469711243725329,149,14,inf
random_addition,42,12,150,0.0026800483819562917,0.05176918370958047,0.47292389007342817,150,14,inf
random_addition,42,13,10,0.00962854819961681,0.0981251659851682,-0.8936142210947935,10,10,inf
random_addition,42,13,11,0.009032305554103025,0.09503844250671949,-0.7763531834636979,11,11,inf
random_addition,42,13,12,0.009341110837808905,0.0966494223356193,-0.8370848809794187,12,12,inf
random_addition,42,13,13,0.009748796752781529,0.09873599522353299,-0.9172630999930522,13,13,inf
random_addition,42,13,14,0.0035751232961905915,0.05979233476115974,0.2968925142730011,14,14,inf
random_addition,42,13,15,0.0030558912433351904,0.055280116166079016,0.3990081374127763,15,14,inf
random_addition,42,13,16,0.002986051681820602,0.05464477726023414,0.41274324930475514,16,14,inf
random_addition,42,13,17,0.0025851851098435733,0.050844715653089984,0.4915803310454303,17,14,inf
random_addition,42,13,18,0.002805261107023642,0.052964715679626205,0.44829872416741934,18,14,inf
random_addition,42,13,19,0.003283730352544358,0.05730384238900877,0.354199785377189,19,14,inf
random_addition,42,13,20,0.003281861204669872,0.057287530970271984,0.3545673844090552,20,14,inf
random_addition,42,13,21,0.0033385865812738816,0.05778050347023537,0.3434113951978691,21,14,inf
random_addition,42,13,22,0.003402289719506333,0.058329149826706145,0.33088311305351237,22,14,inf
random_addition,42,13,23,0.0031380486150555226,0.056018288219612015,0.3828505231772694,23,14,inf
random_addition,42,13,24,0.00297664205404309,0.05455861118139913,0.41459380918203914,24,14,inf
random_addition,42,13,25,0.0035897748669685425,0.05991472996658286,0.29401103907951254,25,14,inf
random_addition,42,13,26,0.002743297322736619,0.052376495899750866,0.4604849334158111,26,14,inf
random_addition,42,13,27,0.0027295550323575097,0.052245143624623236,0.46318758348857403,27,14,inf
random_addition,42,13,28,0.002743149682845173,0.05237508647100426,0.46051396925717025,28,14,inf
random_addition,42,13,29,0.002800304532494342,0.05291790370464747,0.4492735170252846,29,14,inf
random_addition,42,13,30,0.003670919720911803,0.06058811534378506,0.27805255331301526,30,14,inf
random_addition,42,13,31,0.0035545391064975137,0.059619955606302774,0.30094073769406426,31,14,inf
random_addition,42,13,32,0.0029052275660016295,0.05390016294967604,0.42863865658207556,32,14,inf
random_addition,42,13,33,0.0030962597428622817,0.055644044990118054,0.39106900025481917,33,14,inf
random_addition,42,13,34,0.0022441959699487125,0.04737294554857986,0.5586415194153953,34,14,inf
random_addition,42,13,35,0.002449123916301924,0.04948862411001062,0.5183390287938461,35,14,inf
random_addition,42,13,36,0.0025080896578962416,0.05008083124206548,0.5067424345279686,36,14,inf
random_addition,42,13,37,0.0021411486568829485,0.04627254755125277,0.5789074882220638,37,14,inf
random_addition,42,13,38,0.002293617337025042,0.047891725141458855,0.5489219852154827,38,14,inf
random_addition,42,13,39,0.002031341488200505,0.045070405902326915,0.6005028951187655,39,14,inf
random_addition,42,13,40,0.002040900140101662,0.04517632278198019,0.5986230271678271,40,14,inf
random_addition,42,13,41,0.0021581200181150805,0.046455570366911655,0.5755697876347852,41,14,inf
random_addition,42,13,42,0.001965950360262608,0.044339038783701754,0.6133631485266011,42,14,inf
random_addition,42,13,43,0.001956518811796875,0.04423255375621981,0.6152180194719807,43,14,inf
random_addition,42,13,44,0.0019800486333843782,0.044497737396235984,0.6105904885239929,44,14,inf
random_addition,42,13,45,0.001582880617270135,0.03978543222424679,0.6887001877108203,45,14,inf
random_addition,42,13,46,0.001938784437446797,0.04403162996581886,0.6187057792853308,46,14,inf
random_addition,42,13,47,0.0024239885633438895,0.049234018354628435,0.5232823142016572,47,14,inf
random_addition,42,13,48,0.0026171790193481505,0.05115837193801373,0.4852881963673593,48,14,inf
random_addition,42,13,49,0.0024028553337788116,0.04901892832140266,0.5274385154494927,49,14,inf
random_addition,42,13,50,0.0021474568172124954,0.046340660517654425,0.577666883526389,50,14,inf
random_addition,42,13,51,0.002058327833658059,0.045368798018661005,0.5951955812356784,51,14,inf
random_addition,42,13,52,0.002014561540197967,0.044883867259829194,0.6038029511093563,52,14,inf
random_addition,42,13,53,0.0018283733787821297,0.04275948291060276,0.6404199511956781,53,14,inf
random_addition,42,13,54,0.0018916500337468316,0.04349310328945075,0.6279755440825439,54,14,inf
random_addition,42,13,55,0.001830490712189477,0.04278423438825892,0.6400035423490036,55,14,inf
random_addition,42,13,56,0.0017275288742959155,0.041563552233849256,0.6602527010407641,56,14,inf
random_addition,42,13,57,0.0018730706279408797,0.04327898598558982,0.6316294933928916,57,14,inf
random_addition,42,13,58,0.0018842503034823717,0.04340795207657661,0.629430824169484,58,14,inf
random_addition,42,13,59,0.0017478644322830635,0.041807468618454566,0.6562533751818673,59,14,inf
random_addition,42,13,60,0.0016653996262736427,0.04080930808374044,0.6724714514859853,60,14,inf
random_addition,42,13,61,0.002082094767757377,0.04562997663551206,0.5905214181667244,61,14,inf
random_addition,42,13,62,0.0020987138639034565,0.04581172190502619,0.5872529963702577,62,14,inf
random_addition,42,13,63,0.0017945582153175565,0.04236222627905144,0.6470702657703831,63,14,inf
random_addition,42,13,64,0.0016819949460242158,0.041012131693246766,0.6692077057133305,64,14,inf
random_addition,42,13,65,0.0026908646405893293,0.0518735447081586,0.47079669283227255,65,14,inf
random_addition,42,13,66,0.0031145091832197277,0.055807787836642725,0.3874799441404969,66,14,inf
random_addition,42,13,67,0.0030257083097840753,0.05500643880296265,0.40494411353522275,67,14,inf
random_addition,42,13,68,0.003181901287038625,0.05640834412601229,0.3742261655297153,68,14,inf
random_addition,42,13,69,0.0034701082350008343,0.05890762459139593,0.317545473491295,69,14,inf
random_addition,42,13,70,0.0034111571425495062,0.05840511229806434,0.329139186759444,70,14,inf
random_addition,42,13,71,0.003423717077303446,0.05851253777869702,0.32666906659459616,71,14,inf
random_addition,42,13,72,0.0033087119290736064,0.057521404095115816,0.34928674266291615,72,14,inf
random_addition,42,13,73,0.0032495112325818033,0.05700448431993577,0.3609295447189994,73,14,inf
random_addition,42,13,74,0.0030168648763970025,0.05492599454171952,0.4066833218642346,74,14,inf
random_addition,42,13,75,0.0030496061215021684,0.05522323896243472,0.4002442112047522,75,14,inf
random_addition,42,13,76,0.0031175289162608645,0.0558348360457955,0.3868860633900393,76,14,inf
random_addition,42,13,77,0.0031368599375356425,0.05600767748742705,0.38308429639097474,77,14,inf
random_addition,42,13,78,0.003216985126110003,0.05671847252976761,0.36732634478635484,78,14,inf
random_addition,42,13,79,0.003186678459672487,0.0564506728008842,0.3732866550398094,79,14,inf
random_addition,42,13,80,0.0034558662316787753,0.058786616093110644,0.3203464004294396,80,14,inf
random_addition,42,13,81,0.003593522090393997,0.059945993113751955,0.2932740852396447,81,14,inf
random_addition,42,13,82,0.0035480987846135737,0.05956591965724674,0.3022073341585596,82,14,inf
random_addition,42,13,83,0.0034815649604217694,0.059004787605937276,0.3152923177990252,83,14,inf
random_addition,42,13,84,0.003410512077138624,0.058399589700087996,0.32926604960628847,84,14,inf
random_addition,42,13,85,0.0035205250338290564,0.05933401245347441,0.3076301710735333,85,14,inf
random_addition,42,13,86,0.003263745567779242,0.057129200657625535,0.3581301258451578,86,14,inf
random_addition,42,13,87,0.0031833774866793186,0.05642142754910867,0.3739358463066259,87,14,inf
random_addition,42,13,88,0.0032558128238029302,0.05705973031659833,0.35969023194780436,88,14,inf
random_addition,42,13,89,0.003252971426490504,0.05703482643517471,0.36024904000973057,89,14,inf
random_addition,42,13,90,0.0035310662392818966,0.0594227754256051,0.3055570676171083,90,14,inf
random_addition,42,13,91,0.0022345717781965544,0.047271257421360756,0.5605342768686068,91,14,inf
random_addition,42,13,92,0.0019254927428295008,0.043880436903357065,0.6213198122036852,92,14,inf
random_addition,42,13,93,0.002289317984861925,0.047846817917829444,0.5497675243589537,93,14,inf
random_addition,42,13,94,0.002294156818024026,0.0478973571089682,0.5488158873001472,94,14,inf
random_addition,42,13,95,0.0023910915549198147,0.04889878889011275,0.5297520583096819,95,14,inf
random_addition,42,13,96,0.0024433591334058922,0.04943034628045703,0.5194727692754988,96,14,inf
random_addition,42,13,97,0.002374216577216111,0.0487259333129301,0.5330708034722872,97,14,inf
random_addition,42,13,98,0.002461487447858304,0.049613379726222075,0.515907534585919,98,14,inf
random_addition,42,13,99,0.002348368888847208,0.04845997202689255,0.538154181491803,99,14,inf
random_addition,42,13,100,0.0024605520611729287,0.049603952072117485,0.5160914939422963,100,14,inf
random_addition,42,13,101,0.0026039513631086197,0.05102892672895071,0.487889635073137,101,14,inf
random_addition,42,13,102,0.0023591946189725497,0.04857154124559514,0.5360251215240815,102,14,inf
random_addition,42,13,103,0.0024101788903731483,0.04909357280106173,0.5259982161823009,103,14,inf
random_addition,42,13,104,0.0024510264031776642,0.049507841835184696,0.5179648730926272,104,14,inf
random_addition,42,13,105,0.00253609376970762,0.05035964425715912,0.5012349599559178,105,14,inf
random_addition,42,13,106,0.002041823078693515,0.04518653647596278,0.5984415159361753,106,14,inf
random_addition,42,13,107,0.002006598982000041,0.04479507765368915,0.6053689206747876,107,14,inf
random_addition,42,13,108,0.00200507494246641,0.04477806318350996,0.605668648408872,108,14,inf
random_addition,42,13,109,0.0020053968565069665,0.04478165758998841,0.6056053386561938,109,14,inf
random_addition,42,13,110,0.0020082334472871183,0.044813317744696365,0.6050474758788194,110,14,inf
random_addition,42,13,111,0.0019926310753286313,0.04463889643941292,0.6081159419456535,111,14,inf
random_addition,42,13,112,0.002014659336310149,0.04488495668161159,0.6037837178765827,112,14,inf
random_addition,42,13,113,0.0020476102683287985,0.04525052782375912,0.597303368796404,113,14,inf
random_addition,42,13,114,0.0020590064698002763,0.045376276508769166,0.5950621161459047,114,14,inf
random_addition,42,13,115,0.0020868944483447656,0.04568253986311144,0.5895774811132283,115,14,inf
random_addition,42,13,116,0.0020956311729112198,0.045778064320274835,0.5878592588494103,116,14,inf
random_addition,42,13,117,0.001999577439503557,0.04471663493045465,0.606749823844166,117,14,inf
random_addition,42,13,118,0.0019789992378149725,0.044485944272488726,0.6107968696245061,118,14,inf
random_addition,42,13,119,0.001983248634491495,0.04453367977712481,0.6099611550587258,119,14,inf
random_addition,42,13,120,0.001935066350319511,0.04398938906508604,0.61943700298734,120,14,inf
random_addition,42,13,121,0.0018824684450480702,0.043387422659661064,0.6297812562804543,121,14,inf
random_addition,42,13,122,0.0018792050192660888,0.043349798376302616,0.6304230632634109,122,14,inf
random_addition,42,13,123,0.0019060786466908325,0.04365866061494366,0.6251379172570874,123,14,inf
random_addition,42,13,124,0.0018398658759183977,0.04289365775867567,0.6381597604003519,124,14,inf
random_addition,42,13,125,0.0018392317326416652,0.042886265081511415,0.6382844752277732,125,14,inf
random_addition,42,13,126,0.0017918549390629698,0.04233030757108871,0.6476019100279709,126,14,inf
random_addition,42,13,127,0.0018065598082165856,0.04250364464627222,0.6447099528220306,127,14,inf
random_addition,42,13,128,0.0018145899262926289,0.04259800378295477,0.6431306964823811,128,14,inf
random_addition,42,13,129,0.0018032432192735739,0.04246461137551566,0.645362215225231,129,14,inf
random_addition,42,13,130,0.001829402584206922,0.04277151603821078,0.6402175408230644,130,14,inf
random_addition,42,13,131,0.0018290645984229419,0.04276756479416313,0.6402840113515182,131,14,inf
random_addition,42,13,132,0.0018636837450635665,0.04317040357772402,0.6334755801070797,132,14,inf
random_addition,42,13,133,0.0018215306126810782,0.04267939330263586,0.6417656950120816,133,14,inf
random_addition,42,13,134,0.0018621994866647971,0.043153209459607954,0.6337674842190414,134,14,inf
random_addition,42,13,135,0.0019818463115924157,0.04451793247212201,0.6102369451912787,135,14,inf
random_addition,42,13,136,0.0019840574227435676,0.04454275948730127,0.609802093390837,136,14,inf
random_addition,42,13,137,0.002031378396823808,0.0450708153556579,0.600495636423839,137,14,inf
random_addition,42,13,138,0.0020187570382124535,0.04493058021228363,0.6029778366123314,138,14,inf
random_addition,42,13,139,0.001987161461078564,0.04457758922461559,0.6091916326015141,139,14,inf
random_addition,42,13,140,0.001986446780824803,0.044569572365289786,0.6093321863655915,140,14,inf
random_addition,42,13,141,0.0021885992430343585,0.04678246726108359,0.5695755408845442,141,14,inf
random_addition,42,13,142,0.0022196501476188547,0.0471131632096472,0.5634688638154717,142,14,inf
random_addition,42,13,143,0.0023064776729242215,0.04802580215805064,0.5463927861667921,143,14,inf
random_addition,42,13,144,0.002348697319693821,0.048463360590180096,0.5380895901007752,144,14,inf
random_addition,42,13,145,0.0025727429041871967,0.05072221312390851,0.49402729782424737,145,14,inf
random_addition,42,13,146,0.0026572733216852296,0.051548747042825686,0.47740298464941944,146,14,inf
random_addition,42,13,147,0.002657090676460732,0.05154697543465312,0.4774389048720069,147,14,inf
random_addition,42,13,148,0.0026326392370844528,0.051309250989314326,0.48224768729374334,148,14,inf
random_addition,42,13,149,0.0026638602190918776,0.051612597484450226,0.4761075616693884,149,14,inf
random_addition,42,13,150,0.0026800483819562917,0.05176918370958047,0.47292389007342817,150,14,inf
random_addition,42,14,10,0.00962854819961681,0.0981251659851682,-0.8936142210947935,10,10,inf
random_addition,42,14,11,0.009615536708482305,0.0980588430916983,-0.891055294853875,11,11,inf
random_addition,42,14,12,0.004427235759215277,0.06653747635141626,0.12931041939187748,12,12,inf
random_addition,42,14,13,0.0037399743700959115,0.0611553298584507,0.264471807491652,13,13,inf
random_addition,42,14,14,0.004139785018547977,0.06434116115324603,0.18584239068257458,14,14,inf
random_addition,42,14,15,0.0038632950103169444,0.062155410145191256,0.24021875155468786,15,14,inf
random_addition,42,14,16,0.0048891442841381225,0.06992241617777609,0.038468421875197945,16,14,inf
random_addition,42,14,17,0.004411649152030987,0.06642024655201896,0.1323757850535423,17,14,inf
random_addition,42,14,18,0.004929219466889654,0.07020840025872727,0.030586970341903164,18,14,inf
random_addition,42,14,19,0.007240922594273597,0.08509361077233471,-0.4240479160616104,19,14,inf
random_addition,42,14,20,0.008767890579359661,0.0936370150066717,-0.7243515788537338,20,14,inf
random_addition,42,14,21,0.012192375550741477,0.11041909051763411,-1.3978335314072945,21,14,inf
random_addition,42,14,22,0.012282877572374024,0.11082814431530479,-1.4156322599017983,22,14,inf
random_addition,42,14,23,0.013721278609743152,0.11713786155527661,-1.6985177586842712,23,14,inf
random_addition,42,14,24,0.014190996557565167,0.11912596928279394,-1.7908956091617325,24,14,inf
random_addition,42,14,25,0.01300633538141338,0.11404532161124971,-1.5579122762819964,25,14,inf
random_addition,42,14,26,0.0092749495229946,0.0963065393573801,-0.8240731575065401,26,14,inf
random_addition,42,14,27,0.00924763873349865,0.09616464388484289,-0.8187020363046005,27,14,inf
random_addition,42,14,28,0.006018187443812688,0.07757697753723516,-0.18357670258859637,28,14,inf
random_addition,42,14,29,0.005997067177224255,0.07744073332054814,-0.1794230507258201,29,14,inf
random_addition,42,14,30,0.0018500344064514233,0.043012026300227046,0.6361599496681649,30,14,inf
random_addition,42,14,31,0.001818824262030671,0.04264767592765954,0.6422979439007649,31,14,inf
random_addition,42,14,32,0.0017500847118018113,0.041834013814141854,0.6558167202693777,32,14,inf
random_addition,42,14,33,0.0017354506096573003,0.04165873989521647,0.6586947599654247,33,14,inf
random_addition,42,14,34,0.0017860240982644116,0.0422613783289709,0.6487486418953492,34,14,inf
random_addition,42,14,35,0.0020492293672634003,0.04526841467583551,0.596984946049344,35,14,inf
random_addition,42,14,36,0.002045256708479297,0.045224514463720854,0.5977662355037017,36,14,inf
random_addition,42,14,37,0.0017460725108918644,0.041786032485650805,0.6566057863407577,37,14,inf
random_addition,42,14,38,0.0017729817760646193,0.042106790142026014,0.6513136315782808,38,14,inf
random_addition,42,14,39,0.0017567045044124513,0.04191305887682801,0.6545148279001101,39,14,inf
random_addition,42,14,40,0.0018263971294339653,0.042736367761357134,0.640808613514496,40,14,inf
random_addition,42,14,41,0.0016606043477919523,0.040750513466604965,0.6734145227921453,41,14,inf
random_addition,42,14,42,0.0023320213509259737,0.04829100693634348,0.5413691968446647,42,14,inf
random_addition,42,14,43,0.0016837853890448017,0.04103395409956006,0.6688555853006213,43,14,inf
random_addition,42,14,44,0.0018932024481552122,0.04351094630268586,0.627670235957186,44,14,inf
random_addition,42,14,45,0.001964969876003523,0.044327980734560006,0.6135559770712654,45,14,inf
random_addition,42,14,46,0.0018831700605426538,0.043395507377407785,0.6296432719186649,46,14,inf
random_addition,42,14,47,0.0018960507857082817,0.043543665276458775,0.6271100629814528,47,14,inf
random_addition,42,14,48,0.0018987696520701637,0.0435748740912715,0.6265753526698482,48,14,inf
random_addition,42,14,49,0.00232264175219873,0.0481937937103807,0.5432138510095343,49,14,inf
random_addition,42,14,50,0.002131149219586988,0.04616437175557562,0.5808740439554951,50,14,inf
random_addition,42,14,51,0.0025111217839428887,0.05011109441972794,0.5061461164867596,51,14,inf
random_addition,42,14,52,0.0025071766727667107,0.05007171529682911,0.5069219882456305,52,14,inf
random_addition,42,14,53,0.002755728281561668,0.052495031017817946,0.4580401785135203,53,14,inf
random_addition,42,14,54,0.0026762768635709326,0.05173274459731411,0.4736656219214259,54,14,inf
random_addition,42,14,55,0.0026225172750189507,0.051210519183259126,0.4842383395618993,55,14,inf
random_addition,42,14,56,0.002572757111891239,0.05072235317777793,0.49402450364283335,56,14,inf
random_addition,42,14,57,0.002921814869149079,0.05405381456612548,0.4253764874078203,57,14,inf
random_addition,42,14,58,0.002915660116488892,0.05399685283874322,0.42658692193263426,58,14,inf
random_addition,42,14,59,0.0028631667133090935,0.053508566728226736,0.43691062315052764,59,14,inf
random_addition,42,14,60,0.0027847118295279126,0.05277036885912313,0.4523400815239401,60,14,inf
random_addition,42,14,61,0.002367296411414596,0.04865487037712254,0.5344317692277065,61,14,inf
random_addition,42,14,62,0.002397975289421472,0.04896912587969559,0.528398257375591,62,14,inf
random_addition,42,14,63,0.002400800023242613,0.048997959378351795,0.5278427264665042,63,14,inf
random_addition,42,14,64,0.002241297704233079,0.04734234578295713,0.5592115115950942,64,14,inf
random_addition,42,14,65,0.002337430069068788,0.048346975800651566,0.5403054824215978,65,14,inf
random_addition,42,14,66,0.0023147515232310027,0.04811186468253961,0.5447655958282991,66,14,inf
random_addition,42,14,67,0.002392451095590265,0.048912688492765,0.5294846820142789,67,14,inf
random_addition,42,14,68,0.002595217214388024,0.05094327447650008,0.4896073507540051,68,14,inf
random_addition,42,14,69,0.002378474095867396,0.04876960217048521,0.5322334915850215,69,14,inf
random_addition,42,14,70,0.0023706345749168857,0.04868916280772227,0.5337752638284265,70,14,inf
random_addition,42,14,71,0.0022328937596817105,0.04725350526343745,0.5608642871315346,71,14,inf
random_addition,42,14,72,0.0025996772343803787,0.05098703006040241,0.4887302136084253,72,14,inf
random_addition,42,14,73,0.002570733723828567,0.05070240353108092,0.49442243657424056,73,14,inf
random_addition,42,14,74,0.0026734454378002266,0.05170537145984184,0.47422246891374775,74,14,inf
random_addition,42,14,75,0.0026788471481935965,0.05175758058674687,0.47316013268121715,75,14,inf
random_addition,42,14,76,0.0026068086945384527,0.051056916226290563,0.4873276933018813,76,14,inf
random_addition,42,14,77,0.0025573443114374887,0.050570191926049564,0.4970556873188188,77,14,inf
random_addition,42,14,78,0.002795203890872678,0.05286968782651055,0.45027664307411885,78,14,inf
random_addition,42,14,79,0.0026762427003923636,0.05173241440714287,0.4736723406789618,79,14,inf
random_addition,42,14,80,0.0028289629343409882,0.05318799614895252,0.4436373654305076,80,14,inf
random_addition,42,14,81,0.0028411489393735884,0.05330242901945078,0.4412407847674973,81,14,inf
random_addition,42,14,82,0.0027816838019938317,0.05274167045130285,0.45293559352445445,82,14,inf
random_addition,42,14,83,0.0027813728740671375,0.05273872271933724,0.4529967426750342,83,14,inf
random_addition,42,14,84,0.0026960673157144554,0.0519236681650522,0.4697735001971599,84,14,inf
random_addition,42,14,85,0.002696231040829291,0.05192524473538176,0.4697413009289655,85,14,inf
random_addition,42,14,86,0.0029121575317869334,0.05396440986230586,0.4272757634967739,86,14,inf
random_addition,42,14,87,0.0029211707982201036,0.05404785655527982,0.42550315467324984,87,14,inf
random_addition,42,14,88,0.0029722906224270056,0.05451871809229382,0.41544959061653064,88,14,inf
random_addition,42,14,89,0.0026879176572687626,0.05184513147122652,0.47137626613963535,89,14,inf
random_addition,42,14,90,0.0030141673811151424,0.05490143332477889,0.40721382919734117,90,14,inf
random_addition,42,14,91,0.002946185958689112,0.05427878000369124,0.4205835071183912,91,14,inf
random_addition,42,14,92,0.002912774992765847,0.05397013056094868,0.4271543295208098,92,14,inf
random_addition,42,14,93,0.002765012914574601,0.05258339010157676,0.4562142009365856,93,14,inf
random_addition,42,14,94,0.0027206079539817954,0.05215944740870819,0.4649471753292398,94,14,inf
random_addition,42,14,95,0.002811169481678591,0.05302046285801918,0.4471367439770295,95,14,inf
random_addition,42,14,96,0.0036796386671894095,0.06066002528180655,0.27633782744552726,96,14,inf
random_addition,42,14,97,0.003682058400113255,0.06067996704113521,0.27586194670204955,97,14,inf
random_addition,42,14,98,0.0036926172815678012,0.06076690942912764,0.27378536696576294,98,14,inf
random_addition,42,14,99,0.0036692134782091157,0.06057403303569208,0.27838811433212884,99,14,inf
random_addition,42,14,100,0.0036936128812409263,0.06077510083283224,0.2735895657234093,100,14,inf
random_addition,42,14,101,0.003628950051321689,0.06024076735336037,0.28630658720710245,101,14,inf
random_addition,42,14,102,0.0036825563688869024,0.060684070141074936,0.2757640128565839,102,14,inf
random_addition,42,14,103,0.0037676300988369214,0.061381023931154174,0.2590328482474328,103,14,inf
random_addition,42,14,104,0.0037565466949732256,0.06129067380093994,0.26121258404345515,104,14,inf
random_addition,42,14,105,0.0035385613428985663,0.05948580791162348,0.30408303077345733,105,14,inf
random_addition,42,14,106,0.003641163844418362,0.06034205701182519,0.2839045415589029,106,14,inf
random_addition,42,14,107,0.0035560700328467433,0.05963279326718432,0.3006396555530968,107,14,inf
random_addition,42,14,108,0.003600048650313566,0.06000040541791002,0.2919905286304546,108,14,inf
random_addition,42,14,109,0.0035904017746684717,0.05991996140409698,0.2938877472486685,109,14,inf
random_addition,42,14,110,0.003650399119463454,0.06041853291386223,0.28208827104765344,110,14,inf
random_addition,42,14,111,0.0036681212506106224,0.0605650167226149,0.2786029190638807,111,14,inf
random_addition,42,14,112,0.003671127483884334,0.060589829871722976,0.27801169326732145,112,14,inf
random_addition,42,14,113,0.0036556910021138915,0.06046231059192075,0.281047534268288,113,14,inf
random_addition,42,14,114,0.0036344400950228902,0.0602863176435822,0.2852268787597333,114,14,inf
random_addition,42,14,115,0.003483494576524968,0.059021136692925254,0.3149128266838003,115,14,inf
random_addition,42,14,116,0.003480399231260151,0.05899490851980492,0.31552157783622103,116,14,inf
random_addition,42,14,117,0.0035692964266704234,0.05974358900058167,0.2980384651224026,117,14,inf
random_addition,42,14,118,0.0035161254336106987,0.05929692600473231,0.3084954256651804,118,14,inf
random_addition,42,14,119,0.003516118316656524,0.059296865993545764,0.3084968253326439,119,14,inf
random_addition,42,14,120,0.0035940921697519305,0.059950747866493966,0.29316196964786956,120,14,inf
random_addition,42,14,121,0.003592098889567351,0.059934121246309695,0.2935539813640592,121,14,inf
random_addition,42,14,122,0.003548936737718271,0.05957295307199628,0.30204253673710324,122,14,inf
random_addition,42,14,123,0.003469814703202785,0.05890513308025698,0.3176032014037079,123,14,inf
random_addition,42,14,124,0.0034375736044395836,0.05863082469520264,0.3239439499626806,124,14,inf
random_addition,42,14,125,0.003515791603226023,0.05929411103327229,0.3085610789652159,125,14,inf
random_addition,42,14,126,0.003285333924466332,0.05731783251716984,0.35388441627552947,126,14,inf
random_addition,42,14,127,0.0032856749167393855,0.05732080701402751,0.35381735447097185,127,14,inf
random_addition,42,14,128,0.0033756044094325893,0.05809995188838446,0.3361312233191883,128,14,inf
random_addition,42,14,129,0.0034066099912851886,0.058366171634647995,0.33003345971950704,129,14,inf
random_addition,42,14,130,0.0036886111500723648,0.06073393738324862,0.2745732393857854,130,14,inf
random_addition,42,14,131,0.0037194644743150833,0.060987412425147894,0.2685054197786315,131,14,inf
random_addition,42,14,132,0.003742549990275931,0.061176384253042705,0.26396526892530636,132,14,inf
random_addition,42,14,133,0.00337296453515419,0.05807722905885051,0.33665039852315926,133,14,inf
random_addition,42,14,134,0.0033830191328172894,0.05816372695088658,0.33467299458566957,134,14,inf
random_addition,42,14,135,0.003368166282633648,0.058035905116002526,0.3375940547235472,135,14,inf
random_addition,42,14,136,0.0033476423984757885,0.05785881435421736,0.3416304180576344,136,14,inf
random_addition,42,14,137,0.0033047491511303873,0.05748694765884155,0.3500660888854982,137,14,inf
random_addition,42,14,138,0.0031738928537209943,0.05633731315674359,0.3758011572007919,138,14,inf
random_addition,42,14,139,0.0032778323536194745,0.0572523567516611,0.3553597250076108,139,14,inf
random_addition,42,14,140,0.003268323516794075,0.05716925324677658,0.35722979599498583,140,14,inf
random_addition,42,14,141,0.003348500102945512,0.05786622592623016,0.3414617362015858,141,14,inf
random_addition,42,14,142,0.003314652565709638,0.05757301942498446,0.3481184176171118,142,14,inf
random_addition,42,14,143,0.003359754374185027,0.057963388222092634,0.3392483964929003,143,14,inf
random_addition,42,14,144,0.0033569285786616797,0.05793900740141895,0.33980413620339267,144,14,inf
random_addition,42,14,145,0.0027692450696195185,0.05262361703284485,0.4553818772245588,145,14,inf
random_addition,42,14,146,0.002750067020652308,0.05244108142146106,0.45915355967390326,146,14,inf
random_addition,42,14,147,0.0027657024826510104,0.052589946592965946,0.45607858590004724,147,14,inf
random_addition,42,14,148,0.0027297268565384092,0.05224678800211942,0.4631537914042708,148,14,inf
random_addition,42,14,149,0.002714532594660253,0.05210117651896407,0.4661419958329157,149,14,inf
random_addition,42,14,150,0.0026800483819562917,0.05176918370958047,0.47292389007342817,150,14,inf
random_addition,42,15,10,0.00962854819961681,0.0981251659851682,-0.8936142210947935,10,10,inf
random_addition,42,15,11,0.009635286490911618,0.09815949516430705,-0.8949394182021035,11,11,inf
random_addition,42,15,12,0.009247544795090065,0.09616415545872622,-0.8186835617534309,12,12,inf
random_addition,42,15,13,0.00973647914101478,0.09867359900710412,-0.9148406366758548,13,13,inf
random_addition,42,15,14,0.024416777913756918,0.15625868908242166,-3.801965668369758,14,14,inf
random_addition,42,15,15,0.018951287174011584,0.13766367412651598,-2.727085969428691,15,14,inf
random_addition,42,15,16,0.01832067180295357,0.13535387620217446,-2.603064963362174,16,14,inf
random_addition,42,15,17,0.012453216534318478,0.11159398072619543,-1.449132251183701,17,14,inf
random_addition,42,15,18,0.011147104397627377,0.10557984844480209,-1.192263565987608,18,14,inf
random_addition,42,15,19,0.00921604638809053,0.09600024160433415,-0.8124888758880662,19,14,inf
random_addition,42,15,20,0.010958980148279633,0.10468514769669876,-1.1552658019932558,20,14,inf
random_addition,42,15,21,0.016093672116022854,0.12686083759782943,-2.1650884179767043,21,14,inf
random_addition,42,15,22,0.016014302294079494,0.126547628559683,-2.1494790217892614,22,14,inf
random_addition,42,15,23,0.015721290255279716,0.12538456944648219,-2.0918533286816214,23,14,inf
random_addition,42,15,24,0.02698201006869045,0.16426201651231015,-4.306461256727003,24,14,inf
random_addition,42,15,25,0.024665296946883894,0.15705189252881957,-3.8508410715547052,25,14,inf
random_addition,42,15,26,0.021157774163409748,0.14545712139118439,-3.1610283515160846,26,14,inf
random_addition,42,15,27,0.016311120190228814,0.12771499594890498,-2.207853200073601,27,14,inf
random_addition,42,15,28,0.015847410832201248,0.12588649980121477,-2.1166570387612778,28,14,inf
random_addition,42,15,29,0.01610998316224773,0.12692510847837685,-2.1682962566302604,29,14,inf
random_addition,42,15,30,0.01611033311869016,0.12692648706511245,-2.1683650813878885,30,14,inf
random_addition,42,15,31,0.012430177493859511,0.11149070586313242,-1.4446012405111661,31,14,inf
random_addition,42,15,32,0.0073386795722710065,0.08566609348085745,-0.4432734524466817,32,14,inf
random_addition,42,15,33,0.0073269831734733264,0.08559779888217528,-0.4409731609967449,33,14,inf
random_addition,42,15,34,0.005858205095010744,0.07653891229309928,-0.1521135116137029,34,14,inf
random_addition,42,15,35,0.006116347219927008,0.07820707909087903,-0.20288145592586004,35,14,inf
random_addition,42,15,36,0.006201733192671659,0.07875108375553735,-0.21967402827625016,36,14,inf
random_addition,42,15,37,0.0056430275144532475,0.07512008728997356,-0.10979525987346017,37,14,inf
random_addition,42,15,38,0.004873621488110496,0.06981132779220359,0.04152123801109653,38,14,inf
random_addition,42,15,39,0.004773567760496443,0.06909101070686724,0.061198468425859964,39,14,inf
random_addition,42,15,40,0.004980807828624345,0.07057483849520553,0.02044126058394813,40,14,inf
random_addition,42,15,41,0.005024246572637579,0.07088191992770497,0.011898308759369813,41,14,inf
random_addition,42,15,42,0.005013671654417742,0.07080728532021081,0.013978042392400192,42,14,inf
random_addition,42,15,43,0.005922839664813976,0.0769599874273247,-0.16482497527533946,43,14,inf
random_addition,42,15,44,0.005981735307911797,0.07734167898301535,-0.17640778350545205,44,14,inf
random_addition,42,15,45,0.005684139721211462,0.07539323392196054,-0.11788065943359749,45,14,inf
random_addition,42,15,46,0.005259243521208629,0.07252064203527592,-0.03431775149213623,46,14,inf
random_addition,42,15,47,0.0051587012095430035,0.07182409908619114,-0.014544432893663695,47,14,inf
random_addition,42,15,48,0.005186412035839122,0.07201674830092734,-0.019994227988910485,48,14,inf
random_addition,42,15,49,0.005126119621074279,0.07159692466212693,-0.008136721368400712,49,14,inf
random_addition,42,15,50,0.005489689988744247,0.07409244218369541,-0.07963888392868301,50,14,inf
random_addition,42,15,51,0.005419924183574598,0.07362013436264972,-0.06591827744923129,51,14,inf
random_addition,42,15,52,0.005229254542397411,0.07231358477075667,-0.028419919796669246,52,14,inf
random_addition,42,15,53,0.005091557913733035,0.07135515337894688,-0.0013395865179670619,53,14,inf
random_addition,42,15,54,0.005653548804929085,0.07519008448544984,-0.11186444671827522,54,14,inf
random_addition,42,15,55,0.005449925430230411,0.07382361024923131,-0.07181852182047299,55,14,inf
random_addition,42,15,56,0.00544248136234722,0.07377317508652599,-0.07035452200303771,56,14,inf
random_addition,42,15,57,0.005714828088446415,0.07559648198458983,-0.12391603750031388,57,14,inf
random_addition,42,15,58,0.005516444326508077,0.07427276975115495,-0.08490056963822523,58,14,inf
random_addition,42,15,59,0.005532707903416054,0.07438217463489524,-0.08809907266073069,59,14,inf
random_addition,42,15,60,0.005487653146475856,0.07407869563157721,-0.07923830500384521,60,14,inf
random_addition,42,15,61,0.005425499132748151,0.07365798756922531,-0.06701468397055299,61,14,inf
random_addition,42,15,62,0.0053737243978945045,0.07330569144271476,-0.056832320837533645,62,14,inf
random_addition,42,15,63,0.005641534766837354,0.07511015089079075,-0.10950168621569167,63,14,inf
random_addition,42,15,64,0.005079356525794889,0.07126960450146254,0.001060019449388272,64,14,inf
random_addition,42,15,65,0.0046407979981294475,0.06812340271983959,0.08730985146484449,65,14,inf
random_addition,42,15,66,0.004604170194978627,0.06785403595202445,0.09451331843576483,66,14,inf
random_addition,42,15,67,0.004443332669017806,0.06665832782944534,0.12614469422897479,67,14,inf
random_addition,42,15,68,0.00436205474803145,0.06604585337499584,0.14212934984371295,68,14,inf
random_addition,42,15,69,0.004334730698208493,0.06583867175306997,0.14750307890960823,69,14,inf
random_addition,42,15,70,0.004279346429255586,0.06541671368431455,0.15839531698536902,70,14,inf
random_addition,42,15,71,0.004341863225184569,0.06589281618799252,0.14610034879555234,71,14,inf
random_addition,42,15,72,0.004403427590986055,0.06635832721660527,0.13399269183860696,72,14,inf
random_addition,42,15,73,0.004874163774331639,0.06981521162563098,0.04141458840214507,73,14,inf
random_addition,42,15,74,0.0048693122008807346,0.06978045715585944,0.04236873105074124,74,14,inf
random_addition,42,15,75,0.004627468934850257,0.06802550209186446,0.08993123355236954,75,14,inf
random_addition,42,15,76,0.004644254563741844,0.06814876788131861,0.08663006032041831,76,14,inf
random_addition,42,15,77,0.004754753762581198,0.06895472255459519,0.06489855417807888,77,14,inf
random_addition,42,15,78,0.004591785819024986,0.06776271702806039,0.0969489120412611,78,14,inf
random_addition,42,15,79,0.004534892977419965,0.06734161400961493,0.1081378360314893,79,14,inf
random_addition,42,15,80,0.004868361689383923,0.06977364609495423,0.04255566495296215,80,14,inf
random_addition,42,15,81,0.004817230057201206,0.06940626814057363,0.05261155124460837,81,14,inf
random_addition,42,15,82,0.004729600477697747,0.06877209083412941,0.06984536619740778,82,14,inf
random_addition,42,15,83,0.004929629143483381,0.07021131777344292,0.030506400622787866,83,14,inf
random_addition,42,15,84,0.004970247293807878,0.07049998080714545,0.02251816548136809,84,14,inf
random_addition,42,15,85,0.003969732127160432,0.0630058102650893,0.21928612142928883,85,14,inf
random_addition,42,15,86,0.0041841074482947445,0.06468467707498234,0.17712564735409508,86,14,inf
random_addition,42,15,87,0.0041438844176301835,0.06437301000908831,0.1850361756396548,87,14,inf
random_addition,42,15,88,0.0045267683064290545,0.06728126266969917,0.10973568777519427,88,14,inf
random_addition,42,15,89,0.004618874190926395,0.06796229977661435,0.09162153296028464,89,14,inf
random_addition,42,15,90,0.004612492988122923,0.06791533691385859,0.09287650267387293,90,14,inf
random_addition,42,15,91,0.0046301058317851345,0.06804488101088232,0.08941264389254489,91,14,inf
random_addition,42,15,92,0.004750548259187324,0.06892422113587736,0.0657256363994485,92,14,inf
random_addition,42,15,93,0.004739975467754673,0.06884747974875095,0.06780495176438928,93,14,inf
random_addition,42,15,94,0.004760223399913271,0.06899437223363418,0.06382285898275797,94,14,inf
random_addition,42,15,95,0.004690055317279106,0.06848397854446765,0.07762258001944522,95,14,inf
random_addition,42,15,96,0.004760082001814791,0.06899334751854552,0.06385066727166788,96,14,inf
random_addition,42,15,97,0.00465233245977722,0.06820800876566636,0.08504140765004753,97,14,inf
random_addition,42,15,98,0.004769253844133375,0.06905978456477674,0.06204687186159741,98,14,inf
random_addition,42,15,99,0.004582157763887966,0.06769163732609787,0.09884242929339182,99,14,inf
random_addition,42,15,100,0.004627572640602871,0.06802626434402283,0.0899108380904694,100,14,inf
random_addition,42,15,101,0.0044820995055971456,0.06694848396787746,0.11852055074113133,101,14,inf
random_addition,42,15,102,0.004430924075247532,0.06656518666125359,0.12858505067109272,102,14,inf
random_addition,42,15,103,0.004310214578183541,0.06565222447246963,0.15232458185718278,103,14,inf
random_addition,42,15,104,0.004290432884797227,0.06550139605227684,0.1562149810260992,104,14,inf
random_addition,42,15,105,0.004237228577746442,0.06509399801630288,0.16667849331955897,105,14,inf
random_addition,42,15,106,0.00436327088952657,0.06605505953011147,0.14189017538228021,106,14,inf
random_addition,42,15,107,0.004478465671053681,0.06692133942961453,0.11923520477058125,107,14,inf
random_addition,42,15,108,0.004510187390178316,0.06715792872162092,0.11299660085993435,108,14,inf
random_addition,42,15,109,0.0044912413894634805,0.06701672469961122,0.1167226471592,109,14,inf
random_addition,42,15,110,0.004494507876963125,0.06704109095892702,0.11608023803851841,110,14,inf
random_addition,42,15,111,0.0045664983048671216,0.06757587072962598,0.10192212248095889,111,14,inf
random_addition,42,15,112,0.004566554939692228,0.06757628977453725,0.10191098430020651,112,14,inf
random_addition,42,15,113,0.004541755666922323,0.06739254904603567,0.1067881739466966,113,14,inf
random_addition,42,15,114,0.004515837487138726,0.06719998130311292,0.11188541527587881,114,14,inf
random_addition,42,15,115,0.00442441977646204,0.06651631210809902,0.12986422925784447,115,14,inf
random_addition,42,15,116,0.004415096959800691,0.06644619597690067,0.1316977162846108,116,14,inf
random_addition,42,15,117,0.00441241215976277,0.0664259900924538,0.1322257268867496,117,14,inf
random_addition,42,15,118,0.0043054047771869984,0.0656155833410555,0.15327050925754115,118,14,inf
random_addition,42,15,119,0.004430449719322464,0.06656162347270733,0.12867834065697092,119,14,inf
random_addition,42,15,120,0.0045741053072347135,0.06763213220973233,0.10042607888596011,120,14,inf
random_addition,42,15,121,0.004281618855500579,0.06543408022965234,0.15794840655144915,121,14,inf
random_addition,42,15,122,0.004216277334770277,0.06493286790809626,0.17079890387645458,122,14,inf
random_addition,42,15,123,0.0039494866292445075,0.06284494115873215,0.22326773547659284,123,14,inf
random_addition,42,15,124,0.003970947050366174,0.06301545088600234,0.21904718656473432,124,14,inf
random_addition,42,15,125,0.003782789037815918,0.06150438226513553,0.25605159065467564,125,14,inf
random_addition,42,15,126,0.003711962990615922,0.06092588112301636,0.2699807113716681,126,14,inf
random_addition,42,15,127,0.0037381832717477753,0.0611406842597282,0.26482405678542875,127,14,inf
random_addition,42,15,128,0.0028492582025002153,0.05337844323788598,0.43964596323668836,128,14,inf
random_addition,42,15,129,0.0031592559906294592,0.056207259234279154,0.37867973988301296,129,14,inf
random_addition,42,15,130,0.003124493661500059,0.05589717042480826,0.38551633034640487,130,14,inf
random_addition,42,15,131,0.003104115611773623,0.05571459065427676,0.3895240129128891,131,14,inf
random_addition,42,15,132,0.0031388739338094997,0.05602565424704561,0.3826882105111159,132,14,inf
random_addition,42,15,133,0.0031901225909865124,0.05648117023386212,0.3726093093070626,133,14,inf
random_addition,42,15,134,0.003082571070592393,0.05552090660816332,0.3937611054342063,134,14,inf
random_addition,42,15,135,0.0030022778831689844,0.054793045938047506,0.4095520968079679,135,14,inf
random_addition,42,15,136,0.002941250290402949,0.05423329503545722,0.42155418841566683,136,14,inf
random_addition,42,15,137,0.002792432962703585,0.052843476065675174,0.45082159220641227,137,14,inf
random_addition,42,15,138,0.002777701632737718,0.0527039052892451,0.4537187533713858,138,14,inf
random_addition,42,15,139,0.002777806644332633,0.05270490152094616,0.4536981010938681,139,14,inf
random_addition,42,15,140,0.0028306957450976605,0.053204283146168416,0.44329657936148925,140,14,inf
random_addition,42,15,141,0.002799536171517314,0.05291064327257148,0.449424627996832,141,14,inf
random_addition,42,15,142,0.0028370683244357928,0.05326413731992468,0.44204330559585314,142,14,inf
random_addition,42,15,143,0.002835869419404444,0.05325288179436343,0.4422790902198731,143,14,inf
random_addition,42,15,144,0.0028144282923291348,0.05305118558834604,0.4464958446364654,144,14,inf
random_addition,42,15,145,0.0029165877502304156,0.05400544185756113,0.42640448732167324,145,14,inf
random_addition,42,15,146,0.0029412929661717596,0.05423368848024039,0.42154579551561167,146,14,inf
random_addition,42,15,147,0.0029048862074949255,0.05389699627525569,0.4287057904125747,147,14,inf
random_addition,42,15,148,0.0031105297180507693,0.05577212312661917,0.38826257218369364,148,14,inf
random_addition,42,15,149,0.002926948526442711,0.054101280266207294,0.42436686827771763,149,14,inf
random_addition,42,15,150,0.0026800483819562917,0.05176918370958047,0.47292389007342817,150,14,inf
random_addition,42,16,10,0.00962854819961681,0.0981251659851682,-0.8936142210947935,10,10,inf
random_addition,42,16,11,0.009810639653811749,0.09904867315523086,-0.9294255355375138,11,11,inf
random_addition,42,16,12,0.015707896334071235,0.1253311467037274,-2.0892191912030746,12,12,inf
random_addition,42,16,13,0.015310182191943586,0.12373432099439341,-2.011002087248254,13,13,inf
random_addition,42,16,14,0.013301962374777787,0.11533413360656847,-1.6160522437172338,14,14,inf
random_addition,42,16,15,0.011962393819421534,0.10937272886520448,-1.3526037970807034,15,14,inf
random_addition,42,16,16,0.015487821511726948,0.12445007638296952,-2.0459378153760692,16,14,inf
random_addition,42,16,17,0.008043670096100323,0.08968651011216973,-0.5819215698973883,17,14,inf
random_addition,42,16,18,0.006409217436067598,0.08005758824788314,-0.2604792572476624,18,14,inf
random_addition,42,16,19,0.007933079112135233,0.0890678343294325,-0.5601720126827818,19,14,inf
random_addition,42,16,20,0.010553244992567896,0.10272898808305227,-1.0754712322486255,20,14,inf
random_addition,42,16,21,0.004144437235386819,0.06437730372877401,0.1849274548290054,21,14,inf
random_addition,42,16,22,0.0037925966844803843,0.061584061935539655,0.2541227537402958,22,14,inf
random_addition,42,16,23,0.0064019990082122375,0.08001249282588462,-0.2590596332963173,23,14,inf
random_addition,42,16,24,0.00758580800993668,0.08709654419055145,-0.49187537189485786,24,14,inf
random_addition,42,16,25,0.006996176280371716,0.08364314843650804,-0.3759144808897765,25,14,inf
random_addition,42,16,26,0.011259154753989937,0.10610916432613131,-1.2143001330679213,26,14,inf
random_addition,42,16,27,0.01258898887579328,0.11220066343740255,-1.4758341413667146,27,14,inf
random_addition,42,16,28,0.005871339202193796,0.07662466445077457,-0.15469655234088142,28,14,inf
random_addition,42,16,29,0.006497977544916936,0.08061003377320304,-0.27793540960817253,29,14,inf
random_addition,42,16,30,0.006831122131907959,0.08265060273166772,-0.3434538361173798,30,14,inf
random_addition,42,16,31,0.00583045449231072,0.07635741281834213,-0.1466558938267546,31,14,inf
random_addition,42,16,32,0.005822303868699292,0.07630402262462506,-0.14505293806837738,32,14,inf
random_addition,42,16,33,0.0059832049226457,0.07735117919363414,-0.1766968076970492,33,14,inf
random_addition,42,16,34,0.004832906449772384,0.06951910852256654,0.0495285277925962,34,14,inf
random_addition,42,16,35,0.004138607737720503,0.06433201176490988,0.186073922547079,35,14,inf
random_addition,42,16,36,0.004158075525122095,0.06448314140240141,0.18224525821340798,36,14,inf
random_addition,42,16,37,0.004172279408752302,0.06459318391867909,0.17945182814697214,37,14,inf
random_addition,42,16,38,0.0036233924406270613,0.06019462135961203,0.28739958382803377,38,14,inf
random_addition,42,16,39,0.006019022952719563,0.07758236238166226,-0.18374101931787967,39,14,inf
random_addition,42,16,40,0.0058894070888494045,0.07674247252238753,-0.1582499028987101,40,14,inf
random_addition,42,16,41,0.005175047039481867,0.07193779979594779,-0.017759112343371575,41,14,inf
random_addition,42,16,42,0.005301659013901108,0.07281249215554367,-0.04265946391773512,42,14,inf
random_addition,42,16,43,0.0043246809974006005,0.06576230681325436,0.1494795197990385,43,14,inf
random_addition,42,16,44,0.00502673089742845,0.0708994421517437,0.011409724950442235,44,14,inf
random_addition,42,16,45,0.00453882092057395,0.06737077200518003,0.10736534064985592,45,14,inf
random_addition,42,16,46,0.00437628984830568,0.06615353239476846,0.1393297805047896,46,14,inf
random_addition,42,16,47,0.004625150848214738,0.06800846159276606,0.09038712386186853,47,14,inf
random_addition,42,16,48,0.0048382120315784895,0.06955725721719115,0.048485096846316855,48,14,inf
random_addition,42,16,49,0.00543338898219497,0.07371152543663012,-0.06856635415021595,49,14,inf
random_addition,42,16,50,0.005462792834080678,0.07391070852103014,-0.07434911089935459,50,14,inf
random_addition,42,16,51,0.00551102497037652,0.07423627799382536,-0.08383476307765747,51,14,inf
random_addition,42,16,52,0.0055667382881026,0.07461057758858726,-0.09479171406998632,52,14,inf
random_addition,42,16,53,0.004575469531953819,0.0676422170833705,0.10015778139444731,53,14,inf
random_addition,42,16,54,0.004533833230242972,0.06733374510780588,0.10834625294788369,54,14,inf
random_addition,42,16,55,0.004083156816981818,0.06389958385609266,0.1969792688055888,55,14,inf
random_addition,42,16,56,0.004067803565464415,0.06377933494059353,0.19999874119235606,56,14,inf
random_addition,42,16,57,0.0040674949561600275,0.06377691554285161,0.2000594343472777,57,14,inf
random_addition,42,16,58,0.004149396769327692,0.0644158114854396,0.18395207995361007,58,14,inf
random_addition,42,16,59,0.004210149190555132,0.06488566244213842,0.1720041054077902,59,14,inf
random_addition,42,16,60,0.004449590966009399,0.06670525441079884,0.12491389598842717,60,14,inf
random_addition,42,16,61,0.004446311588740331,0.06668066877844231,0.12555884009674967,61,14,inf
random_addition,42,16,62,0.004944540593549997,0.07031742738148201,0.027573815842829807,62,14,inf
random_addition,42,16,63,0.005027706478589736,0.0709063218520728,0.011217860681546843,63,14,inf
random_addition,42,16,64,0.005004428957490073,0.07074198864528812,0.015795772540357467,64,14,inf
random_addition,42,16,65,0.004988876389746641,0.07063197852068595,0.018854443779566243,65,14,inf
random_addition,42,16,66,0.005029344420895883,0.0709178709557463,0.010895732071921516,66,14,inf
random_addition,42,16,67,0.0049754887592487786,0.0705371445356897,0.02148734408519315,67,14,inf
random_addition,42,16,68,0.004968465003415684,0.07048733931292685,0.022868682544045726,68,14,inf
random_addition,42,16,69,0.005013372605016485,0.07080517357521614,0.014036855433295914,69,14,inf
random_addition,42,16,70,0.004894726717787463,0.06996232355909475,0.03737054340717194,70,14,inf
random_addition,42,16,71,0.004932578587774743,0.07023231868431187,0.029926343324568005,71,14,inf
random_addition,42,16,72,0.004368635137764731,0.06609565142855263,0.1408352067059362,72,14,inf
random_addition,42,16,73,0.0043529020703974184,0.06597652666211991,0.1439293761996685,73,14,inf
random_addition,42,16,74,0.004353406506433608,0.06598034939611648,0.1438301704594096,74,14,inf
random_addition,42,16,75,0.004666072028131191,0.06830865265931682,0.08233929290882225,75,14,inf
random_addition,42,16,76,0.004768401489524223,0.06905361315328998,0.06221450157854391,76,14,inf
random_addition,42,16,77,0.006582643950585322,0.08113349462820717,-0.29458646711952396,77,14,inf
random_addition,42,16,78,0.006706175483013457,0.08189124179674806,-0.3188809985182304,78,14,inf
random_addition,42,16,79,0.0064697657320754,0.08043485396316326,-0.27238708717242655,79,14,inf
random_addition,42,16,80,0.006494689854557444,0.0805896386302696,-0.2772888305922896,80,14,inf
random_addition,42,16,81,0.0069704092922150155,0.08348897707011996,-0.3708469739098301,81,14,inf
random_addition,42,16,82,0.006775440398381289,0.08231306335194487,-0.33250309668342126,82,14,inf
random_addition,42,16,83,0.006658290314863001,0.08159834750081034,-0.3094635833992172,83,14,inf
random_addition,42,16,84,0.006009897842686714,0.0775235308966685,-0.18194641458941763,84,14,inf
random_addition,42,16,85,0.005987355894049426,0.07737800652672196,-0.17751316529515182,85,14,inf
random_addition,42,16,86,0.005978560366300006,0.07732115083403768,-0.17578337840692715,86,14,inf
random_addition,42,16,87,0.005872666462515394,0.0766333247518036,-0.1549575801685421,87,14,inf
random_addition,42,16,88,0.005929946263665445,0.07700614432410861,-0.16622260619225093,88,14,inf
random_addition,42,16,89,0.005936836048467625,0.07705086663021789,-0.16757759701861574,89,14,inf
random_addition,42,16,90,0.005491837181481199,0.07410693072500843,-0.08006116510937922,90,14,inf
random_addition,42,16,91,0.005480086388034845,0.07402760558085643,-0.07775017604666146,91,14,inf
random_addition,42,16,92,0.0056582894183537,0.07522160207250109,-0.11279676723134302,92,14,inf
random_addition,42,16,93,0.005012103512402698,0.07079621114440163,0.014286443613313549,93,14,inf
random_addition,42,16,94,0.004925865605532663,0.07018451115119818,0.0312465629855202,94,14,inf
random_addition,42,16,95,0.00507869454630962,0.07126496015791786,0.0011902087304085374,95,14,inf
random_addition,42,16,96,0.0049758015284965835,0.07053936155435903,0.02142583280817767,96,14,inf
random_addition,42,16,97,0.005220910359687071,0.07225586730285002,-0.026778897420695502,97,14,inf
random_addition,42,16,98,0.0052674502807948265,0.07257720221112705,-0.0359317473240468,98,14,inf
random_addition,42,16,99,0.0053411134651408215,0.07308292184321055,-0.05041883827034899,99,14,inf
random_addition,42,16,100,0.005094054479431016,0.07137264517608281,-0.0018305777049647531,100,14,inf
random_addition,42,16,101,0.005175154968556707,0.0719385499475539,-0.017780338391862882,101,14,inf
random_addition,42,16,102,0.005171801976842032,0.0719152416170733,-0.01712091677787808,102,14,inf
random_addition,42,16,103,0.005063601099275163,0.07115898467006934,0.004158586242495654,103,14,inf
random_addition,42,16,104,0.004956155474054051,0.07039996785549019,0.0252895563217872,104,14,inf
random_addition,42,16,105,0.004020274887449665,0.06340563766298439,0.20934604659423872,105,14,inf
random_addition,42,16,106,0.00401824064619517,0.06338959414758207,0.20974611398641352,106,14,inf
random_addition,42,16,107,0.003529378166020779,0.05940856980285571,0.30588905531320043,107,14,inf
random_addition,42,16,108,0.003604112597455093,0.06003426186316521,0.2911912858015846,108,14,inf
random_addition,42,16,109,0.003428452829214878,0.05855299163334764,0.3257377021789908,109,14,inf
random_addition,42,16,110,0.0034921939093772265,0.05909478749752153,0.3132019581227715,110,14,inf
random_addition,42,16,111,0.0034590456361355175,0.058813651783710195,0.3197211176381941,111,14,inf
random_addition,42,16,112,0.003465011510068997,0.05886434837887019,0.3185478292579017,112,14,inf
random_addition,42,16,113,0.0034120993606860826,0.05841317797112294,0.32895388388451363,113,14,inf
random_addition,42,16,114,0.0033580565010557935,0.05794874028877413,0.3395823114961257,114,14,inf
random_addition,42,16,115,0.0033417228812994337,0.057807636876968375,0.34279458961026854,115,14,inf
random_addition,42,16,116,0.003295869476491146,0.05740966361590308,0.3518124246597981,116,14,inf
random_addition,42,16,117,0.003270953315423612,0.057192248735502715,0.3567126023350211,117,14,inf
random_addition,42,16,118,0.0032869842849586285,0.057332227280637096,0.35355984542296115,118,14,inf
random_addition,42,16,119,0.0032537756577845746,0.05704187635224296,0.3600908745434599,119,14,inf
random_addition,42,16,120,0.0032390299120584423,0.0569124758911299,0.36299087080756576,120,14,inf
random_addition,42,16,121,0.003181948242598076,0.0564087603355904,0.37421693093761565,121,14,inf
random_addition,42,16,122,0.0025464500247374434,0.05046236245695839,0.49919823007772723,122,14,inf
random_addition,42,16,123,0.0025004766355252645,0.050004766128092876,0.508239662056805,123,14,inf
random_addition,42,16,124,0.002545601205251861,0.050453951334378765,0.49936516455379965,124,14,inf
random_addition,42,16,125,0.0025330365731281463,0.05032928146842697,0.5018362085345773,125,14,inf
random_addition,42,16,126,0.0026086898167219227,0.05107533471962688,0.48695773932290276,126,14,inf
random_addition,42,16,127,0.002637247990555585,0.051354142876262526,0.4813412992346584,127,14,inf
random_addition,42,16,128,0.0026494842544822475,0.05147314109787985,0.4789348343238301,128,14,inf
random_addition,42,16,129,0.0026888503493576223,0.051854125673446876,0.4711928367205005,129,14,inf
random_addition,42,16,130,0.0026912165092250603,0.051876936197360966,0.4707274920100132,130,14,inf
random_addition,42,16,131,0.0026401019056191037,0.05138192197280191,0.48078002934868636,131,14,inf
random_addition,42,16,132,0.0029409884210847177,0.054230880696192994,0.42160568937456433,132,14,inf
random_addition,42,16,133,0.0030270492901754765,0.05501862675654016,0.4046803874275352,133,14,inf
random_addition,42,16,134,0.0030705759934216686,0.05541277825034284,0.396120136956167,134,14,inf
random_addition,42,16,135,0.0030779248681039144,0.055479048911313486,0.3946748584656986,135,14,inf
random_addition,42,16,136,0.0032070314292034522,0.05663065803258384,0.3692839049110954,136,14,inf
random_addition,42,16,137,0.00326938663002253,0.05717855043652759,0.35702071708856087,137,14,inf
random_addition,42,16,138,0.00322603774799409,0.05679821958472017,0.3655459960585391,138,14,inf
random_addition,42,16,139,0.0031650596128773175,0.05625886252740378,0.3775383609965425,139,14,inf
random_addition,42,16,140,0.0031574807771320794,0.056191465340673215,0.37902886515656686,140,14,inf
random_addition,42,16,141,0.003121869298851692,0.05587369057840812,0.38603245493021865,141,14,inf
random_addition,42,16,142,0.0030831949916526337,0.05552652511775461,0.3936384009757544,142,14,inf
random_addition,42,16,143,0.0031059680813397264,0.05573121281059409,0.38915969394789096,143,14,inf
random_addition,42,16,144,0.0031181346531279396,0.05584026014559692,0.38676693515575566,144,14,inf
random_addition,42,16,145,0.0031690909038057337,0.05629467917845996,0.37674554055537535,145,14,inf
random_addition,42,16,146,0.0031699868836727366,0.056302636560579794,0.3765693312055546,146,14,inf
random_addition,42,16,147,0.002640749697786179,0.05138822528348473,0.4806526302398636,147,14,inf
random_addition,42,16,148,0.0026286504408344472,0.05127036610786437,0.4830321504492957,148,14,inf
random_addition,42,16,149,0.002646842403496522,0.051447472275093574,0.47945439828018876,149,14,inf
random_addition,42,16,150,0.0026800483819562917,0.05176918370958047,0.47292389007342817,150,14,inf
random_addition,42,17,10,0.00962854819961681,0.0981251659851682,-0.8936142210947935,10,10,inf
random_addition,42,17,11,0.010065664227480701,0.10032778392589313,-0.9795803615212881,11,11,inf
random_addition,42,17,12,0.007066545108772554,0.0840627450704089,-0.38975368192186033,12,12,inf
random_addition,42,17,13,0.007765490264968216,0.08812201918344935,-0.5272128772333717,13,13,inf
random_addition,42,17,14,0.00803872914266313,0.08965896019173504,-0.5809498491872183,14,14,inf
random_addition,42,17,15,0.006988428152157259,0.08359681903133193,-0.37439068254867824,15,14,inf
random_addition,42,17,16,0.008199750382382904,0.09055247308816532,-0.6126173553480965,16,14,inf
random_addition,42,17,17,0.010643936780744722,0.10316945662716617,-1.0933072814917493,17,14,inf
random_addition,42,17,18,0.008098582464737342,0.0899921244595178,-0.5927210009236772,18,14,inf
random_addition,42,17,19,0.008096522030956248,0.08998067587519137,-0.5923157823353069,19,14,inf
random_addition,42,17,20,0.007284988226320223,0.0853521424823081,-0.43271415584928086,20,14,inf
random_addition,42,17,21,0.007084786125537268,0.08417117158230167,-0.3933410813965046,21,14,inf
random_addition,42,17,22,0.008565853205462224,0.09255189466165575,-0.6846175674043171,22,14,inf
random_addition,42,17,23,0.00812815746626296,0.09015629465690657,-0.5985374170974089,23,14,inf
random_addition,42,17,24,0.007146054670840693,0.08453434018693641,-0.40539056033009624,24,14,inf
random_addition,42,17,25,0.008445791977052976,0.09190099007656542,-0.6610055290362786,25,14,inf
random_addition,42,17,26,0.008974302035958625,0.0947327928225418,-0.7649458264505047,26,14,inf
random_addition,42,17,27,0.00906395064767564,0.09520478269328511,-0.7825767176845022,27,14,inf
random_addition,42,17,28,0.007740492138032559,0.08798006670850256,-0.5222965796062822,28,14,inf
random_addition,42,17,29,0.008475621707115433,0.09206313978523345,-0.6668720418154259,29,14,inf
random_addition,42,17,30,0.007541218512393433,0.08684018949998573,-0.48310610524023123,30,14,inf
random_addition,42,17,31,0.007476685404890269,0.08646782872774283,-0.4704145958282211,31,14,inf
random_addition,42,17,32,0.008278794867027251,0.09098788307806294,-0.6281627685421234,32,14,inf
random_addition,42,17,33,0.013440070729518286,0.11593131901914291,-1.6432135497798677,33,14,inf
random_addition,42,17,34,0.014106716312928733,0.11877169828258217,-1.7743204966429782,34,14,inf
random_addition,42,17,35,0.011989146775611994,0.10949496232983504,-1.3578652110808536,35,14,inf
random_addition,42,17,36,0.012441843212163364,0.11154301059305942,-1.446895498131473,36,14,inf
random_addition,42,17,37,0.013292670177809293,0.11529384275757874,-1.614224778562575,37,14,inf
random_addition,42,17,38,0.013348235789535052,0.11553456534533313,-1.6251526807121341,38,14,inf
random_addition,42,17,39,0.012525287453975506,0.11191643067027962,-1.463306196783865,39,14,inf
random_addition,42,17,40,0.012630294063044004,0.11238458107340173,-1.4839574937518716,40,14,inf
random_addition,42,17,41,0.012550383274091359,0.11202849313496704,-1.4682417074004404,41,14,inf
random_addition,42,17,42,0.012547719851776457,0.11201660525018806,-1.4677179010832555,42,14,inf
random_addition,42,17,43,0.012440660266796367,0.11153770782473686,-1.4466628522410145,43,14,inf
random_addition,42,17,44,0.009299572660420788,0.09643429193197194,-0.8289157072068216,44,14,inf
random_addition,42,17,45,0.009257511768490977,0.09621596420808232,-0.8206437329217064,45,14,inf
random_addition,42,17,46,0.009247206290268466,0.09616239540625257,-0.8186169891475925,46,14,inf
random_addition,42,17,47,0.009251747413022378,0.09618600424709604,-0.8195100765007708,47,14,inf
random_addition,42,17,48,0.009055689330952377,0.09516138571370415,-0.7809519922837651,48,14,inf
random_addition,42,17,49,0.009024848675673188,0.0949992035528361,-0.774886664239099,49,14,inf
random_addition,42,17,50,0.00917157489417773,0.09576833972758289,-0.8037428166109302,50,14,inf
random_addition,42,17,51,0.009221906257172263,0.09603075682911316,-0.8136413166503571,51,14,inf
random_addition,42,17,52,0.008803292208174048,0.09382586108410648,-0.7313138982380321,52,14,inf
random_addition,42,17,53,0.008825489278824261,0.09394407527260173,-0.7356793215374202,53,14,inf
random_addition,42,17,54,0.00868545648298465,0.09319579648774214,-0.7081395421102263,54,14,inf
random_addition,42,17,55,0.008920356690123813,0.0944476399394067,-0.7543365765493886,55,14,inf
random_addition,42,17,56,0.00841341938593064,0.0917246934360134,-0.6546389203168683,56,14,inf
random_addition,42,17,57,0.0084397180364464,0.09186793802217616,-0.6598109875465081,57,14,inf
random_addition,42,17,58,0.009047171170359662,0.0951166187916689,-0.7792767542622556,58,14,inf
random_addition,42,17,59,0.010094766145423264,0.10047271343714802,-0.9853037379363705,59,14,inf
random_addition,42,17,60,0.010037506662294237,0.10018735779675117,-0.974042707789585,60,14,inf
random_addition,42,17,61,0.010317839231717274,0.10157676521585669,-1.0291747722597648,61,14,inf
random_addition,42,17,62,0.010316477615747206,0.10157006259595987,-1.0289069878221593,62,14,inf
random_addition,42,17,63,0.010203673458232598,0.1010132340747122,-1.0067221732021547,63,14,inf
random_addition,42,17,64,0.009795615996485285,0.09897280432768027,-0.9264708833327944,64,14,inf
random_addition,42,17,65,0.009764052455299013,0.09881322004316534,-0.920263387745784,65,14,inf
random_addition,42,17,66,0.009756232638785039,0.09877364344188706,-0.9187254907077029,66,14,inf
random_addition,42,17,67,0.009538482441754764,0.09766515469580112,-0.8759012911301247,67,14,inf
random_addition,42,17,68,0.009606957507122087,0.09801508816055866,-0.8893680521497265,68,14,inf
random_addition,42,17,69,0.009234114086788111,0.09609429788904288,-0.816042189480821,69,14,inf
random_addition,42,17,70,0.008417355163123679,0.09174614522214913,-0.655412956392639,70,14,inf
random_addition,42,17,71,0.00821987131421506,0.0906635059669273,-0.6165744714022663,71,14,inf
random_addition,42,17,72,0.007769165500386832,0.08814286982159608,-0.527935673433825,72,14,inf
random_addition,42,17,73,0.007954694216291684,0.08918909247375312,-0.5644229825873341,73,14,inf
random_addition,42,17,74,0.006377376861465944,0.07985848021009381,-0.25421727842972164,74,14,inf
random_addition,42,17,75,0.00606700112831607,0.07789095665297782,-0.19317672589878931,75,14,inf
random_addition,42,17,76,0.006072185187852033,0.0779242272201145,-0.1941962574685323,76,14,inf
random_addition,42,17,77,0.005722225717528852,0.07564539455597315,-0.12537090435484588,77,14,inf
random_addition,42,17,78,0.005829393811825768,0.07635046700463441,-0.14644729335981999,78,14,inf
random_addition,42,17,79,0.005361027107084822,0.07321903514172269,-0.05433518731873921,79,14,inf
random_addition,42,17,80,0.005381231636626069,0.0733568785910774,-0.058308744253455336,80,14,inf
random_addition,42,17,81,0.005526115862971644,0.07433784946426446,-0.08680263821674417,81,14,inf
random_addition,42,17,82,0.005834458058025623,0.07638362427919759,-0.14744326164334098,82,14,inf
random_addition,42,17,83,0.005969763091461221,0.07726424199758399,-0.1740532479245076,83,14,inf
random_addition,42,17,84,0.005944324719512416,0.07709944694686477,-0.1690503687899696,84,14,inf
random_addition,42,17,85,0.005836571178269141,0.07639745531278605,-0.1478588419012421,85,14,inf
random_addition,42,17,86,0.005818196881837105,0.07627710588267692,-0.1442452307622648,86,14,inf
random_addition,42,17,87,0.006216179543999261,0.07884275200675875,-0.2225151436500057,87,14,inf
random_addition,42,17,88,0.006241105184617149,0.07900066572262002,-0.22741718563654434,88,14,inf
random_addition,42,17,89,0.006240004898443554,0.07899370163781132,-0.22720079605190513,89,14,inf
random_addition,42,17,90,0.006289687980015879,0.0793075531082373,-0.23697180076234625,90,14,inf
random_addition,42,17,91,0.006390704786124908,0.07994188380395416,-0.2568384365886327,91,14,inf
random_addition,42,17,92,0.0061222263650645955,0.07824465710235169,-0.20403768764528563,92,14,inf
random_addition,42,17,93,0.0061028176494878714,0.07812053282900643,-0.20022064076892154,93,14,inf
random_addition,42,17,94,0.006003270257006157,0.0774807734667521,-0.1806429895832753,94,14,inf
random_addition,42,17,95,0.005983396909160143,0.07735242018941711,-0.17673456503974205,95,14,inf
random_addition,42,17,96,0.006112936119335147,0.07818526791752489,-0.20221060623425324,96,14,inf
random_addition,42,17,97,0.006049116948873015,0.07777606925573582,-0.18965950442117063,97,14,inf
random_addition,42,17,98,0.006070654536604337,0.07791440519316269,-0.19389522943085913,98,14,inf
random_addition,42,17,99,0.006130444804933836,0.07829715706801771,-0.2056539805992148,99,14,inf
random_addition,42,17,100,0.006189842469213178,0.0786755519155295,-0.21733551964823272,100,14,inf
random_addition,42,17,101,0.0061670177161075555,0.07853036174695463,-0.21284665214944365,101,14,inf
random_addition,42,17,102,0.006169135578492808,0.07854384494339967,-0.21326316502842535,102,14,inf
random_addition,42,17,103,0.0061940295390235395,0.07870215714339436,-0.21815897659867245,103,14,inf
random_addition,42,17,104,0.006105590428398572,0.07813827761346273,-0.20076595388034812,104,14,inf
random_addition,42,17,105,0.00624250350814332,0.07900951530128077,-0.22769218922586565,105,14,inf
random_addition,42,17,106,0.0059248353202017694,0.07697295187403021,-0.16521745411476418,106,14,inf
random_addition,42,17,107,0.005590140633766892,0.07476724305313719,-0.09939417475649392,107,14,inf
random_addition,42,17,108,0.005386408768706271,0.07339215740599449,-0.05932691342375107,108,14,inf
random_addition,42,17,109,0.005448725763877409,0.07381548458065834,-0.07158258746988189,109,14,inf
random_addition,42,17,110,0.00558286306285726,0.0747185590255678,-0.0979629193393945,110,14,inf
random_addition,42,17,111,0.005539083172450077,0.07442501711420749,-0.08935287539981984,111,14,inf
random_addition,42,17,112,0.005466420846375835,0.07393524765885237,-0.07506261988679386,112,14,inf
random_addition,42,17,113,0.005443136171625377,0.07377761294339481,-0.07048330114351864,113,14,inf
random_addition,42,17,114,0.005417296158689108,0.07360228365131824,-0.0654014326255481,114,14,inf
random_addition,42,17,115,0.005429817295856583,0.07368729399195348,-0.06786392259943153,115,14,inf
random_addition,42,17,116,0.005320094578337371,0.07293897845690855,-0.04628512442923438,116,14,inf
random_addition,42,17,117,0.005348139352547477,0.07313097396143085,-0.051800595938611416,117,14,inf
random_addition,42,17,118,0.005288629349353883,0.07272296301275054,-0.04009696357280235,118,14,inf
random_addition,42,17,119,0.005081127006979146,0.07128202443098222,0.0007118248639549352,119,14,inf
random_addition,42,17,120,0.005064789430325993,0.07116733401165168,0.003924881167694294,120,14,inf
random_addition,42,17,121,0.005062645611351849,0.07115227059870857,0.004346498841795277,121,14,inf
random_addition,42,17,122,0.005129821132395429,0.07162276965040817,-0.008864685162314423,122,14,inf
random_addition,42,17,123,0.005203858306460285,0.07213777309052646,-0.023425327409964947,123,14,inf
random_addition,42,17,124,0.005202114907921772,0.07212568826653769,-0.023082459077468753,124,14,inf
random_addition,42,17,125,0.004607471491639989,0.06787835805055975,0.09386406351421217,125,14,inf
random_addition,42,17,126,0.004735375025561886,0.06881406124886022,0.06870970527228915,126,14,inf
random_addition,42,17,127,0.004697218741524978,0.06853625859007025,0.07621377344315805,127,14,inf
random_addition,42,17,128,0.003666501558606352,0.0605516437316639,0.27892145844795957,128,14,inf
random_addition,42,17,129,0.00366374487994557,0.06052887641403539,0.27946360517733393,129,14,inf
random_addition,42,17,130,0.003867372733756288,0.06218820413676767,0.23941679938761662,130,14,inf
random_addition,42,17,131,0.0032890737621128407,0.057350446921648666,0.35314891497198964,131,14,inf
random_addition,42,17,132,0.003295676085792641,0.057407979286791144,0.3518504581586521,132,14,inf
random_addition,42,17,133,0.003300949953665406,0.057453894155795965,0.3508132642850794,133,14,inf
random_addition,42,17,134,0.0033659831712366237,0.05801709378482021,0.3380233999064277,134,14,inf
random_addition,42,17,135,0.003259817703523013,0.05709481328039363,0.3589026057102346,135,14,inf
random_addition,42,17,136,0.0032579929222971587,0.05707883077198725,0.3592614793023928,136,14,inf
random_addition,42,17,137,0.0033594838213725628,0.057961054350076854,0.33930160520543085,137,14,inf
random_addition,42,17,138,0.0033604951375609503,0.05796977779464874,0.3391027130488302,138,14,inf
random_addition,42,17,139,0.0031744635880154347,0.0563423782601998,0.3756889128048546,139,14,inf
random_addition,42,17,140,0.003375585182573208,0.058099786424505966,0.33613500460101786,140,14,inf
random_addition,42,17,141,0.003291208974474994,0.05736905938286765,0.3527289899313494,141,14,inf
random_addition,42,17,142,0.0032936920091991687,0.05739069619022903,0.3522406598355041,142,14,inf
random_addition,42,17,143,0.0031516158089402073,0.0561392537262494,0.3801823087437153,143,14,inf
random_addition,42,17,144,0.0031508705986833772,0.05613261617529845,0.38032886674091104,144,14,inf
random_addition,42,17,145,0.00314869285514286,0.05611321462136045,0.3807571562454892,145,14,inf
random_addition,42,17,146,0.0030799835047478708,0.05549759908994146,0.3942699933142505,146,14,inf
random_addition,42,17,147,0.0029269826887545094,0.054101595990825535,0.4243601496906466,147,14,inf
random_addition,42,17,148,0.002887317112969158,0.05373376138862008,0.43216104519824183,148,14,inf
random_addition,42,17,149,0.0028758253184648372,0.053626722055938096,0.4344210978093038,149,14,inf
random_addition,42,17,150,0.0026800483819562917,0.05176918370958047,0.47292389007342817,150,14,inf
random_addition,42,18,10,0.00962854819961681,0.0981251659851682,-0.8936142210947935,10,10,inf
random_addition,42,18,11,0.006848898277566158,0.08275807076996272,-0.34694981095354027,11,11,inf
random_addition,42,18,12,0.0060264071115072575,0.07762993695416258,-0.18519323701480706,12,12,inf
random_addition,42,18,13,0.006056587424869152,0.07782407998087193,-0.19112869783344366,13,13,inf
random_addition,42,18,14,0.006170584616630311,0.07855306879193397,-0.2135481424899488,14,14,inf
random_addition,42,18,15,0.00614353034683703,0.07838067585085644,-0.20822747015598986,15,14,inf
random_addition,42,18,16,0.006991455875162958,0.08361492615055614,-0.37498613465861896,16,14,inf
random_addition,42,18,17,0.009497832750761447,0.09745682505992818,-0.8679068529913492,17,14,inf
random_addition,42,18,18,0.0038689124709744447,0.06220058256137514,0.23911398444266296,18,14,inf
random_addition,42,18,19,0.0037777320529337375,0.06146325774748469,0.25704613087924855,19,14,inf
random_addition,42,18,20,0.007420369773007145,0.0861415682061056,-0.4593391897344896,20,14,inf
random_addition,42,18,21,0.007910247387934811,0.08893957155245809,-0.5556817742022027,21,14,inf
random_addition,42,18,22,0.006707268528091779,0.08189791528538305,-0.3190959640209934,22,14,inf
random_addition,42,18,23,0.0063924301798531,0.07995267462601298,-0.2571777639755821,23,14,inf
random_addition,42,18,24,0.006127830266459371,0.07828045903326941,-0.20513978810267153,24,14,inf
random_addition,42,18,25,0.00602406903834269,0.07761487639842436,-0.18473341602179771,25,14,inf
random_addition,42,18,26,0.006023589340675688,0.07761178609383815,-0.18463907549348257,26,14,inf
random_addition,42,18,27,0.005990072038266394,0.07739555567515743,-0.1780473402516629,27,14,inf
random_addition,42,18,28,0.0074834870958814,0.08650715054769403,-0.47175226154077476,28,14,inf
random_addition,42,18,29,0.006332296960443198,0.07957573097649306,-0.24535156577060935,29,14,inf
random_addition,42,18,30,0.005969217080913796,0.07726070851936187,-0.17394586586482053,30,14,inf
random_addition,42,18,31,0.006223121909266828,0.07888676637603312,-0.22388047529982025,31,14,inf
random_addition,42,18,32,0.014187926468986043,0.11911308269449684,-1.7902918251568205,32,14,inf
random_addition,42,18,33,0.014696258813857641,0.12122812715643858,-1.890263839352027,33,14,inf
random_addition,42,18,34,0.012873512059274502,0.11346150033943013,-1.531790359822644,34,14,inf
random_addition,42,18,35,0.01214181863938765,0.11018992077040282,-1.3878906735299208,35,14,inf
random_addition,42,18,36,0.013359793103268739,0.11558457121635543,-1.6274256187698817,36,14,inf
random_addition,42,18,37,0.012512317397322295,0.11185847038701313,-1.460755419323157,37,14,inf
random_addition,42,18,38,0.011721788772145813,0.10826721005062342,-1.3052848109009778,38,14,inf
random_addition,42,18,39,0.012053872758369501,0.10979013051440234,-1.3705946526210462,39,14,inf
random_addition,42,18,40,0.012092942687950964,0.1099679166300379,-1.3782784043911809,40,14,inf
random_addition,42,18,41,0.012040448154054278,0.10972897590907463,-1.3679544807989967,41,14,inf
random_addition,42,18,42,0.01241814669052128,0.11143673851347805,-1.4422351828438873,42,14,inf
random_addition,42,18,43,0.012112038246617714,0.11005470569956431,-1.382033863750313,43,14,inf
random_addition,42,18,44,0.012620322985555354,0.11234021090222038,-1.481996515446451,44,14,inf
random_addition,42,18,45,0.012981101044647956,0.11393463496517622,-1.5529495240613858,45,14,inf
random_addition,42,18,46,0.01301617399276192,0.11408844811268984,-1.559847202916747,46,14,inf
random_addition,42,18,47,0.012638216508488653,0.11241982257808741,-1.4855155744769002,47,14,inf
random_addition,42,18,48,0.011804545321945572,0.10864872443772901,-1.32156026347604,48,14,inf
random_addition,42,18,49,0.007311882369588543,0.08550954548814152,-0.43800333663762414,49,14,inf
random_addition,42,18,50,0.007278849013315852,0.08531617087818612,-0.4315067774563608,50,14,inf
random_addition,42,18,51,0.008829031350366275,0.09396292540340725,-0.7363759288457121,51,14,inf
random_addition,42,18,52,0.008800255041278,0.09380967456119864,-0.7307165888299092,52,14,inf
random_addition,42,18,53,0.00881653806370093,0.09389642199626634,-0.733918916136501,53,14,inf
random_addition,42,18,54,0.00851596067519466,0.09228196289196855,-0.6748053711227613,54,14,inf
random_addition,42,18,55,0.008291611073292068,0.0910582839355765,-0.6306832887639058,55,14,inf
random_addition,42,18,56,0.007987306918935502,0.08937173445186963,-0.5708368132328645,56,14,inf
random_addition,42,18,57,0.006266316112707239,0.07916006640160958,-0.23237533415163303,57,14,inf
random_addition,42,18,58,0.005132658720085418,0.07164257616868211,-0.009422743998596772,58,14,inf
random_addition,42,18,59,0.005217871296900901,0.07223483437304264,-0.026181215154232884,59,14,inf
random_addition,42,18,60,0.004789930769241227,0.06920932573895823,0.057980410478115196,60,14,inf
random_addition,42,18,61,0.004731563573311609,0.06878636182639411,0.06945929077931656,61,14,inf
random_addition,42,18,62,0.004682683388602698,0.06843013509122058,0.07907239246148079,62,14,inf
random_addition,42,18,63,0.005362556666769302,0.07322947949268314,-0.054636000682342756,63,14,inf
random_addition,42,18,64,0.0055059215221330325,0.07420189702516393,-0.08283108505994008,64,14,inf
random_addition,42,18,65,0.005624149449422735,0.07499432944845054,-0.10608257425695644,65,14,inf
random_addition,42,18,66,0.0055997708291673064,0.07483161650777903,-0.10128811292703466,66,14,inf
random_addition,42,18,67,0.005472256697963267,0.07397470309479631,-0.07621033720918291,67,14,inf
random_addition,42,18,68,0.005221457093139476,0.07225965051907929,-0.026886421651675985,68,14,inf
random_addition,42,18,69,0.005363126659405891,0.07323337121426195,-0.05474809921892243,69,14,inf
random_addition,42,18,70,0.0052279391943358365,0.07230448944799926,-0.028161234713160344,70,14,inf
random_addition,42,18,71,0.005698455313331291,0.07548811372217014,-0.12069605883333057,71,14,inf
random_addition,42,18,72,0.004829445205984604,0.06949420987380607,0.05020923897805574,72,14,inf
random_addition,42,18,73,0.005403995804600185,0.0735118752624376,-0.06278569667800582,73,14,inf
random_addition,42,18,74,0.005565135270492541,0.07459983425244684,-0.09447645398298876,74,14,inf
random_addition,42,18,75,0.005542898491719716,0.07445064466960455,-0.0901032214205515,75,14,inf
random_addition,42,18,76,0.0052979101853877645,0.07278674457198758,-0.04192219441062561,76,14,inf
random_addition,42,18,77,0.005461216819861153,0.07390004614248324,-0.07403916147843814,77,14,inf
random_addition,42,18,78,0.005408267607519011,0.07354092471215609,-0.06362581780417176,78,14,inf
random_addition,42,18,79,0.004601719028174328,0.06783597149134321,0.09499538117488893,79,14,inf
random_addition,42,18,80,0.0046624513162239,0.06828214492987095,0.08305136615350994,80,14,inf
random_addition,42,18,81,0.004246149018884267,0.06516248168144202,0.16492414013496393,81,14,inf
random_addition,42,18,82,0.0044691851334005255,0.06685196431968567,0.12106037692686966,82,14,inf
random_addition,42,18,83,0.004465623647411499,0.06682532190278995,0.12176080240922005,83,14,inf
random_addition,42,18,84,0.0043380982653632195,0.06586424117351705,0.1468407907928041,84,14,inf
random_addition,42,18,85,0.004342941662544782,0.0659009989495211,0.14588825614362588,85,14,inf
random_addition,42,18,86,0.004434262013353155,0.06659025464250122,0.1279285895998179,86,14,inf
random_addition,42,18,87,0.0040562858811719026,0.06368897770550178,0.20226388546106833,87,14,inf
random_addition,42,18,88,0.004054505414620357,0.06367499834802005,0.20261404383513393,88,14,inf
random_addition,42,18,89,0.004015375580320692,0.06336699125191832,0.21030957686490848,89,14,inf
random_addition,42,18,90,0.004478693446252787,0.06692304122088884,0.11919040898753097,90,14,inf
random_addition,42,18,91,0.004418316266420528,0.06647041647545567,0.13106458606902627,91,14,inf
random_addition,42,18,92,0.0044946375446074,0.06704205802783354,0.1160547367386211,92,14,inf
random_addition,42,18,93,0.004570977196058981,0.06760900233000766,0.10104127399998242,93,14,inf
random_addition,42,18,94,0.004476662106850813,0.06690786281783938,0.11958990568212102,94,14,inf
random_addition,42,18,95,0.004477738914694377,0.066915909279441,0.11937813350175852,95,14,inf
random_addition,42,18,96,0.0045331459148976756,0.0673286411187518,0.10848142494736357,96,14,inf
random_addition,42,18,97,0.004439026671231043,0.06662602097702551,0.12699154034491777,97,14,inf
random_addition,42,18,98,0.004464354718443036,0.06681582685594062,0.12201035840566155,98,14,inf
random_addition,42,18,99,0.004378027703173982,0.06616666610291003,0.13898800242728604,99,14,inf
random_addition,42,18,100,0.004074163354655819,0.06382917322553865,0.19874798282190032,100,14,inf
random_addition,42,18,101,0.004156423185712348,0.06447032794791994,0.182570218253022,101,14,inf
random_addition,42,18,102,0.004179847760332316,0.06465174212913613,0.17796338587249416,102,14,inf
random_addition,42,18,103,0.004208939636981948,0.0648763411189468,0.17224198424475212,103,14,inf
random_addition,42,18,104,0.004163363791588238,0.06452413340439558,0.18120523261685684,104,14,inf
random_addition,42,18,105,0.004266910362244937,0.06532159185326807,0.16084107649735746,105,14,inf
random_addition,42,18,106,0.0042283840200059925,0.0650260257128328,0.16841792277137135,106,14,inf
random_addition,42,18,107,0.00430449092464471,0.0656086192862242,0.15345023356635545,107,14,inf
random_addition,42,18,108,0.004306505881090939,0.06562397337171028,0.15305395885262252,108,14,inf
random_addition,42,18,109,0.004416570523708432,0.06645728345116457,0.1314079154222645,109,14,inf
random_addition,42,18,110,0.0044382550239626065,0.0666202298402115,0.12714329762035415,110,14,inf
random_addition,42,18,111,0.004639327069599344,0.06811260580538189,0.08759913403632591,111,14,inf
random_addition,42,18,112,0.004559782190231025,0.06752615930312507,0.10324295817931706,112,14,inf
random_addition,42,18,113,0.004472527875650974,0.06687696072378718,0.12040297104057462,113,14,inf
random_addition,42,18,114,0.004437513931880013,0.06661466754311705,0.1272890457100605,114,14,inf
random_addition,42,18,115,0.004411422415360205,0.0664185396960834,0.13242037659271666,115,14,inf
random_addition,42,18,116,0.004410046593257539,0.06640818167407943,0.13269095490268545,116,14,inf
random_addition,42,18,117,0.004066605484117299,0.06376994185442934,0.20023436382516557,117,14,inf
random_addition,42,18,118,0.0038996151729768385,0.062446898825937215,0.23307578720540112,118,14,inf
random_addition,42,18,119,0.004061349708809934,0.06372871965456339,0.20126799949469476,119,14,inf
random_addition,42,18,120,0.004050206985083404,0.0636412365144126,0.20345940152881725,120,14,inf
random_addition,42,18,121,0.004052318719858647,0.06365782528376733,0.20304409374630672,121,14,inf
random_addition,42,18,122,0.004060669755299936,0.0637233846817629,0.20140172366676334,122,14,inf
random_addition,42,18,123,0.0040734235629268775,0.06382337787148905,0.19889347517542333,123,14,inf
random_addition,42,18,124,0.0041111799014252924,0.0641184833057153,0.19146806294973462,124,14,inf
random_addition,42,18,125,0.004051756946457684,0.06365341268508456,0.20315457583343366,125,14,inf
random_addition,42,18,126,0.004052964151738566,0.06366289462268085,0.20291715882722805,126,14,inf
random_addition,42,18,127,0.004005764374234236,0.063291108176696,0.21219978047088006,127,14,inf
random_addition,42,18,128,0.00393880693983396,0.06275991507191482,0.22536807410765392,128,14,inf
random_addition,42,18,129,0.003910223711829945,0.06253178161407161,0.2309894415153958,129,14,inf
random_addition,42,18,130,0.0039094544693467365,0.0625256304993939,0.2311407258498016,130,14,inf
random_addition,42,18,131,0.003949844128911656,0.06284778539385183,0.22319742721830582,131,14,inf
random_addition,42,18,132,0.003980235243245582,0.06308910558286258,0.21722050888082156,132,14,inf
random_addition,42,18,133,0.003929770157041123,0.06268787886857492,0.22714530781461517,133,14,inf
random_addition,42,18,134,0.0038951819444966755,0.06241139274600973,0.23394765535430162,134,14,inf
random_addition,42,18,135,0.00390905436822204,0.06252243092060672,0.23121941239359767,135,14,inf
random_addition,42,18,136,0.0038090144975123927,0.06171721394807443,0.2508939176175329,136,14,inf
random_addition,42,18,137,0.003949929037244537,0.06284846089797694,0.2231807285817824,137,14,inf
random_addition,42,18,138,0.003374880915126071,0.058093725264662374,0.33627351051340515,138,14,inf
random_addition,42,18,139,0.003374772872287711,0.058092795356117194,0.33629475893538574,139,14,inf
random_addition,42,18,140,0.003495059280262224,0.05911902638121017,0.31263843525888246,140,14,inf
random_addition,42,18,141,0.0033839069002862794,0.058171358074969155,0.3344984003405712,141,14,inf
random_addition,42,18,142,0.003367564359716976,0.05803071910391061,0.3377124328810205,142,14,inf
random_addition,42,18,143,0.003313579304895295,0.057563697804217676,0.3483294922151561,143,14,inf
random_addition,42,18,144,0.0032835225037831676,0.05730202879290722,0.35424066229465023,144,14,inf
random_addition,42,18,145,0.0031816003014489454,0.05640567614565883,0.3742853593542823,145,14,inf
random_addition,42,18,146,0.003179076189263292,0.05638329707691181,0.37478176801645025,146,14,inf
random_addition,42,18,147,0.0031845991242043263,0.05643225251754821,0.3736955909594626,147,14,inf
random_addition,42,18,148,0.0026260917299707714,0.05124540691584731,0.4835353635172138,148,14,inf
random_addition,42,18,149,0.0026490288802921208,0.0514687174922022,0.47902439123567875,149,14,inf
random_addition,42,18,150,0.0026800483819562917,0.05176918370958047,0.47292389007342817,150,14,inf
random_addition,42,19,10,0.00962854819961681,0.0981251659851682,-0.8936142210947935,10,10,inf
random_addition,42,19,11,0.007173248508043609,0.08469503236934034,-0.4107386809175415,11,11,inf
random_addition,42,19,12,0.012962029171131045,0.113850907642983,-1.5491987227810866,12,12,inf
random_addition,42,19,13,0.012814679222581279,0.11320194001244537,-1.5202199035170851,13,13,inf
random_addition,42,19,14,0.01271832355706605,0.11277554503111945,-1.5012699585492704,14,14,inf
random_addition,42,19,15,0.011752439567371773,0.10840866924453861,-1.3113127998069327,15,14,inf
random_addition,42,19,16,0.011676817513743578,0.10805932404815226,-1.2964404646209862,16,14,inf
random_addition,42,19,17,0.011541917585777705,0.10743331692625759,-1.269910149071337,17,14,inf
random_addition,42,19,18,0.01168280166150277,0.10808700967971485,-1.2976173468531789,18,14,inf
random_addition,42,19,19,0.010709570714580544,0.10348705578274292,-1.1062152867196664,19,14,inf
random_addition,42,19,20,0.01083544888718532,0.10409346226918058,-1.1309713239568602,20,14,inf
random_addition,42,19,21,0.010815493185377296,0.10399756336269277,-1.1270467031363398,21,14,inf
random_addition,42,19,22,0.009568015430880308,0.09781623296202072,-0.8817094448663021,22,14,inf
random_addition,42,19,23,0.009603115577281423,0.09799548753530146,-0.888612472717407,23,14,inf
random_addition,42,19,24,0.010105368333436605,0.10052546112023861,-0.987388834628059,24,14,inf
random_addition,42,19,25,0.007811974582621057,0.08838537538881111,-0.5363547917920806,25,14,inf
random_addition,42,19,26,0.006034972820048924,0.07768508750107014,-0.1868778261316688,26,14,inf
random_addition,42,19,27,0.004562314540226765,0.06754490758174717,0.10274492941471958,27,14,inf
random_addition,42,19,28,0.004567392449146478,0.06758248626046898,0.10174627412999293,28,14,inf
random_addition,42,19,29,0.004574438837330497,0.06763459793131395,0.10036048464273217,29,14,inf
random_addition,42,19,30,0.00458372967232485,0.06770324713279896,0.09853328734295097,30,14,inf
random_addition,42,19,31,0.004400613882857137,0.06633712296186153,0.1345460543618523,31,14,inf
random_addition,42,19,32,0.00394775327665097,0.06283114893626385,0.22360862810684679,32,14,inf
random_addition,42,19,33,0.003874804308278123,0.06224792613636315,0.23795525659757977,33,14,inf
random_addition,42,19,34,0.0038280001118722027,0.061870834097110756,0.24716008063581751,34,14,inf
random_addition,42,19,35,0.003823247467613098,0.06183241437638594,0.24809476721267898,35,14,inf
random_addition,42,19,36,0.00379888943409687,0.06163513149249274,0.2528851798177765,36,14,inf
random_addition,42,19,37,0.004706490701026201,0.06860386797423453,0.0743902883231864,37,14,inf
random_addition,42,19,38,0.004695583760372235,0.06852432969662844,0.07653531969269323,38,14,inf
random_addition,42,19,39,0.006207574616554283,0.07878816292156,-0.22082284148321096,39,14,inf
random_addition,42,19,40,0.006092849479352498,0.07805670681852071,-0.19826023424290073,40,14,inf
random_addition,42,19,41,0.0046417928276551,0.06813070400087688,0.08711420168480644,41,14,inf
random_addition,42,19,42,0.004684703900791681,0.06844489682066648,0.07867502511848856,42,14,inf
random_addition,42,19,43,0.004446936726989434,0.0666853561660237,0.12543589625785412,43,14,inf
random_addition,42,19,44,0.004414845781753223,0.0664443058640334,0.13174711462721156,44,14,inf
random_addition,42,19,45,0.0045497748584700124,0.06745201893546265,0.10521106649066359,45,14,inf
random_addition,42,19,46,0.0044838002275433535,0.06696118448432162,0.11818607547064397,46,14,inf
random_addition,42,19,47,0.003513705687504097,0.05927651885446797,0.30897130900126657,47,14,inf
random_addition,42,19,48,0.0035232057493982728,0.05935659819597374,0.30710296375013013,48,14,inf
random_addition,42,19,49,0.0034757163529028448,0.05895520632567445,0.3164425437875994,49,14,inf
random_addition,42,19,50,0.0038789667003384888,0.062281351144130526,0.2371366529373109,50,14,inf
random_addition,42,19,51,0.0037683491071582665,0.06138688057849386,0.25889144329684655,51,14,inf
random_addition,42,19,52,0.0037825896347918634,0.06150276119648502,0.25609080657739325,52,14,inf
random_addition,42,19,53,0.0037778089450028656,0.06146388325677825,0.2570310087743817,53,14,inf
random_addition,42,19,54,0.004217454041219132,0.06494192822221351,0.17056748497306318,54,14,inf
random_addition,42,19,55,0.004301228639313739,0.06558375286085524,0.15409181626064383,55,14,inf
random_addition,42,19,56,0.0043287349528825176,0.06579312238283358,0.14868224199629054,56,14,inf
random_addition,42,19,57,0.004407212613854459,0.06638684066781955,0.13324830410930577,57,14,inf
random_addition,42,19,58,0.0043709152709497335,0.0661128979167434,0.1403867805740212,58,14,inf
random_addition,42,19,59,0.0043769794939016145,0.06615874465179652,0.13919415022274684,59,14,inf
random_addition,42,19,60,0.00478114818680306,0.06914584721299653,0.05970765145547374,60,14,inf
random_addition,42,19,61,0.0048463169112366086,0.06961549332753887,0.04689113739753026,61,14,inf
random_addition,42,19,62,0.004837210520662462,0.06955005766110091,0.04868206063294955,62,14,inf
random_addition,42,19,63,0.004975728635962825,0.07053884487261487,0.02144016833786233,63,14,inf
random_addition,42,19,64,0.004960903263989447,0.07043367989811015,0.024355824428458295,64,14,inf
random_addition,42,19,65,0.00514710313047907,0.07174331418661303,-0.012263477655394261,65,14,inf
random_addition,42,19,66,0.005077832111641539,0.07125890899839499,0.0013598208586740324,66,14,inf
random_addition,42,19,67,0.003962618959451437,0.06294933644965162,0.2206850442213376,67,14,inf
random_addition,42,19,68,0.0039526304514687916,0.06286994871533451,0.22264945052344332,68,14,inf
random_addition,42,19,69,0.003989552464145086,0.06316290417757155,0.21538812235373495,69,14,inf
random_addition,42,19,70,0.004875921901718634,0.06982780178208844,0.04106882339650875,70,14,inf
random_addition,42,19,71,0.004874792786634776,0.06981971631734675,0.04129088266606007,71,14,inf
random_addition,42,19,72,0.004771875841778352,0.0690787654911287,0.06153121239505377,72,14,inf
random_addition,42,19,73,0.004778586815639267,0.06912732322055633,0.06021138771567691,73,14,inf
random_addition,42,19,74,0.004580475512132217,0.06767921033915968,0.09917327209358395,74,14,inf
random_addition,42,19,75,0.004301801726391427,0.06558812183918233,0.15397910915073088,75,14,inf
random_addition,42,19,76,0.0038610271221262748,0.062137163776006664,0.24066476950471227,76,14,inf
random_addition,42,19,77,0.0039296700573425315,0.06268708046593438,0.22716499408598767,77,14,inf
random_addition,42,19,78,0.0036556173671927978,0.06046170165644363,0.2810620158007955,78,14,inf
random_addition,42,19,79,0.00367093686600964,0.06058825683257144,0.27804918144423363,79,14,inf
random_addition,42,19,80,0.0036380716471238134,0.060316429330024283,0.28451267361058863,80,14,inf
random_addition,42,19,81,0.0035398174680495603,0.05949636516670208,0.3038359928607747,81,14,inf
random_addition,42,19,82,0.0035279115824949593,0.05939622532194246,0.3061774833672891,82,14,inf
random_addition,42,19,83,0.003535835087671438,0.05946288832264573,0.30461919422836214,83,14,inf
random_addition,42,19,84,0.0034549062955951497,0.05877845094586238,0.32053518783348134,84,14,inf
random_addition,42,19,85,0.003549524946481594,0.05957788974511932,0.30192685569608746,85,14,inf
random_addition,42,19,86,0.003652739223886585,0.06043789559445783,0.28162805057384777,86,14,inf
random_addition,42,19,87,0.003435664455254584,0.058614541329388425,0.32431941591787516,87,14,inf
random_addition,42,19,88,0.0032258370867589274,0.05679645311776896,0.36558545942940757,88,14,inf
random_addition,42,19,89,0.002718436207000173,0.05213862490515235,0.46537428551072935,89,14,inf
random_addition,42,19,90,0.0027045631434108996,0.05200541455859091,0.46810265431131826,90,14,inf
random_addition,42,19,91,0.002726210964748969,0.05221313019489417,0.4638452500285918,91,14,inf
random_addition,42,19,92,0.002721968511927444,0.05217248807491784,0.46467959896974187,92,14,inf
random_addition,42,19,93,0.002734421314474406,0.05229169450758319,0.46223054813606046,93,14,inf
random_addition,42,19,94,0.002744793972920237,0.0523907813734462,0.4601905922531615,94,14,inf
random_addition,42,19,95,0.002836242314386198,0.05325638285113061,0.44220575421679287,95,14,inf
random_addition,42,19,96,0.0028383104618090725,0.05327579620999645,0.44179901861241266,96,14,inf
random_addition,42,19,97,0.0028314212207846802,0.05321110054100253,0.443153902495827,97,14,inf
random_addition,42,19,98,0.0026987871378985465,0.05194985214510765,0.4692386019072132,98,14,inf
random_addition,42,19,99,0.002513570532717821,0.05013552166595877,0.505664529293346,99,14,inf
random_addition,42,19,100,0.0023451944881603313,0.04842720813923028,0.5387784802084427,100,14,inf
random_addition,42,19,101,0.002380461706130545,0.04878997546761573,0.5318425949532279,101,14,inf
random_addition,42,19,102,0.0023620735810701613,0.04860116851548079,0.5354589257220761,102,14,inf
random_addition,42,19,103,0.0022915825691658042,0.047870477010009044,0.5493221561732426,103,14,inf
random_addition,42,19,104,0.002238433545842851,0.047312086678171904,0.5597747960017112,104,14,inf
random_addition,42,19,105,0.0022257943763384887,0.0471783252811976,0.5622604989986844,105,14,inf
random_addition,42,19,106,0.00225520058812812,0.04748895227448296,0.5564772781351706,106,14,inf
random_addition,42,19,107,0.0019540527492531976,0.04420466886261221,0.6157030117061166,107,14,inf
random_addition,42,19,108,0.0019533972150990292,0.04419725347913634,0.6158319334055267,108,14,inf
random_addition,42,19,109,0.0019738275503391,0.04442777903901004,0.611813968022763,109,14,inf
random_addition,42,19,110,0.0019917317439666193,0.04462882189758788,0.6082928104227361,110,14,inf
random_addition,42,19,111,0.0020138019707251135,0.044875404964469276,0.6039523330853184,111,14,inf
random_addition,42,19,112,0.0020390739839930326,0.045156106829453674,0.5989821711535608,112,14,inf
random_addition,42,19,113,0.0020867092587537528,0.04568051289941645,0.5896139017278288,113,14,inf
random_addition,42,19,114,0.0020991424404201422,0.04581639925201611,0.5871687096668006,114,14,inf
random_addition,42,19,115,0.0023376227269275183,0.04834896820954423,0.5402675930478797,115,14,inf
random_addition,42,19,116,0.0022929200110332034,0.04788444435339313,0.5490591259751807,116,14,inf
random_addition,42,19,117,0.0022820183738819725,0.047770475964574316,0.5512031143226253,117,14,inf
random_addition,42,19,118,0.002393775475677277,0.04892622482551946,0.5292242206326763,118,14,inf
random_addition,42,19,119,0.0023869052561520765,0.04885596438667521,0.5305753636217596,119,14,inf
random_addition,42,19,120,0.002396506506665451,0.048954126554004114,0.5286871179448938,120,14,inf
random_addition,42,19,121,0.0021939570132787755,0.04683969484613212,0.5685218462134628,121,14,inf
random_addition,42,19,122,0.0021955759348434726,0.046856973172020755,0.568203458349146,122,14,inf
random_addition,42,19,123,0.0021980731515489913,0.04688361282526114,0.5677123391306833,123,14,inf
random_addition,42,19,124,0.002288185456410423,0.04783498151364149,0.5499902549240501,124,14,inf
random_addition,42,19,125,0.002203317352547675,0.04693950737436083,0.5666809797415511,125,14,inf
random_addition,42,19,126,0.0022638575247733335,0.04758001181981078,0.5547747474937241,126,14,inf
random_addition,42,19,127,0.0021787160616147,0.04667671862518508,0.5715192329654198,127,14,inf
random_addition,42,19,128,0.0020753463130956515,0.045555969017195226,0.5918486140692558,128,14,inf
random_addition,42,19,129,0.0019322332056185183,0.043957174677389334,0.6199941880359054,129,14,inf
random_addition,42,19,130,0.0021709957530153022,0.04659394545448263,0.5730375601163025,130,14,inf
random_addition,42,19,131,0.0022244984657523144,0.04716458910827396,0.562515361379219,131,14,inf
random_addition,42,19,132,0.0022165109477335064,0.04707983589323041,0.5640862397087545,132,14,inf
random_addition,42,19,133,0.002557367277075552,0.050570418992485634,0.4970511707439488,133,14,inf
random_addition,42,19,134,0.0026626401275246523,0.05160077642366103,0.4763475129782292,134,14,inf
random_addition,42,19,135,0.002573876915172379,0.05073339053495616,0.4938042756942336,135,14,inf
random_addition,42,19,136,0.0024779147072804208,0.04977865714621499,0.5126768406733546,136,14,inf
random_addition,42,19,137,0.002484041076773625,0.049840155264341074,0.5114719881706196,137,14,inf
random_addition,42,19,138,0.0025019878844920545,0.05001987489480611,0.507942449800523,138,14,inf
random_addition,42,19,139,0.0025885493277432643,0.050877788156947865,0.4909187016153601,139,14,inf
random_addition,42,19,140,0.0025648675590063544,0.050644521510291265,0.4955761154986572,140,14,inf
random_addition,42,19,141,0.0025793709421370286,0.05078750773701175,0.49272378387182647,141,14,inf
random_addition,42,19,142,0.0026246511521690616,0.051231349310447226,0.4838186771129249,142,14,inf
random_addition,42,19,143,0.0026702653287178093,0.051674610097395116,0.4748478902813572,143,14,inf
random_addition,42,19,144,0.002659091942680093,0.051566383843353734,0.47704532256919097,144,14,inf
random_addition,42,19,145,0.0025966174395385608,0.05095701560667148,0.48933197317860944,145,14,inf
random_addition,42,19,146,0.002785119818634879,0.05277423442016833,0.45225984367717587,146,14,inf
random_addition,42,19,147,0.002786934257774384,0.05279142219882302,0.4519030040283891,147,14,inf
random_addition,42,19,148,0.002763928127312731,0.05257307416646596,0.4564275424023344,148,14,inf
random_addition,42,19,149,0.002664555800752367,0.05161933553187572,0.47597076396147553,149,14,inf
random_addition,42,19,150,0.0026800483819562917,0.05176918370958047,0.47292389007342817,150,14,inf
random_addition,42,20,10,0.00962854819961681,0.0981251659851682,-0.8936142210947935,10,10,inf
random_addition,42,20,11,0.011824089037425389,0.10873862716360451,-1.3254038603297258,11,11,inf
random_addition,42,20,12,0.012605775276731054,0.11227544378327371,-1.4791354664343954,12,12,inf
random_addition,42,20,13,0.006349316552646253,0.07968259880705607,-0.2486987517808763,13,13,inf
random_addition,42,20,14,0.005781961631976582,0.07603921114777942,-0.13711896592791084,14,14,inf
random_addition,42,20,15,0.004352682601823698,0.0659748634089052,0.14397253834661583,15,14,inf
random_addition,42,20,16,0.0050381864283026035,0.07098018334931662,0.009156804185674106,16,14,inf
random_addition,42,20,17,0.01356745993825205,0.11647943998084834,-1.6682667574152479,17,14,inf
random_addition,42,20,18,0.015994003320975166,0.1264674002301588,-2.1454868909563385,18,14,inf
random_addition,42,20,19,0.015748358074840103,0.12549246222319532,-2.0971766658027478,19,14,inf
random_addition,42,20,20,0.014368573952556885,0.11986898661687637,-1.8258191587488515,20,14,inf
random_addition,42,20,21,0.014665713488237201,0.12110207879403723,-1.8842565927989967,21,14,inf
random_addition,42,20,22,0.010880694469712683,0.10431056739234373,-1.1398696206407717,22,14,inf
random_addition,42,20,23,0.00768675650666658,0.08767414959192121,-0.5117285735450803,23,14,inf
random_addition,42,20,24,0.00793599217116717,0.08908418586464811,-0.5607449142142904,24,14,inf
random_addition,42,20,25,0.008675238561352449,0.09314096070662171,-0.7061300177965257,25,14,inf
random_addition,42,20,26,0.009903550443697387,0.09951658376219205,-0.9476979883905408,26,14,inf
random_addition,42,20,27,0.008482975707664745,0.09210307110875698,-0.6683183283929464,27,14,inf
random_addition,42,20,28,0.007863431785814416,0.08867599328913331,-0.5464747070404237,28,14,inf
random_addition,42,20,29,0.012306362244035168,0.11093404456718942,-1.4202509113654793,29,14,inf
random_addition,42,20,30,0.01237611819222215,0.11124800309318882,-1.4339695793052707,30,14,inf
random_addition,42,20,31,0.012886277803101273,0.11351774223926968,-1.5343009557662972,31,14,inf
random_addition,42,20,32,0.01406460432009159,0.11859428451696814,-1.7660384725141243,32,14,inf
random_addition,42,20,33,0.013658602365368228,0.11687002338225243,-1.6861914323043616,33,14,inf
random_addition,42,20,34,0.009490341774526371,0.09741838519769444,-0.8664336278659677,34,14,inf
random_addition,42,20,35,0.008320973450526518,0.09121936993054994,-0.6364578888327423,35,14,inf
random_addition,42,20,36,0.007736208498362998,0.08795571896336814,-0.5214541305861227,36,14,inf
random_addition,42,20,37,0.006620956414790107,0.08136925964263228,-0.302121250719221,37,14,inf
random_addition,42,20,38,0.006566115573459781,0.0810315714611273,-0.2913358867279974,38,14,inf
random_addition,42,20,39,0.00659739365829458,0.08122434153807946,-0.2974872425735384,39,14,inf
random_addition,42,20,40,0.0066783177916088345,0.08172097522428887,-0.31340231995558243,40,14,inf
random_addition,42,20,41,0.0060064064317040975,0.07750100923022937,-0.18125977052311582,41,14,inf
random_addition,42,20,42,0.005223466745637097,0.0722735549536419,-0.027281653255658123,42,14,inf
random_addition,42,20,43,0.005608857292290685,0.0748923046266483,-0.10307511709767048,43,14,inf
random_addition,42,20,44,0.005596626444851041,0.07481060382626945,-0.10066971742914399,44,14,inf
random_addition,42,20,45,0.005765895163997562,0.07593349171477341,-0.13395922765614876,45,14,inf
random_addition,42,20,46,0.00554378725497355,0.07445661323867443,-0.09027801150330905,46,14,inf
random_addition,42,20,47,0.005404007649670561,0.07351195582808664,-0.06278802620819568,47,14,inf
random_addition,42,20,48,0.005409940731585055,0.07355229929502581,-0.06395486549230012,48,14,inf
random_addition,42,20,49,0.005347556264864192,0.07312698725411974,-0.051685922043199106,49,14,inf
random_addition,42,20,50,0.005263143539903434,0.07254752607707195,-0.03508475506421305,50,14,inf
random_addition,42,20,51,0.004283275235860673,0.06544673586864873,0.15762265179170876,51,14,inf
random_addition,42,20,52,0.004275514978649446,0.06538742217467704,0.15914883550184655,52,14,inf
random_addition,42,20,53,0.004258926084423297,0.06526044808628957,0.16241131758820337,53,14,inf
random_addition,42,20,54,0.004137243844321893,0.06432141046589303,0.18634215487890304,54,14,inf
random_addition,42,20,55,0.004112705800081546,0.06413038125632457,0.19116796958825089,55,14,inf
random_addition,42,20,56,0.003971926842328885,0.06302322462655244,0.21885449417167158,56,14,inf
random_addition,42,20,57,0.003979864673514457,0.0630861686387314,0.21729338758467354,57,14,inf
random_addition,42,20,58,0.0038460768313153862,0.062016746378017816,0.24360499296333593,58,14,inf
random_addition,42,20,59,0.0037183457277882867,0.06097823978919272,0.2687254398989054,59,14,inf
random_addition,42,20,60,0.0034754919473297535,0.05895330310788153,0.3164866768776238,60,14,inf
random_addition,42,20,61,0.0035428163255172536,0.05952156185381272,0.3032462176392011,61,14,inf
random_addition,42,20,62,0.0035395196623831623,0.05949386239254569,0.30389456130051473,62,14,inf
random_addition,42,20,63,0.003481019407341935,0.05900016446877021,0.3153996098900985,63,14,inf
random_addition,42,20,64,0.0032337067799995227,0.05686569071065191,0.36403775330309474,64,14,inf
random_addition,42,20,65,0.0033560323450078575,0.05793127259958871,0.3399803954646142,65,14,inf
random_addition,42,20,66,0.0033173337786558065,0.05759630004310873,0.34759111247625474,66,14,inf
random_addition,42,20,67,0.003235942264529521,0.0568853431432871,0.36359810807213344,67,14,inf
random_addition,42,20,68,0.0031598519664486867,0.05621256057545045,0.378562531321211,68,14,inf
random_addition,42,20,69,0.0031596908555469303,0.0562111275064549,0.3785942164609034,69,14,inf
random_addition,42,20,70,0.0031922476533895474,0.056499979233532,0.37219138042477684,70,14,inf
random_addition,42,20,71,0.003197948924823507,0.056550410474403345,0.3710701305289621,71,14,inf
random_addition,42,20,72,0.002993661183740135,0.05471435994087964,0.411246714131275,72,14,inf
random_addition,42,20,73,0.0033296569195233527,0.057703179457663796,0.345167561769382,73,14,inf
random_addition,42,20,74,0.00283600849761419,0.05325418760636754,0.4422517381756854,74,14,inf
random_addition,42,20,75,0.0028634826707526267,0.05351151904732874,0.43684848486177097,75,14,inf
random_addition,42,20,76,0.0029554894027539217,0.05436441301765266,0.4187538300350917,76,14,inf
random_addition,42,20,77,0.002965068632011562,0.05445244376528534,0.4168699152045967,77,14,inf
random_addition,42,20,78,0.00280812998802999,0.05299179170428181,0.4477345109797587,78,14,inf
random_addition,42,20,79,0.0026371576237361714,0.05135326302910236,0.48135907137338685,79,14,inf
random_addition,42,20,80,0.0023949037914845974,0.04893775425460998,0.5290023185541559,80,14,inf
random_addition,42,20,81,0.002249184276232967,0.047425565639567936,0.5576604859799064,81,14,inf
random_addition,42,20,82,0.0022095871629500595,0.04700624599933566,0.56544791719719,82,14,inf
random_addition,42,20,83,0.0021626814916292786,0.046504639463490934,0.574672697965963,83,14,inf
random_addition,42,20,84,0.00216624151292593,0.04654289970474476,0.5739725605397403,84,14,inf
random_addition,42,20,85,0.002221646963310386,0.04713435014201836,0.5630761567830096,85,14,inf
random_addition,42,20,86,0.002206457999009262,0.04697294965199931,0.5660633193549802,86,14,inf
random_addition,42,20,87,0.002128903951809486,0.04614004715872629,0.5813156132248698,87,14,inf
random_addition,42,20,88,0.0020707986731585554,0.045506028975934115,0.5927429831349521,88,14,inf
random_addition,42,20,89,0.0020717116147246093,0.045516058866345285,0.5925634379847728,89,14,inf
random_addition,42,20,90,0.0019691223578764258,0.04437479417277815,0.6127393224142654,90,14,inf
random_addition,42,20,91,0.001964781882156195,0.04432586019646088,0.6135929491895328,91,14,inf
random_addition,42,20,92,0.0019844599507941696,0.04454727770351595,0.609722929551678,92,14,inf
random_addition,42,20,93,0.0019694988251595757,0.04437903587460611,0.6126652838586731,93,14,inf
random_addition,42,20,94,0.0019762639812004254,0.04445519071155162,0.6113348033520285,94,14,inf
random_addition,42,20,95,0.0018965288391018353,0.043549154286872616,0.6270160458268715,95,14,inf
random_addition,42,20,96,0.0017438517589306972,0.04175945113301535,0.6570425341669105,96,14,inf
random_addition,42,20,97,0.0017292124937299397,0.041583800857184036,0.659921589263881,97,14,inf
random_addition,42,20,98,0.0018400794048392423,0.042896146736498865,0.6381177663849777,98,14,inf
random_addition,42,20,99,0.0019030213072635752,0.04362363244003845,0.6257391939291405,99,14,inf
random_addition,42,20,100,0.0019676400094806234,0.04435808843357233,0.6130308508923614,100,14,inf
random_addition,42,20,101,0.0019775869963830615,0.0444700685448433,0.6110746104015832,101,14,inf
random_addition,42,20,102,0.0018325211160995683,0.042807956224276446,0.6396042296344587,102,14,inf
random_addition,42,20,103,0.0018237953441338696,0.04270591696865751,0.6413202978870884,103,14,inf
random_addition,42,20,104,0.0017743274524411423,0.042122766438603514,0.6510489819269787,104,14,inf
random_addition,42,20,105,0.001834977512806477,0.04283663750583695,0.6391211383479616,105,14,inf
random_addition,42,20,106,0.0022328063069499754,0.04725257989729212,0.5608814861664311,106,14,inf
random_addition,42,20,107,0.002211559281451775,0.047027218517064935,0.5650600672780628,107,14,inf
random_addition,42,20,108,0.0022543492327207434,0.04747998770767262,0.5566447113424613,108,14,inf
random_addition,42,20,109,0.0021706961905138453,0.04659073073599346,0.5730964740668905,109,14,inf
random_addition,42,20,110,0.0019644828853014125,0.04432248735463086,0.6136517518962898,110,14,inf
random_addition,42,20,111,0.0019339558317174224,0.04397676467996961,0.6196554049493085,111,14,inf
random_addition,42,20,112,0.0019048486315058593,0.0436445716155613,0.625379820210486,112,14,inf
random_addition,42,20,113,0.001964499539825994,0.04432267523318052,0.6136484765069021,113,14,inf
random_addition,42,20,114,0.0018612048918873227,0.04314168392503152,0.633963087831944,114,14,inf
random_addition,42,20,115,0.0018827147871438225,0.04339026143207508,0.629732809008228,115,14,inf
random_addition,42,20,116,0.0016947389288212988,0.04116720695919628,0.666701389438266,116,14,inf
random_addition,42,20,117,0.0016499465566640792,0.04061953417586272,0.6755105547615343,117,14,inf
random_addition,42,20,118,0.0016321973846504967,0.040400462678668626,0.6790012247816433,118,14,inf
random_addition,42,20,119,0.0016014351680819876,0.040017935579961986,0.6850511265486454,119,14,inf
random_addition,42,20,120,0.0016205481236534918,0.04025603213995999,0.6812922457987112,120,14,inf
random_addition,42,20,121,0.001572114185843759,0.039649895155520386,0.6908175856026685,121,14,inf
random_addition,42,20,122,0.001706474838112496,0.041309500579315844,0.6643933275923302,122,14,inf
random_addition,42,20,123,0.001724813987222192,0.04153087992352428,0.6607866287591374,123,14,inf
random_addition,42,20,124,0.0017385986496104837,0.04169650644371161,0.6580756455257046,124,14,inf
random_addition,42,20,125,0.0017291177984579225,0.04158266223389169,0.6599402126648386,125,14,inf
random_addition,42,20,126,0.0017575738645496414,0.041923428587719795,0.6543438537631054,126,14,inf
random_addition,42,20,127,0.0018586162502427284,0.043111671856270295,0.6344721872859735,127,14,inf
random_addition,42,20,128,0.0018652036963462677,0.04318800407921473,0.6331766563955685,128,14,inf
random_addition,42,20,129,0.0018204987259591004,0.04266730277342476,0.6419686327064033,129,14,inf
random_addition,42,20,130,0.0018487862057836144,0.042997513948874,0.6364054290993668,130,14,inf
random_addition,42,20,131,0.001876254377682861,0.043315752073383895,0.6310033560289989,131,14,inf
random_addition,42,20,132,0.002086972806724504,0.04568339749541953,0.5895620706339807,132,14,inf
random_addition,42,20,133,0.0022003886555080087,0.04690830049690575,0.5672569567474939,133,14,inf
random_addition,42,20,134,0.002141607095524426,0.0462775009645554,0.578817328634865,134,14,inf
random_addition,42,20,135,0.002137911262679491,0.046237552516104174,0.5795441756619419,135,14,inf
random_addition,42,20,136,0.002172204106725916,0.04660691050397908,0.5727999172522805,136,14,inf
random_addition,42,20,137,0.0021722424063950084,0.04660732138189244,0.5727923849850525,137,14,inf
random_addition,42,20,138,0.0024080104594418044,0.0490714831591812,0.5264246742073246,138,14,inf
random_addition,42,20,139,0.002381399198697361,0.04879958195207579,0.5316582214402238,139,14,inf
random_addition,42,20,140,0.0023702270410145146,0.048684977570237355,0.5338554121516327,140,14,inf
random_addition,42,20,141,0.002420672288001991,0.04920032812900734,0.5239345149299802,141,14,inf
random_addition,42,20,142,0.0024385781836555372,0.049381962128448656,0.5204130225982138,142,14,inf
random_addition,42,20,143,0.002634263320328253,0.05132507496661114,0.4819282842993413,143,14,inf
random_addition,42,20,144,0.0026254475492693144,0.0512391212772947,0.4836620523712284,144,14,inf
random_addition,42,20,145,0.002634997452416552,0.05133222625618874,0.48178390500832624,145,14,inf
random_addition,42,20,146,0.002639621281718002,0.051377244785196514,0.48087455203634966,146,14,inf
random_addition,42,20,147,0.0026306052050304976,0.05128942585982512,0.48264771354315084,147,14,inf
random_addition,42,20,148,0.002638129312478057,0.05136272298543037,0.48116797261353594,148,14,inf
random_addition,42,20,149,0.0027171600394190563,0.05212638525179984,0.4656252651007987,149,14,inf
random_addition,42,20,150,0.0026800483819562917,0.05176918370958047,0.47292389007342817,150,14,inf
random_addition,42,21,10,0.00962854819961681,0.0981251659851682,-0.8936142210947935,10,10,inf
random_addition,42,21,11,0.009615536708482305,0.0980588430916983,-0.891055294853875,11,11,inf
random_addition,42,21,12,0.007468411708955587,0.08641997285903061,-0.46878743584957006,12,12,inf
random_addition,42,21,13,0.0031843697642621764,0.05643022031023959,0.37374069840860236,13,13,inf
random_addition,42,21,14,0.007002066738640416,0.08367835286763486,-0.3770729375246844,14,14,inf
random_addition,42,21,15,0.007983313665262344,0.08934939096189937,-0.5700514734508784,15,14,inf
random_addition,42,21,16,0.005944407382529071,0.07709998302547849,-0.1690666258476956,16,14,inf
random_addition,42,21,17,0.005261959414998513,0.0725393645891561,-0.03485187719799421,17,14,inf
random_addition,42,21,18,0.005400459283568014,0.07348781724590828,-0.06209018096983443,18,14,inf
random_addition,42,21,19,0.015995334017756886,0.1264726611476049,-2.145748594621064,19,14,inf
random_addition,42,21,20,0.015983243310847398,0.12642485242565007,-2.143370755919711,20,14,inf
random_addition,42,21,21,0.015636650580548993,0.12504659363832743,-2.0752075282539604,21,14,inf
random_addition,42,21,22,0.014012297721363703,0.11837355161252747,-1.7557515095000982,22,14,inf
random_addition,42,21,23,0.010759379153705173,0.10372742720083812,-1.1160109450787,23,14,inf
random_addition,42,21,24,0.008701824407148633,0.09328356986709199,-0.7113585667569486,24,14,inf
random_addition,42,21,25,0.009268992422335101,0.09627560657993851,-0.8229015945365619,25,14,inf
random_addition,42,21,26,0.009112816894030188,0.09546107528218079,-0.7921870781573486,26,14,inf
random_addition,42,21,27,0.009582282152602562,0.09788913194324772,-0.8845152330891555,27,14,inf
random_addition,42,21,28,0.007821975274188714,0.08844193165116145,-0.5383215941989119,28,14,inf
random_addition,42,21,29,0.008279604347998761,0.09099233125928119,-0.6283219664448163,29,14,inf
random_addition,42,21,30,0.0063389982559431055,0.07961782624477451,-0.2466694870392474,30,14,inf
random_addition,42,21,31,0.006245155929043519,0.07902629897093447,-0.22821383193178724,31,14,inf
random_addition,42,21,32,0.0035104479453491044,0.05924903328619889,0.3096119982044009,32,14,inf
random_addition,42,21,33,0.0036837988755313,0.060694306780218685,0.2755196532498334,33,14,inf
random_addition,42,21,34,0.003622392374225235,0.06018631384480391,0.28759626352691225,34,14,inf
random_addition,42,21,35,0.0036688998440343413,0.06057144413033539,0.27844979571142514,35,14,inf
random_addition,42,21,36,0.003151929060849197,0.056142043611265145,0.3801207025433463,36,14,inf
random_addition,42,21,37,0.0031780341224055325,0.056374055401448034,0.37498670780386945,37,14,inf
random_addition,42,21,38,0.0032065559194974598,0.05662645953525136,0.369377421807191,38,14,inf
random_addition,42,21,39,0.0031764014077272688,0.05635957245869834,0.37530780831348454,39,14,inf
random_addition,42,21,40,0.003290463983138596,0.05736256604388088,0.3528755048741994,40,14,inf
random_addition,42,21,41,0.0034935221077816102,0.05910602429348137,0.31294074580552145,41,14,inf
random_addition,42,21,42,0.003546161092935507,0.059549652332616575,0.3025884134699588,42,14,inf
random_addition,42,21,43,0.0036332812014698785,0.06027670529707043,0.28545479446075306,43,14,inf
random_addition,42,21,44,0.0034598418965467214,0.05882042074438708,0.3195645197786735,44,14,inf
random_addition,42,21,45,0.00346040033579906,0.05882516753736499,0.3194546934073532,45,14,inf
random_addition,42,21,46,0.0032714859920078875,0.05719690544083559,0.3566078426210626,46,14,inf
random_addition,42,21,47,0.0033057629376701614,0.05749576451939883,0.3498667108931912,47,14,inf
random_addition,42,21,48,0.003136530920911201,0.05600474016466107,0.3831490029849599,48,14,inf
random_addition,42,21,49,0.0031898917441879164,0.05647912662380604,0.37265470917126364,49,14,inf
random_addition,42,21,50,0.002956076474500653,0.05436981216171942,0.41863837260730863,50,14,inf
random_addition,42,21,51,0.002885462108446648,0.05371649754448486,0.4325258627045986,51,14,inf
random_addition,42,21,52,0.0024246512207472927,0.04924074756487042,0.5231519915967551,52,14,inf
random_addition,42,21,53,0.002357222972951416,0.048551240694254316,0.5364128785220402,53,14,inf
random_addition,42,21,54,0.0023653589581027978,0.04863495613345197,0.5348128016604127,54,14,inf
random_addition,42,21,55,0.0027318663843319416,0.05226725920049703,0.46273301766224173,55,14,inf
random_addition,42,21,56,0.0026778830351522555,0.051748266011068,0.4733497415534975,56,14,inf
random_addition,42,21,57,0.002697681436899136,0.051939209051535776,0.4694560564074509,57,14,inf
random_addition,42,21,58,0.0027019799068077723,0.051980572397846606,0.4686106907740042,58,14,inf
random_addition,42,21,59,0.002811536533754901,0.05302392416404977,0.4470645570785301,59,14,inf
random_addition,42,21,60,0.0029009255175860603,0.05386024060089279,0.42948472598845655,60,14,inf
random_addition,42,21,61,0.003004353376717007,0.05481198205426444,0.4091439164658388,61,14,inf
random_addition,42,21,62,0.002846767851527205,0.05335511082855329,0.44013573219460833,62,14,inf
random_addition,42,21,63,0.002825433438996391,0.053154806358375446,0.44433149942031125,63,14,inf
random_addition,42,21,64,0.0025826722597798424,0.05081999862042346,0.4920745248239222,64,14,inf
random_addition,42,21,65,0.0026007997930623935,0.05099803714911382,0.4885094437643941,65,14,inf
random_addition,42,21,66,0.00251666237228519,0.05016634700957595,0.5050564675946627,66,14,inf
random_addition,42,21,67,0.0025560745891197332,0.050557636308669864,0.4973053993405999,67,14,inf
random_addition,42,21,68,0.0029963037836403267,0.05473850366643508,0.4107270028884247,68,14,inf
random_addition,42,21,69,0.0030052577315144253,0.054820231042147435,0.4089660600465943,69,14,inf
random_addition,42,21,70,0.002987968089233603,0.05466230958561487,0.4123663558982482,70,14,inf
random_addition,42,21,71,0.00304618148004614,0.05519222300330129,0.4009177239326155,71,14,inf
random_addition,42,21,72,0.003378598842690901,0.05812571584669647,0.33554231819200797,72,14,inf
random_addition,42,21,73,0.0030355419024989494,0.05509575212753656,0.40301017389829175,73,14,inf
random_addition,42,21,74,0.003337968827113058,0.05777515752564469,0.34353288683293437,74,14,inf
random_addition,42,21,75,0.0034965678454294004,0.059131783715945865,0.31234175081645243,75,14,inf
random_addition,42,21,76,0.003565291497727783,0.05971006194711058,0.2988261010404073,76,14,inf
random_addition,42,21,77,0.003514952418966656,0.05928703415559473,0.3087261185137242,77,14,inf
random_addition,42,21,78,0.0035421781099477384,0.05951620039911602,0.3033717333507605,78,14,inf
random_addition,42,21,79,0.0035380171340763217,0.05948123346128863,0.30419005849390723,79,14,inf
random_addition,42,21,80,0.0035005100206820135,0.05916510813547131,0.31156645645580394,80,14,inf
random_addition,42,21,81,0.003805342962318569,0.06168746195393817,0.25161598610720937,81,14,inf
random_addition,42,21,82,0.0037444482177619613,0.06119189666746702,0.2635919509039496,82,14,inf
random_addition,42,21,83,0.0037592872640997434,0.06131302687112865,0.2606736055220542,83,14,inf
random_addition,42,21,84,0.003732734152519044,0.061096105870333865,0.26589571675430934,84,14,inf
random_addition,42,21,85,0.0038939436714400056,0.06240147170892691,0.23419118235557912,85,14,inf
random_addition,42,21,86,0.003666290959961413,0.06054990470646022,0.2789628761758177,86,14,inf
random_addition,42,21,87,0.004089315658883002,0.06394775726233877,0.19576803006348864,87,14,inf
random_addition,42,21,88,0.004132581637185622,0.06428515876301172,0.18725905549069888,88,14,inf
random_addition,42,21,89,0.004050772160879977,0.06364567668648026,0.2033482503039783,89,14,inf
random_addition,42,21,90,0.004063332982944366,0.06374427804081215,0.20087795563476596,90,14,inf
random_addition,42,21,91,0.004161740314682118,0.06451155179254424,0.18152451636486477,91,14,inf
random_addition,42,21,92,0.004219760333632744,0.06495968237016514,0.17011391419355637,92,14,inf
random_addition,42,21,93,0.0042366229532862145,0.0650893459276264,0.16679759944716555,93,14,inf
random_addition,42,21,94,0.004123736500216431,0.06421632580751122,0.1889985988574815,94,14,inf
random_addition,42,21,95,0.004121760585493324,0.06420093913248719,0.18938719536671378,95,14,inf
random_addition,42,21,96,0.004131863099379469,0.06427956984438733,0.18740036790664338,96,14,inf
random_addition,42,21,97,0.0037957694373439493,0.06160981607945238,0.25349877909553,97,14,inf
random_addition,42,21,98,0.00376408335376901,0.06135212591075398,0.25973037468235916,98,14,inf
random_addition,42,21,99,0.003873401864292443,0.06223666013124775,0.23823107054382742,99,14,inf
random_addition,42,21,100,0.003751462619588803,0.06124918464427754,0.262212452066076,100,14,inf
random_addition,42,21,101,0.003815411178149515,0.061769014709233586,0.24963590393040835,101,14,inf
random_addition,42,21,102,0.003789537656238587,0.061559220724750785,0.25472436254582986,102,14,inf
random_addition,42,21,103,0.003652607406326417,0.06043680506385506,0.2816539746904798,103,14,inf
random_addition,42,21,104,0.0036640506109508948,0.0605314018584643,0.2794034780878174,104,14,inf
random_addition,42,21,105,0.003286860011686934,0.05733114347095245,0.353584285829729,105,14,inf
random_addition,42,21,106,0.0032561970245442175,0.057063096871307444,0.3596146724789858,106,14,inf
random_addition,42,21,107,0.003227329209921683,0.05680958730638415,0.3652920085807394,107,14,inf
random_addition,42,21,108,0.003228550964212348,0.05682033935319595,0.36505173026966664,108,14,inf
random_addition,42,21,109,0.003548887124621449,0.05957253666431747,0.3020522939781479,109,14,inf
random_addition,42,21,110,0.003591761098732888,0.059931303162311496,0.2936204135524466,110,14,inf
random_addition,42,21,111,0.0036411300208370493,0.0603417767457758,0.2839111935289874,111,14,inf
random_addition,42,21,112,0.003605104976424158,0.06004252639941259,0.2909961179642764,112,14,inf
random_addition,42,21,113,0.003649396100863335,0.06041023175641139,0.2822855313454502,113,14,inf
random_addition,42,21,114,0.003674973736864055,0.0606215616498293,0.27725526361776964,114,14,inf
random_addition,42,21,115,0.0037955309336616637,0.061607880450975296,0.2535456848133181,115,14,inf
random_addition,42,21,116,0.0038005166992070806,0.06164833087121727,0.2525651510563991,116,14,inf
random_addition,42,21,117,0.003812691988837079,0.06174699983672955,0.2501706777556131,117,14,inf
random_addition,42,21,118,0.0037293643670852127,0.06106852190028192,0.2665584411326113,118,14,inf
random_addition,42,21,119,0.0037228778462297225,0.061015390240739445,0.267834123393606,119,14,inf
random_addition,42,21,120,0.0037432752252723267,0.061182311375693604,0.26382263939546047,120,14,inf
random_addition,42,21,121,0.003951563574248673,0.06286146334797396,0.2228592696814613,121,14,inf
random_addition,42,21,122,0.003911192046763701,0.06253952387701478,0.23079900233772033,122,14,inf
random_addition,42,21,123,0.00380907578437877,0.061717710459630384,0.25088186453545525,123,14,inf
random_addition,42,21,124,0.004100776988326314,0.06403730934639831,0.19351396891360817,124,14,inf
random_addition,42,21,125,0.004155126032953901,0.06446026708720576,0.18282532492740355,125,14,inf
random_addition,42,21,126,0.004039877741551088,0.06356003257984602,0.20549081914655587,126,14,inf
random_addition,42,21,127,0.003127636264697022,0.05592527393493055,0.3848982851352625,127,14,inf
random_addition,42,21,128,0.0031006049542457717,0.05568307601278661,0.39021444213257106,128,14,inf
random_addition,42,21,129,0.0030973280602703502,0.0556536437286037,0.3908588978598764,129,14,inf
random_addition,42,21,130,0.003063244367168693,0.055346584060524395,0.397562023256008,130,14,inf
random_addition,42,21,131,0.003052369412504035,0.055248252574213015,0.3997007640484752,131,14,inf
random_addition,42,21,132,0.0030351480437283544,0.05509217769999979,0.40308763277928183,132,14,inf
random_addition,42,21,133,0.0029705712485630755,0.05450294715483811,0.4157877340970033,133,14,inf
random_addition,42,21,134,0.00293785412511897,0.05420197528798162,0.4222221008304572,134,14,inf
random_addition,42,21,135,0.002863378546574353,0.053510546124800044,0.4368689626140396,135,14,inf
random_addition,42,21,136,0.0028630680091709243,0.05350764439938395,0.4369300349617211,136,14,inf
random_addition,42,21,137,0.002884766908430742,0.053710026144387066,0.4326625853557535,137,14,inf
random_addition,42,21,138,0.0028261775450498907,0.053161805321583,0.44418515858307417,138,14,inf
random_addition,42,21,139,0.0028000521110958395,0.05291551862257271,0.44932315989355553,139,14,inf
random_addition,42,21,140,0.002755101749185778,0.05248906313876995,0.45816339653064664,140,14,inf
random_addition,42,21,141,0.002734097136892385,0.05228859471139366,0.4622943030518327,141,14,inf
random_addition,42,21,142,0.002767404428529576,0.05260612538982106,0.4557438699228956,142,14,inf
random_addition,42,21,143,0.002767217231223285,0.05260434612485251,0.45578068538811367,143,14,inf
random_addition,42,21,144,0.0027406611002074002,0.05235132376747889,0.461003390442541,144,14,inf
random_addition,42,21,145,0.0027542870333629463,0.05248130174988942,0.4583236239539591,145,14,inf
random_addition,42,21,146,0.0027401313354886558,0.05234626381594636,0.46110757748969,146,14,inf
random_addition,42,21,147,0.002839056408471426,0.053282796552653146,0.44165231578881703,147,14,inf
random_addition,42,21,148,0.0025524134525944375,0.050521415781769594,0.498025422759078,148,14,inf
random_addition,42,21,149,0.002601898303067749,0.051008806132546845,0.4882934034927944,149,14,inf
random_addition,42,21,150,0.0026800483819562917,0.05176918370958047,0.47292389007342817,150,14,inf
random_addition,42,22,10,0.00962854819961681,0.0981251659851682,-0.8936142210947935,10,10,inf
random_addition,42,22,11,0.008963591613681626,0.09467624630117961,-0.7628394436898658,11,11,inf
random_addition,42,22,12,0.0033803087145961425,0.058140422380613496,0.33520604342982263,12,12,inf
random_addition,42,22,13,0.002414450586033726,0.04913705919195537,0.5251581161502544,13,13,inf
random_addition,42,22,14,0.0024130126524413696,0.049122425148208734,0.525440909718197,14,14,inf
random_addition,42,22,15,0.002435042902226489,0.049346153874709316,0.5211082945178044,15,14,inf
random_addition,42,22,16,0.0023889152596097826,0.0488765307648751,0.5301800629956368,16,14,inf
random_addition,42,22,17,0.0026010151599149033,0.051000148626400135,0.48846708828917496,17,14,inf
random_addition,42,22,18,0.0026286994843621797,0.05127084438901099,0.48302250522349,18,14,inf
random_addition,42,22,19,0.003156826898023488,0.05618564672604106,0.3791574613637245,19,14,inf
random_addition,42,22,20,0.00317617361238551,0.056357551511625394,0.3753526080579227,20,14,inf
random_addition,42,22,21,0.0030173556047207893,0.054930461537481996,0.40658681197371405,21,14,inf
random_addition,42,22,22,0.0032860625949394555,0.057324188567649655,0.3537411111020192,22,14,inf
random_addition,42,22,23,0.0037363538973309214,0.06112572205979183,0.26518383370502707,23,14,inf
random_addition,42,22,24,0.0037775217406050875,0.06146154684520304,0.2570874922982441,24,14,inf
random_addition,42,22,25,0.0036285692821633603,0.06023760687613146,0.2863814717980311,25,14,inf
random_addition,42,22,26,0.004111149659932358,0.06411824748020144,0.19147401044253431,26,14,inf
random_addition,42,22,27,0.003202604643721748,0.056591559827608114,0.3701545059371384,27,14,inf
random_addition,42,22,28,0.0035293091976454096,0.05940798934188406,0.30590261909184047,28,14,inf
random_addition,42,22,29,0.003384904188761616,0.0581799294324221,0.33430226696716125,29,14,inf
random_addition,42,22,30,0.003806583876273309,0.06169751920679881,0.2513719397293822,30,14,inf
random_addition,42,22,31,0.004591976232637927,0.06776412201628475,0.0969114640358214,31,14,inf
random_addition,42,22,32,0.005400763745112414,0.0734898887270379,-0.06215005839873644,32,14,inf
random_addition,42,22,33,0.005407614514309488,0.07353648423952214,-0.06349737615714313,33,14,inf
random_addition,42,22,34,0.0062549195647531464,0.07908804944334603,-0.23013401335956218,34,14,inf
random_addition,42,22,35,0.007013760596555302,0.08374819757197943,-0.3793727292677398,35,14,inf
random_addition,42,22,36,0.006584861611187989,0.08114716021641169,-0.29502260697858795,36,14,inf
random_addition,42,22,37,0.006062080907199457,0.07785936621370262,-0.19220908254444447,37,14,inf
random_addition,42,22,38,0.00870140711759779,0.09328133316799128,-0.711276499823138,38,14,inf
random_addition,42,22,39,0.007502595894455237,0.08661752648543618,-0.47551032474794597,39,14,inf
random_addition,42,22,40,0.007183939306040487,0.08475812236028171,-0.4128412042369496,40,14,inf
random_addition,42,22,41,0.008964457361841661,0.09468081834163486,-0.7630097074714599,41,14,inf
random_addition,42,22,42,0.008933942883946316,0.09451953704894198,-0.757008527636871,42,14,inf
random_addition,42,22,43,0.00931745590817721,0.09652696984872781,-0.8324327454527607,43,14,inf
random_addition,42,22,44,0.009579088259639872,0.09787281675541923,-0.8838871008921285,44,14,inf
random_addition,42,22,45,0.009468473638392934,0.09730608222712973,-0.8621328950127258,45,14,inf
random_addition,42,22,46,0.00954775142432789,0.09771259603719415,-0.8777241907876505,46,14,inf
random_addition,42,22,47,0.008699513296975851,0.0932711814923337,-0.7109040484849343,47,14,inf
random_addition,42,22,48,0.009380088191522652,0.09685085539902398,-0.8447504261647178,48,14,inf
random_addition,42,22,49,0.009165472374542247,0.09573647358526555,-0.8025426545795742,49,14,inf
random_addition,42,22,50,0.011134638460113994,0.10552079633946095,-1.1898119319442162,50,14,inf
random_addition,42,22,51,0.011220191572743171,0.1059254057001585,-1.2066373751340818,51,14,inf
random_addition,42,22,52,0.01117672980629466,0.1057200539457612,-1.1980898955645158,52,14,inf
random_addition,42,22,53,0.011107129173824403,0.10539036565941122,-1.1844017730448497,53,14,inf
random_addition,42,22,54,0.010430984856780536,0.10213219304793439,-1.0514267421551824,54,14,inf
random_addition,42,22,55,0.010852729120986086,0.10417643265626869,-1.1343697694743553,55,14,inf
random_addition,42,22,56,0.010704951299370921,0.10346473456869698,-1.1053068018522976,56,14,inf
random_addition,42,22,57,0.010731288324880118,0.10359193175571213,-1.110486416162951,57,14,inf
random_addition,42,22,58,0.010608448109592153,0.10299732088550727,-1.0863278437832755,58,14,inf
random_addition,42,22,59,0.010539701967049665,0.1026630506416484,-1.0728077709264925,59,14,inf
random_addition,42,22,60,0.009312508225232465,0.09650133794529724,-0.831459701272953,60,14,inf
random_addition,42,22,61,0.00954043764295309,0.09767516390031343,-0.8762858139800389,61,14,inf
random_addition,42,22,62,0.009076566871007236,0.09527101800131683,-0.7850579079347799,62,14,inf
random_addition,42,22,63,0.006790923622534473,0.08240706051385689,-0.3355481303517407,63,14,inf
random_addition,42,22,64,0.006794636041014615,0.08242958231736114,-0.33627823921996347,64,14,inf
random_addition,42,22,65,0.006679561015629526,0.08172858138759981,-0.3136468206463181,65,14,inf
random_addition,42,22,66,0.006841245480097154,0.08271182188839243,-0.345444760989825,66,14,inf
random_addition,42,22,67,0.006357670780095828,0.07973500348087927,-0.25034174962196354,67,14,inf
random_addition,42,22,68,0.0067733841682324995,0.08230057210148967,-0.3320987048092916,68,14,inf
random_addition,42,22,69,0.006603341367514663,0.08126094613967194,-0.2986569585606831,69,14,inf
random_addition,42,22,70,0.0058799042269158715,0.07668053355914962,-0.15638100697324187,70,14,inf
random_addition,42,22,71,0.006011225164017834,0.07753209118821595,-0.18220745441561625,71,14,inf
random_addition,42,22,72,0.005652684894154012,0.07518433942087947,-0.1116945442890076,72,14,inf
random_addition,42,22,73,0.005747526517292706,0.07581244302416791,-0.13034672763003208,73,14,inf
random_addition,42,22,74,0.0056432154472109315,0.0751213381617429,-0.10983221997743242,74,14,inf
random_addition,42,22,75,0.005497838472749642,0.07414741042510953,-0.08124141889793135,75,14,inf
random_addition,42,22,76,0.005817471916377785,0.07627235355210815,-0.1441026542413697,76,14,inf
random_addition,42,22,77,0.00616160523361173,0.07849589310028729,-0.21178219740371884,77,14,inf
random_addition,42,22,78,0.0061712437650210915,0.07855726424094141,-0.213677774989129,78,14,inf
random_addition,42,22,79,0.005918424609023846,0.07693129798088581,-0.16395668108832484,79,14,inf
random_addition,42,22,80,0.005868798076629746,0.07660808101388356,-0.15419679771475137,80,14,inf
random_addition,42,22,81,0.005227972154462015,0.0723047173735021,-0.028167716870425075,81,14,inf
random_addition,42,22,82,0.005095673153892649,0.07138398387518484,-0.0021489169723520885,82,14,inf
random_addition,42,22,83,0.00511154745272095,0.07149508691316453,-0.0052708619829588965,83,14,inf
random_addition,42,22,84,0.0050389984624085215,0.07098590326542673,0.008997104166616032,84,14,inf
random_addition,42,22,85,0.004765691008296986,0.0690339844445979,0.06274756281389293,85,14,inf
random_addition,42,22,86,0.00478123750856344,0.06914649310386926,0.05969008484499383,86,14,inf
random_addition,42,22,87,0.004745636835348145,0.06888858276483953,0.06669154962280066,87,14,inf
random_addition,42,22,88,0.004604255993483107,0.06785466817753298,0.09449644473218421,88,14,inf
random_addition,42,22,89,0.004602838936461246,0.06784422552038785,0.0947751325751558,89,14,inf
random_addition,42,22,90,0.004528925703788178,0.06729729343582978,0.10931139968574455,90,14,inf
random_addition,42,22,91,0.004496501714157781,0.06705595957226905,0.11568811677702884,91,14,inf
random_addition,42,22,92,0.004534115142797443,0.06733583847252103,0.10829081015306308,92,14,inf
random_addition,42,22,93,0.005027557952209236,0.07090527450203712,0.011247070865729514,93,14,inf
random_addition,42,22,94,0.004973933247719273,0.07052611748649767,0.021793261310955825,94,14,inf
random_addition,42,22,95,0.004983453597348537,0.07059358042590372,0.019920926139129436,95,14,inf
random_addition,42,22,96,0.004530636360727159,0.0673100019367639,0.1089749705336116,96,14,inf
random_addition,42,22,97,0.00506933137471042,0.07119923717786883,0.0030316322272034846,97,14,inf
random_addition,42,22,98,0.0051667938827614,0.0718804137631483,-0.01613599174296554,98,14,inf
random_addition,42,22,99,0.005111242318420491,0.07149295292838652,-0.005210852245383313,99,14,inf
random_addition,42,22,100,0.005389990164842618,0.07341655239006131,-0.06003125456787384,100,14,inf
random_addition,42,22,101,0.005798116231606752,0.07614536250886689,-0.1402960367553696,101,14,inf
random_addition,42,22,102,0.005789536282201633,0.07608900237354695,-0.13860864693574415,102,14,inf
random_addition,42,22,103,0.0057647428377583755,0.0759259036018563,-0.13373260352667193,103,14,inf
random_addition,42,22,104,0.005821926260872053,0.07630154822067539,-0.1449786752058113,104,14,inf
random_addition,42,22,105,0.0058160597843541755,0.07626309582199096,-0.1438249349812557,105,14,inf
random_addition,42,22,106,0.005800042307214191,0.07615800881860155,-0.14067483157319027,106,14,inf
random_addition,42,22,107,0.005680372779378882,0.07536824781948219,-0.11713982764085729,107,14,inf
random_addition,42,22,108,0.0050499627993213,0.07106309027421549,0.006840784867748306,108,14,inf
random_addition,42,22,109,0.005151939391152653,0.07177701157858729,-0.013214608791527915,109,14,inf
random_addition,42,22,110,0.004864840343660999,0.0697484074632604,0.0432481961840554,110,14,inf
random_addition,42,22,111,0.004839479910273626,0.06956637054118625,0.04823574740360126,111,14,inf
random_addition,42,22,112,0.0048237806825050114,0.06945344255330337,0.05132326177716373,112,14,inf
random_addition,42,22,113,0.004810312886863013,0.06935641921886548,0.05397192789232119,113,14,inf
random_addition,42,22,114,0.0040260138387461005,0.06345087736781975,0.20821738632648068,114,14,inf
random_addition,42,22,115,0.0035885375999220237,0.05990440384414174,0.2942543682321539,115,14,inf
random_addition,42,22,116,0.0036175555699642045,0.060146118494581215,0.28854750156856257,116,14,inf
random_addition,42,22,117,0.003680568391760944,0.06066768820188342,0.2761549816380535,117,14,inf
random_addition,42,22,118,0.0036396464049248574,0.06032948205417363,0.2842029712852727,118,14,inf
random_addition,42,22,119,0.003652517336601,0.06043605990301651,0.2816716884007302,119,14,inf
random_addition,42,22,120,0.003795500278703386,0.061607631659587325,0.2535517136209574,120,14,inf
random_addition,42,22,121,0.0033756807916200775,0.058100609219009725,0.3361162014910304,121,14,inf
random_addition,42,22,122,0.0034504772424617117,0.05874076303949168,0.3214062348309712,122,14,inf
random_addition,42,22,123,0.003482411909081172,0.05901196411814448,0.31512575125205144,123,14,inf
random_addition,42,22,124,0.0033740794910293295,0.058086827173028904,0.33643112389760965,124,14,inf
random_addition,42,22,125,0.0034105667546221554,0.058400057830640506,0.3292552963693267,125,14,inf
random_addition,42,22,126,0.0034159171259283893,0.058445847807422464,0.32820305682255624,126,14,inf
random_addition,42,22,127,0.003400245096977636,0.058311620599822436,0.33128522209600175,127,14,inf
random_addition,42,22,128,0.003380166271710414,0.0581391973775904,0.33523405719353006,128,14,inf
random_addition,42,22,129,0.0033870995465865176,0.0581987933430455,0.3338705133204598,129,14,inf
random_addition,42,22,130,0.0034236050439496084,0.05851158042601147,0.32669109981784694,130,14,inf
random_addition,42,22,131,0.003171035092227714,0.05631194448984793,0.3763631835511806,131,14,inf
random_addition,42,22,132,0.0030953540565517986,0.055635906180737264,0.391247118538264,132,14,inf
random_addition,42,22,133,0.0030956927109859504,0.055638949585573146,0.3911805165086276,133,14,inf
random_addition,42,22,134,0.0031110635114778183,0.05577690840731331,0.3881575928240195,134,14,inf
random_addition,42,22,135,0.0031049725570596563,0.055722280616102356,0.38935548036294576,135,14,inf
random_addition,42,22,136,0.0030840462168629,0.05553418962101545,0.3934709933738919,136,14,inf
random_addition,42,22,137,0.003078496275820703,0.05548419843361444,0.3945624816300508,137,14,inf
random_addition,42,22,138,0.0029698607552217523,0.05449642882998621,0.4159274644350802,138,14,inf
random_addition,42,22,139,0.002945730265435784,0.05427458213045757,0.42067312677932756,139,14,inf
random_addition,42,22,140,0.0025969335562656204,0.05096011731016345,0.4892698035640969,140,14,inf
random_addition,42,22,141,0.0026285840258704805,0.051269718410290495,0.48304521205709516,141,14,inf
random_addition,42,22,142,0.002554855465511505,0.05054557810047784,0.49754516028419726,142,14,inf
random_addition,42,22,143,0.002514127825702114,0.05014107922354797,0.5055549283547107,143,14,inf
random_addition,42,22,144,0.002521553134769493,0.05021506880179986,0.5040946177705488,144,14,inf
random_addition,42,22,145,0.002538908795443403,0.05038758572747262,0.5006813383033577,145,14,inf
random_addition,42,22,146,0.002517196883809487,0.05017167411806673,0.5049513470092157,146,14,inf
random_addition,42,22,147,0.0026927262449565727,0.05189148528377823,0.4704305773566285,147,14,inf
random_addition,42,22,148,0.0026889087795521787,0.051854689079698264,0.4711813454504711,148,14,inf
random_addition,42,22,149,0.002661270419480506,0.051587502551301186,0.47661688885685294,149,14,inf
random_addition,42,22,150,0.0026800483819562917,0.05176918370958047,0.47292389007342817,150,14,inf
random_addition,42,23,10,0.00962854819961681,0.0981251659851682,-0.8936142210947935,10,10,inf
random_addition,42,23,11,0.0059779131679645985,0.07731696558947847,-0.17565609608498312,11,11,inf
random_addition,42,23,12,0.006874235565470175,0.08291100991708023,-0.351932810228647,12,12,inf
random_addition,42,23,13,0.005693605692087725,0.07545598513098696,-0.11974230011879183,13,13,inf
random_addition,42,23,14,0.003939971308258243,0.06276919075675776,0.22513908168209762,14,14,inf
random_addition,42,23,15,0.004167481804328726,0.06455603615719235,0.18039535688830755,15,14,inf
random_addition,42,23,16,0.009401712724345687,0.0969624294474189,-0.8490032503734453,16,14,inf
random_addition,42,23,17,0.009574792810076877,0.09785087025712585,-0.8830423292599103,17,14,inf
random_addition,42,23,18,0.01316729340665182,0.11474882747397387,-1.5895673502632404,18,14,inf
random_addition,42,23,19,0.013120828868486312,0.11454618661695513,-1.5804293256698432,19,14,inf
random_addition,42,23,20,0.005012387571745413,0.07079821729214242,0.014230578616862388,20,14,inf
random_addition,42,23,21,0.004133565503071787,0.06429281066395984,0.18706556189279933,21,14,inf
random_addition,42,23,22,0.0027666490369787416,0.05259894520785319,0.4558924302409727,22,14,inf
random_addition,42,23,23,0.004059414152561678,0.06371353194229368,0.20164865883828853,23,14,inf
random_addition,42,23,24,0.006577401210165928,0.08110117884572288,-0.29355539497761285,24,14,inf
random_addition,42,23,25,0.01517442024852804,0.12318449678643835,-1.9843022420166148,25,14,inf
random_addition,42,23,26,0.014344528110127389,0.11976864410240014,-1.8210901437157743,26,14,inf
random_addition,42,23,27,0.0139173399003046,0.11797177586314703,-1.737076473904509,27,14,inf
random_addition,42,23,28,0.012302726469484349,0.11091765625672204,-1.4195358758013015,28,14,inf
random_addition,42,23,29,0.012303116488187138,0.11091941438804633,-1.4196125794690593,29,14,inf
random_addition,42,23,30,0.01258910192815107,0.11220116723167843,-1.475856374994049,30,14,inf
random_addition,42,23,31,0.012690317546089121,0.11265130956224664,-1.4957621104747125,31,14,inf
random_addition,42,23,32,0.01291413714937433,0.11364038520426763,-1.5397799597863595,32,14,inf
random_addition,42,23,33,0.012855294945896531,0.11338119308728645,-1.5282076613467521,33,14,inf
random_addition,42,23,34,0.012000001415662591,0.10954451796261916,-1.3599999566664334,34,14,inf
random_addition,42,23,35,0.01207029298342795,0.10986488512453808,-1.3738239631089444,35,14,inf
random_addition,42,23,36,0.012089172332864955,0.10995077231590943,-1.377536901325357,36,14,inf
random_addition,42,23,37,0.011962025276079948,0.10937104404768178,-1.3525313169000732,37,14,inf
random_addition,42,23,38,0.011884053552999919,0.10901400622397069,-1.3371968801182659,38,14,inf
random_addition,42,23,39,0.00994885391312582,0.09974394173645745,-0.9566076694967773,39,14,inf
random_addition,42,23,40,0.010243295823395848,0.10120916867258543,-1.0145145706218952,40,14,inf
random_addition,42,23,41,0.010594861575581803,0.10293134398997131,-1.0836558257921927,41,14,inf
random_addition,42,23,42,0.01000654701685059,0.10003272972807745,-0.9679539783490994,42,14,inf
random_addition,42,23,43,0.009182242564517981,0.09582401872452428,-0.8058407914918218,43,14,inf
random_addition,42,23,44,0.0083940938538903,0.09161928756484794,-0.6508382328670961,44,14,inf
random_addition,42,23,45,0.008284199990634702,0.09101758066788362,-0.6292257760399984,45,14,inf
random_addition,42,23,46,0.008824320703106316,0.09393785553814989,-0.7354495016775566,46,14,inf
random_addition,42,23,47,0.008823060472327022,0.09393114750883767,-0.7352016563247517,47,14,inf
random_addition,42,23,48,0.009022744159536859,0.09498812641344632,-0.7744727761220478,48,14,inf
random_addition,42,23,49,0.009030129911810089,0.09502699570022241,-0.775925307204421,49,14,inf
random_addition,42,23,50,0.008753330197992567,0.09355923363299086,-0.7214880375752686,50,14,inf
random_addition,42,23,51,0.008417470479036012,0.09174677367099081,-0.6554356351856392,51,14,inf
random_addition,42,23,52,0.007895922067578857,0.08885900104985908,-0.5528644615829592,52,14,inf
random_addition,42,23,53,0.007841100349938014,0.08854998785961529,-0.5420828585834878,53,14,inf
random_addition,42,23,54,0.007863864688184587,0.0886784341775642,-0.5465598444949504,54,14,inf
random_addition,42,23,55,0.009278443326961755,0.0963246766252644,-0.8247602721930705,55,14,inf
random_addition,42,23,56,0.009833073235818217,0.09916185373326891,-0.9338374727306242,56,14,inf
random_addition,42,23,57,0.00951474524855228,0.09754355564850135,-0.8712329771034173,57,14,inf
random_addition,42,23,58,0.009471504748362666,0.09732165611189868,-0.8627290132255023,58,14,inf
random_addition,42,23,59,0.00890318712985794,0.09435670156304712,-0.7509598968241218,59,14,inf
random_addition,42,23,60,0.008994601456613302,0.09483987271508383,-0.7689380453016512,60,14,inf
random_addition,42,23,61,0.00874802848478809,0.09353089588359607,-0.7204453674538724,61,14,inf
random_addition,42,23,62,0.008738908020157568,0.09348212674173373,-0.7186516763210768,62,14,inf
random_addition,42,23,63,0.008727763015027644,0.0934224973709633,-0.7164598256110144,63,14,inf
random_addition,42,23,64,0.009126031036319402,0.09553026241102555,-0.7947858591199262,64,14,inf
random_addition,42,23,65,0.00922078496369411,0.09602491845190034,-0.8134207956297181,65,14,inf
random_addition,42,23,66,0.008628478697372462,0.09288960489404863,-0.6969339124675329,66,14,inf
random_addition,42,23,67,0.008665228117605088,0.09308720705663634,-0.7041612974612808,67,14,inf
random_addition,42,23,68,0.008355240694399947,0.09140700571837997,-0.6431971125424012,68,14,inf
random_addition,42,23,69,0.00854570896569997,0.09244300387644254,-0.6806558674578533,69,14,inf
random_addition,42,23,70,0.008500603873449827,0.09219871947836275,-0.6717852005246949,70,14,inf
random_addition,42,23,71,0.008796896131950832,0.09379177006513328,-0.7300560034189596,71,14,inf
random_addition,42,23,72,0.008474237851435609,0.09205562368174802,-0.6665998835688314,72,14,inf
random_addition,42,23,73,0.007694317410823909,0.0877172583407844,-0.5132155511599634,73,14,inf
random_addition,42,23,74,0.008126136087481549,0.09014508354581269,-0.598139879324596,74,14,inf
random_addition,42,23,75,0.0074880218524026165,0.08653335687700216,-0.4726440968683603,75,14,inf
random_addition,42,23,76,0.007167976970660181,0.08466390594970315,-0.4097019453734758,76,14,inf
random_addition,42,23,77,0.006258313769114915,0.07910950492270138,-0.23080154012637033,77,14,inf
random_addition,42,23,78,0.006317476862621766,0.07948255697083333,-0.2424369469297547,78,14,inf
random_addition,42,23,79,0.006217881287389118,0.07885354327732597,-0.22284981980438356,79,14,inf
random_addition,42,23,80,0.006190460034828232,0.07867947657952633,-0.2174569742026351,80,14,inf
random_addition,42,23,81,0.006265837375630726,0.07915704248916028,-0.23228118253942154,81,14,inf
random_addition,42,23,82,0.006692891733164968,0.0818100955455069,-0.3162685280708617,82,14,inf
random_addition,42,23,83,0.007049156918944995,0.08395925749400715,-0.3863340050553239,83,14,inf
random_addition,42,23,84,0.0071940472394391095,0.08481772951122371,-0.41482909753432895,84,14,inf
random_addition,42,23,85,0.006604123222345401,0.08126575676350649,-0.2988107233230981,85,14,inf
random_addition,42,23,86,0.006609274131542038,0.08129744234317607,-0.2998237353269959,86,14,inf
random_addition,42,23,87,0.006508427466334822,0.08067482548065923,-0.2799905605401709,87,14,inf
random_addition,42,23,88,0.0062642736231319305,0.07914716434043566,-0.23197364458991965,88,14,inf
random_addition,42,23,89,0.006206857067555675,0.07878360913004478,-0.22068172353272386,89,14,inf
random_addition,42,23,90,0.006387392532365084,0.07992116448328992,-0.2561870267713431,90,14,inf
random_addition,42,23,91,0.00646999177227364,0.08043625906438986,-0.27243154173868644,91,14,inf
random_addition,42,23,92,0.006027766259094506,0.07763869047771546,-0.18546053600385748,92,14,inf
random_addition,42,23,93,0.005880825193200444,0.07668653853969706,-0.15656213031784794,93,14,inf
random_addition,42,23,94,0.00592709855454924,0.07698765196152718,-0.16566255680908437,94,14,inf
random_addition,42,23,95,0.00565229030803677,0.07518171525069622,-0.1116169423631963,95,14,inf
random_addition,42,23,96,0.005675644688308416,0.07533687469167019,-0.11620996985710308,96,14,inf
random_addition,42,23,97,0.005579511643349086,0.07469612870389661,-0.09730380692597951,97,14,inf
random_addition,42,23,98,0.00576025878745008,0.07589636873691705,-0.13285074041960132,98,14,inf
random_addition,42,23,99,0.005184021418584579,0.07200014874001705,-0.019524073326281366,99,14,inf
random_addition,42,23,100,0.005115287521468594,0.07152123825458137,-0.006006408736382474,100,14,inf
random_addition,42,23,101,0.004873856773995372,0.0698130129273574,0.04147496512671278,101,14,inf
random_addition,42,23,102,0.004832060576144665,0.06951302450724371,0.04969488291670121,102,14,inf
random_addition,42,23,103,0.004761139348444312,0.06900100976394702,0.06364272246287861,103,14,inf
random_addition,42,23,104,0.0049060460997039914,0.07004317311275947,0.035144398600419735,104,14,inf
random_addition,42,23,105,0.005110130189493342,0.07148517461329547,-0.00499213358619599,105,14,inf
random_addition,42,23,106,0.004967838511930611,0.07048289517273401,0.02299189251931233,106,14,inf
random_addition,42,23,107,0.004963630116755584,0.07045303482998858,0.02381954345756443,107,14,inf
random_addition,42,23,108,0.005104139320773951,0.07144325944953765,-0.0038139295653445426,108,14,inf
random_addition,42,23,109,0.004959693269240414,0.07042508977090774,0.02459379002999207,109,14,inf
random_addition,42,23,110,0.004962482325907464,0.0704448885719004,0.024045275626919826,110,14,inf
random_addition,42,23,111,0.004920405099900467,0.07014559929104938,0.032320462280110096,111,14,inf
random_addition,42,23,112,0.004857257310658341,0.0696940263627977,0.04473952580459306,112,14,inf
random_addition,42,23,113,0.005003543147645803,0.07073572751902536,0.01596998178598008,113,14,inf
random_addition,42,23,114,0.004914095539695617,0.07010061012356181,0.033561342284557205,114,14,inf
random_addition,42,23,115,0.004371416779645954,0.06611669062835764,0.14028815054387778,115,14,inf
random_addition,42,23,116,0.004291337806888083,0.0655083033430731,0.1560370130391604,116,14,inf
random_addition,42,23,117,0.004370734398394463,0.06611152999586731,0.1404223521717083,117,14,inf
random_addition,42,23,118,0.0043358707102150685,0.06584732880090936,0.14727887657888128,118,14,inf
random_addition,42,23,119,0.004270884597187477,0.06535200530349071,0.16005947706521606,119,14,inf
random_addition,42,23,120,0.004234692951557392,0.06507451845044565,0.16717716640208624,120,14,inf
random_addition,42,23,121,0.004229723959726667,0.06503632800002371,0.1681544013288988,121,14,inf
random_addition,42,23,122,0.004059832700883975,0.06371681646852717,0.20156634434612564,122,14,inf
random_addition,42,23,123,0.0036338505444225254,0.0602814278565341,0.28534282369533126,123,14,inf
random_addition,42,23,124,0.0038075491948605018,0.061705341704430275,0.25118209376645007,124,14,inf
random_addition,42,23,125,0.0038422710674410354,0.061986055427338135,0.24435345975658374,125,14,inf
random_addition,42,23,126,0.0032229961179938748,0.0567714375191775,0.3661441832103617,126,14,inf
random_addition,42,23,127,0.0032443668600347585,0.056959343922088485,0.36194127118198594,127,14,inf
random_addition,42,23,128,0.0032456142907100792,0.05697029305445145,0.36169594318261933,128,14,inf
random_addition,42,23,129,0.003244327468247305,0.0569589981324049,0.3619490182324623,129,14,inf
random_addition,42,23,130,0.0032507284944550104,0.05701516021599001,0.3606901499165729,130,14,inf
random_addition,42,23,131,0.003244804570949361,0.05696318610251152,0.3618551880471834,131,14,inf
random_addition,42,23,132,0.0032364978175800406,0.05689022602855468,0.3634888493204269,132,14,inf
random_addition,42,23,133,0.0031817006326386546,0.05640656551004195,0.3742656275563295,133,14,inf
random_addition,42,23,134,0.0029717900275865,0.054514126862552796,0.41554804092174136,134,14,inf
random_addition,42,23,135,0.0029698541493853475,0.05449636822197739,0.41592876358272934,135,14,inf
random_addition,42,23,136,0.0029980353593470005,0.054754318179911624,0.41038645971253973,136,14,inf
random_addition,42,23,137,0.0024379542545676664,0.04937564434584795,0.5205357286354328,137,14,inf
random_addition,42,23,138,0.0025108828657103453,0.050108710477424434,0.5061931037327538,138,14,inf
random_addition,42,23,139,0.002509053672338648,0.05009045490249263,0.5065528450468094,139,14,inf
random_addition,42,23,140,0.002508014380072667,0.0500800796731861,0.5067572391645865,140,14,inf
random_addition,42,23,141,0.0025044311678198193,0.05004429206033211,0.5074619374782392,141,14,inf
random_addition,42,23,142,0.0025492761421982346,0.050490356922864334,0.49864242705287953,142,14,inf
random_addition,42,23,143,0.002560414426608118,0.05060053780947509,0.49645189808424506,143,14,inf
random_addition,42,23,144,0.002742423883199297,0.052368157149161716,0.4606567098347323,144,14,inf
random_addition,42,23,145,0.002743654352339951,0.05237990408868606,0.46041471760339525,145,14,inf
random_addition,42,23,146,0.0029741812375803298,0.0545360544739013,0.41507776968706855,146,14,inf
random_addition,42,23,147,0.0029825117917032635,0.054612377641916156,0.41343942759958596,147,14,inf
random_addition,42,23,148,0.003062267136773642,0.05533775507529775,0.39775421187416626,148,14,inf
random_addition,42,23,149,0.0027592494512326685,0.052528558434747366,0.4573476819059674,149,14,inf
random_addition,42,23,150,0.0026800483819562917,0.05176918370958047,0.47292389007342817,150,14,inf
random_addition,42,24,10,0.00962854819961681,0.0981251659851682,-0.8936142210947935,10,10,inf
random_addition,42,24,11,0.004406599562799687,0.06638222324387522,0.13336887080030713,11,11,inf
random_addition,42,24,12,0.005216378345793872,0.07222449962300792,-0.025887601476546562,12,12,inf
random_addition,42,24,13,0.005024445292072039,0.07088332167775463,0.011859227275920814,13,13,inf
random_addition,42,24,14,0.006428233572714865,0.08017626564460872,-0.2642190969450926,14,14,inf
random_addition,42,24,15,0.004970548614550386,0.07050211780188156,0.022458905743420576,15,14,inf
random_addition,42,24,16,0.004984064234690993,0.07059790531376263,0.019800834144818924,16,14,inf
random_addition,42,24,17,0.009819076679987803,0.09909125430625956,-0.9310848171259223,17,14,inf
random_addition,42,24,18,0.011219940763883128,0.10592422179975233,-1.2065880493983312,18,14,inf
random_addition,42,24,19,0.013650458033317539,0.11683517464067719,-1.6845897138860941,19,14,inf
random_addition,42,24,20,0.015075567133483767,0.12278260110245168,-1.964861132041717,20,14,inf
random_addition,42,24,21,0.02663445554799654,0.16320066037855527,-4.238108876975924,21,14,inf
random_addition,42,24,22,0.026685011515766854,0.1633554759283167,-4.248051549281899,22,14,inf
random_addition,42,24,23,0.02114887185680425,0.14542651703456372,-3.1592775647890265,23,14,inf
random_addition,42,24,24,0.010399629653657242,0.10197857448335529,-1.0452602197149718,24,14,inf
random_addition,42,24,25,0.008895269127381884,0.09431473441293191,-0.7494026898827968,25,14,inf
random_addition,42,24,26,0.008195014777999901,0.0905263209127594,-0.6116860199464116,26,14,inf
random_addition,42,24,27,0.0068569027177684495,0.08280641712916004,-0.3485240173120405,27,14,inf
random_addition,42,24,28,0.006401956186591147,0.0800122252320928,-0.2590512117119843,28,14,inf
random_addition,42,24,29,0.005806024805720164,0.0761972755793812,-0.14185138945229392,29,14,inf
random_addition,42,24,30,0.005697669868505821,0.07548291110248612,-0.1205415880387144,30,14,inf
random_addition,42,24,31,0.011364418434680869,0.10660402635304574,-1.2350019874481135,31,14,inf
random_addition,42,24,32,0.012915257909126576,0.11364531626568064,-1.540000375840918,32,14,inf
random_addition,42,24,33,0.01306473003816858,0.11430105003090996,-1.5693965572114923,33,14,inf
random_addition,42,24,34,0.013317708158345588,0.1154023750117197,-1.6191489140633877,34,14,inf
random_addition,42,24,35,0.01312694593881806,0.11457288483239854,-1.5816323493377413,35,14,inf
random_addition,42,24,36,0.013155441645805243,0.11469717366092873,-1.587236504281186,36,14,inf
random_addition,42,24,37,0.013209448743223703,0.11493236595156171,-1.5978578986587642,37,14,inf
random_addition,42,24,38,0.016869052270114863,0.12988091572711852,-2.3175798274917683,38,14,inf
random_addition,42,24,39,0.012516873379233382,0.11187883347279494,-1.4616514289768476,39,14,inf
random_addition,42,24,40,0.011124912877675619,0.10547470254841025,-1.187899234325434,40,14,inf
random_addition,42,24,41,0.010753086730572554,0.10369709123486807,-1.1147734353646657,41,14,inf
random_addition,42,24,42,0.010710403923097463,0.10349108136983333,-1.106379151038987,42,14,inf
random_addition,42,24,43,0.008414829731616282,0.09173238104189971,-0.6549162882638966,43,14,inf
random_addition,42,24,44,0.008504406654453704,0.0922193399155172,-0.6725330806868295,44,14,inf
random_addition,42,24,45,0.008726525345842399,0.09341587309361508,-0.716216417371101,45,14,inf
random_addition,42,24,46,0.008505012819213297,0.09222262639511682,-0.6726522930732968,46,14,inf
random_addition,42,24,47,0.007029981647568656,0.08384498582246082,-0.382562868865443,47,14,inf
random_addition,42,24,48,0.0070834239517117955,0.08416307950468421,-0.3930731872473512,48,14,inf
random_addition,42,24,49,0.006631708978401108,0.0814353054786504,-0.30423592127441723,49,14,inf
random_addition,42,24,50,0.006201730632098163,0.0787510674981499,-0.2196735246968644,50,14,inf
random_addition,42,24,51,0.004897448597942891,0.06998177332665192,0.03683524038291763,51,14,inf
random_addition,42,24,52,0.004382784982722751,0.06620260555841251,0.13805240424358167,52,14,inf
random_addition,42,24,53,0.004384417330430915,0.06621493283565963,0.13773137590474294,53,14,inf
random_addition,42,24,54,0.004268853837459454,0.06533646636802035,0.16045885975727814,54,14,inf
random_addition,42,24,55,0.0041589680083451135,0.06449006131447786,0.18206973653681047,55,14,inf
random_addition,42,24,56,0.004114163941058663,0.0641417488150944,0.1908812019018472,56,14,inf
random_addition,42,24,57,0.003954562575195361,0.06288531287347914,0.222269466242356,57,14,inf
random_addition,42,24,58,0.003934076636908682,0.06272221804838124,0.2262983668894618,58,14,inf
random_addition,42,24,59,0.003813541020301836,0.06175387453675952,0.2500037015903087,59,14,inf
random_addition,42,24,60,0.003954981419005748,0.06288864300496352,0.2221870936375433,60,14,inf
random_addition,42,24,61,0.003865647843089871,0.062174334279426514,0.239756027839097,61,14,inf
random_addition,42,24,62,0.003817235442099084,0.061783779765397034,0.24927713206923907,62,14,inf
random_addition,42,24,63,0.003999482044418583,0.06324145827239108,0.2134353051661817,63,14,inf
random_addition,42,24,64,0.0040559623609082735,0.063686437809853,0.20232751110424108,64,14,inf
random_addition,42,24,65,0.0039852816844796095,0.06312908746750272,0.2162280422401026,65,14,inf
random_addition,42,24,66,0.003997593788591612,0.06322652757025023,0.21380666209485755,66,14,inf
random_addition,42,24,67,0.004001261126140741,0.0632555224951999,0.21308541914185852,67,14,inf
random_addition,42,24,68,0.0040673762392569365,0.06377598481604918,0.2000827820017026,68,14,inf
random_addition,42,24,69,0.004143048463519131,0.06436651663341066,0.185200579925748,69,14,inf
random_addition,42,24,70,0.004114817575837758,0.06414684384938793,0.19075265374615058,70,14,inf
random_addition,42,24,71,0.004035819022721044,0.06352809632533502,0.2062890337409743,71,14,inf
random_addition,42,24,72,0.004034330630877928,0.06351638080745728,0.20658175076354668,72,14,inf
random_addition,42,24,73,0.004034005786557578,0.06351382358634676,0.20664563680450565,73,14,inf
random_addition,42,24,74,0.0040349941295193485,0.06352160364410953,0.20645126271519054,74,14,inf
random_addition,42,24,75,0.003834357892266888,0.06192219224370927,0.24590971732866262,75,14,inf
random_addition,42,24,76,0.00364557028200852,0.06037855813124822,0.28303794228431833,76,14,inf
random_addition,42,24,77,0.0033964703733131846,0.058279244790175384,0.3320275843154684,77,14,inf
random_addition,42,24,78,0.0033953814837686586,0.05826990204014984,0.33224173256336287,78,14,inf
random_addition,42,24,79,0.0031713180919403666,0.056314457219619606,0.37630752694861347,79,14,inf
random_addition,42,24,80,0.0028958619684946135,0.05381321369788849,0.4304805571740091,80,14,inf
random_addition,42,24,81,0.0029486729070054255,0.05430168420045022,0.4200944073495303,81,14,inf
random_addition,42,24,82,0.003127584643524653,0.05592481241385305,0.3849084372977777,82,14,inf
random_addition,42,24,83,0.003133000878394773,0.05597321572319008,0.3838432445852089,83,14,inf
random_addition,42,24,84,0.0031306790920818395,0.05595247172450775,0.38429986249783354,84,14,inf
random_addition,42,24,85,0.0029575214496429117,0.05438309893379479,0.4183541942014075,85,14,inf
random_addition,42,24,86,0.0028739238935400475,0.053608990790165484,0.4347950446601977,86,14,inf
random_addition,42,24,87,0.0027278180400600012,0.052228517498202086,0.463529191927178,87,14,inf
random_addition,42,24,88,0.002712437234258391,0.052081064066111314,0.46655408332243375,88,14,inf
random_addition,42,24,89,0.0027118156223283575,0.052075095989622115,0.4666763336520069,89,14,inf
random_addition,42,24,90,0.002712659719444555,0.05208319997316366,0.4665103279084536,90,14,inf
random_addition,42,24,91,0.002975000938712697,0.054543569178343076,0.41491656181968106,91,14,inf
random_addition,42,24,92,0.0029097466209439737,0.0539420672661326,0.42774990923124734,92,14,inf
random_addition,42,24,93,0.002891971543486667,0.05377705406106462,0.43124567398792757,93,14,inf
random_addition,42,24,94,0.00311219628305314,0.055787061968283834,0.38793481444457845,94,14,inf
random_addition,42,24,95,0.003047514373121001,0.05520429669075588,0.40065558833029735,95,14,inf
random_addition,42,24,96,0.003142991465244142,0.056062389043316216,0.3818784294393699,96,14,inf
random_addition,42,24,97,0.0031678841127663303,0.056283959640081566,0.3769828760941012,97,14,inf
random_addition,42,24,98,0.003171953290262006,0.05632009668193057,0.3761826046290554,98,14,inf
random_addition,42,24,99,0.0026555586664561053,0.05153211296323978,0.47774020013184015,99,14,inf
random_addition,42,24,100,0.0026798453410638496,0.05176722265163401,0.4729638214434978,100,14,inf
random_addition,42,24,101,0.002713232722769556,0.05208870052870926,0.46639763726990024,101,14,inf
random_addition,42,24,102,0.0024752864710555107,0.049752250914461255,0.5131937270604513,102,14,inf
random_addition,42,24,103,0.0024570761766646893,0.04956890332319941,0.5167750844690536,103,14,inf
random_addition,42,24,104,0.00244733446451025,0.049470541380808135,0.5186909542648961,104,14,inf
random_addition,42,24,105,0.002524186166446503,0.05024127950646264,0.503576788278001,105,14,inf
random_addition,42,24,106,0.0028100575729860474,0.05300997616473759,0.44735541932341705,106,14,inf
random_addition,42,24,107,0.0027825192952363304,0.05274959047458407,0.4527712798758311,107,14,inf
random_addition,42,24,108,0.0027721967976480685,0.052651655222301114,0.4548013707914198,108,14,inf
random_addition,42,24,109,0.002763955950127569,0.05257333877668004,0.4564220705828289,109,14,inf
random_addition,42,24,110,0.002847750692192726,0.053364320404112014,0.4399424402234081,110,14,inf
random_addition,42,24,111,0.003137149160361742,0.05601025942058956,0.38302741590959644,111,14,inf
random_addition,42,24,112,0.003079613820556877,0.05549426835770409,0.39434269786190057,112,14,inf
random_addition,42,24,113,0.0031102838103896344,0.05576991850800604,0.38831093401712347,113,14,inf
random_addition,42,24,114,0.0031120362038385583,0.055785627215605975,0.3879662966858207,114,14,inf
random_addition,42,24,115,0.00312687975489506,0.05591850994880908,0.3850470653760313,115,14,inf
random_addition,42,24,116,0.0030877463805804484,0.05556749392028084,0.39274329460865054,116,14,inf
random_addition,42,24,117,0.0031774161660974706,0.056368574277672404,0.37510823919455283,117,14,inf
random_addition,42,24,118,0.003188247574986728,0.05646456920039971,0.37297806240341347,118,14,inf
random_addition,42,24,119,0.0031462691450825373,0.05609161385699771,0.3812338191590342,119,14,inf
random_addition,42,24,120,0.002727463352033663,0.0522251218479542,0.46359894722951456,120,14,inf
random_addition,42,24,121,0.002710361358317307,0.05206113097424322,0.46696233886852145,121,14,inf
random_addition,42,24,122,0.0027098735183709926,0.052056445502655986,0.46705828071154976,122,14,inf
random_addition,42,24,123,0.0028979966822335673,0.053833044519454476,0.43006073019591806,123,14,inf
random_addition,42,24,124,0.002980340670601457,0.05459249646793465,0.4138664146913953,124,14,inf
random_addition,42,24,125,0.003022747262991488,0.05497951675843912,0.4055264526583725,125,14,inf
random_addition,42,24,126,0.0030172082717218837,0.05492912043462815,0.4066157874595485,126,14,inf
random_addition,42,24,127,0.003009885817861544,0.0548624262848586,0.4080558698557504,127,14,inf
random_addition,42,24,128,0.0030246003746154356,0.054996366921965266,0.4051620074220157,128,14,inf
random_addition,42,24,129,0.0033121503480855324,0.05755128450421878,0.3486105203494292,129,14,inf
random_addition,42,24,130,0.0033082425025115422,0.05751732349919928,0.34937906320753576,130,14,inf
random_addition,42,24,131,0.0033080224272257507,0.05751541034562607,0.3494223446745073,131,14,inf
random_addition,42,24,132,0.003261071191610316,0.0571057894754141,0.35865608642000724,132,14,inf
random_addition,42,24,133,0.0032627816790795757,0.05712076399243602,0.3583196905969148,133,14,inf
random_addition,42,24,134,0.0032019860034671202,0.05658609372864609,0.37027617183729467,134,14,inf
random_addition,42,24,135,0.003134393943151007,0.055985658370255924,0.38356927522050077,135,14,inf
random_addition,42,24,136,0.002850853895517239,0.05339338812547148,0.43933214365279116,136,14,inf
random_addition,42,24,137,0.0027783368350870656,0.05270993108596392,0.453593830259712,137,14,inf
random_addition,42,24,138,0.002802540363063835,0.05293902495384511,0.4488338037398987,138,14,inf
random_addition,42,24,139,0.002844906299284766,0.05333766304671368,0.44050183741904225,139,14,inf
random_addition,42,24,140,0.0028635314239404087,0.053511974584576946,0.4368388967361476,140,14,inf
random_addition,42,24,141,0.0028393207987451002,0.05328527750462692,0.4416003190420833,141,14,inf
random_addition,42,24,142,0.0028468369795193174,0.053355758635027555,0.4401221370246797,142,14,inf
random_addition,42,24,143,0.0028777240613525215,0.053644422462661684,0.4340476784256355,143,14,inf
random_addition,42,24,144,0.0028867024636830686,0.05372804168851745,0.43228192620802597,144,14,inf
random_addition,42,24,145,0.002883731050264271,0.05370038221711528,0.43286630410071913,145,14,inf
random_addition,42,24,146,0.002897747330164932,0.0538307284937231,0.4301097694293974,146,14,inf
random_addition,42,24,147,0.0026404842755472233,0.05138564269859066,0.48070482993974173,147,14,inf
random_addition,42,24,148,0.0026256365921540005,0.051240965956488374,0.4836248739423088,148,14,inf
random_addition,42,24,149,0.0026109833852740994,0.05109778258666514,0.48650667090247035,149,14,inf
random_addition,42,24,150,0.0026800483819562917,0.05176918370958047,0.47292389007342817,150,14,inf
random_addition,42,25,10,0.00962854819961681,0.0981251659851682,-0.8936142210947935,10,10,inf
random_addition,42,25,11,0.004406599562799687,0.06638222324387522,0.13336887080030713,11,11,inf
random_addition,42,25,12,0.0038775521368202086,0.06226999387201037,0.23741485039131172,12,12,inf
random_addition,42,25,13,0.005651424245671301,0.07517595523617443,-0.11144661678787537,13,13,inf
random_addition,42,25,14,0.006767779166084146,0.0822665130298115,-0.3309963878703983,14,14,inf
random_addition,42,25,15,0.011079081297885077,0.10525721494455892,-1.178885691528809,15,14,inf
random_addition,42,25,16,0.009913922400320628,0.09956868182476168,-0.949737806248349,16,14,inf
random_addition,42,25,17,0.010835106776833723,0.10409181897168347,-1.1309040422635523,17,14,inf
random_addition,42,25,18,0.010713304010761641,0.103505091714184,-1.1069495015351842,18,14,inf
random_addition,42,25,19,0.011643998576240615,0.10790736108459244,-1.289986074458687,19,14,inf
random_addition,42,25,20,0.00584257155946913,0.07643671604320224,-0.1490389167096895,20,14,inf
random_addition,42,25,21,0.004064131898363619,0.06375054429856751,0.20072083562373355,21,14,inf
random_addition,42,25,22,0.0062555042684032626,0.0790917458930024,-0.23024900506174117,22,14,inf
random_addition,42,25,23,0.006388406119275715,0.07992750539880321,-0.2563863655032572,23,14,inf
random_addition,42,25,24,0.0064693533661087975,0.08043229056858195,-0.2723059885433845,24,14,inf
random_addition,42,25,25,0.006285707387565199,0.0792824532135907,-0.23618895102044135,25,14,inf
random_addition,42,25,26,0.006065156577722676,0.07787911515754833,-0.19281396433154496,26,14,inf
random_addition,42,25,27,0.006255663477959627,0.07909275237314495,-0.23028031627022405,27,14,inf
random_addition,42,25,28,0.006246447175288187,0.0790344682735842,-0.22846777699195076,28,14,inf
random_addition,42,25,29,0.0061271332697876634,0.07827600698673677,-0.20500271210925725,29,14,inf
random_addition,42,25,30,0.005591363246970616,0.0747754187348397,-0.09963462198711204,30,14,inf
random_addition,42,25,31,0.00499545422960315,0.07067852735876116,0.01756080211748634,31,14,inf
random_addition,42,25,32,0.004207263128102394,0.06486341902877457,0.17257169761278013,32,14,inf
random_addition,42,25,33,0.004227757914421282,0.06502121126541155,0.16854105685291043,33,14,inf
random_addition,42,25,34,0.003720198272270045,0.06099342810721533,0.26836110620049713,34,14,inf
random_addition,42,25,35,0.003571656159728609,0.059763334576716926,0.2975743843508958,35,14,inf
random_addition,42,25,36,0.0030104653364048375,0.054867707592033015,0.4079418978911076,36,14,inf
random_addition,42,25,37,0.0030649477593011937,0.05536197033434769,0.3972270228489546,37,14,inf
random_addition,42,25,38,0.002781996462233227,0.05274463444022744,0.4528741036857564,38,14,inf
random_addition,42,25,39,0.0027645210904889686,0.05257871328293389,0.4563109263269063,39,14,inf
random_addition,42,25,40,0.003122134476379633,0.05587606353689953,0.38598030335683353,40,14,inf
random_addition,42,25,41,0.0031996726080933866,0.056565648657938915,0.3707311395321016,41,14,inf
random_addition,42,25,42,0.003594187920119383,0.05995154643642967,0.2931431387448378,42,14,inf
random_addition,42,25,43,0.0040794885981775214,0.06387087441218824,0.1977006850720806,43,14,inf
random_addition,42,25,44,0.004247902291962028,0.06517593338006007,0.16457932981001344,44,14,inf
random_addition,42,25,45,0.003393583988390212,0.058254476123214875,0.33259523993959583,45,14,inf
random_addition,42,25,46,0.0032910066294885103,0.05736729581816203,0.35276878443993254,46,14,inf
random_addition,42,25,47,0.0030381694883823925,0.05511959259993122,0.40249341541166617,47,14,inf
random_addition,42,25,48,0.003016393755185598,0.05492170568350548,0.4067759756898457,48,14,inf
random_addition,42,25,49,0.0030678188810764713,0.05538789471605209,0.39666236897679796,49,14,inf
random_addition,42,25,50,0.00366703400904854,0.06055604023587193,0.2788167432086055,50,14,inf
random_addition,42,25,51,0.0026983348961436915,0.05194549928669173,0.4693275427735424,51,14,inf
random_addition,42,25,52,0.00303722254860001,0.05511100206492357,0.4026796468768118,52,14,inf
random_addition,42,25,53,0.003116048474327969,0.05582157713938195,0.38717721693048135,53,14,inf
random_addition,42,25,54,0.0031493607109244455,0.05611916527287666,0.38062581129301754,54,14,inf
random_addition,42,25,55,0.0029095308901993418,0.053940067576888906,0.4277923362719074,55,14,inf
random_addition,42,25,56,0.0030406601488439855,0.055142181212244276,0.40200358558766647,56,14,inf
random_addition,42,25,57,0.003143130085701861,0.05606362533498758,0.38185116741973524,57,14,inf
random_addition,42,25,58,0.003212750953879312,0.0566811340207596,0.36815906521152975,58,14,inf
random_addition,42,25,59,0.003189589048846863,0.05647644685040714,0.3727142392468883,59,14,inf
random_addition,42,25,60,0.0031654456821128526,0.05626229360871144,0.37746243405723856,60,14,inf
random_addition,42,25,61,0.003184631566395522,0.056432539960518543,0.37368921066273064,61,14,inf
random_addition,42,25,62,0.003303520034000819,0.057476256262919724,0.3503078152213579,62,14,inf
random_addition,42,25,63,0.003305021929939709,0.0574893201380892,0.3500124423936454,63,14,inf
random_addition,42,25,64,0.003301837613879921,0.05746161861521063,0.3506386911333583,64,14,inf
random_addition,42,25,65,0.003256866831409997,0.05706896557157837,0.35948294381334156,65,14,inf
random_addition,42,25,66,0.0033497537816852053,0.057877057472587576,0.34121517941639334,66,14,inf
random_addition,42,25,67,0.0033621271052022847,0.05798385210730902,0.33878175945645794,67,14,inf
random_addition,42,25,68,0.0032384915262308423,0.05690774574898256,0.3630967533392251,68,14,inf
random_addition,42,25,69,0.003531845981921624,0.05942933603803448,0.3054037182522019,69,14,inf
random_addition,42,25,70,0.0034039679261243633,0.058343533713037674,0.330553065796963,70,14,inf
random_addition,42,25,71,0.0034628391744750513,0.05884589343764823,0.3189750551997991,71,14,inf
random_addition,42,25,72,0.00386260198553676,0.062149834959851345,0.24035504640954253,72,14,inf
random_addition,42,25,73,0.003251821789452628,0.057024747166932954,0.3604751352630218,73,14,inf
random_addition,42,25,74,0.0032386747490432306,0.05690935554935788,0.363060719524368,74,14,inf
random_addition,42,25,75,0.0033224362111082283,0.0576405778172654,0.3465876342307529,75,14,inf
random_addition,42,25,76,0.0033507287489472903,0.057885479603673407,0.34102343588099104,76,14,inf
random_addition,42,25,77,0.003753680253868847,0.06126728534763758,0.2617763173837938,77,14,inf
random_addition,42,25,78,0.0038412276992877115,0.061977638703710806,0.2445586554654291,78,14,inf
random_addition,42,25,79,0.003868100998093879,0.06219405918650011,0.23927357408741678,79,14,inf
random_addition,42,25,80,0.0038679743166888402,0.062193040741620284,0.23929848809367782,80,14,inf
random_addition,42,25,81,0.004387299590987829,0.06623669369003732,0.13716453140582985,81,14,inf
random_addition,42,25,82,0.004678903556289275,0.0684025113302814,0.07981575938177476,82,14,inf
random_addition,42,25,83,0.0047865069870929484,0.06918458634040496,0.05865375420881058,83,14,inf
random_addition,42,25,84,0.004014104380049997,0.06335695999690955,0.21055957955072824,84,14,inf
random_addition,42,25,85,0.004010474588293412,0.06332830795381646,0.21127343849886693,85,14,inf
random_addition,42,25,86,0.003745101172054916,0.061197231735225704,0.2634635365771756,86,14,inf
random_addition,42,25,87,0.003765856085834725,0.061366571403612936,0.2593817374236328,87,14,inf
random_addition,42,25,88,0.003521766646773522,0.059344474441800577,0.30738598722774557,88,14,inf
random_addition,42,25,89,0.0034988837646969966,0.05915136316854411,0.31188628675592023,89,14,inf
random_addition,42,25,90,0.003593943356600919,0.05994950672525103,0.2931912362302451,90,14,inf
random_addition,42,25,91,0.0037619877633988134,0.06133504514874684,0.26014250739897693,91,14,inf
random_addition,42,25,92,0.003825130633345445,0.06184764048325082,0.24772441133580936,92,14,inf
random_addition,42,25,93,0.0038226821115059833,0.06182784252669653,0.24820595389858646,93,14,inf
random_addition,42,25,94,0.003842969174892754,0.06199168633690129,0.24421616530979695,94,14,inf
random_addition,42,25,95,0.0038328543966512805,0.06191005085324418,0.24620540475942,95,14,inf
random_addition,42,25,96,0.003871012315957259,0.06221745989637683,0.23870101498567775,96,14,inf
random_addition,42,25,97,0.004244843878207753,0.06515246640157035,0.1651808177663513,97,14,inf
random_addition,42,25,98,0.0042045294716207635,0.06484234319964666,0.1731093166475386,98,14,inf
random_addition,42,25,99,0.004186686905207629,0.06470461270425493,0.17661835423038885,99,14,inf
random_addition,42,25,100,0.0034269379633020914,0.05854005435000972,0.32603562576788847,100,14,inf
random_addition,42,25,101,0.0033447491195440953,0.057833806026787615,0.3421994295032921,101,14,inf
random_addition,42,25,102,0.0032243183501669396,0.056783081548705504,0.36588414425177773,102,14,inf
random_addition,42,25,103,0.0032226377463596594,0.056768281164393725,0.366214662955482,103,14,inf
random_addition,42,25,104,0.0032276490121300834,0.05681240192185227,0.36522911415499537,104,14,inf
random_addition,42,25,105,0.003226038285698595,0.05679822431818265,0.36554589031000084,105,14,inf
random_addition,42,25,106,0.003274049602263076,0.057219311445202446,0.3561036660062783,106,14,inf
random_addition,42,25,107,0.003267484402035286,0.057161913911583526,0.3573948218750491,107,14,inf
random_addition,42,25,108,0.0031581531989723992,0.056197448331507006,0.3788966222126664,108,14,inf
random_addition,42,25,109,0.003083439124229014,0.05552872341616557,0.39359038824227865,109,14,inf
random_addition,42,25,110,0.00304039959969861,0.05513981864042182,0.4020548269126044,110,14,inf
random_addition,42,25,111,0.00304207616096295,0.05515501936327237,0.40172510324223654,111,14,inf
random_addition,42,25,112,0.0031017904628549003,0.0556937201384043,0.38998129213789534,112,14,inf
random_addition,42,25,113,0.0031555507739656845,0.05617428926088593,0.37940843239421007,113,14,inf
random_addition,42,25,114,0.003132322122195484,0.055967152171568314,0.3839767332862034,114,14,inf
random_addition,42,25,115,0.0030661022960002922,0.055372396516678704,0.3969999639957543,115,14,inf
random_addition,42,25,116,0.003070503928903303,0.05541212799472064,0.3961343096428467,116,14,inf
random_addition,42,25,117,0.003082562631762326,0.0555208306112429,0.39376276507055985,117,14,inf
random_addition,42,25,118,0.003435026611216932,0.05860910007172036,0.3244448585615114,118,14,inf
random_addition,42,25,119,0.003455651811504466,0.05878479234890999,0.32038856972463803,119,14,inf
random_addition,42,25,120,0.0034564637744565487,0.058791698176328844,0.3202288836991657,120,14,inf
random_addition,42,25,121,0.0035734251936792153,0.059778133072882225,0.29722647438804173,121,14,inf
random_addition,42,25,122,0.003543578470549142,0.05952796376955239,0.30309632913669793,122,14,inf
random_addition,42,25,123,0.0035252954782572883,0.05937419875886569,0.30669198379722074,123,14,inf
random_addition,42,25,124,0.003257230859477047,0.05707215485223111,0.3594113516365821,124,14,inf
random_addition,42,25,125,0.0029714787919129016,0.0545112721546003,0.4156092505958707,125,14,inf
random_addition,42,25,126,0.0030873172214578295,0.055563632183810927,0.3928276958912589,126,14,inf
random_addition,42,25,127,0.0033942556720402426,0.05826024091986097,0.33246314217309914,127,14,inf
random_addition,42,25,128,0.003395921757282024,0.05827453781268475,0.332135478786887,128,14,inf
random_addition,42,25,129,0.0033878808461458806,0.0582055052907015,0.33371685776140014,129,14,inf
random_addition,42,25,130,0.0031490373611060786,0.056116284277436604,0.3806894034152932,130,14,inf
random_addition,42,25,131,0.0031231180256228687,0.05588486401184912,0.3857868720320351,131,14,inf
random_addition,42,25,132,0.003049763199181742,0.05522466115044747,0.40021331926531434,132,14,inf
random_addition,42,25,133,0.0029413319552850327,0.0542340479337937,0.42153812765771337,133,14,inf
random_addition,42,25,134,0.0030437667830403967,0.055170343329006,0.4013926142790014,134,14,inf
random_addition,42,25,135,0.0030645818844844937,0.055358665848126196,0.39729897821976234,135,14,inf
random_addition,42,25,136,0.0030621912314889063,0.05533706923472643,0.39776913991146245,136,14,inf
random_addition,42,25,137,0.0030244345866512457,0.054994859638435714,0.40519461238386123,137,14,inf
random_addition,42,25,138,0.0030242044442043013,0.0549927671990081,0.40523987372558956,138,14,inf
random_addition,42,25,139,0.00299855088256276,0.05475902558083699,0.4102850734939294,139,14,inf
random_addition,42,25,140,0.0029652760290133943,0.05445434811852396,0.41682912713313036,140,14,inf
random_addition,42,25,141,0.002806763568613972,0.0529788973895642,0.44800324009493875,141,14,inf
random_addition,42,25,142,0.002832356369143177,0.05321988697040963,0.44296999001039616,142,14,inf
random_addition,42,25,143,0.00284899458497387,0.05337597385503959,0.4396978080098014,143,14,inf
random_addition,42,25,144,0.0027648265859359354,0.05258161832747196,0.45625084556386053,144,14,inf
random_addition,42,25,145,0.002800730471477371,0.052921928077852294,0.4491897490367094,145,14,inf
random_addition,42,25,146,0.002793006997521372,0.05284890725002147,0.45070869870763863,146,14,inf
random_addition,42,25,147,0.0027756916039195704,0.052684832769209496,0.4541140589850614,147,14,inf
random_addition,42,25,148,0.0027308637875966832,0.052257667261337674,0.4629301949932939,148,14,inf
random_addition,42,25,149,0.0026478105339907353,0.05145688033675123,0.47926399930895125,149,14,inf
random_addition,42,25,150,0.0026800483819562917,0.05176918370958047,0.47292389007342817,150,14,inf
random_addition,42,26,10,0.00962854819961681,0.0981251659851682,-0.8936142210947935,10,10,inf
random_addition,42,26,11,0.009491642241097114,0.0974250596155687,-0.8666893862566787,11,11,inf
random_addition,42,26,12,0.010544570455966944,0.10268675891256353,-1.0737652402830222,12,12,inf
random_addition,42,26,13,0.014859204409468335,0.12189833636874761,-1.9223098021198566,13,13,inf
random_addition,42,26,14,0.011156295416820183,0.10562336586579782,-1.1940711328490945,14,14,inf
random_addition,42,26,15,0.013924332799574574,0.11800141015926281,-1.7384517439067748,15,14,inf
random_addition,42,26,16,0.00939137769056269,0.09690912078108381,-0.8469706940065616,16,14,inf
random_addition,42,26,17,0.008088746197507346,0.08993745714388053,-0.590786535298844,17,14,inf
random_addition,42,26,18,0.0069657646783204295,0.08346115670370516,-0.3699335333017608,18,14,inf
random_addition,42,26,19,0.007676343736522355,0.08761474611343889,-0.5096807290292393,19,14,inf
random_addition,42,26,20,0.006448267318062648,0.08030110408993545,-0.2681590663263398,20,14,inf
random_addition,42,26,21,0.009234207899112199,0.09609478601418601,-0.8160606392353764,21,14,inf
random_addition,42,26,22,0.008002637529219113,0.08945746212149723,-0.5738518328442597,22,14,inf
random_addition,42,26,23,0.008373693519871885,0.09150788774675048,-0.6468261677237868,23,14,inf
random_addition,42,26,24,0.00797307621856558,0.08929208373963271,-0.5680381092083371,24,14,inf
random_addition,42,26,25,0.009417217300220944,0.09704234797355711,-0.8520524832131997,25,14,inf
random_addition,42,26,26,0.009181457327482665,0.09581992134980422,-0.8056863615625969,26,14,inf
random_addition,42,26,27,0.007422042720778167,0.08615127811459426,-0.4596682027512684,27,14,inf
random_addition,42,26,28,0.0064292556903840295,0.08018263958229381,-0.26442011339262295,28,14,inf
random_addition,42,26,29,0.00772328227912807,0.08788220684033868,-0.5189119744831681,29,14,inf
random_addition,42,26,30,0.007825938837378536,0.08846433652822212,-0.5391010948533048,30,14,inf
random_addition,42,26,31,0.008583864517225424,0.09264914741769308,-0.6881597915681559,31,14,inf
random_addition,42,26,32,0.008618930397293051,0.09283819471151435,-0.6950560803745935,32,14,inf
random_addition,42,26,33,0.006479816057261301,0.08049730465836295,-0.27436365085618175,33,14,inf
random_addition,42,26,34,0.0071831855727024245,0.08475367586543031,-0.41269297003400673,34,14,inf
random_addition,42,26,35,0.006613663669799645,0.08132443464174617,-0.300687011066632,35,14,inf
random_addition,42,26,36,0.006066526328336407,0.07788790874286206,-0.1930833485821859,36,14,inf
random_addition,42,26,37,0.006463086751430919,0.08039332529153723,-0.2710735544914238,37,14,inf
random_addition,42,26,38,0.006346135447173848,0.07966263520103918,-0.24807313445659585,38,14,inf
random_addition,42,26,39,0.005915456669454323,0.07691200601631921,-0.16337298638589592,39,14,inf
random_addition,42,26,40,0.005178184091757415,0.07195960041410329,-0.018376065873451086,40,14,inf
random_addition,42,26,41,0.004927281679512658,0.07019459864913154,0.030968068474089172,41,14,inf
random_addition,42,26,42,0.004921622321692096,0.07015427514907481,0.03208107536039295,42,14,inf
random_addition,42,26,43,0.005288211939738968,0.07272009309495532,-0.04001487302639428,43,14,inf
random_addition,42,26,44,0.005135821409089087,0.07166464546126693,-0.010044739417852666,44,14,inf
random_addition,42,26,45,0.005361131319901292,0.07321974678938252,-0.05435568250318412,45,14,inf
random_addition,42,26,46,0.0055049676257319284,0.07419546903775141,-0.08264348545996558,46,14,inf
random_addition,42,26,47,0.00513476167518797,0.07165725137896352,-0.009836325112380084,47,14,inf
random_addition,42,26,48,0.0031790324078033077,0.05638290882708436,0.37479037836907336,48,14,inf
random_addition,42,26,49,0.0031822011626186073,0.056411002141591206,0.3741671900070259,49,14,inf
random_addition,42,26,50,0.003570566819599664,0.0597542200986647,0.2977886212137141,50,14,inf
random_addition,42,26,51,0.007769872488810113,0.08814688019896173,-0.5280747144714475,51,14,inf
random_addition,42,26,52,0.007652168216594332,0.08747667241381746,-0.5049262107582619,52,14,inf
random_addition,42,26,53,0.0057351237972330235,0.07573060013781102,-0.12790752635083957,53,14,inf
random_addition,42,26,54,0.005168204974395204,0.07189022864336435,-0.016413506393112343,54,14,inf
random_addition,42,26,55,0.005563571890636776,0.07458935507588718,-0.09416898931993933,55,14,inf
random_addition,42,26,56,0.005567331839532362,0.07461455514530903,-0.09490844583525848,56,14,inf
random_addition,42,26,57,0.006148160420641495,0.07841020609998099,-0.2091380512133918,57,14,inf
random_addition,42,26,58,0.0045726127369311205,0.06762109683324517,0.10071961767231419,58,14,inf
random_addition,42,26,59,0.0050576002733800285,0.07111680724962298,0.005338748507643043,59,14,inf
random_addition,42,26,60,0.004888301326693056,0.06991638811246656,0.038634203483459584,60,14,inf
random_addition,42,26,61,0.004289123312082844,0.06549139876413423,0.156472530291482,61,14,inf
random_addition,42,26,62,0.0042717847925001756,0.0653588922221007,0.159882438677855,62,14,inf
random_addition,42,26,63,0.004247724119058502,0.06517456650456911,0.16461437047626304,63,14,inf
random_addition,42,26,64,0.004163946188556538,0.06452864626316392,0.18109069456203986,64,14,inf
random_addition,42,26,65,0.004015920286462937,0.06337128913366791,0.21020245133820525,65,14,inf
random_addition,42,26,66,0.004009224863801132,0.06331844015609617,0.2115192176155074,66,14,inf
random_addition,42,26,67,0.004606793238827441,0.06787336177638058,0.09399745321582786,67,14,inf
random_addition,42,26,68,0.004593664002177844,0.06777657414016913,0.09657953607155745,68,14,inf
random_addition,42,26,69,0.003669060481133185,0.06057277012926836,0.27841820375295967,69,14,inf
random_addition,42,26,70,0.0036465557286290626,0.06038671814752862,0.2828441378087003,70,14,inf
random_addition,42,26,71,0.00316692112407401,0.05627540425509185,0.3771722638444376,71,14,inf
random_addition,42,26,72,0.0031999230433599735,0.05656786228380894,0.37068188726972096,72,14,inf
random_addition,42,26,73,0.0031875883517037623,0.056458731403599235,0.37310770963138806,73,14,inf
random_addition,42,26,74,0.0028098717305370217,0.0530082232350512,0.4473919683334092,74,14,inf
random_addition,42,26,75,0.0028109435737765417,0.05301833243111803,0.4471811725250422,75,14,inf
random_addition,42,26,76,0.0027967381800794973,0.052884195938668645,0.4499748995712488,76,14,inf
random_addition,42,26,77,0.0025842167729927656,0.05083519226867118,0.49177077060012586,77,14,inf
random_addition,42,26,78,0.002544210933720974,0.05044017182485577,0.49963858458426447,78,14,inf
random_addition,42,26,79,0.0024480393038938076,0.04947766469725312,0.5185523358716947,79,14,inf
random_addition,42,26,80,0.0024177462690327728,0.049170583370881135,0.5245099652488067,80,14,inf
random_addition,42,26,81,0.002343205613088639,0.04840666909722914,0.5391696255858826,81,14,inf
random_addition,42,26,82,0.0021643157421877375,0.04652220697890135,0.5743512953999507,82,14,inf
random_addition,42,26,83,0.002097706356853543,0.045800724414069516,0.5874511393963937,83,14,inf
random_addition,42,26,84,0.002270366208819616,0.047648359980377246,0.5534947064724678,84,14,inf
random_addition,42,26,85,0.0022804348387623122,0.04775389867604856,0.5515145428537003,85,14,inf
random_addition,42,26,86,0.0023037051921568287,0.047996928986726105,0.5469380406433761,86,14,inf
random_addition,42,26,87,0.0023242292751861826,0.04821026109850664,0.5429016381979004,87,14,inf
random_addition,42,26,88,0.002516113999160256,0.0501608811641129,0.5051643142945299,88,14,inf
random_addition,42,26,89,0.0025362749194231286,0.050361442785360394,0.5011993338500582,89,14,inf
random_addition,42,26,90,0.0025455187386495006,0.0504531340815365,0.4993813829833861,90,14,inf
random_addition,42,26,91,0.0025130050559927985,0.0501298818669344,0.505775739700772,91,14,inf
random_addition,42,26,92,0.0027178971287386325,0.05213345498562926,0.46548030422104514,92,14,inf
random_addition,42,26,93,0.002742665424593879,0.052370463284124945,0.46060920670027405,93,14,inf
random_addition,42,26,94,0.002710844516892431,0.05206577106787559,0.46686731769503487,94,14,inf
random_addition,42,26,95,0.002694861791725996,0.05191205824975539,0.470010586549234,95,14,inf
random_addition,42,26,96,0.0025679357024823365,0.05067480342815684,0.4949727140306446,96,14,inf
random_addition,42,26,97,0.0022878519343163734,0.04783149521305364,0.5500558475936039,97,14,inf
random_addition,42,26,98,0.0023168884127755802,0.048134067070792805,0.5443453409418271,98,14,inf
random_addition,42,26,99,0.0023037527764251517,0.04799742468534277,0.5469286824052152,99,14,inf
random_addition,42,26,100,0.002330451893080553,0.04827475420010498,0.5416778568455167,100,14,inf
random_addition,42,26,101,0.0022992930380928483,0.04795094407926551,0.5478057641576591,101,14,inf
random_addition,42,26,102,0.002287120461968447,0.047823848255535095,0.5501997038024171,102,14,inf
random_addition,42,26,103,0.002294637867967844,0.04790237852098624,0.5487212808240944,103,14,inf
random_addition,42,26,104,0.0022478553696094676,0.04741155312378479,0.5579218375802304,104,14,inf
random_addition,42,26,105,0.0022194484288344226,0.04711102237093165,0.5635085351710014,105,14,inf
random_addition,42,26,106,0.0022633278293583787,0.0475744451292748,0.5548789209111296,106,14,inf
random_addition,42,26,107,0.0022802690230628417,0.04775216249619321,0.5515471532701501,107,14,inf
random_addition,42,26,108,0.0022804571211457294,0.04775413197981646,0.5515101606522257,108,14,inf
random_addition,42,26,109,0.0023202846235395526,0.04816933281185813,0.5436774195826393,109,14,inf
random_addition,42,26,110,0.002310879364197888,0.04807160663216789,0.5455271203343237,110,14,inf
random_addition,42,26,111,0.00234494065522812,0.04842458730054516,0.5388284006783051,111,14,inf
random_addition,42,26,112,0.0022976270706333056,0.04793356935002135,0.5481334043800341,112,14,inf
random_addition,42,26,113,0.0021966610497148086,0.046868550753301604,0.5679900524535443,113,14,inf
random_addition,42,26,114,0.0021909254006867635,0.046807322084122305,0.5691180632752741,114,14,inf
random_addition,42,26,115,0.00201747002003433,0.04491625563239138,0.6032309501528546,115,14,inf
random_addition,42,26,116,0.0020089397884072123,0.04482119798050039,0.6049085621441395,116,14,inf
random_addition,42,26,117,0.0020763369687239576,0.04556684067086457,0.5916537851555839,117,14,inf
random_addition,42,26,118,0.002062812337103626,0.045418193899621616,0.5943136290116231,118,14,inf
random_addition,42,26,119,0.0022271398869131613,0.047192582965050356,0.5619958819550749,119,14,inf
random_addition,42,26,120,0.0022315917354431966,0.04723972624225501,0.5611203518635322,120,14,inf
random_addition,42,26,121,0.002303981244288466,0.047999804627607244,0.5468837503982225,121,14,inf
random_addition,42,26,122,0.002304375553578492,0.048003911857040275,0.5468062029150896,122,14,inf
random_addition,42,26,123,0.0025246801143479036,0.050246195023582664,0.5034796452039695,123,14,inf
random_addition,42,26,124,0.002626591963656582,0.051250287449502,0.48343698423908354,124,14,inf
random_addition,42,26,125,0.0026483178343573747,0.05146180947418556,0.4791642302504474,125,14,inf
random_addition,42,26,126,0.0026397535872063568,0.051378532357457984,0.4808485319605207,126,14,inf
random_addition,42,26,127,0.0026642613472558615,0.05161648329028103,0.47602867314122665,127,14,inf
random_addition,42,26,128,0.00279698615844297,0.05288654042800465,0.44992613049974806,128,14,inf
random_addition,42,26,129,0.0027422683393705225,0.05236667202878681,0.4606873001168874,129,14,inf
random_addition,42,26,130,0.0027221421071167836,0.05217415171439574,0.46464545858715955,130,14,inf
random_addition,42,26,131,0.0027333294605450006,0.052281253433185786,0.4624452793795685,131,14,inf
random_addition,42,26,132,0.00268327237229154,0.0518003124729141,0.4722898387272718,132,14,inf
random_addition,42,26,133,0.0027367625897746,0.05231407640181178,0.46177009738979724,133,14,inf
random_addition,42,26,134,0.0026668306933943535,0.051641366106972356,0.47552336846954657,134,14,inf
random_addition,42,26,135,0.0028117296734290627,0.05302574538305956,0.44702657294779014,135,14,inf
random_addition,42,26,136,0.0027262354101138665,0.0522133642864915,0.46384044244081724,136,14,inf
random_addition,42,26,137,0.0027108975489928484,0.05206628034527576,0.46685688805004144,137,14,inf
random_addition,42,26,138,0.002757479469880155,0.052511707931471384,0.45769577819117124,138,14,inf
random_addition,42,26,139,0.002731615602012272,0.052264860107076455,0.462782338178386,139,14,inf
random_addition,42,26,140,0.0027660256938646195,0.05259301944046015,0.45601502103670344,140,14,inf
random_addition,42,26,141,0.0027511555398956593,0.052451458891966576,0.45893948425189646,141,14,inf
random_addition,42,26,142,0.002791895990225638,0.05283839503832074,0.45092719677934434,142,14,inf
random_addition,42,26,143,0.00275790950881304,0.05251580246757199,0.45761120387923415,143,14,inf
random_addition,42,26,144,0.0027563947124490916,0.05250137819571112,0.4579091137901955,144,14,inf
random_addition,42,26,145,0.002710085087775891,0.052058477578353086,0.46701667206759245,145,14,inf
random_addition,42,26,146,0.0027117349504675588,0.05207432141149377,0.46669219911580095,146,14,inf
random_addition,42,26,147,0.0026795944916506763,0.05176479973544451,0.4730131551546961,147,14,inf
random_addition,42,26,148,0.0027156656661601183,0.052112049145664176,0.4659191584683223,148,14,inf
random_addition,42,26,149,0.002729415508228925,0.052243808324326096,0.4632150232301214,149,14,inf
random_addition,42,26,150,0.0026800483819562917,0.05176918370958047,0.47292389007342817,150,14,inf
random_addition,42,27,10,0.00962854819961681,0.0981251659851682,-0.8936142210947935,10,10,inf
random_addition,42,27,11,0.008775871039134452,0.09367961912355564,-0.7259210690621352,11,11,inf
random_addition,42,27,12,0.020487142140389783,0.14313330199639002,-3.0291374049699877,12,12,inf
random_addition,42,27,13,0.021239151995119575,0.14573658427148475,-3.1770326562370927,13,13,inf
random_addition,42,27,14,0.017559636602728017,0.13251277901669717,-2.4533947277228925,14,14,inf
random_addition,42,27,15,0.019394429795640638,0.13926388546798713,-2.814237339800748,15,14,inf
random_addition,42,27,16,0.022614161102016663,0.15038005553269576,-3.447451077059746,16,14,inf
random_addition,42,27,17,0.02257950022843893,0.1502647670894243,-3.440634439518795,17,14,inf
random_addition,42,27,18,0.01753672895694633,0.13242631519809925,-2.4488895580000327,18,14,inf
random_addition,42,27,19,0.01731333803652759,0.13158015821744398,-2.4049560163072976,19,14,inf
random_addition,42,27,20,0.01403134815865249,0.11845399173794224,-1.759498094989441,20,14,inf
random_addition,42,27,21,0.011861933561528612,0.10891250415599034,-1.332846615721996,21,14,inf
random_addition,42,27,22,0.008207955017295099,0.09059776496854158,-0.6142309333275102,22,14,inf
random_addition,42,27,23,0.008297166029895199,0.09108878103199756,-0.6317757634135805,23,14,inf
random_addition,42,27,24,0.008227531226521251,0.09070573976613196,-0.6180809206171043,24,14,inf
random_addition,42,27,25,0.008308268594812342,0.09114970430457985,-0.6339592675496006,25,14,inf
random_addition,42,27,26,0.009461685528067644,0.09727119577792619,-0.8607979001640902,26,14,inf
random_addition,42,27,27,0.008823112232517078,0.09393142303040596,-0.7352118358274082,27,14,inf
random_addition,42,27,28,0.008912867691584402,0.09440798531683854,-0.7528637403707681,28,14,inf
random_addition,42,27,29,0.010159966245058733,0.10079665790619614,-0.9981264224498505,29,14,inf
random_addition,42,27,30,0.009767247842711737,0.09882938754597105,-0.9208918138512776,30,14,inf
random_addition,42,27,31,0.009771072628365294,0.09884873609897749,-0.9216440215939261,31,14,inf
random_addition,42,27,32,0.009942270413285185,0.09971093427144881,-0.9553129147046378,32,14,inf
random_addition,42,27,33,0.008580524619657515,0.09263112122638652,-0.6875029451360173,33,14,inf
random_addition,42,27,34,0.008635856683599993,0.09292931014271005,-0.6983849162277935,34,14,inf
random_addition,42,27,35,0.008632294686010834,0.09291014307389067,-0.6976843901307639,35,14,inf
random_addition,42,27,36,0.008722750484156714,0.09339566630286822,-0.7154740280074623,36,14,inf
random_addition,42,27,37,0.008823578937644346,0.09393390728402788,-0.7353036211565909,37,14,inf
random_addition,42,27,38,0.008270454684358355,0.09094204024739248,-0.6265225328408595,38,14,inf
random_addition,42,27,39,0.009033544104552368,0.0950449583331613,-0.7765967650188601,39,14,inf
random_addition,42,27,40,0.008845291755261001,0.09404941124356389,-0.73957380803903,40,14,inf
random_addition,42,27,41,0.008750498991238058,0.09354410185168308,-0.7209312336561262,41,14,inf
random_addition,42,27,42,0.009260495277906235,0.09623146719190265,-0.8212304896933793,42,14,inf
random_addition,42,27,43,0.009187003249481511,0.09584885627633494,-0.8067770594070045,43,14,inf
random_addition,42,27,44,0.00932451547286034,0.09656353076011844,-0.8338211263178268,44,14,inf
random_addition,42,27,45,0.009493066366134093,0.09743236816445597,-0.8669694641424339,45,14,inf
random_addition,42,27,46,0.009140499447194203,0.09560595926611586,-0.7976313128707062,46,14,inf
random_addition,42,27,47,0.008818644531350884,0.09390763830142297,-0.7343331880511792,47,14,inf
random_addition,42,27,48,0.008733113864631718,0.09345113089006317,-0.717512159223014,48,14,inf
random_addition,42,27,49,0.00919477874957303,0.09588940895413335,-0.8083062408831911,49,14,inf
random_addition,42,27,50,0.008408396520430001,0.0916973092322234,-0.653651090236417,50,14,inf
random_addition,42,27,51,0.00622967586361152,0.07892829570953322,-0.22516941947854985,51,14,inf
random_addition,42,27,52,0.00638358014177051,0.07989730997831222,-0.25543725672329565,52,14,inf
random_addition,42,27,53,0.006593521174277128,0.08120049984006951,-0.29672565415393604,53,14,inf
random_addition,42,27,54,0.005134114096760943,0.07165273265382796,-0.009708968039094712,54,14,inf
random_addition,42,27,55,0.005179559320283749,0.07196915533951853,-0.01864652744675732,55,14,inf
random_addition,42,27,56,0.0051981341961724395,0.07209808732672761,-0.02229958587349845,56,14,inf
random_addition,42,27,57,0.005189652687776284,0.07203924408109988,-0.02063155611632972,57,14,inf
random_addition,42,27,58,0.00525050114731401,0.07246034189343858,-0.032598418193930945,58,14,inf
random_addition,42,27,59,0.005244901083071748,0.07242168931384954,-0.031497072376436286,59,14,inf
random_addition,42,27,60,0.0051254899367361075,0.07159252710120036,-0.008012883465443599,60,14,inf
random_addition,42,27,61,0.005649141092439015,0.07516076830660404,-0.11099759671340892,61,14,inf
random_addition,42,27,62,0.0056334412004263945,0.0750562535730794,-0.10790995170520978,62,14,inf
random_addition,42,27,63,0.0057639591999064255,0.07592074288299888,-0.1335784881034663,63,14,inf
random_addition,42,27,64,0.005895401679541267,0.07678151912759519,-0.15942883890738102,64,14,inf
random_addition,42,27,65,0.005847483941333405,0.0764688429449106,-0.150005018344618,65,14,inf
random_addition,42,27,66,0.00582917474831868,0.07634903239936103,-0.14640421087596645,66,14,inf
random_addition,42,27,67,0.0057559646625585156,0.07586807406649068,-0.1320062293060622,67,14,inf
random_addition,42,27,68,0.005542229301100188,0.07444615034439449,-0.08997161394998687,68,14,inf
random_addition,42,27,69,0.005519358143968179,0.07429238281256147,-0.08547362032725259,69,14,inf
random_addition,42,27,70,0.0061796061743985015,0.07861047114983157,-0.21532238194247122,70,14,inf
random_addition,42,27,71,0.006229383670496175,0.07892644468425127,-0.2251119548403664,71,14,inf
random_addition,42,27,72,0.006005687620914425,0.07749637166290062,-0.1811184044204197,72,14,inf
random_addition,42,27,73,0.0067438365951472306,0.08212086577202672,-0.3262876828947594,73,14,inf
random_addition,42,27,74,0.006750849161544006,0.08216355129583924,-0.3276668207647693,74,14,inf
random_addition,42,27,75,0.0069784551913506035,0.08353714857086399,-0.3724293338574336,75,14,inf
random_addition,42,27,76,0.005662359667867177,0.07524865226611821,-0.11359724952652739,76,14,inf
random_addition,42,27,77,0.005849629152537943,0.07648286835977024,-0.15042690982399254,77,14,inf
random_addition,42,27,78,0.005829570861101767,0.07635162644699697,-0.14648211304601944,78,14,inf
random_addition,42,27,79,0.0058272362147430215,0.07633633613648891,-0.14602296599139675,79,14,inf
random_addition,42,27,80,0.005759096852415701,0.07588871360364267,-0.13262222656066092,80,14,inf
random_addition,42,27,81,0.005771140326304956,0.07596802173483891,-0.134990776102635,81,14,inf
random_addition,42,27,82,0.005730042134061979,0.07569704177880388,-0.12690813273011825,82,14,inf
random_addition,42,27,83,0.005109192794190083,0.07147861774118246,-0.004807779201688733,83,14,inf
random_addition,42,27,84,0.004999006910967069,0.07070365557004156,0.016862108211170845,84,14,inf
random_addition,42,27,85,0.004875916587180501,0.06982776372747806,0.04106986858886563,85,14,inf
random_addition,42,27,86,0.0049060462515488545,0.0700431741966971,0.03514436873760074,86,14,inf
random_addition,42,27,87,0.0044837122901323564,0.066960527851357,0.11820336982578217,87,14,inf
random_addition,42,27,88,0.00443397563034107,0.06658810427051569,0.12798491158451608,88,14,inf
random_addition,42,27,89,0.0044801212689870055,0.06693370801761252,0.11890960388808447,89,14,inf
random_addition,42,27,90,0.0045733894553268584,0.06762683975557973,0.10056686307531137,90,14,inf
random_addition,42,27,91,0.00437182113775411,0.06611974847013644,0.14020862679344892,91,14,inf
random_addition,42,27,92,0.0044983352416266545,0.06706962980087675,0.11532752309064476,92,14,inf
random_addition,42,27,93,0.004332157512378694,0.06581912725324375,0.14800913872047572,93,14,inf
random_addition,42,27,94,0.0042534281380716635,0.06521831137089999,0.16349258022327895,94,14,inf
random_addition,42,27,95,0.004256342792580883,0.06524065291350849,0.16291936491461434,95,14,inf
random_addition,42,27,96,0.004100475265540836,0.06403495346715601,0.19357330771999548,96,14,inf
random_addition,42,27,97,0.003848772850617755,0.06203847879032621,0.24307477590615645,97,14,inf
random_addition,42,27,98,0.003696482366558546,0.060798703658536554,0.27302523368788145,98,14,inf
random_addition,42,27,99,0.0036544603169146013,0.06045213244307103,0.281289568991151,99,14,inf
random_addition,42,27,100,0.0035689070916321243,0.05974033052831332,0.2981150343361625,100,14,inf
random_addition,42,27,101,0.0034134084139246282,0.05842438201576999,0.32869643678269833,101,14,inf
random_addition,42,27,102,0.003307650793230861,0.057512179520783774,0.349495432683538,102,14,inf
random_addition,42,27,103,0.0033120724957495158,0.05755060812666983,0.3486258313067584,103,14,inf
random_addition,42,27,104,0.002888214302223095,0.05374210920891638,0.43198459800235656,104,14,inf
random_addition,42,27,105,0.0030529132155231098,0.055253173804978024,0.3995938161359711,105,14,inf
random_addition,42,27,106,0.0030444814878287153,0.05517682020403781,0.40125205568979494,106,14,inf
random_addition,42,27,107,0.0030323444891569087,0.05506672760530545,0.40363899843649653,107,14,inf
random_addition,42,27,108,0.003377354176594961,0.05811500818717107,0.3357871024908372,108,14,inf
random_addition,42,27,109,0.003385727992474636,0.05818700879470121,0.334140252259022,109,14,inf
random_addition,42,27,110,0.0033887981053938475,0.058213384246183865,0.3335364634672271,110,14,inf
random_addition,42,27,111,0.0036367131542680586,0.060305166895284014,0.28477984383579613,111,14,inf
random_addition,42,27,112,0.0029093442819425747,0.05393833777511664,0.42782903589073484,112,14,inf
random_addition,42,27,113,0.0028970533111017326,0.053824281798290005,0.4302462598265516,113,14,inf
random_addition,42,27,114,0.002932720907135938,0.05415460190173997,0.42323163356282023,114,14,inf
random_addition,42,27,115,0.0029168733994305693,0.05400808642629888,0.42634830965330195,115,14,inf
random_addition,42,27,116,0.0029125558970407054,0.05396810073590422,0.42719741834087976,116,14,inf
random_addition,42,27,117,0.0029013005335717114,0.05386372186891388,0.4294109728546668,117,14,inf
random_addition,42,27,118,0.0032375129326909515,0.0568991470295553,0.3632892100424986,118,14,inf
random_addition,42,27,119,0.0028444524691391172,0.05333340856479283,0.4405910906688517,119,14,inf
random_addition,42,27,120,0.0028900303018931646,0.05375900205447609,0.4316274514492673,120,14,inf
random_addition,42,27,121,0.0026456335432174993,0.051435722442846075,0.47969214076931765,121,14,inf
random_addition,42,27,122,0.002683007309891677,0.05179775390778713,0.47234196765880465,122,14,inf
random_addition,42,27,123,0.0026840436727266553,0.05180775687796814,0.47213814966237944,123,14,inf
random_addition,42,27,124,0.0026833609943221646,0.05180116788569698,0.47227240973029183,124,14,inf
random_addition,42,27,125,0.00269229654296215,0.05188734472838391,0.4705150854040103,125,14,inf
random_addition,42,27,126,0.002663015623761063,0.05160441477006655,0.4762736653951364,126,14,inf
random_addition,42,27,127,0.002625081882982746,0.051235552919654787,0.4837339667311159,127,14,inf
random_addition,42,27,128,0.002656466317216605,0.05154091886275026,0.4775616955066113,128,14,inf
random_addition,42,27,129,0.0026252658871562047,0.051237348557045814,0.4836977792486026,129,14,inf
random_addition,42,27,130,0.0025216281242054226,0.050215815478845134,0.50407986985016,130,14,inf
random_addition,42,27,131,0.002492821927832821,0.04992816767950554,0.5097450876977456,131,14,inf
random_addition,42,27,132,0.002494726306444826,0.049947235223231586,0.5093705599551119,132,14,inf
random_addition,42,27,133,0.002428497888813773,0.04927979189093409,0.5223954803134853,133,14,inf
random_addition,42,27,134,0.0025424831656908854,0.050423042011474135,0.4999783789171899,134,14,inf
random_addition,42,27,135,0.002511064692622898,0.050110524768983394,0.5061573444448269,135,14,inf
random_addition,42,27,136,0.0024958156960109027,0.049958139437041714,0.5091563133696593,136,14,inf
random_addition,42,27,137,0.0025187769446513575,0.05018741819073141,0.5046406017526794,137,14,inf
random_addition,42,27,138,0.002604758105618189,0.05103683087357785,0.48773097573455226,138,14,inf
random_addition,42,27,139,0.002423897583440022,0.04923309439228883,0.523300206913645,139,14,inf
random_addition,42,27,140,0.0024559580972139724,0.04955762400694743,0.5169949733977164,140,14,inf
random_addition,42,27,141,0.002403766779752817,0.049028224317762284,0.5272592644323763,141,14,inf
random_addition,42,27,142,0.0023911022019914843,0.04889889775845141,0.5297499643858723,142,14,inf
random_addition,42,27,143,0.002407430633989389,0.04906557483602316,0.5265387065307532,143,14,inf
random_addition,42,27,144,0.002681345385074639,0.051781708981788535,0.4726688128282621,144,14,inf
random_addition,42,27,145,0.002670521486148437,0.0516770885997696,0.474797512660202,145,14,inf
random_addition,42,27,146,0.0026923721746639037,0.05188807353008882,0.47050021117136,146,14,inf
random_addition,42,27,147,0.00269599197836568,0.05192294269747893,0.4697883165403991,147,14,inf
random_addition,42,27,148,0.0026921182792029414,0.05188562690382512,0.47055014393854167,148,14,inf
random_addition,42,27,149,0.002677836621859812,0.05174781755649036,0.4733588694997669,149,14,inf
random_addition,42,27,150,0.0026800483819562917,0.05176918370958047,0.47292389007342817,150,14,inf
random_addition,42,28,10,0.00962854819961681,0.0981251659851682,-0.8936142210947935,10,10,inf
random_addition,42,28,11,0.01629884376845744,0.12766692511554212,-2.20543883745439,11,11,inf
random_addition,42,28,12,0.03245188601601483,0.18014407016611683,-5.382203379707704,12,12,inf
random_addition,42,28,13,0.03967355787213258,0.19918222278138323,-6.802465317781488,13,13,inf
random_addition,42,28,14,0.031163629309886847,0.17653223306208657,-5.128846262043615,14,14,inf
random_addition,42,28,15,0.044843203736390995,0.21176213952543782,-7.819162199142399,15,14,inf
random_addition,42,28,16,0.044828433539884006,0.21172726215554766,-7.81625739422538,16,14,inf
random_addition,42,28,17,0.03986777440737137,0.19966916238460902,-6.840661231171064,17,14,inf
random_addition,42,28,18,0.04010100889120638,0.20025236301029353,-6.886530673405072,18,14,inf
random_addition,42,28,19,0.04009135718795623,0.20022826271022837,-6.884632505357993,19,14,inf
random_addition,42,28,20,0.027860231675838443,0.16691384506936038,-4.479178149252332,20,14,inf
random_addition,42,28,21,0.020046543273795486,0.14158581593434946,-2.942486306353229,21,14,inf
random_addition,42,28,22,0.015497377891170092,0.12448846489201355,-2.047817236410326,22,14,inf
random_addition,42,28,23,0.014950467763260361,0.12227210541763138,-1.9402582592519781,23,14,inf
random_addition,42,28,24,0.008200035034449056,0.09055404482655127,-0.6126733369134745,24,14,inf
random_addition,42,28,25,0.006894216640708037,0.08303141959949882,-0.35586242115635525,25,14,inf
random_addition,42,28,26,0.006299195314621309,0.0793674701286447,-0.2388415763131677,26,14,inf
random_addition,42,28,27,0.006286643348586125,0.0792883556935451,-0.23637302332946164,27,14,inf
random_addition,42,28,28,0.006339041461595177,0.07961809757583496,-0.24667798414966313,28,14,inf
random_addition,42,28,29,0.005435846343893371,0.07372819232758504,-0.0690496352183474,29,14,inf
random_addition,42,28,30,0.005754874598026217,0.07586088977876689,-0.13179184997727056,30,14,inf
random_addition,42,28,31,0.006742794407656023,0.08211452007809596,-0.32608271938276556,31,14,inf
random_addition,42,28,32,0.005976115422420667,0.07730533889985003,-0.17530253950954489,32,14,inf
random_addition,42,28,33,0.007037156145696133,0.08388775921251046,-0.3839738533048156,33,14,inf
random_addition,42,28,34,0.007046501442589543,0.08394344192722587,-0.38581176144328433,34,14,inf
random_addition,42,28,35,0.006049220790035384,0.07777673681786465,-0.18967992651365218,35,14,inf
random_addition,42,28,36,0.006273783931504158,0.07920722146057238,-0.23384400498146496,36,14,inf
random_addition,42,28,37,0.006675759337979663,0.08170532013265515,-0.31289915747711006,37,14,inf
random_addition,42,28,38,0.006543438103275444,0.08089152058946256,-0.2868759848664455,38,14,inf
random_addition,42,28,39,0.00625571974330352,0.07909310806450534,-0.2302913817863479,39,14,inf
random_addition,42,28,40,0.006284578442594264,0.07927533312824528,-0.23596692520642693,40,14,inf
random_addition,42,28,41,0.006331793904347219,0.07957257004990613,-0.2452526314185548,41,14,inf
random_addition,42,28,42,0.006477232669793993,0.08048125663652372,-0.27385558472354443,42,14,inf
random_addition,42,28,43,0.008222006830603378,0.09067528235745052,-0.6169944562347107,43,14,inf
random_addition,42,28,44,0.008405485510360128,0.09168143492747116,-0.6530785916673927,44,14,inf
random_addition,42,28,45,0.008402200749608462,0.0916635191862524,-0.652432588807637,45,14,inf
random_addition,42,28,46,0.0069076465641758015,0.08311225279208717,-0.3585036390782623,46,14,inf
random_addition,42,28,47,0.007812526613146024,0.08838849819487841,-0.5364633577805229,47,14,inf
random_addition,42,28,48,0.007450293284999183,0.08631508144582373,-0.4652241462906066,48,14,inf
random_addition,42,28,49,0.007382778823155944,0.08592309830980226,-0.45194630393831847,49,14,inf
random_addition,42,28,50,0.006955661139383148,0.08340060634901372,-0.36794650424832764,50,14,inf
random_addition,42,28,51,0.00715660821239796,0.08459673878110173,-0.40746608988672794,51,14,inf
random_addition,42,28,52,0.006882556652396027,0.0829611755726498,-0.35356929043429064,52,14,inf
random_addition,42,28,53,0.006860033641927011,0.08282532005327242,-0.34913976564594384,53,14,inf
random_addition,42,28,54,0.006570842165366117,0.08106073133994114,-0.2922654496761794,54,14,inf
random_addition,42,28,55,0.006632611127433888,0.08144084434381736,-0.30441334389334207,55,14,inf
random_addition,42,28,56,0.004506736908050555,0.0671322344932042,0.11367519558587869,56,14,inf
random_addition,42,28,57,0.005465675182013051,0.07393020480164417,-0.0749159725821058,57,14,inf
random_addition,42,28,58,0.005314089657401851,0.07289780282972767,-0.045104156806254236,58,14,inf
random_addition,42,28,59,0.0062550950032488496,0.07908915856960959,-0.23016851625901324,59,14,inf
random_addition,42,28,60,0.006214272167603199,0.07883065499920193,-0.2221400263432547,60,14,inf
random_addition,42,28,61,0.006231175897644072,0.07893779764880746,-0.22546442613139916,61,14,inf
random_addition,42,28,62,0.006079845804156618,0.07797336599221953,-0.19570284513636893,62,14,inf
random_addition,42,28,63,0.005633079917048286,0.0750538467838144,-0.10783889931720214,63,14,inf
random_addition,42,28,64,0.005472380548325849,0.07397554020300122,-0.07623469444383657,64,14,inf
random_addition,42,28,65,0.005185938966579392,0.07201346378684609,-0.01990119104718091,65,14,inf
random_addition,42,28,66,0.005444913937838671,0.07378966010111898,-0.07083292845113376,66,14,inf
random_addition,42,28,67,0.005271128379761831,0.07260253700637348,-0.036655106688939565,67,14,inf
random_addition,42,28,68,0.004759767378984614,0.0689910673854566,0.06391254308650018,68,14,inf
random_addition,42,28,69,0.004375141413597033,0.06614485175429025,0.13955563930003145,69,14,inf
random_addition,42,28,70,0.004381041758421418,0.06618943842050194,0.13839523830943734,70,14,inf
random_addition,42,28,71,0.004448694322531148,0.0666985331362778,0.12509023584844214,71,14,inf
random_addition,42,28,72,0.005232526259554656,0.07233620296611273,-0.02906335741653865,72,14,inf
random_addition,42,28,73,0.00525179057467211,0.07246923881670146,-0.032852005539784734,73,14,inf
random_addition,42,28,74,0.0052617578036851746,0.07253797490752809,-0.03481222697844344,74,14,inf
random_addition,42,28,75,0.005287004496749074,0.072711790630881,-0.039777409270755903,75,14,inf
random_addition,42,28,76,0.0036392773166274367,0.06032642303856111,0.2842755586405361,76,14,inf
random_addition,42,28,77,0.0036537145073474546,0.06044596353229432,0.28143624485269303,77,14,inf
random_addition,42,28,78,0.003662111730285174,0.060515384244712304,0.27978479123342337,78,14,inf
random_addition,42,28,79,0.0036916221817231733,0.06075872103429411,0.27398106990852555,79,14,inf
random_addition,42,28,80,0.00346892784123043,0.05889760471556063,0.3177776175678255,80,14,inf
random_addition,42,28,81,0.003717320871563562,0.06096983575148913,0.2689269949289559,81,14,inf
random_addition,42,28,82,0.003506378354987871,0.05921468023208325,0.31041235086632857,82,14,inf
random_addition,42,28,83,0.003476663106320315,0.05896323520907172,0.31625634897421484,83,14,inf
random_addition,42,28,84,0.00347753363468017,0.05897061670595086,0.3160851450867842,84,14,inf
random_addition,42,28,85,0.0035630580269765495,0.05969135638412441,0.2992653502282655,85,14,inf
random_addition,42,28,86,0.0036007547499537695,0.06000628925332552,0.29185166238681337,86,14,inf
random_addition,42,28,87,0.003542157644371681,0.05951602846605006,0.3033757582468364,87,14,inf
random_addition,42,28,88,0.003459166333326593,0.058814677873185645,0.31969738052718544,88,14,inf
random_addition,42,28,89,0.0032256611611290913,0.056794904358833914,0.3656200581318917,89,14,inf
random_addition,42,28,90,0.003145054706440986,0.056080787320088386,0.38147265872597746,90,14,inf
random_addition,42,28,91,0.003158298295024385,0.05619873926543535,0.3788680866596662,91,14,inf
random_addition,42,28,92,0.003073203127199461,0.05543647830805508,0.3956034673836405,92,14,inf
random_addition,42,28,93,0.0030983738503589588,0.055663038457839854,0.39065322583715667,93,14,inf
random_addition,42,28,94,0.0029915176669134415,0.054694768185937506,0.41166827238305215,94,14,inf
random_addition,42,28,95,0.0029851574057127668,0.05463659401639863,0.41291912358198524,95,14,inf
random_addition,42,28,96,0.0028220658444672543,0.05312311967935669,0.4449937929207486,96,14,inf
random_addition,42,28,97,0.003121645635347209,0.05587168903252531,0.3860764420801034,97,14,inf
random_addition,42,28,98,0.003120519986310619,0.055861614605296,0.38629781969378485,98,14,inf
random_addition,42,28,99,0.0030961538350286616,0.05564309332728242,0.39108982879259147,99,14,inf
random_addition,42,28,100,0.0030763054646126414,0.05546445226099904,0.3949933411088957,100,14,inf
random_addition,42,28,101,0.0030771818589788924,0.05547235220340753,0.39482098357369777,101,14,inf
random_addition,42,28,102,0.003092513281609736,0.05561037027038874,0.3918058042007021,102,14,inf
random_addition,42,28,103,0.0026791120220606,0.05176013931647209,0.47310804082780833,103,14,inf
random_addition,42,28,104,0.002677772757120195,0.05174720047616291,0.47337142956351264,104,14,inf
random_addition,42,28,105,0.002619740288025818,0.05118339855876921,0.4847844802627581,105,14,inf
random_addition,42,28,106,0.0025237724104321133,0.05023716164784903,0.5036581602830706,106,14,inf
random_addition,42,28,107,0.0024670741663327983,0.049669650354444796,0.5148088134357276,107,14,inf
random_addition,42,28,108,0.002465324586086615,0.0496520350649056,0.5151528975039001,108,14,inf
random_addition,42,28,109,0.0024705155982672512,0.049704281488290834,0.5141319985808911,109,14,inf
random_addition,42,28,110,0.0024964789704360396,0.049964777297973016,0.5090258694171662,110,14,inf
random_addition,42,28,111,0.0025046623562985765,0.05004660184566557,0.507416470416949,111,14,inf
random_addition,42,28,112,0.0025832898840560956,0.05082607484408073,0.491953058732819,112,14,inf
random_addition,42,28,113,0.0027144910270471994,0.052100777605014685,0.46615017079570165,113,14,inf
random_addition,42,28,114,0.002590318837025178,0.050895174987666346,0.4905706981706949,114,14,inf
random_addition,42,28,115,0.0025813330170036163,0.05080682057562366,0.4923379092006719,115,14,inf
random_addition,42,28,116,0.002640321835727225,0.051384062078890035,0.48073677643331936,116,14,inf
random_addition,42,28,117,0.0026447156921740747,0.051426799357670264,0.47987265144991476,117,14,inf
random_addition,42,28,118,0.00260228951381143,0.05101264072572042,0.4882164653903597,118,14,inf
random_addition,42,28,119,0.0025854602545154967,0.050847421316282074,0.4915262192673293,119,14,inf
random_addition,42,28,120,0.0026239016642962553,0.05122403404942113,0.4839660763744814,120,14,inf
random_addition,42,28,121,0.0027154671775936447,0.052110144670626704,0.46595819454774023,121,14,inf
random_addition,42,28,122,0.0026412973090621725,0.05139355318580505,0.4805449333702676,122,14,inf
random_addition,42,28,123,0.0026018907928818005,0.05100873251593104,0.4882948804958295,123,14,inf
random_addition,42,28,124,0.002584791628036984,0.050840846059413525,0.49165771579017614,124,14,inf
random_addition,42,28,125,0.0026049034270805606,0.05103825454578713,0.48770239585084896,125,14,inf
random_addition,42,28,126,0.0026183237584030826,0.05116955890373771,0.4850630643839158,126,14,inf
random_addition,42,28,127,0.0028252803261978082,0.05315336608529895,0.44436161159992726,127,14,inf
random_addition,42,28,128,0.0027950089791512157,0.052867844472337014,0.45031497570744705,128,14,inf
random_addition,42,28,129,0.0028210414101914167,0.05311347672852359,0.44519526496752926,129,14,inf
random_addition,42,28,130,0.0028238393217520077,0.05313980919943172,0.4446450091022981,130,14,inf
random_addition,42,28,131,0.002704389428513393,0.05200374437012582,0.46813681823650355,131,14,inf
random_addition,42,28,132,0.002730684237915582,0.05225594930642426,0.46296550642576306,132,14,inf
random_addition,42,28,133,0.0027402441568842497,0.052347341450013005,0.4610853892849148,133,14,inf
random_addition,42,28,134,0.0027374826330648474,0.05232095787602562,0.46162848889535457,134,14,inf
random_addition,42,28,135,0.0029927777980477605,0.05470628664100462,0.41142044662708976,135,14,inf
random_addition,42,28,136,0.0030051905675926253,0.054819618455372573,0.40897926894941417,136,14,inf
random_addition,42,28,137,0.003021034638203214,0.05496393943489871,0.4058632688208138,137,14,inf
random_addition,42,28,138,0.0031433257427315544,0.05606537026303808,0.3818126882091416,138,14,inf
random_addition,42,28,139,0.003391601188992973,0.058237455207048434,0.3329851904345561,139,14,inf
random_addition,42,28,140,0.003364717313862447,0.05800618341058518,0.33827235182274196,140,14,inf
random_addition,42,28,141,0.0033302706678986363,0.05770849736302823,0.3450468579386988,141,14,inf
random_addition,42,28,142,0.003352036977843619,0.05789677864824276,0.3407661508997897,142,14,inf
random_addition,42,28,143,0.0033519990521643527,0.057896451118910154,0.34077360961569514,143,14,inf
random_addition,42,28,144,0.003065883283551293,0.05537041884933952,0.3970430364381853,144,14,inf
random_addition,42,28,145,0.0027948070123229246,0.052865934327531984,0.45035469584492915,145,14,inf
random_addition,42,28,146,0.0028050726526432134,0.052962936593840916,0.448335786857184,146,14,inf
random_addition,42,28,147,0.0026911723221396027,0.051876510311889744,0.47073618213563506,147,14,inf
random_addition,42,28,148,0.00266366629687652,0.051610718817669266,0.47614569969987575,148,14,inf
random_addition,42,28,149,0.0026638602190918776,0.051612597484450226,0.4761075616693884,149,14,inf
random_addition,42,28,150,0.0026800483819562917,0.05176918370958047,0.47292389007342817,150,14,inf
random_addition,42,29,10,0.00962854819961681,0.0981251659851682,-0.8936142210947935,10,10,inf
random_addition,42,29,11,0.009278966881853656,0.09632739424407605,-0.8248632379744398,11,11,inf
random_addition,42,29,12,0.01307653840207256,0.1143526930250117,-1.5717188684626664,12,12,inf
random_addition,42,29,13,0.018287578833280527,0.13523157483842493,-2.596556680213773,13,13,inf
random_addition,42,29,14,0.018319147859241984,0.135348246605717,-2.6027652544730895,14,14,inf
random_addition,42,29,15,0.018222746800524898,0.1349916545588093,-2.583806382176793,15,14,inf
random_addition,42,29,16,0.005680006002299189,0.07536581454677703,-0.11706769482501844,16,14,inf
random_addition,42,29,17,0.009182904887295899,0.09582747459521146,-0.8059710482870539,17,14,inf
random_addition,42,29,18,0.008541457827193755,0.09242000772123835,-0.6798198103322803,18,14,inf
random_addition,42,29,19,0.006888180095646399,0.08299506067017723,-0.35467523412275304,19,14,inf
random_addition,42,29,20,0.006212642613027276,0.07882031852909042,-0.22181954732034836,20,14,inf
random_addition,42,29,21,0.005750784001396492,0.07583392381643253,-0.1309873660831029,21,14,inf
random_addition,42,29,22,0.004961065777019607,0.0704348335486044,0.024323863536884094,22,14,inf
random_addition,42,29,23,0.004763035921753396,0.06901475147932792,0.06326972976294343,23,14,inf
random_addition,42,29,24,0.004908611739082215,0.07006148541875354,0.03463982292482637,24,14,inf
random_addition,42,29,25,0.005557142918118712,0.07454624684126433,-0.0929046248970955,25,14,inf
random_addition,42,29,26,0.0057837448747282355,0.07605093605425403,-0.13746967028792345,26,14,inf
random_addition,42,29,27,0.006490100415651544,0.08056115947310803,-0.27638624106384935,27,14,inf
random_addition,42,29,28,0.013040016090758791,0.11419288984327698,-1.5645361482168707,28,14,inf
random_addition,42,29,29,0.013595319785968183,0.11659896991812656,-1.6737458600524353,29,14,inf
random_addition,42,29,30,0.008189585572423361,0.09049632905495869,-0.6106182763285948,30,14,inf
random_addition,42,29,31,0.010931309839260949,0.1045529044994014,-1.1498239752948183,31,14,inf
random_addition,42,29,32,0.011718973389348613,0.10825420725934218,-1.3047311190263486,32,14,inf
random_addition,42,29,33,0.011501790921794883,0.1072464028384863,-1.262018572897269,33,14,inf
random_addition,42,29,34,0.011008229253980793,0.1049201089114036,-1.1649514581273368,34,14,inf
random_addition,42,29,35,0.005891014305906803,0.07675294330451962,-0.15856598887690532,35,14,inf
random_addition,42,29,36,0.006293841192124323,0.07933373300257793,-0.23778859903231675,36,14,inf
random_addition,42,29,37,0.0062253175962455765,0.0789006818490536,-0.22431229368010253,37,14,inf
random_addition,42,29,38,0.006218123626421553,0.0788550799024486,-0.222897479807598,38,14,inf
random_addition,42,29,39,0.005765315548692507,0.07592967502032724,-0.13384523666169557,39,14,inf
random_addition,42,29,40,0.00559749308945664,0.07481639585984239,-0.10084015751167508,40,14,inf
random_addition,42,29,41,0.004905376136565914,0.07003839044813862,0.0352761579996117,41,14,inf
random_addition,42,29,42,0.004837094245045792,0.06954922174291954,0.04870492816777694,42,14,inf
random_addition,42,29,43,0.0049065937364763,0.07004708228382035,0.035036696716549076,43,14,inf
random_addition,42,29,44,0.004764136465913836,0.0690227242718935,0.06305328944089839,44,14,inf
random_addition,42,29,45,0.004741441428112883,0.06885812536014092,0.0675166462665805,45,14,inf
random_addition,42,29,46,0.004686540032310278,0.06845830871640256,0.07831391930239529,46,14,inf
random_addition,42,29,47,0.004582057638389625,0.06769089775139361,0.09886212063871425,47,14,inf
random_addition,42,29,48,0.004329279291944417,0.06579725900023813,0.14857518866204533,48,14,inf
random_addition,42,29,49,0.004322494632928129,0.06574568147740298,0.14990950475333653,49,14,inf
random_addition,42,29,50,0.004386925895718053,0.06623387272172791,0.13723802479886604,50,14,inf
random_addition,42,29,51,0.004454522013989455,0.06674220564222803,0.12394412335122873,51,14,inf
random_addition,42,29,52,0.004051598326134014,0.06365216670415874,0.20318577115950243,52,14,inf
random_addition,42,29,53,0.004255886622115841,0.06523715675990058,0.16300907842717494,53,14,inf
random_addition,42,29,54,0.004338533529382916,0.0658675453420189,0.1467551888806008,54,14,inf
random_addition,42,29,55,0.004761159578842803,0.0690011563587365,0.06363874381838452,55,14,inf
random_addition,42,29,56,0.004800323895179023,0.06928436977543365,0.055936429322345105,56,14,inf
random_addition,42,29,57,0.00470818972137751,0.06861624968895859,0.0740561476996503,57,14,inf
random_addition,42,29,58,0.004615440881983756,0.06793703615837061,0.09229675029361539,58,14,inf
random_addition,42,29,59,0.004606115062768692,0.06786836569985086,0.09413082782253168,59,14,inf
random_addition,42,29,60,0.0048128329538015685,0.06937458435047787,0.053476314795307345,60,14,inf
random_addition,42,29,61,0.005112616441637703,0.07150256248301667,-0.005481096441258382,61,14,inf
random_addition,42,29,62,0.004333449951502171,0.06582894463305766,0.14775495906084513,62,14,inf
random_addition,42,29,63,0.004344388785110315,0.06591197755423756,0.14560365541120512,63,14,inf
random_addition,42,29,64,0.0035920753974399942,0.05993392526307612,0.29355860148180946,64,14,inf
random_addition,42,29,65,0.003262299246212291,0.05711654091602792,0.35841456904787905,65,14,inf
random_addition,42,29,66,0.0037015810855190387,0.06084062035777609,0.27202248576235943,66,14,inf
random_addition,42,29,67,0.003436533845554847,0.05862195702597148,0.3241484358488005,67,14,inf
random_addition,42,29,68,0.0034903789654288754,0.059079429291665264,0.3135588970506178,68,14,inf
random_addition,42,29,69,0.0034571349092078914,0.058797405633309124,0.32009689388272955,69,14,inf
random_addition,42,29,70,0.003381727290058283,0.05815262066371801,0.33492705696030356,70,14,inf
random_addition,42,29,71,0.003490008296664225,0.05907629217092272,0.31363179523106066,71,14,inf
random_addition,42,29,72,0.003400921578013769,0.05831742087930303,0.33115218084370035,72,14,inf
random_addition,42,29,73,0.00333013393416006,0.05770731265758318,0.3450737489036194,73,14,inf
random_addition,42,29,74,0.0029036516804034117,0.053885542406135356,0.428948580707472,74,14,inf
random_addition,42,29,75,0.002927742642409204,0.05410861892905052,0.4242106921589327,75,14,inf
random_addition,42,29,76,0.0029510006614106208,0.0543231135099105,0.4196366157122543,76,14,inf
random_addition,42,29,77,0.002917827627848763,0.05401691982933461,0.42616064475664217,77,14,inf
random_addition,42,29,78,0.0025855086116176613,0.05084789682590285,0.4915167090385335,78,14,inf
random_addition,42,29,79,0.0024833027442282113,0.049832747708993645,0.5116171935514213,79,14,inf
random_addition,42,29,80,0.002192199470406963,0.04682092983278913,0.5688674962644622,80,14,inf
random_addition,42,29,81,0.0020767046026665776,0.04557087449969089,0.5915814838233924,81,14,inf
random_addition,42,29,82,0.0020539711138766385,0.04532075809026851,0.5960524026758774,82,14,inf
random_addition,42,29,83,0.0020807551139093608,0.04561529473662711,0.5907848833875817,83,14,inf
random_addition,42,29,84,0.002042698560291418,0.045196222854254293,0.5982693379120614,84,14,inf
random_addition,42,29,85,0.001997237085814331,0.044690458554531874,0.6072100933402969,85,14,inf
random_addition,42,29,86,0.002016196016852877,0.04490207140937796,0.6034815040777146,86,14,inf
random_addition,42,29,87,0.002070064101215648,0.0454979571103544,0.592887448930695,87,14,inf
random_addition,42,29,88,0.001950249024645139,0.04416162389049048,0.616451077443715,88,14,inf
random_addition,42,29,89,0.0019288682142506656,0.043918882206297846,0.62065596958136,89,14,inf
random_addition,42,29,90,0.001995910608916833,0.044675615372559034,0.6074709670945724,90,14,inf
random_addition,42,29,91,0.0019861900719324666,0.04456669240511872,0.6093826724408681,91,14,inf
random_addition,42,29,92,0.0019802297402386343,0.044499772361649606,0.6105548708475117,92,14,inf
random_addition,42,29,93,0.0019860576662691187,0.04456520690257276,0.6094087122177764,93,14,inf
random_addition,42,29,94,0.0019857413243343945,0.04456165755820125,0.6094709261231237,94,14,inf
random_addition,42,29,95,0.001974222221425871,0.04443222053224294,0.61173634938628,95,14,inf
random_addition,42,29,96,0.0019866523325787087,0.04457187827070684,0.6092917611928348,96,14,inf
random_addition,42,29,97,0.002022472452292071,0.04497190736773426,0.6022471386096253,97,14,inf
random_addition,42,29,98,0.0020912659990560615,0.045730361895091776,0.5887177429238846,98,14,inf
random_addition,42,29,99,0.0021686100640573645,0.04656833757025652,0.5735067455473979,99,14,inf
random_addition,42,29,100,0.002264061797160406,0.04758215839114916,0.5547345739297433,100,14,inf
random_addition,42,29,101,0.0022445315900684426,0.04737648773461835,0.5585755141341805,101,14,inf
random_addition,42,29,102,0.002158257824285337,0.04645705354717771,0.5755426857583297,102,14,inf
random_addition,42,29,103,0.002128245090074076,0.04613290680278099,0.5814451893485015,103,14,inf
random_addition,42,29,104,0.0021464861900980002,0.046330186596839865,0.5778577734995484,104,14,inf
random_addition,42,29,105,0.002085425723682436,0.04566646169435986,0.5898663302574398,105,14,inf
random_addition,42,29,106,0.002039061886847489,0.045155972881198,0.5989845502585267,106,14,inf
random_addition,42,29,107,0.001881631080494357,0.0433777717327015,0.6299459379535663,107,14,inf
random_addition,42,29,108,0.0017132313236282958,0.04139119862517025,0.6630645522887129,108,14,inf
random_addition,42,29,109,0.001739820388886228,0.04171115425022698,0.6578353701675659,109,14,inf
random_addition,42,29,110,0.0020432559125515715,0.04520238835008136,0.5981597253158418,110,14,inf
random_addition,42,29,111,0.0023306383651310243,0.048276685523459706,0.5416411840139237,111,14,inf
random_addition,42,29,112,0.0023245405546569436,0.04821348934330457,0.5428404199103302,112,14,inf
random_addition,42,29,113,0.0023642026776915888,0.04862306734145419,0.5350402034436146,113,14,inf
random_addition,42,29,114,0.0024346148957319234,0.04934181690748653,0.5211924691169265,114,14,inf
random_addition,42,29,115,0.002594241946455707,0.05093370148001917,0.4897991534212117,115,14,inf
random_addition,42,29,116,0.002632246887297843,0.0513054274643321,0.48232484940792353,116,14,inf
random_addition,42,29,117,0.0027165634445146204,0.05212066235682947,0.4657425954160084,117,14,inf
random_addition,42,29,118,0.002781865052072372,0.05274338870486397,0.45289994768053454,118,14,inf
random_addition,42,29,119,0.002716789739619217,0.052122833188720824,0.4656980907181719,119,14,inf
random_addition,42,29,120,0.002667732207636481,0.05165009397509825,0.47534607069276646,120,14,inf
random_addition,42,29,121,0.0021821092153393247,0.046713051873532356,0.5708519128238885,121,14,inf
random_addition,42,29,122,0.002212803525228331,0.047040445631693704,0.5648153660353679,122,14,inf
random_addition,42,29,123,0.00220822059860474,0.04699170776429326,0.5657166748151288,123,14,inf
random_addition,42,29,124,0.0023804917512941564,0.04879028336968495,0.5318366860718566,124,14,inf
random_addition,42,29,125,0.0023711428376648877,0.04869438199284274,0.5336753055016139,125,14,inf
random_addition,42,29,126,0.0023708877148789624,0.04869176228972374,0.5337254796426721,126,14,inf
random_addition,42,29,127,0.002350992468444855,0.04848703402400331,0.5376382109079433,127,14,inf
random_addition,42,29,128,0.0023648091393130054,0.048629303298659395,0.5349209326743299,128,14,inf
random_addition,42,29,129,0.0023745478914244337,0.04872933296716089,0.5330056450202003,129,14,inf
random_addition,42,29,130,0.0023785006109959487,0.04876987401045802,0.5322282769437838,130,14,inf
random_addition,42,29,131,0.0023902270844012633,0.04888994870524271,0.5299220708218185,131,14,inf
random_addition,42,29,132,0.002409676108357283,0.04908845188389305,0.5260970966319404,132,14,inf
random_addition,42,29,133,0.002692844478138304,0.05189262450616951,0.4704073248340581,133,14,inf
random_addition,42,29,134,0.002760444611927246,0.052539933497552566,0.45711263366807875,134,14,inf
random_addition,42,29,135,0.00309257247436628,0.05561090247753834,0.3917941629601689,135,14,inf
random_addition,42,29,136,0.0031095559393762105,0.0557633924665296,0.388454081963581,136,14,inf
random_addition,42,29,137,0.003100126497515451,0.055678779597935255,0.390308538610039,137,14,inf
random_addition,42,29,138,0.0031398800779620433,0.056034632844001425,0.382490335521426,138,14,inf
random_addition,42,29,139,0.0031285800237255655,0.05593371097759888,0.38471267921828656,139,14,inf
random_addition,42,29,140,0.0034155695671925492,0.058442874391944045,0.328271410031286,140,14,inf
random_addition,42,29,141,0.0027953675602107693,0.05287123565995757,0.45024445477534925,141,14,inf
random_addition,42,29,142,0.0027269670927444045,0.052220370476897274,0.46369654487642953,142,14,inf
random_addition,42,29,143,0.0027488039324182617,0.052429037111301806,0.4594019669927327,143,14,inf
random_addition,42,29,144,0.0027979371477800013,0.05289553050854109,0.44973910262229677,144,14,inf
random_addition,42,29,145,0.0026894227057776823,0.05185964428896213,0.4710802733065682,145,14,inf
random_addition,42,29,146,0.002710301515805451,0.05206055623795669,0.46697410789424854,146,14,inf
random_addition,42,29,147,0.0027203277610624754,0.05215676141271115,0.4650022799291934,147,14,inf
random_addition,42,29,148,0.002725970051041276,0.052210823121660095,0.4638926297179785,148,14,inf
random_addition,42,29,149,0.0027124271207278916,0.052080966971897624,0.4665560723164942,149,14,inf
random_addition,42,29,150,0.0026800483819562917,0.05176918370958047,0.47292389007342817,150,14,inf
random_addition,42,30,10,0.00962854819961681,0.0981251659851682,-0.8936142210947935,10,10,inf
random_addition,42,30,11,0.00966818631193317,0.09832693584126971,-0.9014097154542235,11,11,inf
random_addition,42,30,12,0.006382939878761855,0.07989330309082142,-0.2553113383487604,12,12,inf
random_addition,42,30,13,0.007650307232103061,0.0874660347340787,-0.5045602171915424,13,13,inf
random_addition,42,30,14,0.006223752657501165,0.07889076408237637,-0.22400452243566127,14,14,inf
random_addition,42,30,15,0.006495433067969234,0.0805942495961668,-0.2774349958766811,15,14,inf
random_addition,42,30,16,0.00682743691857578,0.08262830579514371,-0.3427290775941936,16,14,inf
random_addition,42,30,17,0.007309433851740363,0.0854952270699386,-0.4375217948597989,17,14,inf
random_addition,42,30,18,0.006991864130646605,0.08361736739844543,-0.37506642489278996,18,14,inf
random_addition,42,30,19,0.007099496879338749,0.08425851220700938,-0.3962341959163671,19,14,inf
random_addition,42,30,20,0.006858906206334554,0.082818513668953,-0.34891803667632293,20,14,inf
random_addition,42,30,21,0.00814162759241247,0.09023096803433105,-0.6011865415456483,21,14,inf
random_addition,42,30,22,0.004454481628866445,0.0667419030959295,0.12395206575767126,22,14,inf
random_addition,42,30,23,0.00451976030945835,0.06722916264135936,0.11111392699153255,23,14,inf
random_addition,42,30,24,0.004460360569733436,0.06678593092660635,0.12279587421145743,24,14,inf
random_addition,42,30,25,0.004703158480107357,0.06857957771893436,0.07504562501454792,25,14,inf
random_addition,42,30,26,0.005569298876034965,0.07462773530018826,-0.09529529629469646,26,14,inf
random_addition,42,30,27,0.0021336234231048865,0.046191161742316966,0.5803874506633142,27,14,inf
random_addition,42,30,28,0.0017372216299308767,0.04167999076212562,0.6583464593591064,28,14,inf
random_addition,42,30,29,0.0017981724421867657,0.04240486342610675,0.6463594679163442,29,14,inf
random_addition,42,30,30,0.0033429022765123504,0.05781783700997773,0.34256264191668384,30,14,inf
random_addition,42,30,31,0.006077215010230522,0.07795649434287384,-0.19518545573477408,31,14,inf
random_addition,42,30,32,0.0046838053155159026,0.06843833220875493,0.07885174686529861,32,14,inf
random_addition,42,30,33,0.003911761773880593,0.06254407864762733,0.23068695602000733,33,14,inf
random_addition,42,30,34,0.00447706026417006,0.06691083816669807,0.11951160142001138,34,14,inf
random_addition,42,30,35,0.003775895177828057,0.061448313059253766,0.2574073829341149,35,14,inf
random_addition,42,30,36,0.0039057908293626217,0.06249632652694574,0.2318612416151138,36,14,inf
random_addition,42,30,37,0.0039290824074319376,0.06268239312144948,0.22728056521931495,37,14,inf
random_addition,42,30,38,0.003733737040793484,0.06110431278390654,0.2656984820872258,38,14,inf
random_addition,42,30,39,0.004039426029858437,0.06355647905491962,0.20557965576733228,39,14,inf
random_addition,42,30,40,0.003308594271337903,0.05752038135598462,0.3493098820144498,40,14,inf
random_addition,42,30,41,0.0033815585602333083,0.058151169895654796,0.33496024048802453,41,14,inf
random_addition,42,30,42,0.0035056757356990973,0.05920874712151151,0.31055053264094856,42,14,inf
random_addition,42,30,43,0.003550218507266917,0.05958371008310003,0.3017904554269033,43,14,inf
random_addition,42,30,44,0.003290116417773935,0.05735953641526346,0.3529438593865971,44,14,inf
random_addition,42,30,45,0.003405781591198971,0.058359074625965165,0.33019637838091853,45,14,inf
random_addition,42,30,46,0.0030633911280813393,0.05534790987997053,0.3975331602804558,46,14,inf
random_addition,42,30,47,0.003333327187340648,0.05773497369308007,0.34444574253038884,47,14,inf
random_addition,42,30,48,0.003267212453875468,0.05715953510898657,0.3574483050058552,48,14,inf
random_addition,42,30,49,0.00590707617320273,0.07685750564000064,-0.16172482234778252,49,14,inf
random_addition,42,30,50,0.006033383707907977,0.07767485891785049,-0.18656530078655686,50,14,inf
random_addition,42,30,51,0.006010065691403396,0.07752461345536266,-0.18197942483253127,51,14,inf
random_addition,42,30,52,0.005968388425999718,0.07725534561439563,-0.1737828970872699,52,14,inf
random_addition,42,30,53,0.005577437902395397,0.07468224623292605,-0.09689597126068894,53,14,inf
random_addition,42,30,54,0.005354874472914816,0.07317700781608125,-0.05312516943027079,54,14,inf
random_addition,42,30,55,0.005353901519624056,0.07317035957014327,-0.05293382197584173,55,14,inf
random_addition,42,30,56,0.005483882762328978,0.07405324275363624,-0.07849679622271832,56,14,inf
random_addition,42,30,57,0.005680170223008623,0.07536690402961119,-0.11709999156013717,57,14,inf
random_addition,42,30,58,0.00528566749591944,0.07270259621168587,-0.0395144658101092,58,14,inf
random_addition,42,30,59,0.005321609902663359,0.07294936533420533,-0.04658313817271598,59,14,inf
random_addition,42,30,60,0.005203197930083084,0.07213319575676018,-0.02329545340682171,60,14,inf
random_addition,42,30,61,0.0056264573824923204,0.07500971525404106,-0.10653646769876057,61,14,inf
random_addition,42,30,62,0.005514922607439546,0.07426252491963592,-0.08460129826221485,62,14,inf
random_addition,42,30,63,0.0037737930249387873,0.06143120562823741,0.2578208062793078,63,14,inf
random_addition,42,30,64,0.0033313325264845025,0.057717696822417494,0.344838025778616,64,14,inf
random_addition,42,30,65,0.003280830644511077,0.05727853563518429,0.3547700612126532,65,14,inf
random_addition,42,30,66,0.003089639065184337,0.055584521813040154,0.3923710666872996,66,14,inf
random_addition,42,30,67,0.003109446802392574,0.05576241388599111,0.3884755455674367,67,14,inf
random_addition,42,30,68,0.003017203818262054,0.05492907989637232,0.4066166633065289,68,14,inf
random_addition,42,30,69,0.0030962590546074887,0.055644038805675214,0.39106913561157663,69,14,inf
random_addition,42,30,70,0.0026143553117402825,0.05113076678224455,0.48584352545453,70,14,inf
random_addition,42,30,71,0.002511087923938722,0.05011075656921098,0.5061527756200044,71,14,inf
random_addition,42,30,72,0.002483771564417907,0.04983745142378277,0.511524992260018,72,14,inf
random_addition,42,30,73,0.0024820052400322695,0.04981972741828551,0.5118723693418341,73,14,inf
random_addition,42,30,74,0.0024576542467858774,0.049574733955775066,0.5166613973607194,74,14,inf
random_addition,42,30,75,0.0024846869495107056,0.0498466342846807,0.5113449665496445,75,14,inf
random_addition,42,30,76,0.002367898016671987,0.048661052358862804,0.5343134535432167,76,14,inf
random_addition,42,30,77,0.0023356536986654007,0.04832860124879884,0.5406548352199688,77,14,inf
random_addition,42,30,78,0.002229837031630955,0.04722115025738948,0.5614654435662254,78,14,inf
random_addition,42,30,79,0.00225556480375239,0.04749278686024216,0.5564056490721629,79,14,inf
random_addition,42,30,80,0.002294401508025087,0.047899911357173586,0.5487677649398326,80,14,inf
random_addition,42,30,81,0.002342938138301322,0.048403906229779865,0.53922222895355,81,14,inf
random_addition,42,30,82,0.002335094423798175,0.04832281473381052,0.5407648259288611,82,14,inf
random_addition,42,30,83,0.0020973896608809193,0.04579726695863978,0.5875134229291852,83,14,inf
random_addition,42,30,84,0.002124505593878776,0.046092359387199695,0.5821806234999796,84,14,inf
random_addition,42,30,85,0.0021379508019933125,0.04623798008124179,0.5795363995979506,85,14,inf
random_addition,42,30,86,0.0015094181613000222,0.038851231142655214,0.7031478020819144,86,14,inf
random_addition,42,30,87,0.0015167712956861443,0.03894574810792757,0.7017016858497978,87,14,inf
random_addition,42,30,88,0.0015253189657719445,0.03905533210423315,0.7000206442954395,88,14,inf
random_addition,42,30,89,0.0017479811594825264,0.041808864604082785,0.6562304188357693,89,14,inf
random_addition,42,30,90,0.0017200302244777393,0.041473247093490755,0.6617274353039495,90,14,inf
random_addition,42,30,91,0.0017437514245698025,0.04175824977857432,0.6570622665885295,91,14,inf
random_addition,42,30,92,0.001752563227889492,0.04186362654966112,0.6553292788385884,92,14,inf
random_addition,42,30,93,0.0017675854663621068,0.04204266245567836,0.6523749056750877,93,14,inf
random_addition,42,30,94,0.001776189586265041,0.04214486429287726,0.6506827623248732,94,14,inf
random_addition,42,30,95,0.0020276241634166713,0.045029147931275264,0.6012339688932496,95,14,inf
random_addition,42,30,96,0.0020289251766749004,0.04504359196017676,0.6009781029873477,96,14,inf
random_addition,42,30,97,0.002055569462592067,0.04533838839870763,0.5957380608046986,97,14,inf
random_addition,42,30,98,0.0020340630468147192,0.04510058809832439,0.5999676553309412,98,14,inf
random_addition,42,30,99,0.0019568968966982504,0.0442368273805689,0.6151436627848476,99,14,inf
random_addition,42,30,100,0.0019440240739861208,0.04409108837379863,0.6176753175730836,100,14,inf
random_addition,42,30,101,0.001960149677746003,0.0442735776479155,0.614503949266004,101,14,inf
random_addition,42,30,102,0.0023102879423177966,0.048065454770737336,0.5456434332882176,102,14,inf
random_addition,42,30,103,0.002310195215002483,0.04806449016688394,0.545661669657743,103,14,inf
random_addition,42,30,104,0.0023316788670832323,0.04828746076450109,0.541436551991221,104,14,inf
random_addition,42,30,105,0.0021930204031595513,0.04682969574062543,0.5687060461784643,105,14,inf
random_addition,42,30,106,0.002173880419748781,0.0466248905601802,0.5724702424027295,106,14,inf
random_addition,42,30,107,0.0022530494134283844,0.047466297658742926,0.5569003424351074,107,14,inf
random_addition,42,30,108,0.002239840948693896,0.047326957948867744,0.5594980068120747,108,14,inf
random_addition,42,30,109,0.002202156905469273,0.04692714465497846,0.5669092009691893,109,14,inf
random_addition,42,30,110,0.00245488341559449,0.04954678007292189,0.5172063274207332,110,14,inf
random_addition,42,30,111,0.002443139551611957,0.049428125107189295,0.5195159536890852,111,14,inf
random_addition,42,30,112,0.0024006538696343645,0.04899646793019232,0.527871470005541,112,14,inf
random_addition,42,30,113,0.0024026239866113204,0.049016568490779934,0.527484013719563,113,14,inf
random_addition,42,30,114,0.0024026164610560885,0.04901649172529679,0.5274854937452236,114,14,inf
random_addition,42,30,115,0.002398258626179843,0.0489720188084976,0.528342534487375,115,14,inf
random_addition,42,30,116,0.002205529413919674,0.04696306435827707,0.5662459410643683,116,14,inf
random_addition,42,30,117,0.00200437236547859,0.044770217393693655,0.6058068218643056,117,14,inf
random_addition,42,30,118,0.002013593959110921,0.04487308724737937,0.6039932420305323,118,14,inf
random_addition,42,30,119,0.0020062555235601095,0.04479124382689221,0.6054364674920985,119,14,inf
random_addition,42,30,120,0.0020770370126152763,0.04557452152919739,0.5915161098757277,120,14,inf
random_addition,42,30,121,0.002133563885937648,0.0461905172728954,0.5803991596379414,121,14,inf
random_addition,42,30,122,0.0023221344446292423,0.04818853021860329,0.5433136214845982,122,14,inf
random_addition,42,30,123,0.002319478444534946,0.04816096390786781,0.5438359680985965,123,14,inf
random_addition,42,30,124,0.002346429785060758,0.04843996062199842,0.5385355385178132,124,14,inf
random_addition,42,30,125,0.00226896140536535,0.04763361633726071,0.5537709844474741,125,14,inf
random_addition,42,30,126,0.0021668460076621292,0.04654939320401641,0.5738536765911624,126,14,inf
random_addition,42,30,127,0.001903825396844621,0.04363284768204593,0.6255810563330942,127,14,inf
random_addition,42,30,128,0.0019645410036738865,0.04432314298054558,0.6136403219512616,128,14,inf
random_addition,42,30,129,0.002014622589709368,0.04488454733769037,0.6037909447070844,129,14,inf
random_addition,42,30,130,0.001984556453655694,0.04454836084140127,0.6097039506581656,130,14,inf
random_addition,42,30,131,0.002026127378038406,0.04501252467967561,0.6015283366441763,131,14,inf
random_addition,42,30,132,0.002073020857048388,0.04553043879701126,0.5923059536962001,132,14,inf
random_addition,42,30,133,0.0020697529899680036,0.04549453802345951,0.5929486341343901,133,14,inf
random_addition,42,30,134,0.0022397356589553994,0.04732584557042166,0.5595187137911559,134,14,inf
random_addition,42,30,135,0.0022654704031979727,0.04759695791957688,0.5544575481134566,135,14,inf
random_addition,42,30,136,0.0022560842099460356,0.04749825480947732,0.5563034992013391,136,14,inf
random_addition,42,30,137,0.002246532679522499,0.047397602044011666,0.5581819665952032,137,14,inf
random_addition,42,30,138,0.0021328493160069732,0.046182781596683556,0.5805396917051482,138,14,inf
random_addition,42,30,139,0.002165756921960137,0.04653769356081301,0.5740678634166867,139,14,inf
random_addition,42,30,140,0.0022418905613736714,0.04734860675219147,0.5590949163733403,140,14,inf
random_addition,42,30,141,0.0023626762103595286,0.04860736786084522,0.5353404086446584,141,14,inf
random_addition,42,30,142,0.002570719086405385,0.05070225918443265,0.4944253152670739,142,14,inf
random_addition,42,30,143,0.0024879246592464767,0.04987910042539337,0.5107082170550865,143,14,inf
random_addition,42,30,144,0.0024953555455991877,0.049953533864974836,0.5092468096049588,144,14,inf
random_addition,42,30,145,0.00250210805793978,0.05002107613736214,0.5079188156923592,145,14,inf
random_addition,42,30,146,0.0025835658600526206,0.05082878967723529,0.491898783460902,146,14,inf
random_addition,42,30,147,0.0025837455173004795,0.050830556924948984,0.49186345087364003,147,14,inf
random_addition,42,30,148,0.0025649588954657276,0.050645423243030833,0.4955581526640961,148,14,inf
random_addition,42,30,149,0.0025671188103198726,0.050666742645643525,0.49513336946735975,149,14,inf
random_addition,42,30,150,0.0026800483819562917,0.05176918370958047,0.47292389007342817,150,14,inf
random_addition,42,31,10,0.00962854819961681,0.0981251659851682,-0.8936142210947935,10,10,inf
random_addition,42,31,11,0.007958642560503324,0.08921122440872183,-0.5651994901764259,11,11,inf
random_addition,42,31,12,0.007084349657141946,0.08416857879958498,-0.3932552426237941,12,12,inf
random_addition,42,31,13,0.0076056400532350365,0.08721032079539116,-0.4957756732117926,13,13,inf
random_addition,42,31,14,0.007998590493474794,0.08943483937188457,-0.5730559159230537,14,14,inf
random_addition,42,31,15,0.007574492545152823,0.08703156062689456,-0.48964999745742577,15,14,inf
random_addition,42,31,16,0.007909948063830196,0.08893788879791445,-0.5556229071363206,16,14,inf
random_addition,42,31,17,0.0035438388389646496,0.05953015067144253,0.3030451233552959,17,14,inf
random_addition,42,31,18,0.0035694953678260025,0.05974525393557217,0.2979993400338061,18,14,inf
random_addition,42,31,19,0.0050101295397906535,0.07078226854086166,0.014674658174088862,19,14,inf
random_addition,42,31,20,0.004713441913522844,0.06865451123941416,0.07302321671855772,20,14,inf
random_addition,42,31,21,0.007448454344609297,0.0863044283024301,-0.46486248806323527,21,14,inf
random_addition,42,31,22,0.006811869351958844,0.08253404965200026,-0.3396674565769311,22,14,inf
random_addition,42,31,23,0.007253365520880646,0.08516669255572067,-0.42649502462737376,23,14,inf
random_addition,42,31,24,0.005893284634386603,0.07676773172620513,-0.15901248675039326,24,14,inf
random_addition,42,31,25,0.006283148418223465,0.07926631326246646,-0.235685687118512,25,14,inf
random_addition,42,31,26,0.006353827995495864,0.07971090261373198,-0.24958600208700443,26,14,inf
random_addition,42,31,27,0.006141054003701846,0.07836487736034457,-0.20774045607246672,27,14,inf
random_addition,42,31,28,0.006174867674478025,0.07858032625586397,-0.2143904770851608,28,14,inf
random_addition,42,31,29,0.006468395715406495,0.08042633719999,-0.2721176505976086,29,14,inf
random_addition,42,31,30,0.007883300213518518,0.08878795083522605,-0.5503821639561797,30,14,inf
random_addition,42,31,31,0.007911325624861595,0.08894563297240396,-0.55589382743556,31,14,inf
random_addition,42,31,32,0.008057903007611698,0.08976582316010753,-0.5847207087796753,32,14,inf
random_addition,42,31,33,0.0075496155186765045,0.0868885235153441,-0.48475751625075914,33,14,inf
random_addition,42,31,34,0.009151557284330498,0.09566377205781977,-0.7998060205443585,34,14,inf
random_addition,42,31,35,0.008757643064507976,0.09358227965009175,-0.7223362345409947,35,14,inf
random_addition,42,31,36,0.008929238199016575,0.09449464640399781,-0.7560832730601652,36,14,inf
random_addition,42,31,37,0.00881281651364321,0.09387660258894764,-0.733187011391599,37,14,inf
random_addition,42,31,38,0.008863744584869278,0.09414746191411258,-0.7432028640338955,38,14,inf
random_addition,42,31,39,0.008438328900784931,0.0918603772079395,-0.659537790903665,39,14,inf
random_addition,42,31,40,0.010386607077733753,0.10191470491412784,-1.0426991134658503,40,14,inf
random_addition,42,31,41,0.007781244428864185,0.08821136224355786,-0.5303111957105076,41,14,inf
random_addition,42,31,42,0.006682645259510944,0.08174744803057123,-0.31425338852696805,42,14,inf
random_addition,42,31,43,0.006537262485336634,0.08085333935797973,-0.285661446837395,43,14,inf
random_addition,42,31,44,0.006614804078934602,0.08133144581854304,-0.3009112914992631,44,14,inf
random_addition,42,31,45,0.007254910580331701,0.08517576286909147,-0.4267988862779879,45,14,inf
random_addition,42,31,46,0.007403839225013825,0.08604556481895988,-0.4560881824056915,46,14,inf
random_addition,42,31,47,0.008077423768359793,0.0898744889741232,-0.5885597912034048,47,14,inf
random_addition,42,31,48,0.00835666887587574,0.09141481759471896,-0.6434779881943475,48,14,inf
random_addition,42,31,49,0.011207848453620616,0.10586712640673976,-1.2042098953709264,49,14,inf
random_addition,42,31,50,0.010405371660232208,0.10200672360306554,-1.0463894808540926,50,14,inf
random_addition,42,31,51,0.01091106986507613,0.10445606667434941,-1.1458434475811496,51,14,inf
random_addition,42,31,52,0.011046927399653423,0.10510436432257902,-1.1725620924053692,52,14,inf
random_addition,42,31,53,0.010819607547873792,0.10401734253418414,-1.1278558609836686,53,14,inf
random_addition,42,31,54,0.010699627710276412,0.10343900478193133,-1.104259829473115,54,14,inf
random_addition,42,31,55,0.009438412557486415,0.09715149282170818,-0.8562208832404494,55,14,inf
random_addition,42,31,56,0.00942254569211026,0.09706979804300749,-0.8531004001418991,56,14,inf
random_addition,42,31,57,0.008494420567867592,0.09216518088664283,-0.6705691505926439,57,14,inf
random_addition,42,31,58,0.00864181991792212,0.09296138939324283,-0.6995576854845906,58,14,inf
random_addition,42,31,59,0.008910564981323147,0.09439578900206909,-0.7524108740811288,59,14,inf
random_addition,42,31,60,0.008715350047695743,0.09335603916028005,-0.7140186090352272,60,14,inf
random_addition,42,31,61,0.007716030527060188,0.087840938787448,-0.5174857967709203,61,14,inf
random_addition,42,31,62,0.007043079915454371,0.08392305949769926,-0.38513886119843943,62,14,inf
random_addition,42,31,63,0.0073359790806056275,0.08565033030062189,-0.4427423558248966,63,14,inf
random_addition,42,31,64,0.006992171390992677,0.08361920467806828,-0.37512685275261237,64,14,inf
random_addition,42,31,65,0.007000145704259257,0.0836668733983723,-0.376695134147897,65,14,inf
random_addition,42,31,66,0.007395118638792178,0.08599487565426313,-0.4543731340159196,66,14,inf
random_addition,42,31,67,0.007392973649373702,0.0859824031379311,-0.45395128615446456,67,14,inf
random_addition,42,31,68,0.007305907235790389,0.08547459994519067,-0.4368282271508608,68,14,inf
random_addition,42,31,69,0.007012238355384369,0.08373910887622563,-0.37907335521160435,69,14,inf
random_addition,42,31,70,0.006779588031026464,0.08233825375259342,-0.33331879765909833,70,14,inf
random_addition,42,31,71,0.006335850685010798,0.07959805704293792,-0.24605046484028703,71,14,inf
random_addition,42,31,72,0.006852372393450666,0.0827790576984944,-0.34763305365101127,72,14,inf
random_addition,42,31,73,0.006974663233865405,0.08351444925200313,-0.37168358232034904,73,14,inf
random_addition,42,31,74,0.007298030336533884,0.08542851009197037,-0.43527910384161217,74,14,inf
random_addition,42,31,75,0.006906515008809955,0.0831054451213033,-0.3582810998866519,75,14,inf
random_addition,42,31,76,0.005837623450323846,0.07640434182900764,-0.1480657887104535,76,14,inf
random_addition,42,31,77,0.0065463487486199946,0.0809095096303271,-0.287448411706166,77,14,inf
random_addition,42,31,78,0.0062816491294730645,0.07925685540994586,-0.23539082703779934,78,14,inf
random_addition,42,31,79,0.006195790831934266,0.07871334595819356,-0.21850536415722432,79,14,inf
random_addition,42,31,80,0.006322015207027043,0.07951110115592064,-0.24332948787444253,80,14,inf
random_addition,42,31,81,0.0062828246113298385,0.07926427071089369,-0.23562200510478082,81,14,inf
random_addition,42,31,82,0.00566896950245405,0.0752925594096392,-0.11489718348472122,82,14,inf
random_addition,42,31,83,0.005576002302038377,0.07467263422458309,-0.09661363656230004,83,14,inf
random_addition,42,31,84,0.005863158419544797,0.07657126366689267,-0.15308766530592344,84,14,inf
random_addition,42,31,85,0.005650875159957947,0.075172303143897,-0.11133862994563781,85,14,inf
random_addition,42,31,86,0.0056408877168998926,0.07510584342712551,-0.10937443307867323,86,14,inf
random_addition,42,31,87,0.0056379493115473675,0.0750862791164096,-0.10879654677146178,87,14,inf
random_addition,42,31,88,0.0056562273964973295,0.07520789450913601,-0.11239123632154424,88,14,inf
random_addition,42,31,89,0.00557621310579294,0.07467404573071516,-0.09665509462837862,89,14,inf
random_addition,42,31,90,0.005723539804572759,0.07565407989376884,-0.12562934143824722,90,14,inf
random_addition,42,31,91,0.005351810153783784,0.07315606710166822,-0.05252252008332903,91,14,inf
random_addition,42,31,92,0.004788543528863955,0.06919930295070865,0.058253234381783536,92,14,inf
random_addition,42,31,93,0.004671904175612206,0.06835132899667867,0.08119230406059563,93,14,inf
random_addition,42,31,94,0.0038652964018987164,0.06217150795902184,0.2398251445972679,94,14,inf
random_addition,42,31,95,0.00327682117167421,0.0572435251506597,0.3555585907630674,95,14,inf
random_addition,42,31,96,0.003277343762368322,0.05724808959579631,0.3554558146072372,96,14,inf
random_addition,42,31,97,0.003346528833885655,0.05784919043414225,0.3418494190638368,97,14,inf
random_addition,42,31,98,0.0035110735334626165,0.05925431236173968,0.30948896589218367,98,14,inf
random_addition,42,31,99,0.0035359379347954254,0.05946375311730185,0.3045989676300688,99,14,inf
random_addition,42,31,100,0.003590594157658828,0.05992156671565613,0.2938499119323901,100,14,inf
random_addition,42,31,101,0.003719792021092725,0.06099009772981779,0.26844100225447753,101,14,inf
random_addition,42,31,102,0.0034925825937927994,0.059098076058301585,0.31312551686479706,102,14,inf
random_addition,42,31,103,0.003661207427131361,0.060507912103553545,0.2799626374960935,103,14,inf
random_addition,42,31,104,0.003667493652512792,0.060559835307840724,0.27872634667296003,104,14,inf
random_addition,42,31,105,0.004143896045934141,0.0643731003287409,0.18503388874018822,105,14,inf
random_addition,42,31,106,0.004158813741975162,0.06448886525575684,0.1821000755854314,106,14,inf
random_addition,42,31,107,0.0041213161965730286,0.06419747811692472,0.18947459184245685,107,14,inf
random_addition,42,31,108,0.0041257714075317205,0.06423216801207725,0.1885984004733684,108,14,inf
random_addition,42,31,109,0.004151506958527167,0.06443218883855466,0.18353707613429238,109,14,inf
random_addition,42,31,110,0.004205300551898076,0.06484828873530955,0.17295767088034153,110,14,inf
random_addition,42,31,111,0.00422249406005519,0.06498072067971539,0.16957628140377268,111,14,inf
random_addition,42,31,112,0.004167411870395608,0.06455549450198339,0.18040911055994557,112,14,inf
random_addition,42,31,113,0.00416124683219647,0.06450772691853643,0.18162156790714412,113,14,inf
random_addition,42,31,114,0.003980231589129622,0.06308907662289584,0.21722122752352913,114,14,inf
random_addition,42,31,115,0.0040075899487821455,0.06330552857991271,0.211840750858739,115,14,inf
random_addition,42,31,116,0.003989966373771405,0.0631661806172528,0.21530672013832342,116,14,inf
random_addition,42,31,117,0.004008675141882394,0.06331409907660689,0.21162732957812003,117,14,inf
random_addition,42,31,118,0.003976343003635814,0.06305825087675533,0.2179859825663828,118,14,inf
random_addition,42,31,119,0.003702753530430855,0.06085025497424686,0.27179190496113814,119,14,inf
random_addition,42,31,120,0.0036511321282808955,0.060424598701860614,0.2819441126665435,120,14,inf
random_addition,42,31,121,0.003633908538305336,0.06028190888073582,0.2853314182332668,121,14,inf
random_addition,42,31,122,0.0036397975388755333,0.06033073461243062,0.28417324827902535,122,14,inf
random_addition,42,31,123,0.0036313398815817034,0.06026059974462338,0.285836587320043,123,14,inf
random_addition,42,31,124,0.0033031701390354323,0.05747321236050263,0.35037662788850243,124,14,inf
random_addition,42,31,125,0.00333422628929297,0.057742759626579765,0.34426891917053914,125,14,inf
random_addition,42,31,126,0.0033062914298127625,0.05750036025811284,0.34976277411931644,126,14,inf
random_addition,42,31,127,0.0032914501807216126,0.057371161577238546,0.352681552709315,127,14,inf
random_addition,42,31,128,0.003298336413012199,0.057431144973891984,0.3513272605434685,128,14,inf
random_addition,42,31,129,0.0035279302960896145,0.059396382853584735,0.30617380302750874,129,14,inf
random_addition,42,31,130,0.0035211657204415533,0.05933941119055323,0.3075041693902538,130,14,inf
random_addition,42,31,131,0.003478790258870451,0.05898127040739671,0.3158380090297218,131,14,inf
random_addition,42,31,132,0.0035087015794662653,0.059234293947562716,0.3099554501145353,132,14,inf
random_addition,42,31,133,0.0034589114040068135,0.05881251060792094,0.31974751661990675,133,14,inf
random_addition,42,31,134,0.0033744950255468675,0.058090403902424946,0.33634940212030195,134,14,inf
random_addition,42,31,135,0.003376407347576286,0.058106861450058424,0.33597331217245663,135,14,inf
random_addition,42,31,136,0.0034367973880211323,0.05862420479649282,0.3240966058374972,136,14,inf
random_addition,42,31,137,0.0033885992115515796,0.058211675903993516,0.33357557925087367,137,14,inf
random_addition,42,31,138,0.0033714970053911517,0.05806459338866631,0.33693901267054227,138,14,inf
random_addition,42,31,139,0.0033951529506559288,0.05826794101953431,0.332286677402739,139,14,inf
random_addition,42,31,140,0.0033772522262966536,0.05811413103795542,0.3358071527134374,140,14,inf
random_addition,42,31,141,0.003338953453970229,0.0577836780931279,0.3433392435774242,141,14,inf
random_addition,42,31,142,0.003423397296034379,0.05850980512729793,0.32673195690227186,142,14,inf
random_addition,42,31,143,0.002795600465905075,0.05287343818880209,0.4501986499950471,143,14,inf
random_addition,42,31,144,0.00279056700653451,0.05282581761349757,0.4511885635362999,144,14,inf
random_addition,42,31,145,0.002751010089537612,0.05245007235016566,0.4589680894850793,145,14,inf
random_addition,42,31,146,0.0027026782747828714,0.051987289550262876,0.4684733450909595,146,14,inf
random_addition,42,31,147,0.002786430824193731,0.05278665384539667,0.452002012619086,147,14,inf
random_addition,42,31,148,0.002785924029129785,0.052781853218031145,0.452101682301407,148,14,inf
random_addition,42,31,149,0.002706519321265803,0.05202421860312563,0.46771793938563677,149,14,inf
random_addition,42,31,150,0.0026800483819562917,0.05176918370958047,0.47292389007342817,150,14,inf
random_addition,42,32,10,0.00962854819961681,0.0981251659851682,-0.8936142210947935,10,10,inf
random_addition,42,32,11,0.013646346931288762,0.11681757971850282,-1.6837811972639956,11,11,inf
random_addition,42,32,12,0.01378753579687159,0.11742033808872972,-1.7115483370430256,12,12,inf
random_addition,42,32,13,0.011943154937999443,0.10928474247578865,-1.3488201509168638,13,13,inf
random_addition,42,32,14,0.004645788502279831,0.06816002129019497,0.08632838578240909,14,14,inf
random_addition,42,32,15,0.004690350399527654,0.06848613289949765,0.07756454718514261,15,14,inf
random_addition,42,32,16,0.0047310445321729604,0.06878258887373287,0.06956136885600084,16,14,inf
random_addition,42,32,17,0.004191410963275832,0.06474110721385472,0.17568928960363828,17,14,inf
random_addition,42,32,18,0.004718413935713287,0.06869071215028483,0.07204538582108178,18,14,inf
random_addition,42,32,19,0.004815406514823844,0.06939313017023979,0.052970181196596244,19,14,inf
random_addition,42,32,20,0.004872477032227629,0.0698031305331475,0.04174631430404174,20,14,inf
random_addition,42,32,21,0.015137937921141043,0.12303632764814237,-1.9771273852753457,21,14,inf
random_addition,42,32,22,0.015306615853530691,0.12371990888103132,-2.010300707456006,22,14,inf
random_addition,42,32,23,0.012199231853369078,0.11045013288072168,-1.39918193740689,23,14,inf
random_addition,42,32,24,0.011817120452703595,0.1087065796201113,-1.3240333721879503,24,14,inf
random_addition,42,32,25,0.008971882969502198,0.09472002412110228,-0.7644700767789347,25,14,inf
random_addition,42,32,26,0.00827079187074047,0.09094389408168352,-0.6265888461536349,26,14,inf
random_addition,42,32,27,0.008284757387944574,0.09102064264739386,-0.6293353974959948,27,14,inf
random_addition,42,32,28,0.00804104320587986,0.08967186407050909,-0.5814049482244634,28,14,inf
random_addition,42,32,29,0.00811143106081599,0.09006348350367084,-0.5952478911413113,29,14,inf
random_addition,42,32,30,0.00867199092715495,0.09312352510056172,-0.7054913164914272,30,14,inf
random_addition,42,32,31,0.007634668945239934,0.08737659266210793,-0.5014846878610921,31,14,inf
random_addition,42,32,32,0.00624162647582035,0.07900396493733938,-0.22751970622586337,32,14,inf
random_addition,42,32,33,0.006419443303171506,0.08012142848933428,-0.2624903441705855,33,14,inf
random_addition,42,32,34,0.0062208169460171835,0.07887215570793779,-0.22342716592252465,34,14,inf
random_addition,42,32,35,0.006428270791993941,0.08017649775335625,-0.2642264167356463,35,14,inf
random_addition,42,32,36,0.005096939658353441,0.0713928543928133,-0.0023979961490168122,36,14,inf
random_addition,42,32,37,0.005267729111741111,0.07257912311223601,-0.035986584069339855,37,14,inf
random_addition,42,32,38,0.004941574395786,0.0702963327335502,0.028157167990218723,38,14,inf
random_addition,42,32,39,0.0050363245655326095,0.07096706676714636,0.009522970480518866,39,14,inf
random_addition,42,32,40,0.004923707821391269,0.07016913724274561,0.03167092714213926,40,14,inf
random_addition,42,32,41,0.004851112306308041,0.06964992682198626,0.04594804316205725,41,14,inf
random_addition,42,32,42,0.00492904283783453,0.0702071423562769,0.03062170738467518,42,14,inf
random_addition,42,32,43,0.004528054512088843,0.0672908204147404,0.10948273402992192,43,14,inf
random_addition,42,32,44,0.0038380077550019083,0.06195165659610652,0.24519191108863636,44,14,inf
random_addition,42,32,45,0.0037890222929914197,0.06155503466810347,0.25482571730395465,45,14,inf
random_addition,42,32,46,0.004206435528813403,0.0648570391616315,0.17273445878409188,46,14,inf
random_addition,42,32,47,0.0037718969979252197,0.06141577157314902,0.25819369154113936,47,14,inf
random_addition,42,32,48,0.003968252424653756,0.06299406658292316,0.21957712954926079,48,14,inf
random_addition,42,32,49,0.003896469051926419,0.062421703372516346,0.23369452426096238,49,14,inf
random_addition,42,32,50,0.003996953540603949,0.06322146423963897,0.21393257751526484,50,14,inf
random_addition,42,32,51,0.004067619037528753,0.06377788831192793,0.2000350316814219,51,14,inf
random_addition,42,32,52,0.0040948989876785705,0.0639913977631257,0.1946699755500617,52,14,inf
random_addition,42,32,53,0.0041306223354628715,0.06426991781123477,0.1876443847769731,53,14,inf
random_addition,42,32,54,0.004179489941450954,0.06464897479040912,0.1780337569095679,54,14,inf
random_addition,42,32,55,0.004199895840842715,0.06480660337375131,0.17402059724298335,55,14,inf
random_addition,42,32,56,0.004129388166764706,0.06426031564476403,0.18788710458785485,56,14,inf
random_addition,42,32,57,0.0038756287908272035,0.06225454835453554,0.23779310838503342,57,14,inf
random_addition,42,32,58,0.0038800803896700013,0.06229029129543384,0.23691762739864064,58,14,inf
random_addition,42,32,59,0.0037712058806713537,0.06141014476999182,0.2583296112492026,59,14,inf
random_addition,42,32,60,0.00391981916094975,0.06260845918044741,0.22910233677910996,60,14,inf
random_addition,42,32,61,0.0037605943178007626,0.06132368480286196,0.2604165516625655,61,14,inf
random_addition,42,32,62,0.004014938387377597,0.06336354146808397,0.21039555813199518,62,14,inf
random_addition,42,32,63,0.0040589175949569956,0.06370963502451568,0.20174631515389552,63,14,inf
random_addition,42,32,64,0.004365849683011586,0.06607457667674903,0.1413830127327036,64,14,inf
random_addition,42,32,65,0.00437447100752732,0.0661397838485077,0.13968748580909984,65,14,inf
random_addition,42,32,66,0.004265106255742948,0.06530778097396166,0.16119588406104313,66,14,inf
random_addition,42,32,67,0.003697016150228933,0.06080309326201203,0.2729202562470173,67,14,inf
random_addition,42,32,68,0.003688822535359197,0.06073567761504927,0.2745316669517094,68,14,inf
random_addition,42,32,69,0.003862247082640322,0.062146979674319834,0.24042484396965957,69,14,inf
random_addition,42,32,70,0.003845449841323485,0.06201169116645252,0.24372830097826548,70,14,inf
random_addition,42,32,71,0.0029743529406705506,0.054537628667467294,0.4150440014172623,71,14,inf
random_addition,42,32,72,0.002847679699380584,0.05336365522882202,0.4399564021412259,72,14,inf
random_addition,42,32,73,0.0028106273844524725,0.05301535046052674,0.44724335641696467,73,14,inf
random_addition,42,32,74,0.0028474669128379995,0.05336166145125168,0.43999825015556226,74,14,inf
random_addition,42,32,75,0.0028294429274529917,0.053192508189151895,0.4435429667980165,75,14,inf
random_addition,42,32,76,0.0028286271956029204,0.0531848399038948,0.44370339403999226,76,14,inf
random_addition,42,32,77,0.0029246031925000866,0.05407960052089962,0.4248281172235501,77,14,inf
random_addition,42,32,78,0.002871030270436417,0.05358199576757492,0.43536412379299383,78,14,inf
random_addition,42,32,79,0.002974449301155104,0.05453851209150378,0.4150250505245504,79,14,inf
random_addition,42,32,80,0.0032464531526447864,0.056977654853852894,0.3615309670246186,80,14,inf
random_addition,42,32,81,0.0031395629077688196,0.05603180264607609,0.38255271231758925,81,14,inf
random_addition,42,32,82,0.002889012299967751,0.05374953302092727,0.43182765846730364,82,14,inf
random_addition,42,32,83,0.002793611841922403,0.05285462933293926,0.45058974599165313,83,14,inf
random_addition,42,32,84,0.0028254298386544163,0.05315477249179434,0.4443322074874697,84,14,inf
random_addition,42,32,85,0.0028252456908334296,0.053153040278364413,0.4443684232206597,85,14,inf
random_addition,42,32,86,0.002872659261999241,0.05359719453478177,0.43504375549598195,86,14,inf
random_addition,42,32,87,0.002812503674748124,0.05303304323483732,0.44687435270912745,87,14,inf
random_addition,42,32,88,0.002862639262668867,0.05350363784518644,0.43701435509563,88,14,inf
random_addition,42,32,89,0.002909257011016123,0.053937528781138305,0.4278461991705971,89,14,inf
random_addition,42,32,90,0.0029005358958378745,0.05385662350944287,0.4295613515884864,90,14,inf
random_addition,42,32,91,0.002880979169696079,0.05367475355971445,0.43340750720534615,91,14,inf
random_addition,42,32,92,0.002902811128440304,0.053877742421526015,0.42911388923767946,92,14,inf
random_addition,42,32,93,0.002623797704778698,0.05122301928604656,0.48398652174348034,93,14,inf
random_addition,42,32,94,0.002894769684916035,0.0538030638989643,0.43069537291517634,94,14,inf
random_addition,42,32,95,0.002982993617297511,0.05461678878602724,0.41334466857896945,95,14,inf
random_addition,42,32,96,0.0027123246674797255,0.05207998336673818,0.4665762214525532,96,14,inf
random_addition,42,32,97,0.001992454027284831,0.04463691328132839,0.6081507613895205,97,14,inf
random_addition,42,32,98,0.00200469984387317,0.044773874568470956,0.6057424177888187,98,14,inf
random_addition,42,32,99,0.0021054851869687537,0.04588556621606356,0.5859213030156372,99,14,inf
random_addition,42,32,100,0.0021351265675312687,0.04620742978711615,0.5800918322997617,100,14,inf
random_addition,42,32,101,0.002142959751190155,0.04629211327202675,0.5785513063902061,101,14,inf
random_addition,42,32,102,0.002124628806828585,0.046093695955397036,0.582156391623154,102,14,inf
random_addition,42,32,103,0.0020279768348934516,0.0450330637964313,0.6011646101789387,103,14,inf
random_addition,42,32,104,0.002260603012203344,0.04754579910153308,0.5554148015452278,104,14,inf
random_addition,42,32,105,0.002201244096957991,0.04691741784196985,0.5670887199519337,105,14,inf
random_addition,42,32,106,0.0021983374284775445,0.04688643117659463,0.5676603646751537,106,14,inf
random_addition,42,32,107,0.002211781061988577,0.04702957645980428,0.565016450445105,107,14,inf
random_addition,42,32,108,0.002216708114992045,0.04708192981380484,0.5640474634865283,108,14,inf
random_addition,42,32,109,0.002203498678525217,0.04694143882035591,0.5666453189708296,109,14,inf
random_addition,42,32,110,0.00213453269489862,0.04620100318065204,0.5802086272349262,110,14,inf
random_addition,42,32,111,0.0021364380031137628,0.04622161835238748,0.579833916670367,111,14,inf
random_addition,42,32,112,0.0021075452030180145,0.045908008048901605,0.5855161665811828,112,14,inf
random_addition,42,32,113,0.002122535799402518,0.04607098652517133,0.5825680163608289,113,14,inf
random_addition,42,32,114,0.0020313407582814697,0.045070397804783904,0.6005030386694896,114,14,inf
random_addition,42,32,115,0.0020436626470332455,0.04520688716371926,0.5980797342120181,115,14,inf
random_addition,42,32,116,0.0019699324583055825,0.04438392116865726,0.6125800026849185,116,14,inf
random_addition,42,32,117,0.0019701051073947903,0.04438586607688071,0.6125460483686701,117,14,inf
random_addition,42,32,118,0.001977410821517255,0.04446808767551462,0.611109258120468,118,14,inf
random_addition,42,32,119,0.0021386262586208216,0.04624528363650526,0.5794035598126509,119,14,inf
random_addition,42,32,120,0.002137451469539736,0.046232580173939414,0.5796346016337657,120,14,inf
random_addition,42,32,121,0.00213946879697273,0.04625439219115013,0.5792378606260327,121,14,inf
random_addition,42,32,122,0.0024082592047613796,0.04907401761381861,0.5263757543011442,122,14,inf
random_addition,42,32,123,0.0023769951897555973,0.04875443764167112,0.5325243430806892,123,14,inf
random_addition,42,32,124,0.002415504600210518,0.049147783268531225,0.5249508267237459,124,14,inf
random_addition,42,32,125,0.0022688485014863923,0.04763243119437,0.5537931888739752,125,14,inf
random_addition,42,32,126,0.0021446767265263923,0.046310654568105514,0.5782136346201154,126,14,inf
random_addition,42,32,127,0.002146718414084204,0.046332692713506346,0.577812102788488,127,14,inf
random_addition,42,32,128,0.002290459556179683,0.047858745869273286,0.549543015363736,128,14,inf
random_addition,42,32,129,0.002262280651622544,0.04756343818126003,0.5550848658377665,129,14,inf
random_addition,42,32,130,0.002270859252188538,0.04765353347012725,0.5533977412897993,130,14,inf
random_addition,42,32,131,0.002269430726623817,0.04763854244856592,0.5536786846125592,131,14,inf
random_addition,42,32,132,0.002237514431668636,0.047302372368292864,0.5599555550979965,132,14,inf
random_addition,42,32,133,0.0025007793561635035,0.05000779295433366,0.508180127006068,133,14,inf
random_addition,42,32,134,0.002597271393733839,0.050963431926567104,0.4892033622044054,134,14,inf
random_addition,42,32,135,0.0026223785666862707,0.05120916487003348,0.4842656188636073,135,14,inf
random_addition,42,32,136,0.0026589018027259347,0.05156454016788994,0.4770827167550774,136,14,inf
random_addition,42,32,137,0.0026681853369292822,0.0516544803180642,0.4752569552773316,137,14,inf
random_addition,42,32,138,0.002639645761308494,0.051377483018424465,0.4808697377175427,138,14,inf
random_addition,42,32,139,0.0025840677304065996,0.05083372630849129,0.49180008230474237,139,14,inf
random_addition,42,32,140,0.0025748859640612595,0.050743334183528575,0.4936058294398087,140,14,inf
random_addition,42,32,141,0.0025748638297766477,0.05074311608264364,0.49361018251518884,141,14,inf
random_addition,42,32,142,0.0025015526013869335,0.050015523604046506,0.5080280554661927,142,14,inf
random_addition,42,32,143,0.0026973547138691347,0.051936063711732476,0.4695203119279243,143,14,inf
random_addition,42,32,144,0.002677588117376977,0.05174541639002412,0.4734077420413948,144,14,inf
random_addition,42,32,145,0.002656001014859363,0.051536404752944916,0.47765320495772645,145,14,inf
random_addition,42,32,146,0.0026928350448946732,0.05189253361414022,0.47040918003838583,146,14,inf
random_addition,42,32,147,0.0027014888453335334,0.05197584867352849,0.46870726618410474,147,14,inf
random_addition,42,32,148,0.0026827042242594376,0.05179482816130813,0.4724015744916853,148,14,inf
random_addition,42,32,149,0.002708555494088349,0.05204378439437652,0.46731749211846385,149,14,inf
random_addition,42,32,150,0.0026800483819562917,0.05176918370958047,0.47292389007342817,150,14,inf
random_addition,42,33,10,0.00962854819961681,0.0981251659851682,-0.8936142210947935,10,10,inf
random_addition,42,33,11,0.009197821304162686,0.09590527255663625,-0.8089046098709125,11,11,inf
random_addition,42,33,12,0.009244389477089289,0.09614774816442291,-0.8180630159645461,12,12,inf
random_addition,42,33,13,0.01248457182176541,0.111734380661305,-1.455298790207558,13,13,inf
random_addition,42,33,14,0.013042709435408561,0.11420468219564625,-1.5650658392591112,14,14,inf
random_addition,42,33,15,0.012724620091265659,0.11280345779835678,-1.5025082767730358,15,14,inf
random_addition,42,33,16,0.014149091707051798,0.11894995463240748,-1.7826543230176672,16,14,inf
random_addition,42,33,17,0.013971592225976697,0.11820148994820961,-1.747746096498727,17,14,inf
random_addition,42,33,18,0.011097158941774049,0.10534305360000748,-1.1824409610089375,18,14,inf
random_addition,42,33,19,0.00831688644128865,0.09119696508814672,-0.6356541104588771,19,14,inf
random_addition,42,33,20,0.008264458413322651,0.09090906672781682,-0.6253432663646115,20,14,inf
random_addition,42,33,21,0.007426004626224522,0.08617426893350777,-0.46044737738282393,21,14,inf
random_addition,42,33,22,0.005816561517969018,0.07626638524257602,-0.14392360924538883,22,14,inf
random_addition,42,33,23,0.005844274546123659,0.07644785507863291,-0.14937383737275245,23,14,inf
random_addition,42,33,24,0.006335204603228828,0.0795939985377593,-0.2459234021071559,24,14,inf
random_addition,42,33,25,0.00962173223324098,0.09809042885644338,-0.8922737478902982,25,14,inf
random_addition,42,33,26,0.00879378998788923,0.09377520987920651,-0.7294451285034607,26,14,inf
random_addition,42,33,27,0.008665907118329498,0.09309085410677838,-0.7042948342522091,27,14,inf
random_addition,42,33,28,0.008425185558246267,0.0917888095480395,-0.6569529338901305,28,14,inf
random_addition,42,33,29,0.008829568444771852,0.09396578337230979,-0.7364815573977415,29,14,inf
random_addition,42,33,30,0.008549444831407915,0.09246320798786896,-0.681390587613582,30,14,inf
random_addition,42,33,31,0.007546079816262189,0.08686817493341384,-0.48406216153741055,31,14,inf
random_addition,42,33,32,0.006390659301247802,0.07994159931629966,-0.2568294912306881,32,14,inf
random_addition,42,33,33,0.006089324614531845,0.07803412467973127,-0.19756701092268192,33,14,inf
random_addition,42,33,34,0.0067533555743799975,0.08217880246377406,-0.3281597485553116,34,14,inf
random_addition,42,33,35,0.005717995108582733,0.07561742595845704,-0.12453888470887464,35,14,inf
random_addition,42,33,36,0.0052206157609057035,0.07225382869374954,-0.026720959668258715,36,14,inf
random_addition,42,33,37,0.004943840435465699,0.07031244865218178,0.027711513580635616,37,14,inf
random_addition,42,33,38,0.005986753573305091,0.07737411436200799,-0.17739470889824882,38,14,inf
random_addition,42,33,39,0.005883212137444213,0.07670209995459194,-0.15703156262178974,39,14,inf
random_addition,42,33,40,0.005934742907061652,0.07703728257838313,-0.16716594593156286,40,14,inf
random_addition,42,33,41,0.0055815727066414605,0.074709923749402,-0.09770914931821784,41,14,inf
random_addition,42,33,42,0.005398751839894685,0.07347619913886867,-0.0617543837598602,42,14,inf
random_addition,42,33,43,0.00484421334370423,0.06960038321521103,0.04730483895582993,43,14,inf
random_addition,42,33,44,0.0036960997837088526,0.06079555726949834,0.27310047497139667,44,14,inf
random_addition,42,33,45,0.003700742018979206,0.060833724355650015,0.2721875021593626,45,14,inf
random_addition,42,33,46,0.003393428461141437,0.05825314121265425,0.33262582696101817,46,14,inf
random_addition,42,33,47,0.003393700824382114,0.058255478921575385,0.33257226219765434,47,14,inf
random_addition,42,33,48,0.0032704425834887314,0.05718778351613858,0.3568130462685204,48,14,inf
random_addition,42,33,49,0.0033618668257693824,0.05798160765078338,0.33883294773795003,49,14,inf
random_addition,42,33,50,0.0033476706039391817,0.05785905809758038,0.34162487098392325,50,14,inf
random_addition,42,33,51,0.0035478153568760983,0.059563540499840154,0.30226307493933036,51,14,inf
random_addition,42,33,52,0.00350736671717672,0.059223025228172195,0.31021797299568854,52,14,inf
random_addition,42,33,53,0.003206020267302198,0.05662172963891335,0.3694827667245638,53,14,inf
random_addition,42,33,54,0.005115569892587818,0.07152321226418608,-0.006061941715592267,54,14,inf
random_addition,42,33,55,0.005345499671358538,0.0731129241061971,-0.05128145870889589,55,14,inf
random_addition,42,33,56,0.005561128488623639,0.07457297425088823,-0.09368845365620215,56,14,inf
random_addition,42,33,57,0.004867336814391289,0.0697663014240492,0.04275722367403434,57,14,inf
random_addition,42,33,58,0.004761650524834893,0.06900471378706598,0.06354219111977022,58,14,inf
random_addition,42,33,59,0.004534481035148185,0.0673385553390343,0.1082188513338943,59,14,inf
random_addition,42,33,60,0.004511805986995899,0.06716997831617856,0.11267827686254117,60,14,inf
random_addition,42,33,61,0.004527162532774306,0.06728419229487938,0.10965815660453149,61,14,inf
random_addition,42,33,62,0.0045180133451667905,0.06721616877780814,0.11145749658869908,62,14,inf
random_addition,42,33,63,0.0042470238399221925,0.06516919394869168,0.1647520920209612,63,14,inf
random_addition,42,33,64,0.004392271796161849,0.06627421667708981,0.13618666452158867,64,14,inf
random_addition,42,33,65,0.004367635228262396,0.06608808688608254,0.14103185554791897,65,14,inf
random_addition,42,33,66,0.004103669206270817,0.06405988765421633,0.19294516612873602,66,14,inf
random_addition,42,33,67,0.004141894256053633,0.06435755010916461,0.18542757402968235,67,14,inf
random_addition,42,33,68,0.0045051796536070155,0.0671206350804804,0.11398145558468786,68,14,inf
random_addition,42,33,69,0.004644834035732652,0.06815301927084853,0.08651609751109635,69,14,inf
random_addition,42,33,70,0.004642230476353319,0.06813391575678973,0.087028130785891,70,14,inf
random_addition,42,33,71,0.004984641677427133,0.07060199485444539,0.01968727042219387,71,14,inf
random_addition,42,33,72,0.0049248305983377125,0.07017713729084218,0.03145011437277623,72,14,inf
random_addition,42,33,73,0.004844290172751247,0.06960093514279278,0.04728972924530994,73,14,inf
random_addition,42,33,74,0.0053203938599083525,0.07294103001677693,-0.04634398313016952,74,14,inf
random_addition,42,33,75,0.005492599587982815,0.07411207450869807,-0.0802111050342551,75,14,inf
random_addition,42,33,76,0.005307388218914235,0.07285182371714681,-0.043786207416703915,76,14,inf
random_addition,42,33,77,0.004647102164901227,0.0681696572156647,0.08607003216875675,77,14,inf
random_addition,42,33,78,0.004647497516675343,0.06817255691754082,0.08599227966378109,78,14,inf
random_addition,42,33,79,0.004670248521133327,0.06833921656803893,0.08151791606371683,79,14,inf
random_addition,42,33,80,0.004512162642910772,0.06717263313962593,0.112608134542179,80,14,inf
random_addition,42,33,81,0.004524476119599681,0.06726422615030728,0.11018648445684553,81,14,inf
random_addition,42,33,82,0.004463567781253691,0.06680993774322568,0.12216512269846658,82,14,inf
random_addition,42,33,83,0.004372359324794283,0.06612381813533065,0.14010278335664494,83,14,inf
random_addition,42,33,84,0.004434960499719103,0.06659549909505223,0.12779122063324289,84,14,inf
random_addition,42,33,85,0.004475338683367378,0.06689797219174419,0.11985017893171257,85,14,inf
random_addition,42,33,86,0.004869703893403766,0.06978326370558893,0.04229169819838052,86,14,inf
random_addition,42,33,87,0.005421195999984635,0.0736287715501531,-0.06616840130910484,87,14,inf
random_addition,42,33,88,0.005422190930849557,0.07363552764019252,-0.06636407101919639,88,14,inf
random_addition,42,33,89,0.005254791590269341,0.07248994130408261,-0.033442205193442875,89,14,inf
random_addition,42,33,90,0.0053374201726010964,0.07305764965149848,-0.04969249083656191,90,14,inf
random_addition,42,33,91,0.0050283595357981286,0.07091092677294614,0.01108942611473962,91,14,inf
random_addition,42,33,92,0.005012078912203193,0.0707960374046683,0.014291281651889864,92,14,inf
random_addition,42,33,93,0.004915808739734188,0.07011282863880323,0.033224412989572905,93,14,inf
random_addition,42,33,94,0.004218016697252548,0.0649462600713278,0.17045682930157746,94,14,inf
random_addition,42,33,95,0.004096983226810202,0.06400768099853488,0.19426007524339073,95,14,inf
random_addition,42,33,96,0.004015727045144331,0.06336976443970997,0.21024045545901648,96,14,inf
random_addition,42,33,97,0.003784511016238981,0.06151837949945513,0.25571293494431,97,14,inf
random_addition,42,33,98,0.003878416025260987,0.06227693012071956,0.23724495235445475,98,14,inf
random_addition,42,33,99,0.003911621103913509,0.06254295407089043,0.23071462110976204,99,14,inf
random_addition,42,33,100,0.0035328464368636313,0.05943775262292166,0.30520696214043164,100,14,inf
random_addition,42,33,101,0.003563386373989874,0.05969410669395995,0.29920077532444866,101,14,inf
random_addition,42,33,102,0.003579782843482356,0.059831286493626026,0.295976136763887,102,14,inf
random_addition,42,33,103,0.002670027854496034,0.051672312261945796,0.47489459353860586,103,14,inf
random_addition,42,33,104,0.002649557069875471,0.051473848407472614,0.47892051396511515,104,14,inf
random_addition,42,33,105,0.0026852667193165603,0.05181955923506645,0.47189761719915746,105,14,inf
random_addition,42,33,106,0.0028297091678938227,0.05319501074249185,0.44349060618512504,106,14,inf
random_addition,42,33,107,0.0029841272095410243,0.05462716549063318,0.4131217288014727,107,14,inf
random_addition,42,33,108,0.0028842376925970236,0.05370509931651764,0.4327666644555287,108,14,inf
random_addition,42,33,109,0.0028959453306792084,0.0538139882435711,0.4304641626132739,109,14,inf
random_addition,42,33,110,0.0027967678931337223,0.05288447686357238,0.4499690560047146,110,14,inf
random_addition,42,33,111,0.002939029020012246,0.05421281232340051,0.4219910381996145,111,14,inf
random_addition,42,33,112,0.0028287676980650964,0.053186160775760986,0.44367576189286484,112,14,inf
random_addition,42,33,113,0.0028251477070070216,0.053152118556149965,0.4443876933705594,113,14,inf
random_addition,42,33,114,0.002806731229703148,0.05297859218309928,0.4480096000798671,114,14,inf
random_addition,42,33,115,0.00277600811926196,0.05268783653996395,0.4540518109762113,115,14,inf
random_addition,42,33,116,0.002989258561290317,0.05467411235027339,0.4121125630950283,116,14,inf
random_addition,42,33,117,0.002973421183666612,0.05452908566688618,0.4152272469363877,117,14,inf
random_addition,42,33,118,0.003022609570481253,0.0549782645277318,0.40555353218169365,118,14,inf
random_addition,42,33,119,0.0029829782985204994,0.054616648547128006,0.413347681271371,119,14,inf
random_addition,42,33,120,0.002911099788979948,0.053954608598153576,0.4274837862204538,120,14,inf
random_addition,42,33,121,0.002935086461896488,0.05417643825406473,0.4227664078566713,121,14,inf
random_addition,42,33,122,0.002940793091495382,0.054229079758883816,0.42164410418856313,122,14,inf
random_addition,42,33,123,0.002988747470576392,0.05466943817688629,0.41221307758839665,123,14,inf
random_addition,42,33,124,0.0029982066682250146,0.054755882498823946,0.4103527689711234,124,14,inf
random_addition,42,33,125,0.0030607201141950096,0.05532377530677936,0.3980584596064848,125,14,inf
random_addition,42,33,126,0.0030561458614766397,0.05528241909935418,0.39895806251845145,126,14,inf
random_addition,42,33,127,0.003047314787369827,0.055202488959917625,0.40069484018934354,127,14,inf
random_addition,42,33,128,0.003023836910460756,0.054989425442177116,0.40531215535196574,128,14,inf
random_addition,42,33,129,0.0030761739663704457,0.055463266820215754,0.39501920242633515,129,14,inf
random_addition,42,33,130,0.002852942688806497,0.053412944955380404,0.4389213476952424,130,14,inf
random_addition,42,33,131,0.0027825882884695654,0.052750244439903456,0.4527577112084781,131,14,inf
random_addition,42,33,132,0.002461965683999996,0.049618199120887045,0.5158134814908755,132,14,inf
random_addition,42,33,133,0.002500004850340676,0.050000048503383236,0.5083324464637912,133,14,inf
random_addition,42,33,134,0.002493349662776792,0.04993345234185988,0.5096412998395811,134,14,inf
random_addition,42,33,135,0.002500785880056336,0.05000785818305295,0.5081788439739858,135,14,inf
random_addition,42,33,136,0.0025795034813649873,0.050788812561084626,0.49269771782721494,136,14,inf
random_addition,42,33,137,0.002625611992145187,0.0512407259135269,0.48362971194338256,137,14,inf
random_addition,42,33,138,0.002580908602137851,0.050802643653040845,0.49242137744622616,138,14,inf
random_addition,42,33,139,0.0026696286673579353,0.05166844943829779,0.4749731003317288,139,14,inf
random_addition,42,33,140,0.0026459181939766873,0.05143848942160614,0.47963615946097615,140,14,inf
random_addition,42,33,141,0.002654032754175479,0.05151730538542829,0.47804029617278343,141,14,inf
random_addition,42,33,142,0.0026786687716194076,0.051755857365320575,0.47319521340269155,142,14,inf
random_addition,42,33,143,0.002617450595662861,0.051161026139658894,0.4852347863660812,143,14,inf
random_addition,42,33,144,0.0026140555365989386,0.05112783524264389,0.48590248122429003,144,14,inf
random_addition,42,33,145,0.0026271435244567313,0.05125566821783452,0.4833285106298427,145,14,inf
random_addition,42,33,146,0.0025625381611011225,0.050621518755378354,0.496034230357563,146,14,inf
random_addition,42,33,147,0.0025937887637054163,0.0509292525343286,0.4898882793499514,147,14,inf
random_addition,42,33,148,0.0026975966259712167,0.05193839260095769,0.4694727358876678,148,14,inf
random_addition,42,33,149,0.0027091268030952033,0.05204927283925495,0.4672051346957672,149,14,inf
random_addition,42,33,150,0.0026800483819562917,0.05176918370958047,0.47292389007342817,150,14,inf
random_addition,42,34,10,0.00962854819961681,0.0981251659851682,-0.8936142210947935,10,10,inf
random_addition,42,34,11,0.015553079891586863,0.12471198776215085,-2.0587719616654607,11,11,inf
random_addition,42,34,12,0.0031423146716848447,0.056056352643432346,0.3820115321545521,12,12,inf
random_addition,42,34,13,0.0030767082901040953,0.05546808352651185,0.39491411877304383,13,13,inf
random_addition,42,34,14,0.003055875900548628,0.05527997739280135,0.3990111548270555,14,14,inf
random_addition,42,34,15,0.0032419297390851873,0.056937946389777595,0.3624205715700568,15,14,inf
random_addition,42,34,16,0.005160580159454691,0.07183717811450205,-0.01491395965925002,16,14,inf
random_addition,42,34,17,0.005697790210446739,0.07548370824520176,-0.1205652552838683,17,14,inf
random_addition,42,34,18,0.0067329686317433735,0.08205466855544158,-0.32415031705006236,18,14,inf
random_addition,42,34,19,0.00587973871430717,0.07667945431670187,-0.15634845616463489,19,14,inf
random_addition,42,34,20,0.004983696095231436,0.07059529796828848,0.019873234895327885,20,14,inf
random_addition,42,34,21,0.005131942647755376,0.07163757846099612,-0.009281916459554562,21,14,inf
random_addition,42,34,22,0.005242640126007526,0.07240607796316223,-0.03105241754776089,22,14,inf
random_addition,42,34,23,0.0052334125819983954,0.07234232911648888,-0.029237667473376305,23,14,inf
random_addition,42,34,24,0.005045885368362069,0.07103439567112589,0.007642679513738537,24,14,inf
random_addition,42,34,25,0.004138288495028319,0.06432953050526888,0.1861367069346488,25,14,inf
random_addition,42,34,26,0.005738642295715584,0.07575382693775665,-0.12859949762473755,26,14,inf
random_addition,42,34,27,0.005739422983215024,0.07575897955500077,-0.12875303281202877,27,14,inf
random_addition,42,34,28,0.006899828772241661,0.08306520795279851,-0.35696614020749395,28,14,inf
random_addition,42,34,29,0.00695984387701091,0.08342567876266221,-0.3687691092029721,29,14,inf
random_addition,42,34,30,0.00809304119413713,0.08996133166053696,-0.5916312178542096,30,14,inf
random_addition,42,34,31,0.009601807635260482,0.09798881382719397,-0.888355244155024,31,14,inf
random_addition,42,34,32,0.008852050479683427,0.09408533615650967,-0.7409030236608902,32,14,inf
random_addition,42,34,33,0.008848733587680447,0.09406770746478542,-0.7402507016559041,33,14,inf
random_addition,42,34,34,0.008292006770224127,0.09106045667700183,-0.6307611091499346,34,14,inf
random_addition,42,34,35,0.007761891649759103,0.08810159845178238,-0.5265051496720665,35,14,inf
random_addition,42,34,36,0.006905554170863285,0.0830996640839377,-0.35809213511623583,36,14,inf
random_addition,42,34,37,0.006641950176041843,0.08149816056845605,-0.3062500232025056,37,14,inf
random_addition,42,34,38,0.006815012648876575,0.08255308988085532,-0.34028563821980606,38,14,inf
random_addition,42,34,39,0.01184669277429976,0.10884251363460769,-1.3298492613089619,39,14,inf
random_addition,42,34,40,0.011451487225374079,0.10701162191731363,-1.2521255139499332,40,14,inf
random_addition,42,34,41,0.011639087392960788,0.10788460220513764,-1.2890202085453342,41,14,inf
random_addition,42,34,42,0.01165102339727498,0.10793990641683446,-1.291367622407094,42,14,inf
random_addition,42,34,43,0.011927971150653383,0.10921525145625671,-1.34583400647925,43,14,inf
random_addition,42,34,44,0.012262491400274921,0.1107361341219519,-1.411622979935574,44,14,inf
random_addition,42,34,45,0.01230275172438797,0.11091777010194522,-1.4195408425983365,45,14,inf
random_addition,42,34,46,0.012099735780519798,0.10999879899580631,-1.3796143790809134,46,14,inf
random_addition,42,34,47,0.01186388565684216,0.10892146554670554,-1.333230527747987,47,14,inf
random_addition,42,34,48,0.011177473854986339,0.1057235728444056,-1.198236225120597,48,14,inf
random_addition,42,34,49,0.010926697361922146,0.10453084406969144,-1.148916854875191,49,14,inf
random_addition,42,34,50,0.01091157830211742,0.10445850038229258,-1.1459434401856377,50,14,inf
random_addition,42,34,51,0.01136491021857421,0.10660633291964511,-1.2350987049339515,51,14,inf
random_addition,42,34,52,0.011808293624371597,0.10866597270706041,-1.3222974295193244,52,14,inf
random_addition,42,34,53,0.011712629654203301,0.108224903114779,-1.3034835179511939,53,14,inf
random_addition,42,34,54,0.011198578186276602,0.10582333479094581,-1.202386743041827,54,14,inf
random_addition,42,34,55,0.009726441514502719,0.09862272311441578,-0.912866570397614,55,14,inf
random_addition,42,34,56,0.010192102672937024,0.100955944217946,-1.0044465857375973,56,14,inf
random_addition,42,34,57,0.010074570569177602,0.10037216032933435,-0.981331941816213,57,14,inf
random_addition,42,34,58,0.01021011781139416,0.10104512759848522,-1.007989562484474,58,14,inf
random_addition,42,34,59,0.009633167721187203,0.09814870208610607,-0.8945227268797777,59,14,inf
random_addition,42,34,60,0.010582476936999607,0.10287116669407229,-1.0812201805364205,60,14,inf
random_addition,42,34,61,0.010461416137899015,0.10228106441516442,-1.0574115599592182,61,14,inf
random_addition,42,34,62,0.011280619800890627,0.10621026222023287,-1.218521591716197,62,14,inf
random_addition,42,34,63,0.007908906007043696,0.08893203026493714,-0.555417969329582,63,14,inf
random_addition,42,34,64,0.007528349415120687,0.08676606142450334,-0.48057518312164094,64,14,inf
random_addition,42,34,65,0.007545755084767343,0.08686630580822084,-0.48399829768546443,65,14,inf
random_addition,42,34,66,0.007070415513501615,0.08408576284664138,-0.3905148614148015,66,14,inf
random_addition,42,34,67,0.0066058674461933935,0.08127648765906037,-0.29915375396643684,67,14,inf
random_addition,42,34,68,0.0057411671046148,0.07577048966856952,-0.1290960433072208,68,14,inf
random_addition,42,34,69,0.005698537668076828,0.07548865920174254,-0.12071225526441154,69,14,inf
random_addition,42,34,70,0.005358358864023884,0.07320081190822875,-0.05381043292162979,70,14,inf
random_addition,42,34,71,0.005514490034496879,0.07425961240470406,-0.08451622559508842,71,14,inf
random_addition,42,34,72,0.005233460613998834,0.07234266109287682,-0.029247113765508148,72,14,inf
random_addition,42,34,73,0.00531700537547464,0.07291779875637114,-0.04567758128239241,73,14,inf
random_addition,42,34,74,0.0054005861181677505,0.07348868020428555,-0.062115125104381885,74,14,inf
random_addition,42,34,75,0.005360928250662014,0.07321836006536894,-0.05431574555823748,75,14,inf
random_addition,42,34,76,0.005058776175507234,0.07112507416872924,0.00510748778748793,76,14,inf
random_addition,42,34,77,0.004949500583345622,0.07035268710820947,0.02659835131601218,77,14,inf
random_addition,42,34,78,0.004803441475649973,0.0693068645636922,0.05532330524664775,78,14,inf
random_addition,42,34,79,0.00475573372982962,0.06896182806328165,0.06470582731216445,79,14,inf
random_addition,42,34,80,0.00475264193891508,0.06893940773545332,0.06531387944245937,80,14,inf
random_addition,42,34,81,0.004574314024702172,0.06763367522693242,0.10038503112295616,81,14,inf
random_addition,42,34,82,0.004552397999935734,0.0674714606328908,0.10469518207273742,82,14,inf
random_addition,42,34,83,0.0047335568509012625,0.06880084920189039,0.06906727957346237,83,14,inf
random_addition,42,34,84,0.004718922459145522,0.06869441359488793,0.07194537622637676,84,14,inf
random_addition,42,34,85,0.004788886346033322,0.0692017799339968,0.05818581368099984,85,14,inf
random_addition,42,34,86,0.004542899535737383,0.06740103512363428,0.1065632131104044,86,14,inf
random_addition,42,34,87,0.00455392297413752,0.06748276056992275,0.10439527052060749,87,14,inf
random_addition,42,34,88,0.0046224633610577985,0.06798870024539223,0.09091566293067566,88,14,inf
random_addition,42,34,89,0.004538352445095416,0.06736729507034861,0.10745747414807338,89,14,inf
random_addition,42,34,90,0.004380336265179646,0.06618410885688229,0.1385339852947367,90,14,inf
random_addition,42,34,91,0.004438671583553092,0.06662335614146958,0.1270613742453942,91,14,inf
random_addition,42,34,92,0.004437541789792431,0.06661487664022528,0.1272835669880319,92,14,inf
random_addition,42,34,93,0.0043273354860316,0.06578248616487219,0.14895747043944807,93,14,inf
random_addition,42,34,94,0.004214460175648739,0.06491887380145114,0.17115627845496806,94,14,inf
random_addition,42,34,95,0.004291300394225995,0.06550801778580997,0.1560443708617013,95,14,inf
random_addition,42,34,96,0.004296594379251076,0.06554841248459856,0.1550032206153792,96,14,inf
random_addition,42,34,97,0.00431178834382977,0.06566420900178246,0.15201507465562059,97,14,inf
random_addition,42,34,98,0.004093445550485921,0.06398004025073696,0.19495581815897955,98,14,inf
random_addition,42,34,99,0.004136346261778233,0.06431443276418002,0.18651867942175682,99,14,inf
random_addition,42,34,100,0.004137719166143595,0.0643251052555967,0.1862486749333795,100,14,inf
random_addition,42,34,101,0.004125102736677056,0.0642269626922919,0.18872990572352388,101,14,inf
random_addition,42,34,102,0.0041179457719811696,0.06417122230393597,0.19013744192182036,102,14,inf
random_addition,42,34,103,0.004118685872958599,0.06417698865604866,0.1899918887494364,103,14,inf
random_addition,42,34,104,0.0039032266252525065,0.06247580832012105,0.23236553502135093,104,14,inf
random_addition,42,34,105,0.003746168544731395,0.06120595187341992,0.2632536199794201,105,14,inf
random_addition,42,34,106,0.003527747213113515,0.059394841637245864,0.30620980934123276,106,14,inf
random_addition,42,34,107,0.0035351822726689104,0.05945739880510171,0.3047475811613557,107,14,inf
random_addition,42,34,108,0.003582629261577823,0.05985506880438634,0.2954163412814308,108,14,inf
random_addition,42,34,109,0.003541333967407761,0.05950910827266496,0.303537748027656,109,14,inf
random_addition,42,34,110,0.003577802461039547,0.05981473448105865,0.29636561192454103,110,14,inf
random_addition,42,34,111,0.0037174526889677054,0.06097091674698442,0.2689010708430086,111,14,inf
random_addition,42,34,112,0.0037916875441057494,0.06157668019717975,0.2543015513229312,112,14,inf
random_addition,42,34,113,0.003812232590463672,0.06174327971904045,0.2502610260900656,113,14,inf
random_addition,42,34,114,0.0033763174145686747,0.058106087586144314,0.3359909989948755,114,14,inf
random_addition,42,34,115,0.0033682977022762703,0.05803703733200266,0.3375682088640217,115,14,inf
random_addition,42,34,116,0.0033266225626224994,0.05767688065960658,0.34576431854519185,116,14,inf
random_addition,42,34,117,0.003205209802911179,0.056614572354749614,0.3696421580330672,117,14,inf
random_addition,42,34,118,0.003154842956011421,0.05616798871253466,0.3795476365729038,118,14,inf
random_addition,42,34,119,0.0032578434460125206,0.057077521372362695,0.3592908763010305,119,14,inf
random_addition,42,34,120,0.002988820255215573,0.05467010385224792,0.4121987632779759,120,14,inf
random_addition,42,34,121,0.0029917206253607343,0.05469662352797231,0.41162835722719304,121,14,inf
random_addition,42,34,122,0.003006505297267817,0.054831608559915666,0.40872070548187733,122,14,inf
random_addition,42,34,123,0.002962501276969338,0.05442886437332069,0.41737482829406414,123,14,inf
random_addition,42,34,124,0.0029741411166015097,0.05453568663363018,0.4150856601451608,124,14,inf
random_addition,42,34,125,0.0031254017932790972,0.05590529307032651,0.38533773112087644,125,14,inf
random_addition,42,34,126,0.0031493122269331915,0.056118733297653746,0.3806353464766642,126,14,inf
random_addition,42,34,127,0.0029516179922993487,0.054328795240639646,0.4195152073206898,127,14,inf
random_addition,42,34,128,0.002976308578119764,0.054555554970321433,0.414659392771352,128,14,inf
random_addition,42,34,129,0.0029624499191659368,0.0544283925829703,0.4173849286606893,129,14,inf
random_addition,42,34,130,0.0029314502627291105,0.054142868992408506,0.42348152692876084,130,14,inf
random_addition,42,34,131,0.002960558388816889,0.05441101348823498,0.4177569295786191,131,14,inf
random_addition,42,34,132,0.0029429983407842264,0.05424940866759956,0.4212104052208848,132,14,inf
random_addition,42,34,133,0.0029875943373950846,0.054658890744279515,0.4124398604164691,133,14,inf
random_addition,42,34,134,0.0027143506045403014,0.05209942998287315,0.46617778721829317,134,14,inf
random_addition,42,34,135,0.002679589892710826,0.05176475531392789,0.47301405961274334,135,14,inf
random_addition,42,34,136,0.00269492896792755,0.05191270526496909,0.4699973752313963,136,14,inf
random_addition,42,34,137,0.0026968776622946465,0.051931470827376404,0.4696141320581162,137,14,inf
random_addition,42,34,138,0.0026878117889477895,0.05184411045574791,0.4713970869065881,138,14,inf
random_addition,42,34,139,0.002702457619055553,0.05198516729852423,0.4685167407114158,139,14,inf
random_addition,42,34,140,0.0026683583387324484,0.05165615489689925,0.4752229315940142,140,14,inf
random_addition,42,34,141,0.0026347436620745416,0.051329754159498385,0.4818338171021169,141,14,inf
random_addition,42,34,142,0.002807136973261456,0.052982421360876435,0.44792980385761216,142,14,inf
random_addition,42,34,143,0.0027947383964528547,0.05286528536244607,0.4503681902975365,143,14,inf
random_addition,42,34,144,0.002792190180278288,0.05284117883127029,0.4508693394102111,144,14,inf
random_addition,42,34,145,0.002803949961253843,0.052952336693047296,0.44855658280032495,145,14,inf
random_addition,42,34,146,0.0027831984648736216,0.05275602775867059,0.452637709865374,146,14,inf
random_addition,42,34,147,0.00276313307911612,0.05256551225961866,0.4565839018596841,147,14,inf
random_addition,42,34,148,0.002620701258623776,0.0511927852204173,0.4845954894042589,148,14,inf
random_addition,42,34,149,0.002602357147632376,0.05101330363378141,0.48820316407405373,149,14,inf
random_addition,42,34,150,0.0026800483819562917,0.05176918370958047,0.47292389007342817,150,14,inf
random_addition,42,35,10,0.00962854819961681,0.0981251659851682,-0.8936142210947935,10,10,inf
random_addition,42,35,11,0.0064008306479672915,0.08000519138135533,-0.25882985581280415,11,11,inf
random_addition,42,35,12,0.007201700530364697,0.08486283362205564,-0.4163342445444922,12,12,inf
random_addition,42,35,13,0.004850075159458491,0.06964248099729425,0.046152015347993736,13,13,inf
random_addition,42,35,14,0.004760948478506633,0.06899962665483511,0.0636802602121711,14,14,inf
random_addition,42,35,15,0.004714263150415443,0.06866049191795412,0.07286170681836579,15,14,inf
random_addition,42,35,16,0.006434348436621595,0.08021439045845574,-0.2654216866827961,16,14,inf
random_addition,42,35,17,0.007527583487821667,0.08676164756285848,-0.48042455077336976,17,14,inf
random_addition,42,35,18,0.007692051926691826,0.08770434383023355,-0.5127700060080631,18,14,inf
random_addition,42,35,19,0.005988205341163484,0.07738349527621173,-0.17768022320480759,19,14,inf
random_addition,42,35,20,0.0053704655399968385,0.07328346020758598,-0.05619141220503665,20,14,inf
random_addition,42,35,21,0.005291183562963568,0.07274052215212348,-0.040599292180889535,21,14,inf
random_addition,42,35,22,0.005399666859938976,0.0734824255175275,-0.06193433767737022,22,14,inf
random_addition,42,35,23,0.005441714159706906,0.07376797516339259,-0.07020363883767988,23,14,inf
random_addition,42,35,24,0.005463989503008497,0.07391880344681248,-0.07458445575640704,24,14,inf
random_addition,42,35,25,0.005458333451179468,0.07388053499521689,-0.0734720990483495,25,14,inf
random_addition,42,35,26,0.006097700505282335,0.07808777436502039,-0.1992142692123684,26,14,inf
random_addition,42,35,27,0.006144191685518392,0.07838489449835595,-0.20835753341225915,27,14,inf
random_addition,42,35,28,0.006139649613607837,0.07835591626423519,-0.20746425939163315,28,14,inf
random_addition,42,35,29,0.006821434547467817,0.08259197628987829,-0.34154861143723125,29,14,inf
random_addition,42,35,30,0.006701007132834698,0.08185967953049107,-0.3178645564549829,30,14,inf
random_addition,42,35,31,0.0065418228762197505,0.08088153606491255,-0.2865583235888003,31,14,inf
random_addition,42,35,32,0.006519142427722102,0.08074120650400328,-0.2820978359923769,32,14,inf
random_addition,42,35,33,0.007386979421298045,0.08594753877394073,-0.45277242146030416,33,14,inf
random_addition,42,35,34,0.006920634930085469,0.08319035358793392,-0.36105801735891596,34,14,inf
random_addition,42,35,35,0.007085965191725298,0.08417817526963445,-0.3935729643818704,35,14,inf
random_addition,42,35,36,0.005418668198308778,0.07361160369336331,-0.06567126704729587,36,14,inf
random_addition,42,35,37,0.004749749416149905,0.06891842581015548,0.06588274217538881,37,14,inf
random_addition,42,35,38,0.004667905548901119,0.06832207219413884,0.08197870053989731,38,14,inf
random_addition,42,35,39,0.005419382469034731,0.07361645515124136,-0.0658117402709153,39,14,inf
random_addition,42,35,40,0.005610594491876446,0.07490390171330494,-0.1034167663029586,40,14,inf
random_addition,42,35,41,0.005396138555947982,0.0734584137859509,-0.06124043798707657,41,14,inf
random_addition,42,35,42,0.00534070219914965,0.07308010809481366,-0.05033795596977897,42,14,inf
random_addition,42,35,43,0.006048269863626282,0.07777062339743897,-0.18949291101202537,43,14,inf
random_addition,42,35,44,0.006062088014765534,0.07785941185730556,-0.1922104803655822,44,14,inf
random_addition,42,35,45,0.005435477809823872,0.0737256930101296,-0.06897715686122718,45,14,inf
random_addition,42,35,46,0.0047504001767716564,0.06892314688674377,0.0657547592705593,46,14,inf
random_addition,42,35,47,0.004748449441443118,0.06890899390822013,0.06613840383286818,47,14,inf
random_addition,42,35,48,0.004920674753801471,0.07014752136605734,0.03226743035347612,48,14,inf
random_addition,42,35,49,0.0051999997657337605,0.07211102388493565,-0.022666481170538155,49,14,inf
random_addition,42,35,50,0.005241411622472914,0.07239759403787473,-0.03081081188555923,50,14,inf
random_addition,42,35,51,0.005191041059854846,0.07204887965718028,-0.020904602587888288,51,14,inf
random_addition,42,35,52,0.0053127154281329275,0.07288837649538456,-0.044833891753545574,52,14,inf
random_addition,42,35,53,0.005172765558877747,0.0719219407335324,-0.01731042121906623,53,14,inf
random_addition,42,35,54,0.005013959813714264,0.07080932010487223,0.013921371071810573,54,14,inf
random_addition,42,35,55,0.005024771231238139,0.07088562076499111,0.011795125915327054,55,14,inf
random_addition,42,35,56,0.004920203461310937,0.07014416199022508,0.032360117863977966,56,14,inf
random_addition,42,35,57,0.004913303617136606,0.07009496142474583,0.033717087033262705,57,14,inf
random_addition,42,35,58,0.004936273849955193,0.07025862117886454,0.02919960852815795,58,14,inf
random_addition,42,35,59,0.004902904139391458,0.07002074078008214,0.03576231737764157,59,14,inf
random_addition,42,35,60,0.005673098858537074,0.07531997649055046,-0.11570929007033182,60,14,inf
random_addition,42,35,61,0.0054934870321539766,0.07411806144357781,-0.08038563569745572,61,14,inf
random_addition,42,35,62,0.005238685239110639,0.07237876234856906,-0.030274623230745812,62,14,inf
random_addition,42,35,63,0.005293629602107146,0.07275733366546046,-0.041080346480209196,63,14,inf
random_addition,42,35,64,0.005156529928493251,0.07180898222710896,-0.014117414345429458,64,14,inf
random_addition,42,35,65,0.004905083978994537,0.07003630472115542,0.0353336156474825,65,14,inf
random_addition,42,35,66,0.0048947427872530844,0.06996243840271067,0.03736738307936405,66,14,inf
random_addition,42,35,67,0.00496415094474392,0.07045673101091136,0.023717113967156256,67,14,inf
random_addition,42,35,68,0.004787860602401502,0.06919436828529835,0.05838754323442197,68,14,inf
random_addition,42,35,69,0.004602449053267315,0.0678413520890269,0.0948518095928419,69,14,inf
random_addition,42,35,70,0.0046614086457094145,0.06827450948713887,0.0832564246600691,70,14,inf
random_addition,42,35,71,0.0046655081129419376,0.06830452483504983,0.08245019621425553,71,14,inf
random_addition,42,35,72,0.004635255064790905,0.06808270753128803,0.0883999615394726,72,14,inf
random_addition,42,35,73,0.004708711064899226,0.06862004856380696,0.07395361682102453,73,14,inf
random_addition,42,35,74,0.004717953142107034,0.06868735794967684,0.07213600855128988,74,14,inf
random_addition,42,35,75,0.004757367939738967,0.06897367570123378,0.06438443274047634,75,14,inf
random_addition,42,35,76,0.004652919922964441,0.06821231503888753,0.08492587323897871,76,14,inf
random_addition,42,35,77,0.004797140999411069,0.0692613961699522,0.05656239873803548,77,14,inf
random_addition,42,35,78,0.004922461966203384,0.07016025916573701,0.031915945295685755,78,14,inf
random_addition,42,35,79,0.004545698648838451,0.06742179654116649,0.10601272094224501,79,14,inf
random_addition,42,35,80,0.0045457784244338,0.0674223881543349,0.10599703174396524,80,14,inf
random_addition,42,35,81,0.004647686660543268,0.06817394414688993,0.08595508137482699,81,14,inf
random_addition,42,35,82,0.004972228773645206,0.07051403245911558,0.022128474499821582,82,14,inf
random_addition,42,35,83,0.004926587347951504,0.07018965271285721,0.031104620329166277,83,14,inf
random_addition,42,35,84,0.00493897400744625,0.07027783439638881,0.028668577627314007,84,14,inf
random_addition,42,35,85,0.004981671614447418,0.07058095787425542,0.02027138272857043,85,14,inf
random_addition,42,35,86,0.004804623956104248,0.0693153947987332,0.05509075078901193,86,14,inf
random_addition,42,35,87,0.004867208120823278,0.06976537909897199,0.04278253340562588,87,14,inf
random_addition,42,35,88,0.00468189754779129,0.06842439292965112,0.07922694113332085,88,14,inf
random_addition,42,35,89,0.004533930565773064,0.06733446788809624,0.10832711029624209,89,14,inf
random_addition,42,35,90,0.004366317253293459,0.06607811478313723,0.14129105725647195,90,14,inf
random_addition,42,35,91,0.004367610010905227,0.06608789609985498,0.14103681496081932,91,14,inf
random_addition,42,35,92,0.004529716495062404,0.06730316853657341,0.10915587742301647,92,14,inf
random_addition,42,35,93,0.0044690258495268965,0.06685077299124444,0.12109170275107928,93,14,inf
random_addition,42,35,94,0.004490917915585886,0.0670143112744277,0.11678626367978717,94,14,inf
random_addition,42,35,95,0.004320389887852608,0.06572967281108745,0.15032343789508928,95,14,inf
random_addition,42,35,96,0.004316618674473539,0.06570097925049169,0.15106510975852483,96,14,inf
random_addition,42,35,97,0.0042681393018668325,0.06533099801676714,0.1605993850713353,97,14,inf
random_addition,42,35,98,0.004179059246086501,0.06464564367446968,0.17811846031969591,98,14,inf
random_addition,42,35,99,0.004156043433444579,0.06446738270974384,0.18264490285550117,99,14,inf
random_addition,42,35,100,0.004073831648988687,0.06382657478659408,0.19881321826087572,100,14,inf
random_addition,42,35,101,0.004059775514644569,0.06371636771383447,0.2015775909716755,101,14,inf
random_addition,42,35,102,0.003927914928378275,0.06267307977416041,0.22751016940189916,102,14,inf
random_addition,42,35,103,0.003892991411412256,0.062393841133658826,0.23437846013550434,103,14,inf
random_addition,42,35,104,0.003939931479639303,0.06276887349347049,0.2251469146427546,104,14,inf
random_addition,42,35,105,0.0038659824770824725,0.06217702531548508,0.23969021649619104,105,14,inf
random_addition,42,35,106,0.0037616821427340144,0.06133255369486921,0.260202612788193,106,14,inf
random_addition,42,35,107,0.003766983572757779,0.06137575720720502,0.25915999835899595,107,14,inf
random_addition,42,35,108,0.0038237126069093344,0.061836175552093565,0.2480032898302239,108,14,inf
random_addition,42,35,109,0.0038261397213788053,0.06185579779922659,0.24752595738297112,109,14,inf
random_addition,42,35,110,0.00353645453692802,0.05946809679927566,0.3044973692245099,110,14,inf
random_addition,42,35,111,0.0032278207199541017,0.056813913084332625,0.3651953449542089,111,14,inf
random_addition,42,35,112,0.003233442866169671,0.05686337016190362,0.36408965634922275,112,14,inf
random_addition,42,35,113,0.003182948294360991,0.05641762396947421,0.37402025411772266,113,14,inf
random_addition,42,35,114,0.0031810326667324703,0.05640064420494211,0.3743969941666361,114,14,inf
random_addition,42,35,115,0.003175023410976834,0.056347346086367135,0.3755788143041229,115,14,inf
random_addition,42,35,116,0.0033508872603823852,0.057886848768804,0.34099226196967247,116,14,inf
random_addition,42,35,117,0.003384636565710618,0.05817762942670162,0.3343548994933486,117,14,inf
random_addition,42,35,118,0.0033256814720597737,0.05766872178278078,0.34594939966396177,118,14,inf
random_addition,42,35,119,0.003326079275289149,0.05767217071767933,0.3458711650395173,119,14,inf
random_addition,42,35,120,0.003333151730237126,0.057733454168593844,0.344480249089377,120,14,inf
random_addition,42,35,121,0.003097044711316564,0.05565109802435675,0.3909146231465238,121,14,inf
random_addition,42,35,122,0.0031496578512547673,0.05612181261554876,0.3805673737026879,122,14,inf
random_addition,42,35,123,0.003154321108986466,0.05616334310728365,0.3796502664738196,123,14,inf
random_addition,42,35,124,0.0031496554229819853,0.056121790981596316,0.3805678512629366,124,14,inf
random_addition,42,35,125,0.0031478945538508684,0.05610610086123316,0.38091415547817664,125,14,inf
random_addition,42,35,126,0.003005923002402494,0.05482629845614689,0.40883522345644485,126,14,inf
random_addition,42,35,127,0.0030239351684133303,0.05499031886080795,0.405292831290594,127,14,inf
random_addition,42,35,128,0.0029870928527606666,0.054654303149529466,0.4125384857144586,128,14,inf
random_addition,42,35,129,0.0029684052755985456,0.05448307329435947,0.41621370872195285,129,14,inf
random_addition,42,35,130,0.002939950004180719,0.054221305814049874,0.42180991133784185,130,14,inf
random_addition,42,35,131,0.0028582259007240676,0.053462378367634074,0.437882316159775,131,14,inf
random_addition,42,35,132,0.0029021352184795974,0.053871469429370475,0.42924681817849575,132,14,inf
random_addition,42,35,133,0.002365665856817527,0.0486381111559395,0.5347524449214112,133,14,inf
random_addition,42,35,134,0.0023239461946482813,0.04820732511401438,0.5429573106960977,134,14,inf
random_addition,42,35,135,0.0023263105831014446,0.04823184200402722,0.5424923143637035,135,14,inf
random_addition,42,35,136,0.0023517750754094937,0.048495103623041096,0.5374842982258812,136,14,inf
random_addition,42,35,137,0.002351190759513809,0.048489078765365394,0.537599213669699,137,14,inf
random_addition,42,35,138,0.00261699927360179,0.051156615149966576,0.4853235463593242,138,14,inf
random_addition,42,35,139,0.0026096806756357453,0.05108503377346192,0.4867628704297514,139,14,inf
random_addition,42,35,140,0.0026245072820991746,0.05122994516978497,0.4838469715561452,140,14,inf
random_addition,42,35,141,0.002683688711506487,0.05180433101108909,0.4722079586928286,141,14,inf
random_addition,42,35,142,0.0026090231666910033,0.051078597931922556,0.48689218050458805,142,14,inf
random_addition,42,35,143,0.0026349331409436807,0.05133159982840668,0.4817965529295999,143,14,inf
random_addition,42,35,144,0.0026617594385074743,0.05159224203799903,0.4765207151279943,144,14,inf
random_addition,42,35,145,0.0026624690056011786,0.051599118263795735,0.47638116695192423,145,14,inf
random_addition,42,35,146,0.0028461629214680023,0.0533494416228324,0.4402547017566987,146,14,inf
random_addition,42,35,147,0.0028411797327459873,0.05330271787391321,0.44123472873841774,147,14,inf
random_addition,42,35,148,0.0027513358570461855,0.0524531777592758,0.4589040218837944,148,14,inf
random_addition,42,35,149,0.002750850658935484,0.05244855249609358,0.4589994441658898,149,14,inf
random_addition,42,35,150,0.0026800483819562917,0.05176918370958047,0.47292389007342817,150,14,inf
random_addition,42,36,10,0.00962854819961681,0.0981251659851682,-0.8936142210947935,10,10,inf
random_addition,42,36,11,0.010146500541022351,0.10072983937752682,-0.9954781676837414,11,11,inf
random_addition,42,36,12,0.014463708541894296,0.12026515930182896,-1.8445289587677687,12,12,inf
random_addition,42,36,13,0.012809988165698848,0.113181218255057,-1.5192973291226517,13,13,inf
random_addition,42,36,14,0.008689700740963622,0.09321856435798409,-0.7089742460656261,14,14,inf
random_addition,42,36,15,0.013596940600614565,0.11660592009248315,-1.674064620222766,15,14,inf
random_addition,42,36,16,0.015782462871569668,0.12562827258053685,-2.1038839415784687,16,14,inf
random_addition,42,36,17,0.01384528458797705,0.11766598738793232,-1.72290559774539,17,14,inf
random_addition,42,36,18,0.012430035429205627,0.11149006874697687,-1.4445733011330448,18,14,inf
random_addition,42,36,19,0.012469241376672663,0.11166575740428514,-1.4522838030836946,19,14,inf
random_addition,42,36,20,0.01409889281200479,0.11873875867636814,-1.7727818750043682,20,14,inf
random_addition,42,36,21,0.017280976459644957,0.13145712783886981,-2.3985915737214,21,14,inf
random_addition,42,36,22,0.01631439599294445,0.12772781996473773,-2.2084974411865113,22,14,inf
random_addition,42,36,23,0.03068561271772819,0.1751730935895356,-5.034836345069119,23,14,inf
random_addition,42,36,24,0.028396094721664565,0.16851140828342917,-4.584564533897101,24,14,inf
random_addition,42,36,25,0.02721780413330316,0.16497819290228377,-4.352834083111996,25,14,inf
random_addition,42,36,26,0.027404962018003198,0.16554444121746642,-4.3896417954182105,26,14,inf
random_addition,42,36,27,0.0224329521895129,0.1497763405532159,-3.4118133291259607,27,14,inf
random_addition,42,36,28,0.014652418614171298,0.1210471751598165,-1.881641934589168,28,14,inf
random_addition,42,36,29,0.015475336586844097,0.12439990589564004,-2.043482447150524,29,14,inf
random_addition,42,36,30,0.014500072790366903,0.12041624803309105,-1.8516805933257068,30,14,inf
random_addition,42,36,31,0.007823331954313608,0.0884496012105968,-0.5385884079204322,31,14,inf
random_addition,42,36,32,0.005470553179907572,0.07396318800530148,-0.07587531203723796,32,14,inf
random_addition,42,36,33,0.003798544244156498,0.061632331159518036,0.252953067163461,33,14,inf
random_addition,42,36,34,0.0034239089131024,0.05851417702661809,0.3266313388926121,34,14,inf
random_addition,42,36,35,0.004439958980492265,0.06663301719487319,0.12680818621520817,35,14,inf
random_addition,42,36,36,0.0041296546467851376,0.0642623890528911,0.1878346968576482,36,14,inf
random_addition,42,36,37,0.0034281856433686737,0.05855071001592273,0.32579024872158036,37,14,inf
random_addition,42,36,38,0.003258790854570271,0.05708582008318941,0.35910455264340846,38,14,inf
random_addition,42,36,39,0.0043609610057478414,0.06603757268213181,0.14234445246349692,39,14,inf
random_addition,42,36,40,0.004534175777611198,0.0673362887127825,0.10827888530798369,40,14,inf
random_addition,42,36,41,0.004492794567665985,0.06702831168742045,0.11641718882101837,41,14,inf
random_addition,42,36,42,0.004442451722201021,0.0666517195742242,0.1263179470793222,42,14,inf
random_addition,42,36,43,0.004618496978383787,0.06795952455972443,0.09169571808355026,43,14,inf
random_addition,42,36,44,0.004498266595545376,0.06706911804657473,0.11534102348478892,44,14,inf
random_addition,42,36,45,0.0043346356067864526,0.06583794959433695,0.1475217802200599,45,14,inf
random_addition,42,36,46,0.004260461737467296,0.06527221259822051,0.16210930586405803,46,14,inf
random_addition,42,36,47,0.004027268591278313,0.0634607641876326,0.2079706183621216,47,14,inf
random_addition,42,36,48,0.004072220414899018,0.06381395156937876,0.19913009425530992,48,14,inf
random_addition,42,36,49,0.004791219546568729,0.06921863583290795,0.05772695097159486,49,14,inf
random_addition,42,36,50,0.004699983174134644,0.06855642328866525,0.0756701017707111,50,14,inf
random_addition,42,36,51,0.005291124160130496,0.07274011383088767,-0.040587609625311494,51,14,inf
random_addition,42,36,52,0.005166040278736046,0.07187517150404614,-0.01598778297151826,52,14,inf
random_addition,42,36,53,0.005571231895500172,0.07464068525609992,-0.09567545673769162,53,14,inf
random_addition,42,36,54,0.005550993432056056,0.07450498930981773,-0.0916952261363213,54,14,inf
random_addition,42,36,55,0.005341622338963693,0.07308640324276255,-0.05051891677520293,55,14,inf
random_addition,42,36,56,0.005548373922016115,0.07448740780840823,-0.09118005589870126,56,14,inf
random_addition,42,36,57,0.005224144040711004,0.07227824043729209,-0.02741485460203341,57,14,inf
random_addition,42,36,58,0.006008173814014433,0.07751241070960464,-0.18160735566342745,58,14,inf
random_addition,42,36,59,0.005657199246437219,0.0752143553215556,-0.11258236678366496,59,14,inf
random_addition,42,36,60,0.005584390753335234,0.07472878129164984,-0.09826336509243516,60,14,inf
random_addition,42,36,61,0.004602009486388385,0.06783811234393529,0.09493825773391229,61,14,inf
random_addition,42,36,62,0.0047393452798603405,0.06884290290117305,0.06792888870004465,62,14,inf
random_addition,42,36,63,0.004928802056536531,0.07020542754329277,0.030669061033492317,63,14,inf
random_addition,42,36,64,0.004885656019417788,0.0698974679041937,0.03915444717666883,64,14,inf
random_addition,42,36,65,0.005040064289920693,0.07099341018658488,0.00878749145113289,65,14,inf
random_addition,42,36,66,0.005130765043773041,0.07162935881168449,-0.009050321041269793,66,14,inf
random_addition,42,36,67,0.0048031832485892914,0.06930500161308195,0.055374089894991485,67,14,inf
random_addition,42,36,68,0.004807482360825499,0.06933601056323835,0.0545285979371396,68,14,inf
random_addition,42,36,69,0.004740291170613566,0.06884977248047786,0.06774286354393855,69,14,inf
random_addition,42,36,70,0.004730878598917117,0.06878138264761124,0.06959400239186764,70,14,inf
random_addition,42,36,71,0.004736186457641209,0.06881995682678978,0.0685501236517787,71,14,inf
random_addition,42,36,72,0.004806729760035362,0.06933058315083872,0.054676609405687526,72,14,inf
random_addition,42,36,73,0.004974876559605689,0.07053280484714676,0.021607743331919727,73,14,inf
random_addition,42,36,74,0.004850474686671687,0.06964534935422241,0.04607344167344418,74,14,inf
random_addition,42,36,75,0.004809965370262385,0.06935391387847109,0.05404027281446033,75,14,inf
random_addition,42,36,76,0.004751508799971007,0.068931188876814,0.06553673007107841,76,14,inf
random_addition,42,36,77,0.004666659491791339,0.06831295259166696,0.0822237584047445,77,14,inf
random_addition,42,36,78,0.004658980660842617,0.06825672612162567,0.08373392828543957,78,14,inf
random_addition,42,36,79,0.004478383541039096,0.06692072579581826,0.1192513570045809,79,14,inf
random_addition,42,36,80,0.0045476680693117225,0.06743640018055325,0.1056254016353061,80,14,inf
random_addition,42,36,81,0.004559168904246919,0.06752161805116136,0.10336357107308092,81,14,inf
random_addition,42,36,82,0.0045537241814378095,0.06748128763915082,0.10443436641288706,82,14,inf
random_addition,42,36,83,0.004594266748231753,0.06778102056056513,0.09646099603044955,83,14,inf
random_addition,42,36,84,0.004584745548607458,0.06771074913636282,0.09833349836794258,84,14,inf
random_addition,42,36,85,0.004980915966903431,0.07057560461592541,0.020419993391960545,85,14,inf
random_addition,42,36,86,0.004988127679705079,0.07062667824345896,0.0190016900676655,86,14,inf
random_addition,42,36,87,0.004427835984372496,0.06654198662778633,0.12919237512705128,87,14,inf
random_addition,42,36,88,0.004236545174109222,0.06508874844479054,0.16681289601655525,88,14,inf
random_addition,42,36,89,0.004068047088206523,0.06378124401582744,0.19995084839293753,89,14,inf
random_addition,42,36,90,0.004065508691580545,0.06376134167017304,0.20045006632798634,90,14,inf
random_addition,42,36,91,0.003977358642585789,0.06306630354306322,0.21778624026678606,91,14,inf
random_addition,42,36,92,0.0039735990409525725,0.063036489757541,0.21852562848718182,92,14,inf
random_addition,42,36,93,0.003930885704678819,0.06269677587148177,0.226925916809112,93,14,inf
random_addition,42,36,94,0.0037686994883337098,0.061389734388851286,0.2588225350084038,94,14,inf
random_addition,42,36,95,0.0036569299694526694,0.06047255550621843,0.2808038707248812,95,14,inf
random_addition,42,36,96,0.0040685433918785496,0.06378513456816211,0.19985324201741272,96,14,inf
random_addition,42,36,97,0.003981695833483629,0.06310068013487358,0.21693325950650078,97,14,inf
random_addition,42,36,98,0.003895299823916165,0.06241233711307537,0.2339244724049626,98,14,inf
random_addition,42,36,99,0.003923656089272258,0.06263909393719116,0.22834774097856003,99,14,inf
random_addition,42,36,100,0.00397729271616234,0.06306578086539752,0.21779920579496337,100,14,inf
random_addition,42,36,101,0.003932737154790708,0.06271153924749981,0.22656179833674872,101,14,inf
random_addition,42,36,102,0.0038076557574444475,0.061706205177797534,0.25116113646113125,102,14,inf
random_addition,42,36,103,0.004048473124028668,0.06362761290531548,0.2038003941564267,103,14,inf
random_addition,42,36,104,0.00431551034450234,0.06569254405564104,0.1512830812898105,104,14,inf
random_addition,42,36,105,0.004335274705351662,0.06584280298826639,0.14739609085270444,105,14,inf
random_addition,42,36,106,0.0037312862040889106,0.0610842549605781,0.2661804799067461,106,14,inf
random_addition,42,36,107,0.00355516365787324,0.059625193147471146,0.30081790927358376,107,14,inf
random_addition,42,36,108,0.003632094761908578,0.06026686288424658,0.28568812754266437,108,14,inf
random_addition,42,36,109,0.00361731163638176,0.06014409061896073,0.2885954751665696,109,14,inf
random_addition,42,36,110,0.0036334388653088668,0.06027801311679796,0.28542378724331274,110,14,inf
random_addition,42,36,111,0.00368064576358326,0.060668325867649094,0.2761397651817392,111,14,inf
random_addition,42,36,112,0.003707137580386504,0.060886267584624565,0.27092970858740684,112,14,inf
random_addition,42,36,113,0.0036490014398436106,0.06040696516001785,0.28236314800208095,113,14,inf
random_addition,42,36,114,0.0036012012728283437,0.06001000977194008,0.29176384623345275,114,14,inf
random_addition,42,36,115,0.003631655426937477,0.06026321786079363,0.28577453007520137,115,14,inf
random_addition,42,36,116,0.0033197702571839812,0.05761744750667094,0.34711193843104127,116,14,inf
random_addition,42,36,117,0.0033182684562123753,0.05760441351330969,0.3474072925818571,117,14,inf
random_addition,42,36,118,0.003283036871391248,0.05729779115630242,0.35433616998537354,118,14,inf
random_addition,42,36,119,0.003238981181190777,0.0569120477683836,0.36300045454356666,119,14,inf
random_addition,42,36,120,0.003226664634339158,0.056803737855348556,0.3654227084274839,120,14,inf
random_addition,42,36,121,0.0032318546747527447,0.05684940346875018,0.36440200061863526,121,14,inf
random_addition,42,36,122,0.0032322897539374352,0.056853229934080575,0.3643164350573116,122,14,inf
random_addition,42,36,123,0.003189174892508663,0.056472780102529596,0.3727956899822964,123,14,inf
random_addition,42,36,124,0.003171382258141016,0.05631502693012777,0.3762949075975395,124,14,inf
random_addition,42,36,125,0.0030935072985602326,0.055619306886729836,0.3916103142270896,125,14,inf
random_addition,42,36,126,0.003055496313421459,0.05527654397139404,0.3990858069518878,126,14,inf
random_addition,42,36,127,0.0030179974390766636,0.05493630347117163,0.40646058456760115,127,14,inf
random_addition,42,36,128,0.0029978502006654676,0.05475262734029727,0.4104228742482766,128,14,inf
random_addition,42,36,129,0.003094329322011739,0.05562669612705521,0.3914486496370002,129,14,inf
random_addition,42,36,130,0.0030191430843229433,0.054946729514348196,0.40623527436655016,130,14,inf
random_addition,42,36,131,0.0030030207324289854,0.05479982420071241,0.40940600314008513,131,14,inf
random_addition,42,36,132,0.0029900661818999517,0.05468149761939546,0.41195373106345423,132,14,inf
random_addition,42,36,133,0.0029764973024345577,0.05455728459550161,0.4146222769945027,133,14,inf
random_addition,42,36,134,0.002946699536525116,0.05428351072402297,0.42048250349108063,134,14,inf
random_addition,42,36,135,0.0029695043766370262,0.05449315898933577,0.41599755221385437,135,14,inf
random_addition,42,36,136,0.002628482303730137,0.05126872637125031,0.4830652174086353,136,14,inf
random_addition,42,36,137,0.0025099755484080453,0.05009965617055715,0.5063715427778789,137,14,inf
random_addition,42,36,138,0.0026325707299402535,0.0513085833944015,0.482261160363599,138,14,inf
random_addition,42,36,139,0.0026065597985574754,0.051054478731620355,0.4873766428381334,139,14,inf
random_addition,42,36,140,0.0026472898735960355,0.051451820896796605,0.4793663958392821,140,14,inf
random_addition,42,36,141,0.0026169377675162174,0.051156013991672744,0.48533564255450434,141,14,inf
random_addition,42,36,142,0.002655803138164403,0.051534484941293465,0.4776921207024297,142,14,inf
random_addition,42,36,143,0.0027533079153316082,0.052471972664762744,0.45851618380720327,143,14,inf
random_addition,42,36,144,0.0028390506644978145,0.053282742651798755,0.4416534454368066,144,14,inf
random_addition,42,36,145,0.0026981969839846415,0.05194417179996849,0.4693546654944578,145,14,inf
random_addition,42,36,146,0.002722752312174589,0.05217999915843798,0.46452545160881886,146,14,inf
random_addition,42,36,147,0.0027155358943324564,0.05211080400773391,0.4659446802576164,147,14,inf
random_addition,42,36,148,0.002697930386354557,0.05194160554271072,0.4694070963545597,148,14,inf
random_addition,42,36,149,0.002653492543845567,0.051512062119910974,0.4781465375231819,149,14,inf
random_addition,42,36,150,0.0026800483819562917,0.05176918370958047,0.47292389007342817,150,14,inf
random_addition,42,37,10,0.00962854819961681,0.0981251659851682,-0.8936142210947935,10,10,inf
random_addition,42,37,11,0.012549802449746534,0.11202590079863912,-1.468127478628198,11,11,inf
random_addition,42,37,12,0.008526191230577513,0.092337377213009,-0.6768173800737514,12,12,inf
random_addition,42,37,13,0.006960792208934913,0.08343136226225072,-0.3689556144559325,13,13,inf
random_addition,42,37,14,0.016516125527438898,0.12851507898857198,-2.248170910894927,14,14,inf
random_addition,42,37,15,0.01103527123950584,0.10504889927793551,-1.1702697145555394,15,14,inf
random_addition,42,37,16,0.021890316210981482,0.14795376376078265,-3.3050949345640808,16,14,inf
random_addition,42,37,17,0.017991217394396124,0.13413134381790157,-2.538272271845962,17,14,inf
random_addition,42,37,18,0.01621022747960117,0.12731939160866726,-2.1880109696886594,18,14,inf
random_addition,42,37,19,0.015058043635149376,0.12271122049409082,-1.9614148445057982,19,14,inf
random_addition,42,37,20,0.012828494562156794,0.11326294434702285,-1.5229369199298493,20,14,inf
random_addition,42,37,21,0.019590396219432774,0.1399656965811008,-2.852777397892231,21,14,inf
random_addition,42,37,22,0.01583943012076131,0.1258547977661611,-2.1150874990587374,22,14,inf
random_addition,42,37,23,0.015551183652853354,0.12470438505863919,-2.05839903476538,23,14,inf
random_addition,42,37,24,0.01736965408193605,0.1317939834815537,-2.416031503727667,24,14,inf
random_addition,42,37,25,0.014915281884575235,0.12212813715346368,-1.9333383707206493,25,14,inf
random_addition,42,37,26,0.01497289543015053,0.12236378316377167,-1.944669033139041,26,14,inf
random_addition,42,37,27,0.013444181084696607,0.11594904520821465,-1.6440219195213963,27,14,inf
random_addition,42,37,28,0.013831702027480648,0.11760825662971391,-1.7202343612119435,28,14,inf
random_addition,42,37,29,0.014171643062060053,0.11904471034892752,-1.7870894222313045,29,14,inf
random_addition,42,37,30,0.014534831104244864,0.12056048732584347,-1.85851639412309,30,14,inf
random_addition,42,37,31,0.01765604706716387,0.13287605904437363,-2.4723554498102938,31,14,inf
random_addition,42,37,32,0.01725063889941198,0.13134168759160963,-2.392625187689,32,14,inf
random_addition,42,37,33,0.018296425377475892,0.13526427975439745,-2.598296500334999,33,14,inf
random_addition,42,37,34,0.01752122567862136,0.13236776676601203,-2.4458405803451333,34,14,inf
random_addition,42,37,35,0.017692874788587668,0.13301456607675594,-2.479598234036206,35,14,inf
random_addition,42,37,36,0.015719982312272056,0.12537935361243516,-2.0915960999251837,36,14,inf
random_addition,42,37,37,0.015226246899942755,0.12339467938263284,-1.9944948154052522,37,14,inf
random_addition,42,37,38,0.015115191550442785,0.1229438552772882,-1.972653932981237,38,14,inf
random_addition,42,37,39,0.016391760336289175,0.1280303102249197,-2.2237124266366606,39,14,inf
random_addition,42,37,40,0.013798502325893844,0.11746702654742668,-1.713705087456698,40,14,inf
random_addition,42,37,41,0.014230932863503104,0.119293473683614,-1.7987497482587438,41,14,inf
random_addition,42,37,42,0.009429047464437068,0.09710328245964225,-0.8543790818585106,42,14,inf
random_addition,42,37,43,0.008388905934803004,0.0915909708148298,-0.6498179422523611,43,14,inf
random_addition,42,37,44,0.008260898912673368,0.09088948736060386,-0.6246432313323573,44,14,inf
random_addition,42,37,45,0.007999718582751237,0.08944114591591075,-0.5732777734505077,45,14,inf
random_addition,42,37,46,0.006089122173747944,0.07803282753910654,-0.19752719757394255,46,14,inf
random_addition,42,37,47,0.005531833323487086,0.07437629544073222,-0.08792707196481642,47,14,inf
random_addition,42,37,48,0.005661948653890308,0.07524592117776424,-0.11351641678876345,48,14,inf
random_addition,42,37,49,0.005455960018827965,0.07386447061225014,-0.07300532408285787,49,14,inf
random_addition,42,37,50,0.005353994418642422,0.07317099438057693,-0.0529520921136295,50,14,inf
random_addition,42,37,51,0.005231003146752678,0.0723256741880273,-0.028763811939654493,51,14,inf
random_addition,42,37,52,0.004435337329595074,0.06659832827928246,0.12771711076773895,52,14,inf
random_addition,42,37,53,0.004460795663269819,0.06678918822137173,0.12271030582763454,53,14,inf
random_addition,42,37,54,0.004285405394757526,0.06546300783463532,0.1572037205991086,54,14,inf
random_addition,42,37,55,0.004493255674822874,0.06703175124389094,0.11632650442586023,55,14,inf
random_addition,42,37,56,0.004493230096677716,0.06703156045235495,0.11633153479372205,56,14,inf
random_addition,42,37,57,0.004484852816457196,0.06696904371765507,0.11797906634581046,57,14,inf
random_addition,42,37,58,0.004390168313939105,0.06625834523997037,0.13660034930232923,58,14,inf
random_addition,42,37,59,0.004459179218317247,0.06677708602744842,0.12302820662496661,59,14,inf
random_addition,42,37,60,0.0038744660116125152,0.06224520874422798,0.23802178826607878,60,14,inf
random_addition,42,37,61,0.0038493064284710133,0.062042779019568534,0.24296983894265545,61,14,inf
random_addition,42,37,62,0.004881907937356359,0.06987065147367927,0.03989156988158871,62,14,inf
random_addition,42,37,63,0.00495933844978786,0.07042257059911872,0.024663571179480703,63,14,inf
random_addition,42,37,64,0.005159114141091871,0.0718269736317205,-0.01462564275386935,64,14,inf
random_addition,42,37,65,0.00518972013447132,0.07203971220425107,-0.020644820631211536,65,14,inf
random_addition,42,37,66,0.005177464903850217,0.07195460307617725,-0.018234625604318433,66,14,inf
random_addition,42,37,67,0.005141161205823681,0.07170189122905811,-0.011094899299150862,67,14,inf
random_addition,42,37,68,0.005042458759877025,0.0710102722137933,0.008316579090588805,68,14,inf
random_addition,42,37,69,0.005582569826835795,0.07471659672948036,-0.0979052495963686,69,14,inf
random_addition,42,37,70,0.005611776295272082,0.07491179009523188,-0.10364918760574682,70,14,inf
random_addition,42,37,71,0.005624915191401514,0.0749994346072123,-0.10623317015891831,71,14,inf
random_addition,42,37,72,0.005624180542358804,0.07499453675007803,-0.10608868920021619,72,14,inf
random_addition,42,37,73,0.005644392304513524,0.07512917079612634,-0.1100636685487213,73,14,inf
random_addition,42,37,74,0.006336092007576645,0.07959957291076784,-0.2460979249384332,74,14,inf
random_addition,42,37,75,0.006541702186041398,0.08088078996919724,-0.2865345878569603,75,14,inf
random_addition,42,37,76,0.006228432321137156,0.07892041764421394,-0.22492485615860036,76,14,inf
random_addition,42,37,77,0.006625522451506294,0.08139731231131833,-0.3030192378176455,77,14,inf
random_addition,42,37,78,0.006659621688388133,0.0816065051842568,-0.30972542015679605,78,14,inf
random_addition,42,37,79,0.006766693440192274,0.08225991393256057,-0.3307828618074409,79,14,inf
random_addition,42,37,80,0.006524238707880511,0.08077275968964111,-0.2831001042868879,80,14,inf
random_addition,42,37,81,0.0066206489833531045,0.08136737050779695,-0.30206078921152013,81,14,inf
random_addition,42,37,82,0.006609832592292279,0.08130087694663742,-0.2999335659262363,82,14,inf
random_addition,42,37,83,0.006661647409317732,0.08161891575681297,-0.3101238118853029,83,14,inf
random_addition,42,37,84,0.006652389319392711,0.08156218069297014,-0.3083030544482792,84,14,inf
random_addition,42,37,85,0.006472523007957446,0.08045199194524301,-0.27292935135530016,85,14,inf
random_addition,42,37,86,0.006247555360026505,0.07904147873127441,-0.22868571996077391,86,14,inf
random_addition,42,37,87,0.005857208367460144,0.0765324007689563,-0.15191748855547615,87,14,inf
random_addition,42,37,88,0.005836808536585139,0.07639900874085434,-0.14790552236369092,88,14,inf
random_addition,42,37,89,0.005778850106924328,0.0760187483909353,-0.13650703275106135,89,14,inf
random_addition,42,37,90,0.005469917414352387,0.07395889002920736,-0.07575027816176472,90,14,inf
random_addition,42,37,91,0.0053431454349021955,0.07309682233108493,-0.050818458935604216,91,14,inf
random_addition,42,37,92,0.005301257558410473,0.07280973532715575,-0.04258051101534077,92,14,inf
random_addition,42,37,93,0.005218618380839721,0.07224000540448292,-0.0263281416421699,93,14,inf
random_addition,42,37,94,0.005180385697015594,0.07197489629735908,-0.01880904818186302,94,14,inf
random_addition,42,37,95,0.00464443518337424,0.06815009305477315,0.08659453846422316,95,14,inf
random_addition,42,37,96,0.004586413348926286,0.06772306364102473,0.09800549768329059,96,14,inf
random_addition,42,37,97,0.00453669478707448,0.06735499081044018,0.10778348018107864,97,14,inf
random_addition,42,37,98,0.004550890216829716,0.06746028621959527,0.10499171270982721,98,14,inf
random_addition,42,37,99,0.004552487138126557,0.06747212119184158,0.10467765156426545,99,14,inf
random_addition,42,37,100,0.0046847016129056675,0.06844488010732189,0.07867547506934325,100,14,inf
random_addition,42,37,101,0.004743929810225835,0.06887619189695257,0.06702726451775232,101,14,inf
random_addition,42,37,102,0.004764320012004912,0.06902405386533676,0.06301719204790812,102,14,inf
random_addition,42,37,103,0.003850653304621432,0.062053632485306064,0.2427049533358525,103,14,inf
random_addition,42,37,104,0.003909732618911165,0.06252785474419513,0.23108602310958848,104,14,inf
random_addition,42,37,105,0.003923805165517773,0.06264028388758924,0.2283184226542725,105,14,inf
random_addition,42,37,106,0.0034080616832543515,0.05837860638328352,0.32974796033782816,106,14,inf
random_addition,42,37,107,0.0033162667359310735,0.05758703617943081,0.34780096418350914,107,14,inf
random_addition,42,37,108,0.0029821183694497882,0.05460877557178689,0.41351680063222085,108,14,inf
random_addition,42,37,109,0.0029728286922328533,0.054523652594381945,0.4153437702358075,109,14,inf
random_addition,42,37,110,0.0030035306874689515,0.0548044768925765,0.40930571199589816,110,14,inf
random_addition,42,37,111,0.003113576986156227,0.05579943535696599,0.3876632762046578,111,14,inf
random_addition,42,37,112,0.0031273787730001492,0.055922971782623905,0.3849489251620769,112,14,inf
random_addition,42,37,113,0.0031188900532267473,0.0558470236738427,0.38661837315657743,113,14,inf
random_addition,42,37,114,0.0031298624071859973,0.05594517322509599,0.3844604771721186,114,14,inf
random_addition,42,37,115,0.0031431733642119306,0.0560640113103935,0.381842655980582,115,14,inf
random_addition,42,37,116,0.0028073200653160523,0.05298414918931937,0.44789379575845056,116,14,inf
random_addition,42,37,117,0.002753129441302645,0.05247027197664069,0.4585512836947807,117,14,inf
random_addition,42,37,118,0.0027556868286330587,0.05249463618916754,0.45804833092170205,118,14,inf
random_addition,42,37,119,0.002616728581226728,0.05115396935944197,0.48537678251916183,119,14,inf
random_addition,42,37,120,0.002679421648120988,0.051763130200181945,0.4730471477109005,120,14,inf
random_addition,42,37,121,0.0026451496191048918,0.051431018064052474,0.4797873124984887,121,14,inf
random_addition,42,37,122,0.0026692780154432007,0.0516650560383244,0.4750420618655582,122,14,inf
random_addition,42,37,123,0.0026705688577240215,0.051677546939885036,0.4747881962516072,123,14,inf
random_addition,42,37,124,0.0026706389532021326,0.05167822513595192,0.47477441080945804,124,14,inf
random_addition,42,37,125,0.002681462212604475,0.051782837046694105,0.47264583675052674,125,14,inf
random_addition,42,37,126,0.0028216604623084647,0.05311930404578419,0.44507351806777473,126,14,inf
random_addition,42,37,127,0.002754192059403107,0.052480396905921996,0.45834230216351446,127,14,inf
random_addition,42,37,128,0.0027852227252418357,0.052775209381316864,0.45223960538056684,128,14,inf
random_addition,42,37,129,0.002794537829772036,0.05286338836824628,0.45040763507271986,129,14,inf
random_addition,42,37,130,0.0027907679509665932,0.052827719532141396,0.45114904447004456,130,14,inf
random_addition,42,37,131,0.002808708305112946,0.05299724808999941,0.4476207753022834,131,14,inf
random_addition,42,37,132,0.0027079500214116166,0.052037967114517615,0.46743656839532044,132,14,inf
random_addition,42,37,133,0.002404068766171749,0.04903130394117363,0.5271998737780832,133,14,inf
random_addition,42,37,134,0.002348986536158567,0.04846634436553439,0.538032710870463,134,14,inf
random_addition,42,37,135,0.002362884748157819,0.048609512938907536,0.535299396216586,135,14,inf
random_addition,42,37,136,0.0023552859967648,0.04853128884302167,0.5367938171201401,136,14,inf
random_addition,42,37,137,0.002410846184208768,0.049100368473248425,0.5258669817458541,137,14,inf
random_addition,42,37,138,0.002410863704100792,0.049100546881891166,0.525863536167559,138,14,inf
random_addition,42,37,139,0.0024157569087244284,0.04915035003664194,0.5249012060561085,139,14,inf
random_addition,42,37,140,0.002644788822867186,0.05142751037010431,0.4798582690822303,140,14,inf
random_addition,42,37,141,0.0026156357652634722,0.05114328660991071,0.48559170296263454,141,14,inf
random_addition,42,37,142,0.0026324650592688004,0.05130755362779247,0.48228194225948484,142,14,inf
random_addition,42,37,143,0.0026678454231168188,0.051651189948701264,0.47532380498466886,143,14,inf
random_addition,42,37,144,0.002661763014888508,0.05159227669805344,0.4765200117731535,144,14,inf
random_addition,42,37,145,0.0026775125729694366,0.051744686422563586,0.47342259910618556,145,14,inf
random_addition,42,37,146,0.002630552514047162,0.051288912194032366,0.4826580761017941,146,14,inf
random_addition,42,37,147,0.002662460956587189,0.0515990402680824,0.4763827499244597,147,14,inf
random_addition,42,37,148,0.002663500513899954,0.051609112702118355,0.47617830368082215,148,14,inf
random_addition,42,37,149,0.0026638602190918776,0.051612597484450226,0.4761075616693884,149,14,inf
random_addition,42,37,150,0.0026800483819562917,0.05176918370958047,0.47292389007342817,150,14,inf
random_addition,42,38,10,0.00962854819961681,0.0981251659851682,-0.8936142210947935,10,10,inf
random_addition,42,38,11,0.011643278210139765,0.10790402314158525,-1.2898444024781677,11,11,inf
random_addition,42,38,12,0.015615097657337656,0.12496038435175227,-2.070968787266947,12,12,inf
random_addition,42,38,13,0.02249129981223567,0.14997099657012242,-3.42328836003034,13,13,inf
random_addition,42,38,14,0.0448695642739444,0.21182437129363657,-7.824346437487783,14,14,inf
random_addition,42,38,15,0.043483026578301054,0.2085258415120319,-7.55166072785414,15,14,inf
random_addition,42,38,16,0.025344474901963936,0.15919948147517296,-3.9844127178434814,16,14,inf
random_addition,42,38,17,0.02154805162695414,0.14679254622409865,-3.2377829088822585,17,14,inf
random_addition,42,38,18,0.024845331555059854,0.1576240196006302,-3.8862478730021746,18,14,inf
random_addition,42,38,19,0.02477801923744625,0.15741035301861897,-3.8730097856762944,19,14,inf
random_addition,42,38,20,0.03333388595744274,0.18257569925223546,-5.555663344540111,20,14,inf
random_addition,42,38,21,0.01907717786087427,0.13812015733003735,-2.751844467802938,21,14,inf
random_addition,42,38,22,0.016613984539348793,0.12889524637995303,-2.267416513946718,22,14,inf
random_addition,42,38,23,0.016401952199071233,0.1280701065786674,-2.225716826043865,23,14,inf
random_addition,42,38,24,0.015506984183815012,0.12452704197809812,-2.0497064737062605,24,14,inf
random_addition,42,38,25,0.015888201794268846,0.12604841051861324,-2.124679260207541,25,14,inf
random_addition,42,38,26,0.015132032026969125,0.1230123246954106,-1.975965892913219,26,14,inf
random_addition,42,38,27,0.015360009165607407,0.1239355040559702,-2.0208013907328315,27,14,inf
random_addition,42,38,28,0.015453388589231398,0.12431165910417011,-2.0391660082085026,28,14,inf
random_addition,42,38,29,0.016022580680846298,0.12658033291489756,-2.151107104298104,29,14,inf
random_addition,42,38,30,0.016020090889190215,0.12657049770460024,-2.1506174453391647,30,14,inf
random_addition,42,38,31,0.01586977322367157,0.12597528814680906,-2.1210549751508547,31,14,inf
random_addition,42,38,32,0.017310973114369313,0.13157117128903775,-2.4044909150129117,32,14,inf
random_addition,42,38,33,0.013813517120443866,0.11753091984853971,-1.716657996648955,33,14,inf
random_addition,42,38,34,0.01276621056220315,0.11298765668073284,-1.5106877349422745,34,14,inf
random_addition,42,38,35,0.012772376758660452,0.11301494042231962,-1.5119004200802144,35,14,inf
random_addition,42,38,36,0.012351399389105682,0.11113684982536477,-1.4291082153551327,36,14,inf
random_addition,42,38,37,0.012509734842158443,0.11184692593968974,-1.4602475168768434,37,14,inf
random_addition,42,38,38,0.012775691020698162,0.11302960240882988,-1.5125522248587675,38,14,inf
random_addition,42,38,39,0.01232869667444721,0.11103466429204535,-1.4246433487476775,39,14,inf
random_addition,42,38,40,0.012105130760632351,0.11002331916749444,-1.3806753916917303,40,14,inf
random_addition,42,38,41,0.01184545968628878,0.10883684893586722,-1.3296067540331977,41,14,inf
random_addition,42,38,42,0.012373684831214345,0.11123706590527434,-1.433491018372313,42,14,inf
random_addition,42,38,43,0.012743911289126945,0.112888933421868,-1.5063022118351812,43,14,inf
random_addition,42,38,44,0.013590812491078361,0.11657964012244316,-1.672859425511621,44,14,inf
random_addition,42,38,45,0.01343696422097189,0.115917920189123,-1.6426026031823686,45,14,inf
random_addition,42,38,46,0.012049124280886983,0.10976850313676953,-1.3696607855101353,46,14,inf
random_addition,42,38,47,0.009580918634239375,0.097882167090024,-0.8842470745142879,47,14,inf
random_addition,42,38,48,0.009569342666276364,0.09782301705772709,-0.88197046779194,48,14,inf
random_addition,42,38,49,0.009496922875110525,0.09745215685201906,-0.8677279108043972,49,14,inf
random_addition,42,38,50,0.01000330410417441,0.1000165191564594,-0.9673162056097337,50,14,inf
random_addition,42,38,51,0.008498696306082971,0.09218837402884905,-0.6714100456603596,51,14,inf
random_addition,42,38,52,0.009216613613710069,0.0960031958515448,-0.8126004302447001,52,14,inf
random_addition,42,38,53,0.009210178397785759,0.09596967436532104,-0.8113348379521284,53,14,inf
random_addition,42,38,54,0.009148514541359395,0.09564786741668313,-0.7992076145082911,54,14,inf
random_addition,42,38,55,0.008648721553771818,0.09299850296521885,-0.7009150070166494,55,14,inf
random_addition,42,38,56,0.008759496176295262,0.09359218010226741,-0.7227006798094748,56,14,inf
random_addition,42,38,57,0.009102408547918887,0.0954065435277837,-0.7901401037011972,57,14,inf
random_addition,42,38,58,0.009116973486371003,0.09548284393738492,-0.7930045412062612,58,14,inf
random_addition,42,38,59,0.008987391148528473,0.09480185203111,-0.7675200182382929,59,14,inf
random_addition,42,38,60,0.00836823095158561,0.09147803535049061,-0.6457518627739498,60,14,inf
random_addition,42,38,61,0.008015156750648778,0.08952740781821385,-0.576313946056425,61,14,inf
random_addition,42,38,62,0.007517926181806407,0.08670597546770584,-0.478525280849303,62,14,inf
random_addition,42,38,63,0.007385936255880844,0.0859414699425187,-0.45256726562289096,63,14,inf
random_addition,42,38,64,0.007171057506724972,0.08468209673080239,-0.41030778405028845,64,14,inf
random_addition,42,38,65,0.007012045778095767,0.08373795900364282,-0.3790354816833428,65,14,inf
random_addition,42,38,66,0.006978545034931334,0.08353768631540698,-0.3724470030925684,66,14,inf
random_addition,42,38,67,0.0066825867638179185,0.08174709024679666,-0.31424188437557476,67,14,inf
random_addition,42,38,68,0.006455957044657698,0.08034897040197651,-0.2696713790171872,68,14,inf
random_addition,42,38,69,0.007426474560502755,0.08617699554116955,-0.46053979777827636,69,14,inf
random_addition,42,38,70,0.007544567025291644,0.0868594671022776,-0.48376464602043145,70,14,inf
random_addition,42,38,71,0.0077303914593468415,0.08792264474722562,-0.5203101130689132,71,14,inf
random_addition,42,38,72,0.006761976834351055,0.0822312400146748,-0.32985526278513055,72,14,inf
random_addition,42,38,73,0.006923369492872869,0.08320678754087835,-0.36159581463378476,73,14,inf
random_addition,42,38,74,0.0057319156857903565,0.07570941609727522,-0.12727659785313183,74,14,inf
random_addition,42,38,75,0.005066298156917687,0.07117793307562173,0.0036281649784468684,75,14,inf
random_addition,42,38,76,0.005189213461685384,0.07203619549702346,-0.02054517499689612,76,14,inf
random_addition,42,38,77,0.0047015143585102965,0.06856758970906222,0.07536896888455391,77,14,inf
random_addition,42,38,78,0.004483860899485966,0.06696163752094154,0.11817414332355691,78,14,inf
random_addition,42,38,79,0.004185882324146986,0.06469839506623783,0.17677658848407596,79,14,inf
random_addition,42,38,80,0.004385377963783214,0.06622218634100821,0.13754245137121424,80,14,inf
random_addition,42,38,81,0.004376738870233902,0.06615692609420348,0.13924147287094535,81,14,inf
random_addition,42,38,82,0.004034852225554554,0.06352048666024651,0.20647917049112863,82,14,inf
random_addition,42,38,83,0.004061805635327656,0.06373229664250031,0.20117833395843387,83,14,inf
random_addition,42,38,84,0.003939794488831404,0.06276778225197545,0.22517385616463503,84,14,inf
random_addition,42,38,85,0.00374437715250682,0.06119131598933643,0.26360592706888863,85,14,inf
random_addition,42,38,86,0.003763979397206181,0.06135127869251122,0.2597508194702616,86,14,inf
random_addition,42,38,87,0.0034187452392347066,0.05847003710649333,0.32764686128147535,87,14,inf
random_addition,42,38,88,0.003422102122119306,0.05849873607283585,0.3269866744041764,88,14,inf
random_addition,42,38,89,0.0032515637308587002,0.057022484432535034,0.3605258867795751,89,14,inf
random_addition,42,38,90,0.003230075537786757,0.05683375350781222,0.36475189750757675,90,14,inf
random_addition,42,38,91,0.0033177368148814335,0.05759979873993861,0.34751184869602114,91,14,inf
random_addition,42,38,92,0.0033056563867267137,0.05749483791373547,0.3498876659092124,92,14,inf
random_addition,42,38,93,0.003278904018918906,0.057261715123797206,0.355148964194123,93,14,inf
random_addition,42,38,94,0.0033049364335058715,0.057488576547918384,0.35002925669000773,94,14,inf
random_addition,42,38,95,0.003309108639827381,0.05752485236684559,0.34920872289197724,95,14,inf
random_addition,42,38,96,0.0034140459161390844,0.05842983755016853,0.3285710613642815,96,14,inf
random_addition,42,38,97,0.00337241858588407,0.05807252866790002,0.33675776853164474,97,14,inf
random_addition,42,38,98,0.0036824746515516037,0.06068339683596827,0.27578008393033493,98,14,inf
random_addition,42,38,99,0.0032384446197795055,0.05690733362036483,0.36310597827339697,99,14,inf
random_addition,42,38,100,0.0032487558228972194,0.05699785805534467,0.36107810860337997,100,14,inf
random_addition,42,38,101,0.0034188061975821715,0.05847055838267813,0.3276348728081083,101,14,inf
random_addition,42,38,102,0.0034042393120889414,0.058345859425403455,0.33049969323120576,102,14,inf
random_addition,42,38,103,0.003302287546404651,0.05746553355190093,0.3505502044155585,103,14,inf
random_addition,42,38,104,0.003422459248391558,0.058501788420453935,0.3269164395802089,104,14,inf
random_addition,42,38,105,0.0033509374976470885,0.05788728269358554,0.3409823819756278,105,14,inf
random_addition,42,38,106,0.003345841293398607,0.057843247604181136,0.3419846353411884,106,14,inf
random_addition,42,38,107,0.00326201865186422,0.05711408453143778,0.3584697525954763,107,14,inf
random_addition,42,38,108,0.0030662461709171232,0.055373695658833565,0.3969716685993019,108,14,inf
random_addition,42,38,109,0.003076914357918831,0.05546994103042504,0.3948735921083376,109,14,inf
random_addition,42,38,110,0.002898095794578977,0.053833965064622326,0.4300412381039782,110,14,inf
random_addition,42,38,111,0.002944997471799416,0.05426783091113386,0.4208172428414988,111,14,inf
random_addition,42,38,112,0.0029051106117040535,0.05389907802276449,0.42866165759079633,112,14,inf
random_addition,42,38,113,0.002862193755213955,0.05349947434521161,0.43710197154981767,113,14,inf
random_addition,42,38,114,0.0025358694517172526,0.05035741704771257,0.5012790758213423,114,14,inf
random_addition,42,38,115,0.0025191517062827682,0.05019115167320599,0.5045668986418836,115,14,inf
random_addition,42,38,116,0.0023932500124572943,0.048920854576114,0.5293275617185174,116,14,inf
random_addition,42,38,117,0.0024005798237177025,0.04899571229931965,0.5278860323671659,117,14,inf
random_addition,42,38,118,0.0024336542744205305,0.04933208159423774,0.5213813912824106,118,14,inf
random_addition,42,38,119,0.0023095840134394643,0.04805813160579034,0.5457818726154157,119,14,inf
random_addition,42,38,120,0.0023134778293191507,0.048098626064776016,0.5450160889301461,120,14,inf
random_addition,42,38,121,0.002355492661485623,0.048533417986843075,0.5367531730639192,121,14,inf
random_addition,42,38,122,0.0023785682342881173,0.04877056729512296,0.5322149776981371,122,14,inf
random_addition,42,38,123,0.002450572699073087,0.049503259479281636,0.5180541015543625,123,14,inf
random_addition,42,38,124,0.002456840692316174,0.04956652794291904,0.5168213963846144,124,14,inf
random_addition,42,38,125,0.0024684943068781643,0.04968394415581521,0.5145295191665495,125,14,inf
random_addition,42,38,126,0.002472751666785092,0.04972677012218964,0.5136922384990031,126,14,inf
random_addition,42,38,127,0.0024820390198616914,0.04982006643774867,0.5118657259762869,127,14,inf
random_addition,42,38,128,0.002461451369559906,0.04961301613044611,0.5159146299836366,128,14,inf
random_addition,42,38,129,0.0024309060945871463,0.049304219845639444,0.521921866575958,129,14,inf
random_addition,42,38,130,0.0024541369288480107,0.04953924634921297,0.5173531364608592,130,14,inf
random_addition,42,38,131,0.002452653309867755,0.049524269907468145,0.5176449148205302,131,14,inf
random_addition,42,38,132,0.0023665375600323175,0.04864707144353417,0.5345810099792081,132,14,inf
random_addition,42,38,133,0.00238683860941255,0.04885528230818598,0.5305884708120795,133,14,inf
random_addition,42,38,134,0.0023754024180962638,0.04873810027172031,0.5328375881309856,134,14,inf
random_addition,42,38,135,0.0024045138102411637,0.04903584209780804,0.5271123484563642,135,14,inf
random_addition,42,38,136,0.0024158059769823635,0.049150849198995164,0.5248915559666969,136,14,inf
random_addition,42,38,137,0.0024011447342713833,0.04900147685806402,0.5277749333067552,137,14,inf
random_addition,42,38,138,0.00240236201718884,0.04901389616413737,0.5275355343656267,138,14,inf
random_addition,42,38,139,0.002479313936239542,0.04979270966958458,0.5124016590155773,139,14,inf
random_addition,42,38,140,0.0024375986154523887,0.04937204285273589,0.5206056709852352,140,14,inf
random_addition,42,38,141,0.002482221198338048,0.049821894768646124,0.5118298975474881,141,14,inf
random_addition,42,38,142,0.002635960033277365,0.05134160138988036,0.481594597464842,142,14,inf
random_addition,42,38,143,0.0027896116954755977,0.05281677475457582,0.45137644135227184,143,14,inf
random_addition,42,38,144,0.002795958848841656,0.052876827144238296,0.45012816802712863,144,14,inf
random_addition,42,38,145,0.002875995088040475,0.05362830491485327,0.43438770979731367,145,14,inf
random_addition,42,38,146,0.002874533919410444,0.053614680073748866,0.43467507292204255,146,14,inf
random_addition,42,38,147,0.0029221178293924433,0.05405661688815203,0.4253169052347484,147,14,inf
random_addition,42,38,148,0.0026419164013106147,0.051399575886485825,0.48042317857800654,148,14,inf
random_addition,42,38,149,0.002673120150031589,0.05170222577444407,0.47428644216619154,149,14,inf
random_addition,42,38,150,0.0026800483819562917,0.05176918370958047,0.47292389007342817,150,14,inf
random_addition,42,39,10,0.00962854819961681,0.0981251659851682,-0.8936142210947935,10,10,inf
random_addition,42,39,11,0.010065664227480701,0.10032778392589313,-0.9795803615212881,11,11,inf
random_addition,42,39,12,0.010021399287800149,0.1001069392589752,-0.9708749245709563,12,12,inf
random_addition,42,39,13,0.008251634893805917,0.0908385099712997,-0.6228213078701481,13,13,inf
random_addition,42,39,14,0.016545476063167284,0.12862921932114524,-2.2539431821345555,14,14,inf
random_addition,42,39,15,0.02307954215640539,0.15191952526388894,-3.5389760052782755,15,14,inf
random_addition,42,39,16,0.023117775659249058,0.15204530791592702,-3.5464952598124038,16,14,inf
random_addition,42,39,17,0.02034516869266252,0.14263649144823537,-3.0012159640569225,17,14,inf
random_addition,42,39,18,0.020428063372972698,0.14292677626313657,-3.017518582295329,18,14,inf
random_addition,42,39,19,0.02611257067412546,0.16159384479034297,-4.13547153244086,19,14,inf
random_addition,42,39,20,0.02576434528500629,0.16051275739020338,-4.066987215250801,20,14,inf
random_addition,42,39,21,0.020660046743901338,0.14373603147402303,-3.063141972357963,21,14,inf
random_addition,42,39,22,0.020864444843009138,0.1444453005224093,-3.1033402597021205,22,14,inf
random_addition,42,39,23,0.017183175660998896,0.13108461260193316,-2.379357419276602,23,14,inf
random_addition,42,39,24,0.01792509481962897,0.13388463249988392,-2.5252681672479844,24,14,inf
random_addition,42,39,25,0.018280406845961977,0.13520505480921183,-2.5951461895667554,25,14,inf
random_addition,42,39,26,0.018455486487763385,0.13585097161140727,-2.629578514426751,26,14,inf
random_addition,42,39,27,0.014154613378389611,0.11897316242913614,-1.783740251566055,27,14,inf
random_addition,42,39,28,0.011376505655472798,0.10666070342667348,-1.2373791405464405,28,14,inf
random_addition,42,39,29,0.013080391938858248,0.11436954113249842,-1.5724767305938632,29,14,inf
random_addition,42,39,30,0.010706888008221876,0.10347409341580083,-1.1056876878743913,30,14,inf
random_addition,42,39,31,0.011352141676600185,0.10654642967551839,-1.23258755868808,31,14,inf
random_addition,42,39,32,0.01139376873242324,0.10674159794767568,-1.2407742118838319,32,14,inf
random_addition,42,39,33,0.007421134699178637,0.08614600802810678,-0.45948962519437364,33,14,inf
random_addition,42,39,34,0.008171022908572594,0.09039371055871417,-0.6069676196023177,34,14,inf
random_addition,42,39,35,0.007605569230195476,0.08720991474709441,-0.49576174468257794,35,14,inf
random_addition,42,39,36,0.007929517543904986,0.08904783851337991,-0.5594715710263269,36,14,inf
random_addition,42,39,37,0.008062846065152512,0.08979335200978139,-0.5856928432968342,37,14,inf
random_addition,42,39,38,0.009100155540928793,0.09539473539419664,-0.7896970123868872,38,14,inf
random_addition,42,39,39,0.0041682171288049555,0.06456173114783212,0.18025074309436473,39,14,inf
random_addition,42,39,40,0.004409977367696862,0.06640766045944445,0.13270456926109586,40,14,inf
random_addition,42,39,41,0.00328127356252712,0.05728240185717704,0.35468295401470706,41,14,inf
random_addition,42,39,42,0.004197049837045623,0.06478464198439028,0.17458031124677031,42,14,inf
random_addition,42,39,43,0.0043182760020403855,0.0657135906950791,0.15073916871481507,43,14,inf
random_addition,42,39,44,0.00443403537403702,0.06658855287537807,0.12797316199258102,44,14,inf
random_addition,42,39,45,0.005468921575835035,0.07395215734402233,-0.07555442994671946,45,14,inf
random_addition,42,39,46,0.005431863176538802,0.07370117486539005,-0.0682662790787465,46,14,inf
random_addition,42,39,47,0.004265330090314216,0.06530949464139357,0.16115186326802866,47,14,inf
random_addition,42,39,48,0.004183490412478634,0.06467990733201953,0.1772469977147192,48,14,inf
random_addition,42,39,49,0.004459306551525056,0.06677803944056052,0.1230031644308448,49,14,inf
random_addition,42,39,50,0.0038668398528368146,0.06218391956797846,0.23952159928749195,50,14,inf
random_addition,42,39,51,0.0037717302757579265,0.061414414234428116,0.2582264802295702,51,14,inf
random_addition,42,39,52,0.0038685372417455524,0.06219756620435845,0.23918777951428438,52,14,inf
random_addition,42,39,53,0.003837548312327027,0.06194794841096053,0.24528226813571097,53,14,inf
random_addition,42,39,54,0.0040655203289698145,0.06376143292751359,0.20044777764174204,54,14,inf
random_addition,42,39,55,0.004020499928776964,0.0634074122542228,0.20930178847257053,55,14,inf
random_addition,42,39,56,0.003907535431878359,0.06251028260917046,0.23151813650046227,56,14,inf
random_addition,42,39,57,0.004027437269758798,0.06346209317189906,0.20793744493214894,57,14,inf
random_addition,42,39,58,0.004147108434715106,0.06439804682375938,0.18440211903272996,58,14,inf
random_addition,42,39,59,0.004154936020118622,0.06445879319471177,0.18286269411324707,59,14,inf
random_addition,42,39,60,0.004219573327254367,0.06495824295079392,0.1701506921096232,60,14,inf
random_addition,42,39,61,0.003891057115018426,0.06237833850799832,0.23475887170776133,61,14,inf
random_addition,42,39,62,0.0036742350835394567,0.06061546901195648,0.2774005320851357,62,14,inf
random_addition,42,39,63,0.003912883377256185,0.0625530445082906,0.23046637405288017,63,14,inf
random_addition,42,39,64,0.0035689108773797134,0.059740362213328714,0.2981142898059047,64,14,inf
random_addition,42,39,65,0.003462234770820972,0.0588407577349321,0.31909392123556257,65,14,inf
random_addition,42,39,66,0.0035282668820394436,0.059399216173611616,0.30610760779973356,66,14,inf
random_addition,42,39,67,0.0033863841314066825,0.05819264671250726,0.3340112116199788,67,14,inf
random_addition,42,39,68,0.0033559005555528756,0.05793013512458672,0.3400063140538938,68,14,inf
random_addition,42,39,69,0.003296232930168413,0.057412828968518986,0.3517409454463474,69,14,inf
random_addition,42,39,70,0.0030451475800477713,0.055182855852590404,0.40112105757124006,70,14,inf
random_addition,42,39,71,0.0031424227178257027,0.056057316363037776,0.38199028308308025,71,14,inf
random_addition,42,39,72,0.003109908837089681,0.05576655661854765,0.3883846787560604,72,14,inf
random_addition,42,39,73,0.002948111229331204,0.054296512128599976,0.4202048706104007,73,14,inf
random_addition,42,39,74,0.0029466641875483257,0.054283185127148956,0.42048945545556826,74,14,inf
random_addition,42,39,75,0.002692920050289197,0.05189335265994284,0.4703924623130754,75,14,inf
random_addition,42,39,76,0.002746116950708052,0.05240340590751762,0.4599304066570299,76,14,inf
random_addition,42,39,77,0.0027214351525949583,0.05216737632462417,0.4647844929574968,77,14,inf
random_addition,42,39,78,0.0027233703748221327,0.05218592123190059,0.4644038993047068,78,14,inf
random_addition,42,39,79,0.0025661788070983813,0.05065746546263819,0.49531823674238273,79,14,inf
random_addition,42,39,80,0.002484299122190197,0.04984274392717757,0.5114212392456126,80,14,inf
random_addition,42,39,81,0.0024171750952651635,0.049164774943705004,0.5246222960744553,81,14,inf
random_addition,42,39,82,0.0024494061127061342,0.04949147515184948,0.5182835301752511,82,14,inf
random_addition,42,39,83,0.002476423406785007,0.049763675575513984,0.5129701297308009,83,14,inf
random_addition,42,39,84,0.0024404499216866644,0.04940091013014501,0.5200449141689443,84,14,inf
random_addition,42,39,85,0.002480942361593372,0.04980905903139882,0.5120814020729858,85,14,inf
random_addition,42,39,86,0.0022330236770007985,0.04725487992790584,0.5608387367289307,86,14,inf
random_addition,42,39,87,0.0022286934162700123,0.04720903956097828,0.5616903545565479,87,14,inf
random_addition,42,39,88,0.002158537107118867,0.04646005926727674,0.5754877601418902,88,14,inf
random_addition,42,39,89,0.0022900120510083916,0.04785407037032891,0.5496310247020914,89,14,inf
random_addition,42,39,90,0.0024444948949427993,0.04944183345045771,0.5192494028703594,90,14,inf
random_addition,42,39,91,0.0025017869202035763,0.050017866010092595,0.5079819727718689,91,14,inf
random_addition,42,39,92,0.0024944384224313827,0.04994435325871567,0.5094271771367036,92,14,inf
random_addition,42,39,93,0.0024957218913327097,0.04995720059543679,0.509174761620522,93,14,inf
random_addition,42,39,94,0.002499978189213328,0.04999978189165757,0.5083376898181214,94,14,inf
random_addition,42,39,95,0.002324809036501466,0.048216273565067906,0.542787618488106,95,14,inf
random_addition,42,39,96,0.002342634709694139,0.04840077178820746,0.5392819032381604,96,14,inf
random_addition,42,39,97,0.0023067955443304847,0.048029111425576934,0.5463302714654166,97,14,inf
random_addition,42,39,98,0.0022705528876628247,0.0476503188621317,0.5534579929716419,98,14,inf
random_addition,42,39,99,0.0022481869627856846,0.04741504996080553,0.5578566242644651,99,14,inf
random_addition,42,39,100,0.002201473627645275,0.04691986389201566,0.567043578922922,100,14,inf
random_addition,42,39,101,0.002138897384244612,0.04624821493035825,0.5793502384472415,101,14,inf
random_addition,42,39,102,0.002139595719087269,0.04625576417147672,0.579212899280243,102,14,inf
random_addition,42,39,103,0.0021875516978106906,0.04677127000425251,0.5697815580837785,103,14,inf
random_addition,42,39,104,0.00220447817547779,0.04695187084108353,0.5664526845964195,104,14,inf
random_addition,42,39,105,0.002061617396142643,0.045405037123018,0.594548634035244,105,14,inf
random_addition,42,39,106,0.0021013243653901278,0.04584020468311772,0.5867395978145391,106,14,inf
random_addition,42,39,107,0.0020331426401303467,0.04509038301157295,0.6001486686208564,107,14,inf
random_addition,42,39,108,0.0022147112749179203,0.04706071902253429,0.5644401753142331,108,14,inf
random_addition,42,39,109,0.0022308676939103173,0.04723206213908426,0.5612627466789185,109,14,inf
random_addition,42,39,110,0.0022308961492962538,0.04723236336767676,0.5612571504537807,110,14,inf
random_addition,42,39,111,0.002168658582514686,0.046568858505600996,0.5734972035854256,111,14,inf
random_addition,42,39,112,0.0021475712527161766,0.04634189522145352,0.5776443778803999,112,14,inf
random_addition,42,39,113,0.0021501855165626978,0.0463700929108698,0.5771302393940119,113,14,inf
random_addition,42,39,114,0.0020800358576854795,0.04560741011815382,0.5909263370923269,114,14,inf
random_addition,42,39,115,0.002074879118486269,0.04555084102940657,0.591940495663241,115,14,inf
random_addition,42,39,116,0.0024332094078525694,0.04932757249097678,0.5214688816955151,116,14,inf
random_addition,42,39,117,0.0024359438230964784,0.049355281612979154,0.5209311134375288,117,14,inf
random_addition,42,39,118,0.0023397147557991877,0.04837059805087371,0.5398561607592102,118,14,inf
random_addition,42,39,119,0.0023452507110639136,0.048427788624548135,0.5387674230389122,119,14,inf
random_addition,42,39,120,0.0023408360624053988,0.04838218744957072,0.5396356371567201,120,14,inf
random_addition,42,39,121,0.00235724950138746,0.04855151389387832,0.5364076612636629,121,14,inf
random_addition,42,39,122,0.0021348430647645006,0.04620436196685872,0.5801475878362914,122,14,inf
random_addition,42,39,123,0.00212407689723434,0.046087708743593886,0.5822649338285576,123,14,inf
random_addition,42,39,124,0.0021434563846108355,0.04629747708688709,0.5784536351641214,124,14,inf
random_addition,42,39,125,0.0020731080892755307,0.04553139674197938,0.5922887980272009,125,14,inf
random_addition,42,39,126,0.0021452897075795356,0.046317272238113674,0.5780930816960993,126,14,inf
random_addition,42,39,127,0.0021591356300753235,0.04646650008420393,0.5753700506431683,127,14,inf
random_addition,42,39,128,0.0023593095754515453,0.048572724603953864,0.536002513419628,128,14,inf
random_addition,42,39,129,0.00230296475225063,0.04798921495764054,0.5470836604717424,129,14,inf
random_addition,42,39,130,0.0022517919114971247,0.047453049548971296,0.5571476511145387,130,14,inf
random_addition,42,39,131,0.0022520981981879146,0.04745627669958859,0.5570874147402289,131,14,inf
random_addition,42,39,132,0.0022695892997475512,0.047640206755927825,0.5536474985691431,132,14,inf
random_addition,42,39,133,0.0022590409208817002,0.0475293690351734,0.5557220127966012,133,14,inf
random_addition,42,39,134,0.002257873137335932,0.04751708258443412,0.5559516768626247,134,14,inf
random_addition,42,39,135,0.002236677363389926,0.04729352348250156,0.5601201785036991,135,14,inf
random_addition,42,39,136,0.002266073254852027,0.047603290378418456,0.5543389873043231,136,14,inf
random_addition,42,39,137,0.002342922277894292,0.048403742395545124,0.5392253481665072,137,14,inf
random_addition,42,39,138,0.002301173449138413,0.04797054772606222,0.5474359500357828,138,14,inf
random_addition,42,39,139,0.002289973952438187,0.047853672298353314,0.5496385174198768,139,14,inf
random_addition,42,39,140,0.0023101407192728804,0.04806392326134936,0.5456723871497704,140,14,inf
random_addition,42,39,141,0.0023397090897880474,0.04837053948208607,0.5398572750745825,141,14,inf
random_addition,42,39,142,0.0023590923844068047,0.04857048882198742,0.5360452276526035,142,14,inf
random_addition,42,39,143,0.002528315452295887,0.050282357266698295,0.5027646955050044,143,14,inf
random_addition,42,39,144,0.0025277065880789057,0.05027630245034837,0.5028844387846857,144,14,inf
random_addition,42,39,145,0.002545824198793887,0.050456161157918934,0.4993213091631802,145,14,inf
random_addition,42,39,146,0.0025458367737358546,0.05045628577031661,0.4993188360915971,146,14,inf
random_addition,42,39,147,0.0027612592699784826,0.052547685676711614,0.45695241760651184,147,14,inf
random_addition,42,39,148,0.00266701825684459,0.0516431820944894,0.4754864809960291,148,14,inf
random_addition,42,39,149,0.00268117028553614,0.05178001820718239,0.4727032490661388,149,14,inf
random_addition,42,39,150,0.0026800483819562917,0.05176918370958047,0.47292389007342817,150,14,inf
random_addition,42,40,10,0.00962854819961681,0.0981251659851682,-0.8936142210947935,10,10,inf
random_addition,42,40,11,0.009197821304162686,0.09590527255663625,-0.8089046098709125,11,11,inf
random_addition,42,40,12,0.006663256418309371,0.08162877200049852,-0.31044025027718414,12,12,inf
random_addition,42,40,13,0.007588922896140457,0.0871144241566255,-0.49248796609808343,13,13,inf
random_addition,42,40,14,0.007574262931558677,0.08703024147707897,-0.48960484012340033,14,14,inf
random_addition,42,40,15,0.005304063977701395,0.07282900505774739,-0.04313244006730921,15,14,inf
random_addition,42,40,16,0.005193524188832824,0.07206610984944882,-0.02139295122031215,16,14,inf
random_addition,42,40,17,0.004868147719540007,0.06977211276391168,0.0425977456831953,17,14,inf
random_addition,42,40,18,0.008401510428382802,0.09165975359110891,-0.6522968256517663,18,14,inf
random_addition,42,40,19,0.010015030003359971,0.1000751218003754,-0.9696222988018295,19,14,inf
random_addition,42,40,20,0.009918118269930585,0.09958974982361682,-0.9505629938258067,20,14,inf
random_addition,42,40,21,0.009718039072518978,0.09858011499546436,-0.9112140903661003,21,14,inf
random_addition,42,40,22,0.009726015066838154,0.09862056107545807,-0.9127827023683504,22,14,inf
random_addition,42,40,23,0.009626507197678547,0.09811476544169356,-0.8932128241016588,23,14,inf
random_addition,42,40,24,0.00921258929801882,0.0959822342833236,-0.8118089815999887,24,14,inf
random_addition,42,40,25,0.008135031807964151,0.09019441117920861,-0.5998893707809936,25,14,inf
random_addition,42,40,26,0.005898447307049638,0.0768013496434121,-0.16002781223570062,26,14,inf
random_addition,42,40,27,0.007186420167027291,0.08477275604241784,-0.4133291068311704,27,14,inf
random_addition,42,40,28,0.005840863062939409,0.07642553933692198,-0.14870291243798617,28,14,inf
random_addition,42,40,29,0.003535710887532152,0.05946184396343719,0.304643620252425,29,14,inf
random_addition,42,40,30,0.003603199612918997,0.06002665751913059,0.2913708394025376,30,14,inf
random_addition,42,40,31,0.002488489785845867,0.049884765067562134,0.510597075505692,31,14,inf
random_addition,42,40,32,0.002481606077954469,0.0498157211927567,0.5119508712064325,32,14,inf
random_addition,42,40,33,0.0024402338862070886,0.049398723528114453,0.5200874011408019,33,14,inf
random_addition,42,40,34,0.0021737284003478614,0.046623260292989605,0.572500139547501,34,14,inf
random_addition,42,40,35,0.0020354763318225153,0.04511625352156931,0.5996897093173014,35,14,inf
random_addition,42,40,36,0.0029166335202890884,0.05400586561003433,0.4263954858780281,36,14,inf
random_addition,42,40,37,0.003001913493513414,0.05478972069205513,0.40962376009712664,37,14,inf
random_addition,42,40,38,0.0024713073099050633,0.04971224507005355,0.513976295313349,38,14,inf
random_addition,42,40,39,0.002445616831670781,0.04945317817563176,0.5190287553439379,39,14,inf
random_addition,42,40,40,0.002666737292689538,0.05164046177843047,0.47554173727232263,40,14,inf
random_addition,42,40,41,0.0027057300461338354,0.05201663239901095,0.4678731634737615,41,14,inf
random_addition,42,40,42,0.002699850470283201,0.05196008535677363,0.4690294799000748,42,14,inf
random_addition,42,40,43,0.0028303667978700924,0.05320119169595821,0.4433612723074245,43,14,inf
random_addition,42,40,44,0.0029069166371084665,0.05391582918873145,0.4283064726430188,44,14,inf
random_addition,42,40,45,0.0029953950013344296,0.0547302019120561,0.4109057300508846,45,14,inf
random_addition,42,40,46,0.0029595677038469262,0.05440190900921517,0.417951764262816,46,14,inf
random_addition,42,40,47,0.0031593066720471477,0.05620771007652907,0.3786697725388931,47,14,inf
random_addition,42,40,48,0.003151849232136454,0.056141332653727186,0.38013640218804534,48,14,inf
random_addition,42,40,49,0.0031840506811564575,0.056427393003367236,0.3738034514108385,49,14,inf
random_addition,42,40,50,0.0033959869506634197,0.0582750971742083,0.3321226574236271,50,14,inf
random_addition,42,40,51,0.0031486368675975674,0.056112715738926476,0.38076816712789563,51,14,inf
random_addition,42,40,52,0.0029561236030683623,0.05437024556748261,0.4186291039902561,52,14,inf
random_addition,42,40,53,0.002922452126374661,0.05405970890020276,0.4252511601705422,53,14,inf
random_addition,42,40,54,0.002917049801877955,0.05400971951304649,0.42631361717671246,54,14,inf
random_addition,42,40,55,0.003045492514643224,0.055185981142344694,0.40105322044338276,55,14,inf
random_addition,42,40,56,0.0030587589327758613,0.05530604788606632,0.39844415856633353,56,14,inf
random_addition,42,40,57,0.003236390834365528,0.056889285760725876,0.36350988934974593,57,14,inf
random_addition,42,40,58,0.0031406697494596922,0.05604167868167131,0.38233503348139464,58,14,inf
random_addition,42,40,59,0.003139562618450243,0.05603180006434064,0.3825527692169016,59,14,inf
random_addition,42,40,60,0.0033805332201105056,0.058142353066508286,0.33516189068468405,60,14,inf
random_addition,42,40,61,0.0034385435588292685,0.05863909582206455,0.32375319229204924,61,14,inf
random_addition,42,40,62,0.0037028912721565723,0.06085138677266585,0.27176481575877365,62,14,inf
random_addition,42,40,63,0.003397404987673114,0.058287262653800395,0.3318437768497414,63,14,inf
random_addition,42,40,64,0.00331152390466255,0.057545841766912666,0.348733720872486,64,14,inf
random_addition,42,40,65,0.0033802992474024226,0.05814034096393332,0.3352079053110004,65,14,inf
random_addition,42,40,66,0.0030227654159502232,0.054979681846571496,0.40552288257697466,66,14,inf
random_addition,42,40,67,0.003399044922975631,0.05830132865531995,0.3315212562842167,67,14,inf
random_addition,42,40,68,0.0039797767186829725,0.06308547153412561,0.21731068536584064,68,14,inf
random_addition,42,40,69,0.004129433159241192,0.06426066572360725,0.18787825606868547,69,14,inf
random_addition,42,40,70,0.004103554555891098,0.06405899277924293,0.19296771403367352,70,14,inf
random_addition,42,40,71,0.004032767155892311,0.06350407196308211,0.20688923413546445,71,14,inf
random_addition,42,40,72,0.0040559914247644355,0.06368666598876437,0.2023217952133084,72,14,inf
random_addition,42,40,73,0.004224897027696831,0.06499920790053391,0.1691036978320123,73,14,inf
random_addition,42,40,74,0.004127915043346683,0.06424885246715838,0.18817681882056814,74,14,inf
random_addition,42,40,75,0.0042128826619651245,0.06490672277942497,0.17146652277044894,75,14,inf
random_addition,42,40,76,0.004260142429665821,0.06526976658197746,0.16217210305645335,76,14,inf
random_addition,42,40,77,0.004358220723190207,0.06601682151686952,0.14288337462635858,77,14,inf
random_addition,42,40,78,0.004018477918680923,0.06339146566124594,0.20969945040391047,78,14,inf
random_addition,42,40,79,0.003870216423990374,0.06221106351759608,0.23885754038449214,79,14,inf
random_addition,42,40,80,0.003868388562671997,0.06219637097670568,0.23921701972809717,80,14,inf
random_addition,42,40,81,0.002780990063404757,0.052735093281464446,0.45307202876170505,81,14,inf
random_addition,42,40,82,0.002714238879299348,0.05209835774090531,0.46619975984601847,82,14,inf
random_addition,42,40,83,0.0026163809421180764,0.05115057127851141,0.48544515153454226,83,14,inf
random_addition,42,40,84,0.0025807919102728534,0.050801495157847994,0.4924443268432136,84,14,inf
random_addition,42,40,85,0.0025823846975604648,0.0508171693186512,0.49213107871935635,85,14,inf
random_addition,42,40,86,0.0025860379192684814,0.05085310137315601,0.4914126118813975,86,14,inf
random_addition,42,40,87,0.0026567926908669256,0.051544084926079786,0.47749750869746577,87,14,inf
random_addition,42,40,88,0.0026394089183334173,0.05137517803699971,0.4809163168296241,88,14,inf
random_addition,42,40,89,0.0027557281233302647,0.05249502951070953,0.4580402096323587,89,14,inf
random_addition,42,40,90,0.00272484085983015,0.052200008235920324,0.46411470395922383,90,14,inf
random_addition,42,40,91,0.002612398814254585,0.05111163090975072,0.4862283032409258,91,14,inf
random_addition,42,40,92,0.002556642730174108,0.050563254742689454,0.4971936649484727,92,14,inf
random_addition,42,40,93,0.002591192309007687,0.0509037553527015,0.490398915370888,93,14,inf
random_addition,42,40,94,0.002586241833530717,0.05085510626801125,0.49137250874862526,94,14,inf
random_addition,42,40,95,0.002806314786543415,0.05297466174071728,0.44809150055678215,95,14,inf
random_addition,42,40,96,0.0027711973547700944,0.052642163279733235,0.4549979278639573,96,14,inf
random_addition,42,40,97,0.0028694137824086725,0.05356690939758119,0.4356820330617751,97,14,inf
random_addition,42,40,98,0.0028385659141777512,0.053278193608433756,0.44174877965342174,98,14,inf
random_addition,42,40,99,0.0029307583116015687,0.05413647856668892,0.4236176106319579,99,14,inf
random_addition,42,40,100,0.0029281690580100052,0.05411255915228927,0.42412683043554167,100,14,inf
random_addition,42,40,101,0.002980510554077065,0.05459405236907282,0.41383300427908065,101,14,inf
random_addition,42,40,102,0.002818559177702182,0.05309010432935861,0.4456834372905245,102,14,inf
random_addition,42,40,103,0.00275553067189559,0.05249314880911213,0.45807904174255065,103,14,inf
random_addition,42,40,104,0.0027392328595514906,0.05233768106776886,0.4612842777332423,104,14,inf
random_addition,42,40,105,0.0023412263783983353,0.04838622095595331,0.5395588750219078,105,14,inf
random_addition,42,40,106,0.002331021796512726,0.048280656545999105,0.5415657758524697,106,14,inf
random_addition,42,40,107,0.002393064576589801,0.04891895927541592,0.5293640307674857,107,14,inf
random_addition,42,40,108,0.00239039319214772,0.04889164746812813,0.5298894029694692,108,14,inf
random_addition,42,40,109,0.0024600630413497485,0.049599022584621046,0.5161876678277433,109,14,inf
random_addition,42,40,110,0.002451579699217846,0.04951342948350322,0.5178560582195597,110,14,inf
random_addition,42,40,111,0.002546038940094464,0.050458289111844294,0.49927907671315774,111,14,inf
random_addition,42,40,112,0.00254552672764533,0.05045321325391803,0.4993798118144205,112,14,inf
random_addition,42,40,113,0.0025774399582665945,0.05076849375613378,0.4931035439812378,113,14,inf
random_addition,42,40,114,0.002578979738072782,0.05078365621017043,0.4928007206606392,114,14,inf
random_addition,42,40,115,0.0026277572379733776,0.05126165465504774,0.4832078136546907,115,14,inf
random_addition,42,40,116,0.0026497942160864678,0.051476151916071466,0.47887387521664426,116,14,inf
random_addition,42,40,117,0.0027038134414840236,0.05199820613717385,0.4682500956701693,117,14,inf
random_addition,42,40,118,0.002602747751724082,0.05101713194333921,0.48812634527982446,118,14,inf
random_addition,42,40,119,0.0025880506480475585,0.05087288716052548,0.49101677527547816,119,14,inf
random_addition,42,40,120,0.0036529693694035475,0.06043979954800932,0.2815827886283492,120,14,inf
random_addition,42,40,121,0.003657629080057528,0.06047833562572244,0.2806663789913372,121,14,inf
random_addition,42,40,122,0.0036339084336417075,0.06028190801261774,0.28533143881711087,122,14,inf
random_addition,42,40,123,0.0036368858994248305,0.060306599136618795,0.28474587062626266,123,14,inf
random_addition,42,40,124,0.003593223280414784,0.05994350073539903,0.2933328511942115,124,14,inf
random_addition,42,40,125,0.0035929349540214615,0.05994109570254336,0.2933895553771675,125,14,inf
random_addition,42,40,126,0.0035927207690719886,0.059939309047335444,0.29343167841148776,126,14,inf
random_addition,42,40,127,0.003948989258067569,0.06284098390435632,0.22336555179472184,127,14,inf
random_addition,42,40,128,0.003682698244053554,0.06068523909529857,0.2757361107442797,128,14,inf
random_addition,42,40,129,0.003178182207143282,0.056375368798290644,0.3749575844760825,129,14,inf
random_addition,42,40,130,0.0032131359934334707,0.056684530459671895,0.3680833407762023,130,14,inf
random_addition,42,40,131,0.0032133510648713103,0.05668642751903943,0.36804104339919375,131,14,inf
random_addition,42,40,132,0.0025761774744851224,0.05075605850029258,0.4933518324244106,132,14,inf
random_addition,42,40,133,0.00271716499768588,0.05212643281182667,0.46562428997512306,133,14,inf
random_addition,42,40,134,0.0027215155399217526,0.05216814679401361,0.46476868345204925,134,14,inf
random_addition,42,40,135,0.002581497667125845,0.05080844090430098,0.49230552801438154,135,14,inf
random_addition,42,40,136,0.00225900586463683,0.04752900024865692,0.5557289071904857,136,14,inf
random_addition,42,40,137,0.002256093124882309,0.04749834865426702,0.5563017459307777,137,14,inf
random_addition,42,40,138,0.0022769860108039063,0.047717774579331615,0.5521928122597158,138,14,inf
random_addition,42,40,139,0.002174336144978528,0.046629777449378074,0.5723806164530982,139,14,inf
random_addition,42,40,140,0.00220815144272549,0.046990971927866,0.565730275469527,140,14,inf
random_addition,42,40,141,0.0021942678263074523,0.04684301256652322,0.56846071965949,141,14,inf
random_addition,42,40,142,0.0021953302034146325,0.04685435095500345,0.5682517855235626,142,14,inf
random_addition,42,40,143,0.002163030500174371,0.046508391717778964,0.5746040596281192,143,14,inf
random_addition,42,40,144,0.00217431747880359,0.04662957729599948,0.5723842874670022,144,14,inf
random_addition,42,40,145,0.0022535623255232006,0.047471700259451424,0.5567994697368792,145,14,inf
random_addition,42,40,146,0.002254978550016847,0.047486614429930116,0.5565209456244342,146,14,inf
random_addition,42,40,147,0.002418932694780435,0.04918264627671467,0.5242766348835772,147,14,inf
random_addition,42,40,148,0.002509782588390751,0.05009773037165208,0.5064094915761064,148,14,inf
random_addition,42,40,149,0.0025871761694008944,0.050864291692708105,0.491188756052542,149,14,inf
random_addition,42,40,150,0.0026800483819562917,0.05176918370958047,0.47292389007342817,150,14,inf
random_addition,42,41,10,0.00962854819961681,0.0981251659851682,-0.8936142210947935,10,10,inf
random_addition,42,41,11,0.010065664227480701,0.10032778392589313,-0.9795803615212881,11,11,inf
random_addition,42,41,12,0.010078299633489964,0.10039073479903395,-0.982065324364326,12,12,inf
random_addition,42,41,13,0.007648211332979192,0.08745405269613978,-0.5041480237533775,13,13,inf
random_addition,42,41,14,0.005056893904531836,0.07111184081805108,0.005477667695514721,14,14,inf
random_addition,42,41,15,0.004729263342251409,0.06876963968388528,0.06991166949281502,15,14,inf
random_addition,42,41,16,0.0036237621363613077,0.06019769211823081,0.287326877010211,16,14,inf
random_addition,42,41,17,0.005107249707923626,0.07146502436803354,-0.004425638954717481,17,14,inf
random_addition,42,41,18,0.004970038217423814,0.07049849797991312,0.022559283831294907,18,14,inf
random_addition,42,41,19,0.0044281060304192715,0.06654401573709894,0.12913926607842585,19,14,inf
random_addition,42,41,20,0.005753856794677577,0.07585418112851511,-0.13159168201266103,20,14,inf
random_addition,42,41,21,0.006415633346702367,0.0800976488213129,-0.26174105283380844,21,14,inf
random_addition,42,41,22,0.006941294866813273,0.083314433724375,-0.36512113769477783,22,14,inf
random_addition,42,41,23,0.0044203772719468605,0.06648591784691597,0.13065925503744114,23,14,inf
random_addition,42,41,24,0.006017826415163568,0.07757465059646462,-0.18350570029728264,24,14,inf
random_addition,42,41,25,0.0061620225444972325,0.07849855122546678,-0.2118642685333454,25,14,inf
random_addition,42,41,26,0.005958352486745064,0.07719036524557364,-0.1718091626362741,26,14,inf
random_addition,42,41,27,0.004652819678541382,0.06821158023782606,0.08494558797282592,27,14,inf
random_addition,42,41,28,0.006667274502335145,0.08165338022602092,-0.3112304733611857,28,14,inf
random_addition,42,41,29,0.007475008597291571,0.08645813204835952,-0.4700848237121029,29,14,inf
random_addition,42,41,30,0.005725820186441481,0.07566914950256465,-0.12607781647795369,30,14,inf
random_addition,42,41,31,0.007042616961483124,0.08392030124757134,-0.38504781359650697,31,14,inf
random_addition,42,41,32,0.00680646823395972,0.08250132261945696,-0.33860523684858634,32,14,inf
random_addition,42,41,33,0.007579448762510296,0.08706002964914666,-0.49062472007150815,33,14,inf
random_addition,42,41,34,0.007638261884368519,0.08739715032178405,-0.5021912991267123,34,14,inf
random_addition,42,41,35,0.008394857963553425,0.0916234574961752,-0.650988507747023,35,14,inf
random_addition,42,41,36,0.0071525311341603766,0.08457263821213322,-0.4066642646093188,36,14,inf
random_addition,42,41,37,0.007171154253024649,0.08468266796118701,-0.41032681081996447,37,14,inf
random_addition,42,41,38,0.005420464150915426,0.07362380152447594,-0.06602447101178299,38,14,inf
random_addition,42,41,39,0.005531625361502728,0.07437489738818284,-0.08788617278013522,39,14,inf
random_addition,42,41,40,0.005849686774911906,0.07648324506002545,-0.15043824222266022,40,14,inf
random_addition,42,41,41,0.005332444407041446,0.07302358801812908,-0.04871392374324235,41,14,inf
random_addition,42,41,42,0.005403165299937398,0.07350622626646941,-0.06262236411659217,42,14,inf
random_addition,42,41,43,0.006064354204337796,0.07787396358435723,-0.1926561642540321,43,14,inf
random_addition,42,41,44,0.005500495741899236,0.07416532708684859,-0.08176401509277076,44,14,inf
random_addition,42,41,45,0.0056718125115366325,0.07531143679107863,-0.11545630852806821,45,14,inf
random_addition,42,41,46,0.005565051115816256,0.07459927020967602,-0.09445990356557554,46,14,inf
random_addition,42,41,47,0.004884910605775263,0.06989213550733203,0.03930104517304578,47,14,inf
random_addition,42,41,48,0.004276268851879447,0.06539318658606144,0.15900057378682608,48,14,inf
random_addition,42,41,49,0.004181578166636731,0.06466512326313723,0.1776230726790219,49,14,inf
random_addition,42,41,50,0.004273189823236082,0.06536963991973707,0.15960611600413221,50,14,inf
random_addition,42,41,51,0.0044535796105296946,0.066735145242441,0.12412946267304703,51,14,inf
random_addition,42,41,52,0.003948660439962214,0.06283836757875091,0.22343021934662533,52,14,inf
random_addition,42,41,53,0.004044076495071573,0.063593053827219,0.20466506440010523,53,14,inf
random_addition,42,41,54,0.0045582535997034926,0.0675148398480178,0.10354358094208005,54,14,inf
random_addition,42,41,55,0.00414934215810665,0.06441538758795641,0.18396282015895082,55,14,inf
random_addition,42,41,56,0.0041533742347571005,0.06444667745320236,0.18316984519247126,56,14,inf
random_addition,42,41,57,0.004198404051459294,0.06479509280384814,0.17431398244839136,57,14,inf
random_addition,42,41,58,0.004087975617579781,0.0639372787783448,0.19603157148385908,58,14,inf
random_addition,42,41,59,0.004028492016166464,0.06347040267846474,0.20773001150025483,59,14,inf
random_addition,42,41,60,0.0037418817566626426,0.061170922476799734,0.2640966881846696,60,14,inf
random_addition,42,41,61,0.0037454620709943256,0.06120018031831545,0.26339255979543497,61,14,inf
random_addition,42,41,62,0.0038546346866108,0.06208570436590697,0.2419219483180267,62,14,inf
random_addition,42,41,63,0.004106073082721788,0.0640786476349321,0.19247240382449848,63,14,inf
random_addition,42,41,64,0.0041012157481894575,0.06404073506909065,0.19342767948562067,64,14,inf
random_addition,42,41,65,0.004466733312762027,0.06683362411811906,0.12154256825336884,65,14,inf
random_addition,42,41,66,0.004273189051531975,0.06536963401711819,0.1596062677725858,66,14,inf
random_addition,42,41,67,0.004746028695344037,0.06889142686389967,0.06661448383411517,67,14,inf
random_addition,42,41,68,0.004854570324673938,0.06967474667821863,0.04526796630948149,68,14,inf
random_addition,42,41,69,0.005013374424496739,0.0708051864237129,0.014036497602228137,69,14,inf
random_addition,42,41,70,0.005030331314958316,0.07092482862128266,0.010701642932770539,70,14,inf
random_addition,42,41,71,0.004869000980402738,0.06977822712281201,0.04242993773640269,71,14,inf
random_addition,42,41,72,0.004599309626301363,0.0678182101378484,0.09546923014530384,72,14,inf
random_addition,42,41,73,0.004419329985117406,0.06647804137546026,0.1308652214191538,73,14,inf
random_addition,42,41,74,0.004223027774150949,0.06498482726106879,0.16947131764591683,74,14,inf
random_addition,42,41,75,0.0033969070390747237,0.05828299099286793,0.33194170672740697,75,14,inf
random_addition,42,41,76,0.0034086799076251456,0.05838390109974791,0.32962637622814794,76,14,inf
random_addition,42,41,77,0.00346686420838862,0.05888008329128467,0.3181834653047175,77,14,inf
random_addition,42,41,78,0.00351865639789769,0.05931826361162041,0.30799766942326634,78,14,inf
random_addition,42,41,79,0.003493846204023055,0.0591087658814076,0.31287700688672704,79,14,inf
random_addition,42,41,80,0.00349331478523787,0.059104270448402205,0.3129815192335649,80,14,inf
random_addition,42,41,81,0.0036074626041099527,0.060062156172667934,0.2905324512492834,81,14,inf
random_addition,42,41,82,0.0036026161216185086,0.06002179705422447,0.29148559267598895,82,14,inf
random_addition,42,41,83,0.003639151970607192,0.060325384131451595,0.2843002100211567,83,14,inf
random_addition,42,41,84,0.0036095965381076323,0.06007991792693822,0.29011277762028875,84,14,inf
random_addition,42,41,85,0.0036366380472778424,0.06030454416773119,0.28479461487519153,85,14,inf
random_addition,42,41,86,0.0036387027717307897,0.060321660883390714,0.2843885524548051,86,14,inf
random_addition,42,41,87,0.0037271712780613856,0.06105056329028739,0.2669897485818289,87,14,inf
random_addition,42,41,88,0.0037074012869928027,0.06088843311329996,0.2708778462952387,88,14,inf
random_addition,42,41,89,0.003713788175895692,0.06094085801739004,0.269621758315584,89,14,inf
random_addition,42,41,90,0.0036276925762830188,0.06023032937219436,0.28655389059765846,90,14,inf
random_addition,42,41,91,0.003964349575079599,0.06296308104817933,0.22034468986086742,91,14,inf
random_addition,42,41,92,0.003923126218993632,0.06263486424503235,0.2284519487858161,92,14,inf
random_addition,42,41,93,0.003923086906871777,0.06263455042444048,0.22845968016872675,93,14,inf
random_addition,42,41,94,0.0037390201287052045,0.061147527576388604,0.2646594749395724,94,14,inf
random_addition,42,41,95,0.003760749347459334,0.06132494881742123,0.2603860625005364,95,14,inf
random_addition,42,41,96,0.0037345067277486585,0.061110610598722206,0.2655471103400119,96,14,inf
random_addition,42,41,97,0.004935916029490378,0.07025607468034617,0.029269979876644148,97,14,inf
random_addition,42,41,98,0.005199006989336935,0.07210413989041776,-0.022471235172447646,98,14,inf
random_addition,42,41,99,0.005153113103735864,0.07178518721669438,-0.01344543890142269,99,14,inf
random_addition,42,41,100,0.004022830834545894,0.0634257899796754,0.20884337706717782,100,14,inf
random_addition,42,41,101,0.00402761875507636,0.06346352302761296,0.20790175282456114,101,14,inf
random_addition,42,41,102,0.0038867502651280653,0.06234380695087576,0.23560588540405591,102,14,inf
random_addition,42,41,103,0.003929284677262708,0.06268400655081571,0.2272407854913534,103,14,inf
random_addition,42,41,104,0.003927701656415863,0.06267137828718834,0.22755211288212185,104,14,inf
random_addition,42,41,105,0.004013582263896459,0.06335283943041906,0.2106622623802581,105,14,inf
random_addition,42,41,106,0.003932065836827219,0.06270618659133419,0.22669382418490214,106,14,inf
random_addition,42,41,107,0.003921195404943317,0.06261944909485644,0.22883167549727523,107,14,inf
random_addition,42,41,108,0.003892072166535054,0.062386474227472205,0.234559244936707,108,14,inf
random_addition,42,41,109,0.003873510094866641,0.06223752963338633,0.23820978520047031,109,14,inf
random_addition,42,41,110,0.0038563839641608255,0.06209979037131144,0.24157792378009046,110,14,inf
random_addition,42,41,111,0.0038467478856346964,0.062022156409098646,0.24347301896519735,111,14,inf
random_addition,42,41,112,0.003892780762846001,0.06239215305505975,0.2344198876812198,112,14,inf
random_addition,42,41,113,0.0037729562574012757,0.06142439464415808,0.2579853705392495,113,14,inf
random_addition,42,41,114,0.003752828351460813,0.06126033260977949,0.2619438581678658,114,14,inf
random_addition,42,41,115,0.003751401955159995,0.06124868941585603,0.26222438273544835,115,14,inf
random_addition,42,41,116,0.0036016159122354897,0.06001346442453968,0.29168230049449817,116,14,inf
random_addition,42,41,117,0.003676824023090144,0.06063682068751745,0.27689137404291586,117,14,inf
random_addition,42,41,118,0.003704654353980155,0.06086587183290941,0.2714180763807412,118,14,inf
random_addition,42,41,119,0.0036420370207401547,0.06034929179982276,0.2837328169056954,119,14,inf
random_addition,42,41,120,0.003631646333903108,0.06026314241643152,0.2857763183717168,120,14,inf
random_addition,42,41,121,0.0036229170694577783,0.060190672611774146,0.28749307347858033,121,14,inf
random_addition,42,41,122,0.0036300361206416604,0.06024978108376544,0.28609299360329465,122,14,inf
random_addition,42,41,123,0.0036425866880356603,0.06035384567726949,0.2836247156856505,123,14,inf
random_addition,42,41,124,0.0032478652790115872,0.05699004543787965,0.36125324887701016,124,14,inf
random_addition,42,41,125,0.003355293846736467,0.05792489833168865,0.3401256334381869,125,14,inf
random_addition,42,41,126,0.0033623997651902734,0.05798620323137456,0.3387281363327974,126,14,inf
random_addition,42,41,127,0.0035357950197434235,0.05946255140627102,0.3046270742531306,127,14,inf
random_addition,42,41,128,0.0035652737560598613,0.059709913381781596,0.29882959023462285,128,14,inf
random_addition,42,41,129,0.003158515091414636,0.05620066806911316,0.378825450042063,129,14,inf
random_addition,42,41,130,0.003175080162370912,0.056347849669449786,0.37556765319814245,130,14,inf
random_addition,42,41,131,0.003415175419003462,0.058439502213857554,0.3283489258312384,131,14,inf
random_addition,42,41,132,0.003383990249874424,0.058172074484879974,0.3344820082571376,132,14,inf
random_addition,42,41,133,0.0033862770338075033,0.05819172650650179,0.33403227414494585,133,14,inf
random_addition,42,41,134,0.0033724236872834483,0.05807257259053923,0.3367567652565704,134,14,inf
random_addition,42,41,135,0.003351447149637176,0.057891684632917495,0.34088215043124215,135,14,inf
random_addition,42,41,136,0.003502283456271983,0.05918009341216,0.31121768083732637,136,14,inf
random_addition,42,41,137,0.003456541591096226,0.05879235997216157,0.3202135797621156,137,14,inf
random_addition,42,41,138,0.003427365361931137,0.05854370471648627,0.32595157071563574,138,14,inf
random_addition,42,41,139,0.003428834966108213,0.05855625471380673,0.32566254860021415,139,14,inf
random_addition,42,41,140,0.0034426278980414808,0.05867391156247793,0.32294993902315783,140,14,inf
random_addition,42,41,141,0.0034826451115414978,0.05901393997642843,0.3150798881077733,141,14,inf
random_addition,42,41,142,0.003453741148591271,0.05876853876515283,0.3207643333796706,142,14,inf
random_addition,42,41,143,0.003366135316745346,0.058018404982775475,0.3379934779604584,143,14,inf
random_addition,42,41,144,0.0031914706165841267,0.056493102380592686,0.37234419764234206,144,14,inf
random_addition,42,41,145,0.0032629820212375046,0.05712251763742127,0.35828028997789385,145,14,inf
random_addition,42,41,146,0.003218763094232223,0.0567341439895961,0.36697667776998966,146,14,inf
random_addition,42,41,147,0.0031265098335160136,0.05591520216824771,0.38511981657065864,147,14,inf
random_addition,42,41,148,0.003098183187189554,0.055661325776427156,0.39069072292202756,148,14,inf
random_addition,42,41,149,0.0029499042860636304,0.05431302133064989,0.4198522361677661,149,14,inf
random_addition,42,41,150,0.0026800483819562917,0.05176918370958047,0.47292389007342817,150,14,inf
random_addition,42,42,10,0.00962854819961681,0.0981251659851682,-0.8936142210947935,10,10,inf
random_addition,42,42,11,0.008775871039134452,0.09367961912355564,-0.7259210690621352,11,11,inf
random_addition,42,42,12,0.01624216108755048,0.1274447373866433,-2.194291245062478,12,12,inf
random_addition,42,42,13,0.01209891146974661,0.10999505202392793,-1.3794522646509546,13,13,inf
random_addition,42,42,14,0.022868780459231196,0.15122427205720382,-3.4975262104850158,14,14,inf
random_addition,42,42,15,0.027060914440897345,0.16450201956479849,-4.321979114478754,15,14,inf
random_addition,42,42,16,0.006755210016576153,0.08219008466096231,-0.32852445547083375,16,14,inf
random_addition,42,42,17,0.0073539786836213025,0.08575534201215282,-0.44628227726870273,17,14,inf
random_addition,42,42,18,0.004741468442916082,0.06885832152264591,0.067511333356009,18,14,inf
random_addition,42,42,19,0.006258101503553074,0.0791081633180361,-0.23075979457156626,19,14,inf
random_addition,42,42,20,0.007052052779798372,0.08397650135483362,-0.38690352427884345,20,14,inf
random_addition,42,42,21,0.007784216254860758,0.08822820555163047,-0.5308956547434855,21,14,inf
random_addition,42,42,22,0.007790794124111851,0.08826547526701395,-0.5321893021864996,22,14,inf
random_addition,42,42,23,0.008741962882817353,0.09349846460138986,-0.7192524658955934,23,14,inf
random_addition,42,42,24,0.010805613082447232,0.10395005090160962,-1.1251036164916681,24,14,inf
random_addition,42,42,25,0.010406011693034005,0.10200986076372227,-1.0465153539546184,25,14,inf
random_addition,42,42,26,0.010208207832582559,0.10103567603862786,-1.0076139333694036,26,14,inf
random_addition,42,42,27,0.010584286362620017,0.10287996093807587,-1.0815760341932532,27,14,inf
random_addition,42,42,28,0.010180940788789342,0.10090064810886669,-1.0022514154878288,28,14,inf
random_addition,42,42,29,0.00923150707727056,0.09608073208125842,-0.8155294776789357,29,14,inf
random_addition,42,42,30,0.008452464219712226,0.09193728416541477,-0.6623177365803663,30,14,inf
random_addition,42,42,31,0.00843743870996758,0.09185553173308388,-0.6593627200667873,31,14,inf
random_addition,42,42,32,0.008145917889082395,0.09025473887327133,-0.602030299775701,32,14,inf
random_addition,42,42,33,0.008235311076462127,0.09074861473577504,-0.6196109575635478,33,14,inf
random_addition,42,42,34,0.008254631371045245,0.09085500190438194,-0.6234106149802068,34,14,inf
random_addition,42,42,35,0.00815517646619119,0.09030601567000501,-0.6038511530255204,35,14,inf
random_addition,42,42,36,0.009275152312795059,0.09630759218667581,-0.824113039495193,36,14,inf
random_addition,42,42,37,0.00995266115893566,0.09976302500894638,-0.9573564277372981,37,14,inf
random_addition,42,42,38,0.010054054509396447,0.10026990829454491,-0.977297117276001,38,14,inf
random_addition,42,42,39,0.009973010842278626,0.09986496303648555,-0.9613585315824607,39,14,inf
random_addition,42,42,40,0.009376926954929544,0.09683453389638194,-0.8441287163861664,40,14,inf
random_addition,42,42,41,0.008466294550224433,0.09201246953660375,-0.6650377012102779,41,14,inf
random_addition,42,42,42,0.00815795644428793,0.09032140634582662,-0.6043978819766753,42,14,inf
random_addition,42,42,43,0.008143558407538103,0.0902416666930421,-0.6015662684685865,43,14,inf
random_addition,42,42,44,0.00925661393144656,0.09621129835651612,-0.8204671583270444,44,14,inf
random_addition,42,42,45,0.009307362491683771,0.09647467279905007,-0.8304477071463452,45,14,inf
random_addition,42,42,46,0.00928682364483914,0.09636816717588408,-0.8264084011509274,46,14,inf
random_addition,42,42,47,0.009310118909676854,0.09648895744942451,-0.8309898026110791,47,14,inf
random_addition,42,42,48,0.009021752464718364,0.09498290617115462,-0.7742777428343333,48,14,inf
random_addition,42,42,49,0.0070088612366414615,0.08371894192261069,-0.37840918861604744,49,14,inf
random_addition,42,42,50,0.006958492182931726,0.08341757718210069,-0.368503276070308,50,14,inf
random_addition,42,42,51,0.0067283607589904175,0.08202658568409646,-0.3232441021988617,51,14,inf
random_addition,42,42,52,0.006818815635677937,0.08257612025082031,-0.3410335588554405,52,14,inf
random_addition,42,42,53,0.006585434482851174,0.08115068997150408,-0.2951352717236544,53,14,inf
random_addition,42,42,54,0.0036605162555848245,0.06050220041936347,0.28009856788171383,54,14,inf
random_addition,42,42,55,0.003438928052676498,0.058642374207363894,0.3236775751790699,55,14,inf
random_addition,42,42,56,0.0032648700844820863,0.057139041683266674,0.3579089709237493,56,14,inf
random_addition,42,42,57,0.0034492247161678298,0.058730100597290225,0.32165256496851824,57,14,inf
random_addition,42,42,58,0.003414404666589887,0.05843290739463412,0.3285005071185759,58,14,inf
random_addition,42,42,59,0.0034362537964878572,0.05861956837514123,0.32420351215779974,59,14,inf
random_addition,42,42,60,0.0032078083247808996,0.056637516936928825,0.3691311154683611,60,14,inf
random_addition,42,42,61,0.0032090466459624442,0.05664844786896146,0.3688875790025261,61,14,inf
random_addition,42,42,62,0.003206830705867774,0.05662888579044951,0.36932338049506364,62,14,inf
random_addition,42,42,63,0.003196612597809169,0.05653859387895289,0.37133294147261864,63,14,inf
random_addition,42,42,64,0.003212396892909146,0.05667801066471146,0.3682286971928358,64,14,inf
random_addition,42,42,65,0.0030990105031179775,0.05566875697478773,0.39052801747828647,65,14,inf
random_addition,42,42,66,0.0031701342001953974,0.056303944801367134,0.3765403589600479,66,14,inf
random_addition,42,42,67,0.0032014519176873655,0.056581374300094245,0.37038120869299307,67,14,inf
random_addition,42,42,68,0.003258600832495298,0.057084155704497354,0.3591419236463915,68,14,inf
random_addition,42,42,69,0.003147435724932065,0.05610201177259212,0.38100439181990575,69,14,inf
random_addition,42,42,70,0.0031588195042178613,0.05620337627062863,0.3787655821989241,70,14,inf
random_addition,42,42,71,0.00319779619785752,0.056549060097030084,0.3711001668281779,71,14,inf
random_addition,42,42,72,0.0031342110694017864,0.05598402512683227,0.3836052403862775,72,14,inf
random_addition,42,42,73,0.0031317948948832177,0.0559624418238091,0.3840804213101463,73,14,inf
random_addition,42,42,74,0.002980885866157746,0.05459748955911568,0.41375919291327634,74,14,inf
random_addition,42,42,75,0.002976613766882171,0.05455835194433727,0.4145993723229281,75,14,inf
random_addition,42,42,76,0.002662503419790297,0.051599451739241346,0.476374398828987,76,14,inf
random_addition,42,42,77,0.002592246288934799,0.05091410697375335,0.49019163268014876,77,14,inf
random_addition,42,42,78,0.002627320392690333,0.051257393541715844,0.4832937265486432,78,14,inf
random_addition,42,42,79,0.0028943566207771635,0.05379922509457886,0.43077660885141256,79,14,inf
random_addition,42,42,80,0.0028966577081193557,0.0538206067238131,0.43032406173581217,80,14,inf
random_addition,42,42,81,0.0032965284167476216,0.05741540226060967,0.3516828330936923,81,14,inf
random_addition,42,42,82,0.00338781631772317,0.05820495097260344,0.3337295483494698,82,14,inf
random_addition,42,42,83,0.0034251652788753217,0.05852491160929098,0.32638425365762347,83,14,inf
random_addition,42,42,84,0.00423569437240603,0.06508221241173374,0.1669802203287044,84,14,inf
random_addition,42,42,85,0.0040999590568716405,0.06403092266141135,0.19367482874442987,85,14,inf
random_addition,42,42,86,0.0036529912409852773,0.06043998048465334,0.28157848721786216,86,14,inf
random_addition,42,42,87,0.0035524717286234187,0.05960261511564252,0.3013473219538719,87,14,inf
random_addition,42,42,88,0.0034872111593904423,0.05905261348484453,0.314181898819907,88,14,inf
random_addition,42,42,89,0.0036048544694799157,0.06004044028386131,0.29104538432326077,89,14,inf
random_addition,42,42,90,0.003518902716712676,0.0593203398229703,0.30794922672959,90,14,inf
random_addition,42,42,91,0.0036300904766424177,0.06025023217085904,0.28608230359126985,91,14,inf
random_addition,42,42,92,0.0033965345442918717,0.05827979533502045,0.33201496402471387,92,14,inf
random_addition,42,42,93,0.0033617269742663262,0.05798040163940162,0.3388604518631346,93,14,inf
random_addition,42,42,94,0.003336144423871882,0.05775936654666394,0.34389168608811593,94,14,inf
random_addition,42,42,95,0.0033417501282322704,0.05780787254546106,0.3427892310475411,95,14,inf
random_addition,42,42,96,0.0033213320731815044,0.05763099923809672,0.34680478132673753,96,14,inf
random_addition,42,42,97,0.0032552894301898076,0.057055143766270605,0.3597931660110184,97,14,inf
random_addition,42,42,98,0.003596732861221529,0.059972767663511485,0.2926426337296514,98,14,inf
random_addition,42,42,99,0.0036540149706431034,0.06044844886879318,0.2813771537459382,99,14,inf
random_addition,42,42,100,0.003306372746143836,0.05750106734786613,0.34974678190971886,100,14,inf
random_addition,42,42,101,0.0033259942226038864,0.057671433332317015,0.34588789206533854,101,14,inf
random_addition,42,42,102,0.003187731554860329,0.056459999600250874,0.3730795463477695,102,14,inf
random_addition,42,42,103,0.003192759074292247,0.056504504902638045,0.3720908009942916,103,14,inf
random_addition,42,42,104,0.0031194625085672408,0.055852148647722054,0.3865057902882959,104,14,inf
random_addition,42,42,105,0.0031326075189769416,0.055969701794604386,0.3839206052601689,105,14,inf
random_addition,42,42,106,0.003132402264480489,0.055967868143073744,0.3839609719723013,106,14,inf
random_addition,42,42,107,0.0031200475481756576,0.05585738579790194,0.3863907325143269,107,14,inf
random_addition,42,42,108,0.003101839047500897,0.055694156313754295,0.3899717371588186,108,14,inf
random_addition,42,42,109,0.003041722928078993,0.05515181708773514,0.4017945723666104,109,14,inf
random_addition,42,42,110,0.0030199806876612385,0.05495435094386284,0.4060705457324768,110,14,inf
random_addition,42,42,111,0.0030512969650010927,0.05523854600730447,0.3999116786952991,111,14,inf
random_addition,42,42,112,0.0030482705213045287,0.05521114490122921,0.4005068792078109,112,14,inf
random_addition,42,42,113,0.0030388616840698697,0.055125871277194975,0.4023572836116883,113,14,inf
random_addition,42,42,114,0.0032596211204600927,0.057093091705215024,0.3589412670406714,114,14,inf
random_addition,42,42,115,0.0031975957863063947,0.056547288054392096,0.3711395810945257,115,14,inf
random_addition,42,42,116,0.0032672278895312505,0.0571596701314069,0.3574452693272985,116,14,inf
random_addition,42,42,117,0.002980424443786338,0.05459326372169316,0.41384993930061476,117,14,inf
random_addition,42,42,118,0.002971711736164148,0.054513408774026856,0.4155634382327047,118,14,inf
random_addition,42,42,119,0.0029729442151499833,0.0545247119676022,0.4153210507318693,119,14,inf
random_addition,42,42,120,0.0029369582641573474,0.05419371055904317,0.42239828679555624,120,14,inf
random_addition,42,42,121,0.002936880150126382,0.05419298986147915,0.4224136492195517,121,14,inf
random_addition,42,42,122,0.0028563043004792843,0.05344440382752234,0.43826023082305987,122,14,inf
random_addition,42,42,123,0.0026711593994706738,0.051683260340952504,0.4746720563905993,123,14,inf
random_addition,42,42,124,0.0026793769444347555,0.051762698388267546,0.47305593943466084,124,14,inf
random_addition,42,42,125,0.0024852361678929596,0.049852143062189005,0.5112369536158603,125,14,inf
random_addition,42,42,126,0.0025064718258531117,0.050064676428127564,0.5070606081197397,126,14,inf
random_addition,42,42,127,0.0026333860190757095,0.05131652773791023,0.48210082018881906,127,14,inf
random_addition,42,42,128,0.0025841855148764315,0.05083488482210254,0.4917769180288335,128,14,inf
random_addition,42,42,129,0.002666845274654542,0.051641507284882204,0.4755205008221005,129,14,inf
random_addition,42,42,130,0.0023996046266150477,0.048985759426746135,0.5280778211045407,130,14,inf
random_addition,42,42,131,0.002329616676918317,0.048266102773253994,0.5418421160016957,131,14,inf
random_addition,42,42,132,0.0023144003674597713,0.04810821517641006,0.5448346564538926,132,14,inf
random_addition,42,42,133,0.002302950174259169,0.04798906306919493,0.5470865274763388,133,14,inf
random_addition,42,42,134,0.0025439365332757405,0.05043745169292101,0.4996925499978031,134,14,inf
random_addition,42,42,135,0.0025432905182958825,0.050431047166362535,0.49981959959318734,135,14,inf
random_addition,42,42,136,0.0024793794642808857,0.04979336767362583,0.51238877183587,136,14,inf
random_addition,42,42,137,0.0025014402378454844,0.05001440030476707,0.5080501536263315,137,14,inf
random_addition,42,42,138,0.0025162860949302,0.05016259657284698,0.5051304687977218,138,14,inf
random_addition,42,42,139,0.0024871020173567277,0.04987085338508584,0.5108700032713469,139,14,inf
random_addition,42,42,140,0.002498900719933756,0.049989005990655144,0.5085495920808812,140,14,inf
random_addition,42,42,141,0.0024972610816611516,0.04997260331082574,0.508872054230531,141,14,inf
random_addition,42,42,142,0.0024975755382827193,0.04997574950196064,0.5088102111033873,142,14,inf
random_addition,42,42,143,0.002700372531541092,0.05196510878985141,0.4689268078666873,143,14,inf
random_addition,42,42,144,0.0024832983682796543,0.04983270380261996,0.5116180541545201,144,14,inf
random_addition,42,42,145,0.0025135239062172277,0.05013505665916044,0.5056736991705458,145,14,inf
random_addition,42,42,146,0.0027411833478351967,0.05235631144222439,0.4609006817564104,146,14,inf
random_addition,42,42,147,0.002829264059812174,0.053190826838959496,0.4435781440959149,147,14,inf
random_addition,42,42,148,0.002837144080301453,0.05326484844906116,0.44202840694430445,148,14,inf
random_addition,42,42,149,0.002706519321265803,0.05202421860312563,0.46771793938563677,149,14,inf
random_addition,42,42,150,0.0026800483819562917,0.05176918370958047,0.47292389007342817,150,14,inf
random_addition,42,43,10,0.00962854819961681,0.0981251659851682,-0.8936142210947935,10,10,inf
random_addition,42,43,11,0.010765227209267116,0.10375561290487911,-1.1171610625157489,11,11,inf
random_addition,42,43,12,0.009563203287885479,0.0977916319931592,-0.88076305687301,12,12,inf
random_addition,42,43,13,0.010252571442560508,0.10125498230981282,-1.0163387754755777,13,13,inf
random_addition,42,43,14,0.010427793348173233,0.10211656745197242,-1.050799078881318,14,14,inf
random_addition,42,43,15,0.006995034611156764,0.08363632351530502,-0.3756899526414468,15,14,inf
random_addition,42,43,16,0.007263323525052705,0.08522513435045265,-0.4284534318475486,16,14,inf
random_addition,42,43,17,0.003965159070961309,0.06296950905764875,0.22018548902583557,17,14,inf
random_addition,42,43,18,0.006888230341158821,0.08299536337144878,-0.3546851157388491,18,14,inf
random_addition,42,43,19,0.004957668397904626,0.07041071223829955,0.02499201467173895,19,14,inf
random_addition,42,43,20,0.007221246640814324,0.0849779185483754,-0.4201783124088436,20,14,inf
random_addition,42,43,21,0.007339083460460032,0.08566845078825712,-0.44335288377969406,21,14,inf
random_addition,42,43,22,0.007563172832020489,0.08696650408071195,-0.4874237875115739,22,14,inf
random_addition,42,43,23,0.007880089124487233,0.08876986608352652,-0.5497506498661235,23,14,inf
random_addition,42,43,24,0.007940087774258421,0.08910717016188104,-0.5615503827124242,24,14,inf
random_addition,42,43,25,0.007650510796476978,0.08746719840304124,-0.5046002515129548,25,14,inf
random_addition,42,43,26,0.007436640800647798,0.08623596002044505,-0.46253915806755486,26,14,inf
random_addition,42,43,27,0.005951405920664294,0.07714535579452786,-0.17044300482664254,27,14,inf
random_addition,42,43,28,0.0056146187173185536,0.07493075948713288,-0.10420819719867458,28,14,inf
random_addition,42,43,29,0.005512002570162923,0.07424286208224279,-0.08402702434277187,29,14,inf
random_addition,42,43,30,0.0054719785171035385,0.07397282282773544,-0.0761556283142284,30,14,inf
random_addition,42,43,31,0.006246306918604104,0.07903358095521235,-0.22844019318117526,31,14,inf
random_addition,42,43,32,0.006213387664135416,0.07882504465038644,-0.22196607401830626,32,14,inf
random_addition,42,43,33,0.006270612288337622,0.079187197755304,-0.2332202485770849,33,14,inf
random_addition,42,43,34,0.0062594784594721025,0.07911686583448628,-0.23103059586538932,34,14,inf
random_addition,42,43,35,0.006178698060783041,0.0786046949029321,-0.21514378628911257,35,14,inf
random_addition,42,43,36,0.0061305406239587825,0.07829776895901173,-0.20567282500488493,36,14,inf
random_addition,42,43,37,0.01248995801171628,0.11175848071496086,-1.456358074086813,37,14,inf
random_addition,42,43,38,0.012987640187114655,0.11396332825569222,-1.5542355552378408,38,14,inf
random_addition,42,43,39,0.012067865623817056,0.10985383754706549,-1.3733465824505515,39,14,inf
random_addition,42,43,40,0.012206691732614506,0.11048389806942234,-1.4006490467918078,40,14,inf
random_addition,42,43,41,0.011400841111366272,0.1067747213125198,-1.242165112886335,41,14,inf
random_addition,42,43,42,0.011396756324449,0.10675559153716024,-1.2413617715687937,42,14,inf
random_addition,42,43,43,0.011986243976070805,0.10948170612513675,-1.3572943272489169,43,14,inf
random_addition,42,43,44,0.01255652568158593,0.11205590426919025,-1.4694497140430145,44,14,inf
random_addition,42,43,45,0.012204018071884787,0.11047179763127234,-1.4001232269199835,45,14,inf
random_addition,42,43,46,0.012047087732155237,0.10975922618238176,-1.3692602643141631,46,14,inf
random_addition,42,43,47,0.012620439834736003,0.11234073096938618,-1.4820194957821786,47,14,inf
random_addition,42,43,48,0.011762697002096381,0.10845596803355904,-1.3133300950277476,48,14,inf
random_addition,42,43,49,0.010622677256079429,0.10306637306163165,-1.089126242210924,49,14,inf
random_addition,42,43,50,0.010212029037481495,0.10105458444564251,-1.0083654368970723,50,14,inf
random_addition,42,43,51,0.010268933048100063,0.1013357441779556,-1.0195565574596652,51,14,inf
random_addition,42,43,52,0.010131960612595524,0.10065764060713685,-0.9926186488163138,52,14,inf
random_addition,42,43,53,0.010512629123949891,0.102531112955775,-1.0674834458427545,53,14,inf
random_addition,42,43,54,0.010763609517510821,0.10374781692889166,-1.1168429165137184,54,14,inf
random_addition,42,43,55,0.009902592537630737,0.09951177084963736,-0.9475096002231165,55,14,inf
random_addition,42,43,56,0.009853268888003872,0.09926363326014151,-0.9378092837856451,56,14,inf
random_addition,42,43,57,0.010768938284837572,0.10377349509791782,-1.1178909072784364,57,14,inf
random_addition,42,43,58,0.010784597786521128,0.10384891808064795,-1.1209706088563354,58,14,inf
random_addition,42,43,59,0.01089378600694276,0.10437330121703903,-1.1424442892783397,59,14,inf
random_addition,42,43,60,0.010717064032782922,0.10352325358480056,-1.107688972431888,60,14,inf
random_addition,42,43,61,0.0112855207091118,0.10623333144127506,-1.2194854368682901,61,14,inf
random_addition,42,43,62,0.011832445005803343,0.10877704264137421,-1.327047200553348,62,14,inf
random_addition,42,43,63,0.012034670590878972,0.10970264623462359,-1.3668182268627622,63,14,inf
random_addition,42,43,64,0.012262265768696044,0.11073511533698804,-1.411578605731111,64,14,inf
random_addition,42,43,65,0.012559861277351583,0.11207078690431144,-1.4701057144541578,65,14,inf
random_addition,42,43,66,0.012688774663583768,0.11264446130895103,-1.4954586769566944,66,14,inf
random_addition,42,43,67,0.013070812592625606,0.11432765454003509,-1.5705927927582874,67,14,inf
random_addition,42,43,68,0.013032515798791564,0.11416004466884008,-1.5630610909977496,68,14,inf
random_addition,42,43,69,0.01068736851254016,0.10337972969852534,-1.1018488542470157,69,14,inf
random_addition,42,43,70,0.010356377531584205,0.10176628877769006,-1.0367539702002952,70,14,inf
random_addition,42,43,71,0.010364795544563288,0.10180763991254924,-1.0384095125271422,71,14,inf
random_addition,42,43,72,0.010352868216161524,0.10174904528378398,-1.0360638049279274,72,14,inf
random_addition,42,43,73,0.010004580846752754,0.10002290161134476,-0.9675672982825756,73,14,inf
random_addition,42,43,74,0.009990805527417494,0.09995401706493588,-0.9648581525159887,74,14,inf
random_addition,42,43,75,0.007070132951493514,0.08408408262860168,-0.3904592908941178,75,14,inf
random_addition,42,43,76,0.007111716170299797,0.08433099175451335,-0.3986373228110798,76,14,inf
random_addition,42,43,77,0.0070147471889404015,0.08375408759541472,-0.3795667590770233,77,14,inf
random_addition,42,43,78,0.006742318887791199,0.08211162455944468,-0.32598920048876634,78,14,inf
random_addition,42,43,79,0.006735170065811145,0.08206808189430984,-0.3245832656910319,79,14,inf
random_addition,42,43,80,0.006664933728435072,0.08163904536699992,-0.3107701212235996,80,14,inf
random_addition,42,43,81,0.006297282919024631,0.07935542148476454,-0.23846547189709666,81,14,inf
random_addition,42,43,82,0.006396604768844079,0.07997877699017458,-0.25799876636521124,82,14,inf
random_addition,42,43,83,0.006816606516069546,0.08256274290543857,-0.3405990987250218,83,14,inf
random_addition,42,43,84,0.006842454561951018,0.08271913056815224,-0.3456825470553333,84,14,inf
random_addition,42,43,85,0.006124637330418705,0.07826006216723,-0.20451184410028378,85,14,inf
random_addition,42,43,86,0.0060619481881081395,0.07785851390893703,-0.1921829811267104,86,14,inf
random_addition,42,43,87,0.005760974751556995,0.07590108531211523,-0.13299154667476465,87,14,inf
random_addition,42,43,88,0.005452960196483151,0.0738441615598901,-0.07241535910214303,88,14,inf
random_addition,42,43,89,0.0053993258795876535,0.07348010533190363,-0.06186727821741922,89,14,inf
random_addition,42,43,90,0.005467734148064327,0.07394412855706886,-0.07532090251698453,90,14,inf
random_addition,42,43,91,0.005396593521596925,0.07346151047723512,-0.06132991455250347,91,14,inf
random_addition,42,43,92,0.005681117389437541,0.0753731874703302,-0.11728626759909533,92,14,inf
random_addition,42,43,93,0.005314394354841879,0.07289989269430977,-0.04516408062795674,93,14,inf
random_addition,42,43,94,0.005220889280207534,0.07225572143579727,-0.02677475179028499,94,14,inf
random_addition,42,43,95,0.004762341712952553,0.06900972187273727,0.06340625747516271,95,14,inf
random_addition,42,43,96,0.004802619044808311,0.06930093105296863,0.055485049956790045,96,14,inf
random_addition,42,43,97,0.004740858703301247,0.06885389388626649,0.06763124879724469,97,14,inf
random_addition,42,43,98,0.004886310316424163,0.06990214815314451,0.03902576878295816,98,14,inf
random_addition,42,43,99,0.004876882675274066,0.06983468103509936,0.04087987128970105,99,14,inf
random_addition,42,43,100,0.00479107559531043,0.06921759599488002,0.05775526138186726,100,14,inf
random_addition,42,43,101,0.00494818053767855,0.07034330485325914,0.026857960261809533,101,14,inf
random_addition,42,43,102,0.003971991666606304,0.06302373891325637,0.2188417453988506,102,14,inf
random_addition,42,43,103,0.003990774379794517,0.06317257616873415,0.21514781230877578,103,14,inf
random_addition,42,43,104,0.004013270311919695,0.06335037736209387,0.21072361292732433,104,14,inf
random_addition,42,43,105,0.003933591267876597,0.06271834873365686,0.22639382278609133,105,14,inf
random_addition,42,43,106,0.00411158061392459,0.06412160801106434,0.19138925616895008,106,14,inf
random_addition,42,43,107,0.00413969979854681,0.06434049889880254,0.1858591506138524,107,14,inf
random_addition,42,43,108,0.00411371610337608,0.06413825772014765,0.19096927663408103,108,14,inf
random_addition,42,43,109,0.004166718028439546,0.06455012028214623,0.18054556612603445,109,14,inf
random_addition,42,43,110,0.004088823785293875,0.06394391124488613,0.19586476518949525,110,14,inf
random_addition,42,43,111,0.003586980442207164,0.05989140541185491,0.2945606092076587,111,14,inf
random_addition,42,43,112,0.003594174961956547,0.05995143836436743,0.29314568718318146,112,14,inf
random_addition,42,43,113,0.003708821470767759,0.06090009417700238,0.2705985435242423,113,14,inf
random_addition,42,43,114,0.003700377194206659,0.060830725741245754,0.27225925102151505,114,14,inf
random_addition,42,43,115,0.0037015940258540046,0.06084072670386182,0.2720199408301631,115,14,inf
random_addition,42,43,116,0.003565142646204886,0.05970881548150898,0.29885537516925265,116,14,inf
random_addition,42,43,117,0.003556690103610669,0.05963799211585404,0.30051770831948355,117,14,inf
random_addition,42,43,118,0.0036959969537094734,0.0607947115603773,0.2731206982018508,118,14,inf
random_addition,42,43,119,0.0038357975824227244,0.061933816146130735,0.24562657830328283,119,14,inf
random_addition,42,43,120,0.003799812937849512,0.061642622736622035,0.25270355743785144,120,14,inf
random_addition,42,43,121,0.0033988292742665196,0.058299479193784566,0.33156366719122665,121,14,inf
random_addition,42,43,122,0.0031086538227157673,0.05575530309052017,0.388631498215947,122,14,inf
random_addition,42,43,123,0.0031161590703466958,0.05582256775128403,0.38715546638309706,123,14,inf
random_addition,42,43,124,0.0031689031934878905,0.056293011941873305,0.3767824569128515,124,14,inf
random_addition,42,43,125,0.0030572851160795356,0.05529272208961624,0.3987340091437612,125,14,inf
random_addition,42,43,126,0.00301743800612009,0.0549312115843087,0.4065706063673943,126,14,inf
random_addition,42,43,127,0.0030271632402694205,0.05501966230602857,0.40465797724544816,127,14,inf
random_addition,42,43,128,0.0030233506016496088,0.05498500342502134,0.4054077960717857,128,14,inf
random_addition,42,43,129,0.002962457785560951,0.05442846484663104,0.4173833816032141,129,14,inf
random_addition,42,43,130,0.0029317013632695044,0.054145187812671816,0.4234321438292159,130,14,inf
random_addition,42,43,131,0.0030706616100489863,0.05541355078001216,0.39610329902175667,131,14,inf
random_addition,42,43,132,0.0031648201690813275,0.056256734433144336,0.3775854516033338,132,14,inf
random_addition,42,43,133,0.0032426631105785275,0.05694438611995503,0.36227634186269664,133,14,inf
random_addition,42,43,134,0.0031120834205486713,0.055786050411806995,0.38795701073409783,134,14,inf
random_addition,42,43,135,0.003110868845362218,0.0557751633378354,0.38819587715486814,135,14,inf
random_addition,42,43,136,0.0031050451826594807,0.0557229322869811,0.38934119733026096,136,14,inf
random_addition,42,43,137,0.0030825413970811694,0.05552063937925399,0.3937669412239514,137,14,inf
random_addition,42,43,138,0.0030745688687675967,0.05544879501637161,0.39533487157852576,138,14,inf
random_addition,42,43,139,0.0030832095254498776,0.05552665599016276,0.3936355426626861,139,14,inf
random_addition,42,43,140,0.0031271157877569337,0.05592062041641646,0.3850006455861914,140,14,inf
random_addition,42,43,141,0.0031356657975998,0.055997015970494356,0.3833191438796728,141,14,inf
random_addition,42,43,142,0.0030467696824863196,0.0551975514174888,0.4008020441351512,142,14,inf
random_addition,42,43,143,0.0030354214040260266,0.055094658579811766,0.40303387192806905,143,14,inf
random_addition,42,43,144,0.003020631512533601,0.054960272129362685,0.4059425501916957,144,14,inf
random_addition,42,43,145,0.0029258532420587064,0.054091156782404885,0.42458227417720484,145,14,inf
random_addition,42,43,146,0.0028590103533208664,0.053469714356080736,0.4377280405034375,146,14,inf
random_addition,42,43,147,0.002859100145740402,0.05347055400629772,0.43771038133000306,147,14,inf
random_addition,42,43,148,0.0028487845411834145,0.053374006231342745,0.4397391166162925,148,14,inf
random_addition,42,43,149,0.0026564119347651047,0.051540391294256825,0.47757239072061497,149,14,inf
random_addition,42,43,150,0.0026800483819562917,0.05176918370958047,0.47292389007342817,150,14,inf
random_addition,42,44,10,0.00962854819961681,0.0981251659851682,-0.8936142210947935,10,10,inf
random_addition,42,44,11,0.004786526995438354,0.06918473094143211,0.058649819234750544,11,11,inf
random_addition,42,44,12,0.004292616711140413,0.06551806400635181,0.15578549523715923,12,12,inf
random_addition,42,44,13,0.0039449259208395385,0.06280864527148741,0.22416467467395385,13,13,inf
random_addition,42,44,14,0.0037632013727672796,0.06134493762950028,0.2599038309223849,14,14,inf
random_addition,42,44,15,0.008779578324971348,0.09369940408012928,-0.7266501685106572,15,14,inf
random_addition,42,44,16,0.006252493891609048,0.07907271268654598,-0.22965696437292737,16,14,inf
random_addition,42,44,17,0.005360121806136396,0.07321285273868514,-0.05415714482315526,17,14,inf
random_addition,42,44,18,0.005336174341554416,0.07304912279798037,-0.049447477430784925,18,14,inf
random_addition,42,44,19,0.007995665711559605,0.08941848640834626,-0.5724807088914867,19,14,inf
random_addition,42,44,20,0.007066150444400171,0.08406039759839452,-0.3896760646058737,20,14,inf
random_addition,42,44,21,0.007051175153939317,0.08397127576701045,-0.38673092455009384,21,14,inf
random_addition,42,44,22,0.006764984908194381,0.08224952831593857,-0.3304468505603315,22,14,inf
random_addition,42,44,23,0.006032974889423481,0.07767222727219479,-0.1864848998289006,23,14,inf
random_addition,42,44,24,0.006063580355957393,0.07786899483078867,-0.19250397409330144,24,14,inf
random_addition,42,44,25,0.004643941052772385,0.06814646764706432,0.08669171746933924,25,14,inf
random_addition,42,44,26,0.00396915552323977,0.06300123429933552,0.21939952018489217,26,14,inf
random_addition,42,44,27,0.0053992846987282305,0.07347982511362033,-0.06185917931617024,27,14,inf
random_addition,42,44,28,0.004984004321089447,0.07059748098260622,0.01981261715151661,28,14,inf
random_addition,42,44,29,0.005002746249749902,0.07073009437113668,0.01612670501747393,29,14,inf
random_addition,42,44,30,0.004391804776383982,0.06627069319377897,0.1362785117320473,30,14,inf
random_addition,42,44,31,0.00354991725095456,0.059581182020454745,0.30184970249358944,31,14,inf
random_addition,42,44,32,0.0035746409571862396,0.05978830117327502,0.2969873742642577,32,14,inf
random_addition,42,44,33,0.003552347749018167,0.0596015750548437,0.3013717046062473,33,14,inf
random_addition,42,44,34,0.003579295958766641,0.059827217541572504,0.29607189074492324,34,14,inf
random_addition,42,44,35,0.0031168214381909133,0.0558285002323268,0.38702520072482727,35,14,inf
random_addition,42,44,36,0.0031300940366098032,0.055947243333427994,0.3844149233916473,36,14,inf
random_addition,42,44,37,0.0029981722557249533,0.054755568262277704,0.4103595367618794,37,14,inf
random_addition,42,44,38,0.004009502340563392,0.06332063123945775,0.21146464719303615,38,14,inf
random_addition,42,44,39,0.004220642595816437,0.06496647285959456,0.1699404026544188,39,14,inf
random_addition,42,44,40,0.0034529805520145244,0.05876206728846871,0.320913917352704,40,14,inf
random_addition,42,44,41,0.0032071122276482967,0.05663137140886045,0.3692680145524423,41,14,inf
random_addition,42,44,42,0.0030041440106650585,0.0548100721643847,0.40918509178377505,42,14,inf
random_addition,42,44,43,0.003261801327316468,0.05711218195198348,0.35851249308404054,43,14,inf
random_addition,42,44,44,0.003241028080993147,0.05693002793775133,0.362597897637316,44,14,inf
random_addition,42,44,45,0.00312492644851345,0.05590104156912866,0.38543121557870874,45,14,inf
random_addition,42,44,46,0.003055671914599549,0.05527813233639094,0.3990512720582383,46,14,inf
random_addition,42,44,47,0.003176183818065228,0.05635764205558309,0.3753506009411852,47,14,inf
random_addition,42,44,48,0.003243156066009172,0.05694871434904542,0.3621793939745538,48,14,inf
random_addition,42,44,49,0.003127441562511,0.05592353317263672,0.38493657655995983,49,14,inf
random_addition,42,44,50,0.00305658610346917,0.05528640071002244,0.3988714816050577,50,14,inf
random_addition,42,44,51,0.0030568762795881135,0.05528902494698305,0.39881441364277914,51,14,inf
random_addition,42,44,52,0.0031806344812099333,0.056397114121291114,0.3744753039753922,52,14,inf
random_addition,42,44,53,0.003069625655081284,0.05540420250379283,0.39630703680429524,53,14,inf
random_addition,42,44,54,0.003370079697727818,0.05805238752823021,0.33721774980633,54,14,inf
random_addition,42,44,55,0.0033619734994978384,0.057982527536300434,0.3388119685742138,55,14,inf
random_addition,42,44,56,0.0033366511960696717,0.05776375330663401,0.34379202090280503,56,14,inf
random_addition,42,44,57,0.003158008466650754,0.05619616060417966,0.3789250862320427,57,14,inf
random_addition,42,44,58,0.0032173331482286136,0.056721540425385256,0.36725790044569273,58,14,inf
random_addition,42,44,59,0.0031531221632486303,0.056152668353771314,0.3798860591034475,59,14,inf
random_addition,42,44,60,0.003197686929279167,0.05654809394912588,0.3711216563123243,60,14,inf
random_addition,42,44,61,0.003367302677092713,0.05802846436958946,0.33776389712344246,61,14,inf
random_addition,42,44,62,0.0031030662440378097,0.055705172507028555,0.38973038853946307,62,14,inf
random_addition,42,44,63,0.003103196849309034,0.05570634478503354,0.3897047028396241,63,14,inf
random_addition,42,44,64,0.003121874038454721,0.055873732991941046,0.3860315228084167,64,14,inf
random_addition,42,44,65,0.00330138607691959,0.057457689449886426,0.35072749339011666,65,14,inf
random_addition,42,44,66,0.003289799432059176,0.05735677320124604,0.35300619990200055,66,14,inf
random_addition,42,44,67,0.003373429888882698,0.05808123525617115,0.3365588789690298,67,14,inf
random_addition,42,44,68,0.0033234932752449395,0.057649746532356404,0.34637974497887536,68,14,inf
random_addition,42,44,69,0.003577214850895627,0.059809822361344855,0.29648117523709006,69,14,inf
random_addition,42,44,70,0.003220869674030496,0.056752706314593455,0.36656238379947814,70,14,inf
random_addition,42,44,71,0.003006324149527793,0.0548299566799737,0.40875633119922505,71,14,inf
random_addition,42,44,72,0.0029337940770817967,0.054164509386514306,0.4230205768355755,72,14,inf
random_addition,42,44,73,0.0028662775734605247,0.053537627641319,0.4362988207374887,73,14,inf
random_addition,42,44,74,0.002865539856665828,0.05353073749413348,0.4364439050206659,74,14,inf
random_addition,42,44,75,0.003109858241462571,0.05576610297898331,0.38839462922803547,75,14,inf
random_addition,42,44,76,0.003172151067525819,0.05632185248663097,0.3761437084391418,76,14,inf
random_addition,42,44,77,0.003628721642616737,0.060238871525093635,0.2863515075796188,77,14,inf
random_addition,42,44,78,0.0036450117306622764,0.06037393254263198,0.28314779070077023,78,14,inf
random_addition,42,44,79,0.0036680828215002155,0.06056469946677037,0.2786104767878971,79,14,inf
random_addition,42,44,80,0.003425458978875982,0.05852742074340866,0.3263264926653684,80,14,inf
random_addition,42,44,81,0.0035123982334709196,0.05926548939704218,0.30922844159273555,81,14,inf
random_addition,42,44,82,0.0035931122946569914,0.05994257497519598,0.2933546783902682,82,14,inf
random_addition,42,44,83,0.0035471052160901927,0.05955757899789239,0.302402735941518,83,14,inf
random_addition,42,44,84,0.003536673557887969,0.05946993827042339,0.30445429510825894,84,14,inf
random_addition,42,44,85,0.003222188898866222,0.0567643276967694,0.3663029362838234,85,14,inf
random_addition,42,44,86,0.0031552697435107656,0.05617178778987514,0.37946370170947574,86,14,inf
random_addition,42,44,87,0.003055388099811506,0.055275565124307015,0.39910708895894376,87,14,inf
random_addition,42,44,88,0.003230040247034173,0.05683344303343035,0.3647588380213055,88,14,inf
random_addition,42,44,89,0.003162174289909747,0.056233213405511046,0.3781058077694692,89,14,inf
random_addition,42,44,90,0.0030555433123496557,0.055276969095181545,0.39907656383060264,90,14,inf
random_addition,42,44,91,0.002732784705728243,0.05227604332510489,0.4625524144789247,91,14,inf
random_addition,42,44,92,0.0027379400622298145,0.05232532906948426,0.4615385278385091,92,14,inf
random_addition,42,44,93,0.0027610599217755822,0.05254578881105109,0.4569916227477372,93,14,inf
random_addition,42,44,94,0.0031242783606457345,0.05589524452621828,0.38555867284198275,94,14,inf
random_addition,42,44,95,0.002952220886662543,0.054334343528403314,0.41939663811209327,95,14,inf
random_addition,42,44,96,0.0028624187118123355,0.053501576722675526,0.43705773009150106,96,14,inf
random_addition,42,44,97,0.0027670057254188026,0.05260233574109426,0.45582228152399096,97,14,inf
random_addition,42,44,98,0.0027858236959185925,0.052780902757707665,0.452121414496918,98,14,inf
random_addition,42,44,99,0.0027142744396119775,0.05209869902034001,0.46619276631882145,99,14,inf
random_addition,42,44,100,0.002296825431175163,0.047925206636749755,0.5482910601186418,100,14,inf
random_addition,42,44,101,0.0022863360328728424,0.047815646318677345,0.5503539748368537,101,14,inf
random_addition,42,44,102,0.0021242622417465356,0.04608971948001567,0.5822284827461287,102,14,inf
random_addition,42,44,103,0.002059115203901888,0.04537747463116351,0.5950407317755031,103,14,inf
random_addition,42,44,104,0.0020665089009362743,0.04545887043181203,0.5935866382236489,104,14,inf
random_addition,42,44,105,0.0022045744107623347,0.046952895658972246,0.5664337583263725,105,14,inf
random_addition,42,44,106,0.0022376344300564623,0.04730364076956934,0.5599319554182749,106,14,inf
random_addition,42,44,107,0.00226042391161867,0.047543915610924074,0.5554500246554116,107,14,inf
random_addition,42,44,108,0.0022611804430021252,0.047551871077825374,0.555301240170283,108,14,inf
random_addition,42,44,109,0.002296280582076501,0.047919521930800825,0.5483982137601033,109,14,inf
random_addition,42,44,110,0.002311511768080637,0.048078183909967286,0.5454027475876726,110,14,inf
random_addition,42,44,111,0.002290278196362186,0.04785685109116756,0.5495786827896478,111,14,inf
random_addition,42,44,112,0.0022968063862996244,0.047925007942614097,0.5482948056103204,112,14,inf
random_addition,42,44,113,0.0023300213569284758,0.04827029476736677,0.5417625289438815,113,14,inf
random_addition,42,44,114,0.002262590180823924,0.047566691926430246,0.5550239917697942,114,14,inf
random_addition,42,44,115,0.002094878390162939,0.045769841491564496,0.5880073061030551,115,14,inf
random_addition,42,44,116,0.0020606287303405503,0.0453941486354855,0.5947430716164805,116,14,inf
random_addition,42,44,117,0.002058808817576194,0.04537409853182974,0.5951009877446747,117,14,inf
random_addition,42,44,118,0.002167530547032116,0.0465567454514608,0.5737190505334191,118,14,inf
random_addition,42,44,119,0.0021463750377285753,0.046328987013840216,0.577879633462555,119,14,inf
random_addition,42,44,120,0.0018771632378437413,0.043326241907690785,0.630824613555061,120,14,inf
random_addition,42,44,121,0.0018940366858144063,0.043520531773111486,0.6275061692399123,121,14,inf
random_addition,42,44,122,0.0018960105866442935,0.043543203679154034,0.6271179687962926,122,14,inf
random_addition,42,44,123,0.00210338094426515,0.04586263124009732,0.5863351373575929,123,14,inf
random_addition,42,44,124,0.001969376422020189,0.04437765678830045,0.612689356472804,124,14,inf
random_addition,42,44,125,0.0019619632272977567,0.04429405408514507,0.6141472845694511,125,14,inf
random_addition,42,44,126,0.0019821572879514257,0.04452142504403274,0.610175786515678,126,14,inf
random_addition,42,44,127,0.001963703935859409,0.04431369918952162,0.6138049452656652,127,14,inf
random_addition,42,44,128,0.00200513465274939,0.044778729914429126,0.6056569053881535,128,14,inf
random_addition,42,44,129,0.0021005584815923396,0.04583185007821896,0.5868902216075691,129,14,inf
random_addition,42,44,130,0.002106237238569895,0.04589376034462523,0.5857733995542435,130,14,inf
random_addition,42,44,131,0.0021066927391952023,0.045898722631411024,0.5856838177768127,131,14,inf
random_addition,42,44,132,0.0021281670624322324,0.04613206111190169,0.5814605347826387,132,14,inf
random_addition,42,44,133,0.002046504499329727,0.0452383078742975,0.5975208366699065,133,14,inf
random_addition,42,44,134,0.002059620703426211,0.04538304422828212,0.5949413168826065,134,14,inf
random_addition,42,44,135,0.002058009627654226,0.045365291001538015,0.5952581617412336,135,14,inf
random_addition,42,44,136,0.0020570668274286514,0.04535489860454603,0.5954435790936514,136,14,inf
random_addition,42,44,137,0.0021832015331714415,0.04672474219480982,0.570637090346193,137,14,inf
random_addition,42,44,138,0.0021460116146363806,0.04632506464794605,0.5779511066609424,138,14,inf
random_addition,42,44,139,0.0020888544439828065,0.04570398717817524,0.5891920153569655,139,14,inf
random_addition,42,44,140,0.002154070763242228,0.04641196788805909,0.5763661409845431,140,14,inf
random_addition,42,44,141,0.0021858549315567155,0.04675312750561951,0.570115255401566,141,14,inf
random_addition,42,44,142,0.0023724041430800034,0.04870733151261731,0.533427248803793,142,14,inf
random_addition,42,44,143,0.0023612431247762083,0.048592624180797316,0.5356222487709538,143,14,inf
random_addition,42,44,144,0.0024130349868642263,0.0491226524819683,0.5254365172823007,144,14,inf
random_addition,42,44,145,0.002425669772497462,0.04925108904884705,0.5229516764465316,145,14,inf
random_addition,42,44,146,0.002471865886581854,0.04971786285211638,0.5138664419152235,146,14,inf
random_addition,42,44,147,0.0024651124043828516,0.0496498983320495,0.5151946265666179,147,14,inf
random_addition,42,44,148,0.0024431618285667123,0.04942835045362846,0.5195115725552473,148,14,inf
random_addition,42,44,149,0.0026669026081204534,0.051642062392205576,0.47550922524200845,149,14,inf
random_addition,42,44,150,0.0026800483819562917,0.05176918370958047,0.47292389007342817,150,14,inf
random_addition,42,45,10,0.00962854819961681,0.0981251659851682,-0.8936142210947935,10,10,inf
random_addition,42,45,11,0.011298315576113107,0.1062935349685629,-1.222001760368821,11,11,inf
random_addition,42,45,12,0.01149023972114604,0.10719253575294335,-1.2597468370793767,12,12,inf
random_addition,42,45,13,0.008725817621744854,0.09341208498767627,-0.716077231650893,13,13,inf
random_addition,42,45,14,0.010566731057277134,0.10279460616820872,-1.0781234912798503,14,14,inf
random_addition,42,45,15,0.01026888627733966,0.10133551340640486,-1.0195473592113733,15,14,inf
random_addition,42,45,16,0.014501168774190516,0.12042079876080591,-1.8518961367816313,16,14,inf
random_addition,42,45,17,0.010304039667780247,0.10150881571459815,-1.0264608583888135,17,14,inf
random_addition,42,45,18,0.010363224215902302,0.10179992247493268,-1.0381004845992794,18,14,inf
random_addition,42,45,19,0.011308375939796719,0.10634084793623154,-1.22398029829019,19,14,inf
random_addition,42,45,20,0.011349195694257604,0.10653260390254997,-1.232008182239694,20,14,inf
random_addition,42,45,21,0.010908945715426466,0.10444589850935491,-1.1454256982070024,21,14,inf
random_addition,42,45,22,0.006773020227463687,0.0822983610253794,-0.3320271298011832,22,14,inf
random_addition,42,45,23,0.007836493601901603,0.0885239719053636,-0.541176864926511,23,14,inf
random_addition,42,45,24,0.007614121703491636,0.08725893480607952,-0.4974437308681783,24,14,inf
random_addition,42,45,25,0.00729359294704302,0.08540253478113527,-0.4344064173607187,25,14,inf
random_addition,42,45,26,0.0069881762971592525,0.08359531265064599,-0.3743411510724899,26,14,inf
random_addition,42,45,27,0.004205964684106379,0.06485340919416942,0.17282705823051558,27,14,inf
random_addition,42,45,28,0.0056455691580175865,0.0751370025887218,-0.11029511637296618,28,14,inf
random_addition,42,45,29,0.005888737404361218,0.07673810920501767,-0.15811819830065588,29,14,inf
random_addition,42,45,30,0.005841087132210951,0.07642700525475894,-0.14874697938871506,30,14,inf
random_addition,42,45,31,0.006212232959733275,0.07881771983338058,-0.22173898218351207,31,14,inf
random_addition,42,45,32,0.006570115242036928,0.08105624739671168,-0.2921224881075961,32,14,inf
random_addition,42,45,33,0.0064405355610651985,0.08025294736684253,-0.26663848765748055,33,14,inf
random_addition,42,45,34,0.006287612456553559,0.07929446674613279,-0.23656361453707309,34,14,inf
random_addition,42,45,35,0.0060829621506316035,0.07799334683568596,-0.1963157265262263,35,14,inf
random_addition,42,45,36,0.00680904744377951,0.08251695246299096,-0.33911248137732386,36,14,inf
random_addition,42,45,37,0.00739884746179714,0.08601655341733438,-0.4551064691069171,37,14,inf
random_addition,42,45,38,0.007596064227113302,0.0871554027419603,-0.49389242766460084,38,14,inf
random_addition,42,45,39,0.007280865300787855,0.08532798662096659,-0.43190331393846004,39,14,inf
random_addition,42,45,40,0.006862704844711222,0.08284144400426167,-0.3496651021218842,40,14,inf
random_addition,42,45,41,0.006804257257708149,0.08248792188986306,-0.3381704115783921,41,14,inf
random_addition,42,45,42,0.0067619937668788755,0.08223134297139306,-0.3298585928484814,42,14,inf
random_addition,42,45,43,0.006800722136978206,0.08246649099469558,-0.33747517126295445,43,14,inf
random_addition,42,45,44,0.006604959705802856,0.08127090319298079,-0.29897523171396956,44,14,inf
random_addition,42,45,45,0.007521166497850491,0.08672465911060412,-0.4791625429177593,45,14,inf
random_addition,42,45,46,0.0055650925778489915,0.07459954810753877,-0.09446805776423517,46,14,inf
random_addition,42,45,47,0.005506763801704412,0.07420757240136892,-0.08299673335306101,47,14,inf
random_addition,42,45,48,0.0053988828366951305,0.07347709055682003,-0.0617801464604355,48,14,inf
random_addition,42,45,49,0.004975924380965046,0.07054023235689719,0.021401671826007385,49,14,inf
random_addition,42,45,50,0.0057487205058972205,0.07582031723685427,-0.13058154535690636,50,14,inf
random_addition,42,45,51,0.005601111359975237,0.07484057295328007,-0.10155175061665167,51,14,inf
random_addition,42,45,52,0.005380175373974496,0.07334967875849557,-0.058101012626966764,52,14,inf
random_addition,42,45,53,0.004844253448265574,0.06960067132050936,0.04729695172650761,53,14,inf
random_addition,42,45,54,0.003946072041311586,0.06281776851585534,0.22393927101184796,54,14,inf
random_addition,42,45,55,0.003894312120573612,0.06240442388624073,0.2341187207025155,55,14,inf
random_addition,42,45,56,0.003505978682801067,0.0592113053630898,0.31049095305235064,56,14,inf
random_addition,42,45,57,0.0034874236040174896,0.05905441223158088,0.3141401180489505,57,14,inf
random_addition,42,45,58,0.00350065440558157,0.059166328309111504,0.31153806076276247,58,14,inf
random_addition,42,45,59,0.0035491834802570564,0.0595750239635458,0.3019940107110911,59,14,inf
random_addition,42,45,60,0.0035716041746847492,0.05976289965091009,0.2975846080747945,60,14,inf
random_addition,42,45,61,0.0034327892702454904,0.05859000998673315,0.3248848688925734,61,14,inf
random_addition,42,45,62,0.0034376977256652176,0.05863188318368443,0.32391953945830054,62,14,inf
random_addition,42,45,63,0.00343224622435371,0.05858537551602541,0.3249916679033966,63,14,inf
random_addition,42,45,64,0.0024188175659772535,0.04918147584179691,0.5242992768784493,64,14,inf
random_addition,42,45,65,0.002331894530551213,0.04828969383368684,0.541394138181634,65,14,inf
random_addition,42,45,66,0.0024747714688430466,0.04974707497776172,0.5132950108150942,66,14,inf
random_addition,42,45,67,0.0025946468048508842,0.05093767569148483,0.4897195312810153,67,14,inf
random_addition,42,45,68,0.0025950558037395022,0.05094169023245599,0.4896390948438867,68,14,inf
random_addition,42,45,69,0.002594474838618169,0.0509359876572367,0.4897533513021719,69,14,inf
random_addition,42,45,70,0.002607874689845328,0.05106735444337535,0.48711804758677757,70,14,inf
random_addition,42,45,71,0.0025878744293103342,0.05087115517963332,0.4910514316224075,71,14,inf
random_addition,42,45,72,0.002578485935801111,0.050778794154657816,0.4928978350941613,72,14,inf
random_addition,42,45,73,0.0026027115359438776,0.051016777004666586,0.48813346771562705,73,14,inf
random_addition,42,45,74,0.002529647992685362,0.05029560609720656,0.502502629264136,74,14,inf
random_addition,42,45,75,0.0025422279613798145,0.05042051131612823,0.5000285690915245,75,14,inf
random_addition,42,45,76,0.0025256342915878235,0.05025568914648195,0.5032919903723689,76,14,inf
random_addition,42,45,77,0.0024648306329714963,0.049647060667994194,0.5152500416032961,77,14,inf
random_addition,42,45,78,0.0024505041240744123,0.04950256684329018,0.5180675879689298,78,14,inf
random_addition,42,45,79,0.0023678780386538712,0.04866084708113774,0.5343173825529104,79,14,inf
random_addition,42,45,80,0.0023677831134095587,0.0486598716953668,0.5343360511817468,80,14,inf
random_addition,42,45,81,0.002588231660559921,0.05087466619605401,0.49098117615290027,81,14,inf
random_addition,42,45,82,0.002589945611061859,0.05089150824117771,0.4906440992668073,82,14,inf
random_addition,42,45,83,0.0025426758544675144,0.05042495269673056,0.4999404834629525,83,14,inf
random_addition,42,45,84,0.002556197275285522,0.05055884962383462,0.4972812710646176,84,14,inf
random_addition,42,45,85,0.0027006121142769566,0.05196741396564732,0.4688796899350577,85,14,inf
random_addition,42,45,86,0.0026012892694368362,0.051002835896024806,0.48841318009054424,86,14,inf
random_addition,42,45,87,0.0025110467755955317,0.05011034599357234,0.5061608681263953,87,14,inf
random_addition,42,45,88,0.002280048909729354,0.04774985769328904,0.5515904422198343,88,14,inf
random_addition,42,45,89,0.0023836467542294906,0.04882260495128758,0.5312162022458335,89,14,inf
random_addition,42,45,90,0.0023890551900636473,0.04887796221267461,0.530152543343462,90,14,inf
random_addition,42,45,91,0.0025823095527915973,0.05081642994929492,0.4921458571885521,91,14,inf
random_addition,42,45,92,0.002578712723274053,0.0507810271979019,0.49285323356389665,92,14,inf
random_addition,42,45,93,0.002641051846603269,0.05139116506368842,0.48059320764727054,93,14,inf
random_addition,42,45,94,0.002662623211566294,0.051600612511541896,0.4763508397829195,94,14,inf
random_addition,42,45,95,0.0027694100835799484,0.05262518487929471,0.45534942448343196,95,14,inf
random_addition,42,45,96,0.002547166940618166,0.050469465428297985,0.49905723664040724,96,14,inf
random_addition,42,45,97,0.002702112013730397,0.05198184311594191,0.4685847097494301,97,14,inf
random_addition,42,45,98,0.0030877684511222627,0.05556769251212671,0.3927389540693521,98,14,inf
random_addition,42,45,99,0.00307239470864333,0.05542918643317192,0.39576245634467067,99,14,inf
random_addition,42,45,100,0.003143180740995412,0.05606407709929248,0.38184120521336173,100,14,inf
random_addition,42,45,101,0.0030739322922403666,0.05544305449955266,0.3954600649451463,101,14,inf
random_addition,42,45,102,0.0030814073207629444,0.05551042533401221,0.3939899762027951,102,14,inf
random_addition,42,45,103,0.003014722759695214,0.05490649105247224,0.40710460475815136,103,14,inf
random_addition,42,45,104,0.0030214921472984544,0.054968101179670145,0.40577329204435,104,14,inf
random_addition,42,45,105,0.00309055795452132,0.05559278689291732,0.3921903518089971,105,14,inf
random_addition,42,45,106,0.0031668314503279205,0.05627460750931916,0.37718989967876415,106,14,inf
random_addition,42,45,107,0.003201223304473306,0.05657935404786189,0.37042616928562855,107,14,inf
random_addition,42,45,108,0.0028248277742950753,0.053149108875832296,0.44445061346199743,108,14,inf
random_addition,42,45,109,0.002651216696661638,0.051489966951452186,0.4785941207416673,109,14,inf
random_addition,42,45,110,0.0026560808173442616,0.05153717898123899,0.4776375104711694,110,14,inf
random_addition,42,45,111,0.0026253608672628316,0.051238275412652516,0.4836790998301792,111,14,inf
random_addition,42,45,112,0.0027435480441722294,0.05237888929876453,0.4604356248735302,112,14,inf
random_addition,42,45,113,0.002717479973608957,0.05212945399300627,0.4655623447186964,113,14,inf
random_addition,42,45,114,0.0027911794291237595,0.05283161391746195,0.4510681204435012,114,14,inf
random_addition,42,45,115,0.0029794123224709435,0.05458399328073152,0.4140489897988384,115,14,inf
random_addition,42,45,116,0.0030077360809669463,0.054842830716210725,0.40847865138738204,116,14,inf
random_addition,42,45,117,0.002716678876800057,0.05212176970134511,0.46571989373630085,117,14,inf
random_addition,42,45,118,0.0026235410553780716,0.05122051400931146,0.4840369961187221,118,14,inf
random_addition,42,45,119,0.0026215905183172806,0.05120146988434297,0.4844206016883793,119,14,inf
random_addition,42,45,120,0.0025853638344089254,0.050846473175717166,0.49154518188570306,120,14,inf
random_addition,42,45,121,0.002586720013902298,0.050859807450503565,0.49127846662170205,121,14,inf
random_addition,42,45,122,0.002428486086768861,0.04927967214550905,0.5223978013820015,122,14,inf
random_addition,42,45,123,0.002439442872831217,0.04939071646404025,0.5202429670835144,123,14,inf
random_addition,42,45,124,0.0024630825483495525,0.04962945242846784,0.5155938315320749,124,14,inf
random_addition,42,45,125,0.0025161010470901995,0.050160752058658366,0.505166861534627,125,14,inf
random_addition,42,45,126,0.003062425241648508,0.055339183601210706,0.39772311791968173,126,14,inf
random_addition,42,45,127,0.0030258667435307048,0.05500787892230262,0.40491295490263357,127,14,inf
random_addition,42,45,128,0.0029749577175750795,0.0545431729694476,0.414925061975587,128,14,inf
random_addition,42,45,129,0.0029420453850147435,0.05424062485826231,0.4213978198299989,129,14,inf
random_addition,42,45,130,0.0028639262741666583,0.05351566382066711,0.4367612428689054,130,14,inf
random_addition,42,45,131,0.002860942190033321,0.053487776080458994,0.43734811266845164,131,14,inf
random_addition,42,45,132,0.0029006940472633006,0.05385809175289541,0.42953024847905963,132,14,inf
random_addition,42,45,133,0.0025980459470905026,0.050971030469184185,0.4890510333983624,133,14,inf
random_addition,42,45,134,0.0023339111937485985,0.04831057020723931,0.5409975278068861,134,14,inf
random_addition,42,45,135,0.002315738889456678,0.04812212473963175,0.5445714138303899,135,14,inf
random_addition,42,45,136,0.002341205427096825,0.04838600445476796,0.5395629954439765,136,14,inf
random_addition,42,45,137,0.002378015980185377,0.04876490521046234,0.5323235876568688,137,14,inf
random_addition,42,45,138,0.0024416168212201476,0.049412719225115996,0.5198154239586465,138,14,inf
random_addition,42,45,139,0.0024469964517775467,0.04946712495968961,0.5187574300932647,139,14,inf
random_addition,42,45,140,0.002478431826373054,0.04978385106008829,0.512575140599002,140,14,inf
random_addition,42,45,141,0.0026923119555991876,0.05188749324836562,0.4705120542524729,141,14,inf
random_addition,42,45,142,0.002679842009763939,0.051767190475859697,0.4729644765990575,142,14,inf
random_addition,42,45,143,0.002684624159707947,0.05181335889235465,0.47202398723828964,143,14,inf
random_addition,42,45,144,0.002681659882351706,0.05178474565305603,0.47260696170553806,144,14,inf
random_addition,42,45,145,0.0026483646652254006,0.05146226447821161,0.4791550201809912,145,14,inf
random_addition,42,45,146,0.0026898586638634723,0.05186384736850393,0.47099453489471854,146,14,inf
random_addition,42,45,147,0.002699798892416931,0.051959589032409895,0.46903962354572504,147,14,inf
random_addition,42,45,148,0.002662977136034767,0.05160404185754026,0.4762812346469426,148,14,inf
random_addition,42,45,149,0.0026490329483506605,0.05146875701190636,0.47902359118427495,149,14,inf
random_addition,42,45,150,0.0026800483819562917,0.05176918370958047,0.47292389007342817,150,14,inf
random_addition,42,46,10,0.00962854819961681,0.0981251659851682,-0.8936142210947935,10,10,inf
random_addition,42,46,11,0.005181318230731367,0.07198137419312976,-0.018992446454294987,11,11,inf
random_addition,42,46,12,0.005146968341910795,0.07174237479977084,-0.01223696924058082,12,12,inf
random_addition,42,46,13,0.005111218775608256,0.07149278827691823,-0.005206222159608309,13,13,inf
random_addition,42,46,14,0.0065688915094978305,0.0810486983825023,-0.2918818207410514,14,14,inf
random_addition,42,46,15,0.013146821195617091,0.11465958832830812,-1.58554114930865,15,14,inf
random_addition,42,46,16,0.014336712974907845,0.11973601369223816,-1.8195531673321388,16,14,inf
random_addition,42,46,17,0.008308440295059534,0.09115064615821182,-0.6339930352602781,17,14,inf
random_addition,42,46,18,0.008556300375512074,0.09250027229966447,-0.6827388444369207,18,14,inf
random_addition,42,46,19,0.007268427033888114,0.08525507042920154,-0.4294571217816756,19,14,inf
random_addition,42,46,20,0.007235793076177827,0.08506346499042833,-0.4230391109736429,20,14,inf
random_addition,42,46,21,0.007306371693867846,0.08547731683825742,-0.4369195705603075,21,14,inf
random_addition,42,46,22,0.006952807352595178,0.08338349568466878,-0.36738525958987656,22,14,inf
random_addition,42,46,23,0.005235368614588726,0.07235584713475979,-0.02962235383036238,23,14,inf
random_addition,42,46,24,0.006158362241011396,0.07847523329695424,-0.21114440894593844,24,14,inf
random_addition,42,46,25,0.006399991663555382,0.07999994789720417,-0.25866485556762386,25,14,inf
random_addition,42,46,26,0.0073560066896845395,0.08576716556867517,-0.44668111840676383,26,14,inf
random_addition,42,46,27,0.007310376224249378,0.08550073815031879,-0.4377071280946383,27,14,inf
random_addition,42,46,28,0.007049950288267011,0.08396398208914946,-0.3864900343340485,28,14,inf
random_addition,42,46,29,0.0066682095198443425,0.08165910555378587,-0.31141436011292467,29,14,inf
random_addition,42,46,30,0.0060417702671574265,0.07772882520119179,-0.18821465721408592,30,14,inf
random_addition,42,46,31,0.005897668593398412,0.07679627981483486,-0.15987466523850524,31,14,inf
random_addition,42,46,32,0.005579637361918957,0.07469697023252654,-0.09732853157468324,32,14,inf
random_addition,42,46,33,0.005762150114769191,0.07590882764717942,-0.13322270140831582,33,14,inf
random_addition,42,46,34,0.004110557498647331,0.06411362958566089,0.19159046881271236,34,14,inf
random_addition,42,46,35,0.004097222135859514,0.06400954722429705,0.19421308980343177,35,14,inf
random_addition,42,46,36,0.0038336328433353647,0.06191633745091327,0.24605231026575536,36,14,inf
random_addition,42,46,37,0.0037132990761668955,0.06093684498041309,0.26971794791580017,37,14,inf
random_addition,42,46,38,0.0034744415380266757,0.05894439360979699,0.31669325734573195,38,14,inf
random_addition,42,46,39,0.003511310082372202,0.05925630837617377,0.3094424446129742,39,14,inf
random_addition,42,46,40,0.0029148106631321684,0.05398898649847178,0.42675398107001405,40,14,inf
random_addition,42,46,41,0.0029547992018806512,0.054358064736344795,0.41888956952166245,41,14,inf
random_addition,42,46,42,0.0031757945039382757,0.05635418798934357,0.3754271660423807,42,14,inf
random_addition,42,46,43,0.002815249957124778,0.05305892909892526,0.4463342505820196,43,14,inf
random_addition,42,46,44,0.002789049719878588,0.05281145443820486,0.4514869632046159,44,14,inf
random_addition,42,46,45,0.0045439043137994965,0.06740848844025132,0.10636560678512907,45,14,inf
random_addition,42,46,46,0.004525163019626425,0.06726933193979576,0.11005139413666998,46,14,inf
random_addition,42,46,47,0.0038884462916135573,0.062357407672333186,0.23527233357405009,47,14,inf
random_addition,42,46,48,0.0038049314726320595,0.06168412658563027,0.25169691240118997,48,14,inf
random_addition,42,46,49,0.0038642779655345466,0.06216331688009052,0.24002543705491464,49,14,inf
random_addition,42,46,50,0.003788211098150847,0.061548445131870286,0.25498525226751734,50,14,inf
random_addition,42,46,51,0.003634385602346174,0.06028586569293149,0.28523759565135975,51,14,inf
random_addition,42,46,52,0.0036650720619370346,0.06053983863487773,0.27920259275459736,52,14,inf
random_addition,42,46,53,0.0036908323491607687,0.06075222094014974,0.2741364036246213,53,14,inf
random_addition,42,46,54,0.0036832800280717803,0.06069003236176251,0.27562169323629415,54,14,inf
random_addition,42,46,55,0.003561185489671802,0.0596756691598159,0.2996336158479922,55,14,inf
random_addition,42,46,56,0.003561300653433746,0.05967663406588667,0.2996109669778977,56,14,inf
random_addition,42,46,57,0.0031266749275610114,0.05591667843819956,0.385087348079569,57,14,inf
random_addition,42,46,58,0.0031984009688980687,0.05655440715716211,0.3709812285397519,58,14,inf
random_addition,42,46,59,0.0031247888111363238,0.05589981047495889,0.3854582842591865,59,14,inf
random_addition,42,46,60,0.0033533365706085,0.05790800092049889,0.34051056435754146,60,14,inf
random_addition,42,46,61,0.002452025795981944,0.04951793408434912,0.5177683258679147,61,14,inf
random_addition,42,46,62,0.00307250477074538,0.055430179241505076,0.3957408108008852,62,14,inf
random_addition,42,46,63,0.003041971537404682,0.05515407090509895,0.40174567920589077,63,14,inf
random_addition,42,46,64,0.0031278185180958866,0.05592690334799422,0.3848624419717057,64,14,inf
random_addition,42,46,65,0.003156092496138943,0.05617911085215699,0.3793018937146607,65,14,inf
random_addition,42,46,66,0.003159121088304743,0.05620605917785682,0.37870627066992346,66,14,inf
random_addition,42,46,67,0.0027993973261446377,0.05290933118217086,0.4494519342497356,67,14,inf
random_addition,42,46,68,0.0027662535626600806,0.05259518573652992,0.45597020684637246,68,14,inf
random_addition,42,46,69,0.002880192559286785,0.053667425495236724,0.4335622072314165,69,14,inf
random_addition,42,46,70,0.0028715891408033377,0.053587210608533616,0.4352542126358173,70,14,inf
random_addition,42,46,71,0.0032278363518968923,0.056814050655598324,0.3651922706725459,71,14,inf
random_addition,42,46,72,0.003271093660284262,0.05719347567934879,0.3566850011828563,72,14,inf
random_addition,42,46,73,0.0033870412366050076,0.058198292385644855,0.33388198094859334,73,14,inf
random_addition,42,46,74,0.0033816838700690736,0.05815224733463938,0.33493559622368396,74,14,inf
random_addition,42,46,75,0.003236398859517115,0.056889356293748965,0.3635083110701489,75,14,inf
random_addition,42,46,76,0.0031066634839782437,0.05573745135883272,0.3890229314476278,76,14,inf
random_addition,42,46,77,0.0031749476918573214,0.05634667418630244,0.37559370572893014,77,14,inf
random_addition,42,46,78,0.003237304572861121,0.056897316042684484,0.36333018747011203,78,14,inf
random_addition,42,46,79,0.003114435374442587,0.05580712655604647,0.3874944598646889,79,14,inf
random_addition,42,46,80,0.002717282216722948,0.05212755717202704,0.4656012369009759,80,14,inf
random_addition,42,46,81,0.0027201609552389783,0.05215516230670727,0.4650350850700088,81,14,inf
random_addition,42,46,82,0.0027227862009448654,0.0521803238869295,0.46451878681823977,82,14,inf
random_addition,42,46,83,0.0027067743751210084,0.0520266698446192,0.4676677788009517,83,14,inf
random_addition,42,46,84,0.002663025909896584,0.051604514433299185,0.4762716424554263,84,14,inf
random_addition,42,46,85,0.0027290952107068807,0.05224074282307709,0.4632780150675355,85,14,inf
random_addition,42,46,86,0.0026208114391131194,0.05119386134208983,0.4845738205776422,86,14,inf
random_addition,42,46,87,0.002670443640546542,0.051676335401676286,0.47481282229315414,87,14,inf
random_addition,42,46,88,0.0026734957077298063,0.051705857576582234,0.4742125824956116,88,14,inf
random_addition,42,46,89,0.0025722133302293467,0.05071699251956238,0.4941314473550922,89,14,inf
random_addition,42,46,90,0.0025172904201471043,0.05017260627221895,0.5049329515319922,90,14,inf
random_addition,42,46,91,0.0025095556397919682,0.050095465261757656,0.5064541247944487,91,14,inf
random_addition,42,46,92,0.002502382561629494,0.05002381994239838,0.5078648299740756,92,14,inf
random_addition,42,46,93,0.0025073924239977603,0.050073869672692166,0.5068795571759755,93,14,inf
random_addition,42,46,94,0.002633527173614061,0.05131790305160628,0.4820730598000613,94,14,inf
random_addition,42,46,95,0.0027036344655241486,0.051996485126632824,0.46828529427081267,95,14,inf
random_addition,42,46,96,0.0025882308374676867,0.050874658106641726,0.4909813380276843,96,14,inf
random_addition,42,46,97,0.0026715778934492404,0.0516873088238229,0.4745897525860353,97,14,inf
random_addition,42,46,98,0.002640123251585121,0.05138212969102313,0.48077583130927526,98,14,inf
random_addition,42,46,99,0.00280879219946531,0.05299803958134027,0.4476042760819011,99,14,inf
random_addition,42,46,100,0.0028355198272694247,0.05324959931557631,0.4423478433303869,100,14,inf
random_addition,42,46,101,0.0029024266229434213,0.05387417398850233,0.42918950864175687,101,14,inf
random_addition,42,46,102,0.0027978032418089155,0.052894264734552415,0.44976543745968656,102,14,inf
random_addition,42,46,103,0.002797119922244214,0.052887805042790476,0.4498998236224232,103,14,inf
random_addition,42,46,104,0.003188289861200038,0.05646494364824991,0.3729697461159297,104,14,inf
random_addition,42,46,105,0.0031237805338107825,0.0558907911360251,0.3856565787728421,105,14,inf
random_addition,42,46,106,0.0030863482216486483,0.05555491176888546,0.3930182658277501,106,14,inf
random_addition,42,46,107,0.003327067997936794,0.057680742002307786,0.34567671627865704,107,14,inf
random_addition,42,46,108,0.003275386900447702,0.0572309959763737,0.3558406640658246,108,14,inf
random_addition,42,46,109,0.003474676653688307,0.058946387961335736,0.31664701793858174,109,14,inf
random_addition,42,46,110,0.003338567923647476,0.05778034201739789,0.3434150645305619,110,14,inf
random_addition,42,46,111,0.0034740815556822202,0.05894133995492654,0.3167640538638229,111,14,inf
random_addition,42,46,112,0.003375226485781222,0.058096699439651664,0.3362055482938243,112,14,inf
random_addition,42,46,113,0.003271466634776022,0.05719673622485834,0.35661164954281044,113,14,inf
random_addition,42,46,114,0.0032974445703987804,0.05742337999803547,0.3515026562335285,114,14,inf
random_addition,42,46,115,0.0032705832088670297,0.057189013008330805,0.3567853899478922,115,14,inf
random_addition,42,46,116,0.003326716199276486,0.05767769238862184,0.34574590333908506,116,14,inf
random_addition,42,46,117,0.0032458462935960027,0.05697232919230179,0.36165031595460817,117,14,inf
random_addition,42,46,118,0.003042203672205249,0.05515617528622928,0.4017000260346699,118,14,inf
random_addition,42,46,119,0.00305260129083081,0.05525035104712738,0.39965516131709333,119,14,inf
random_addition,42,46,120,0.0029445528319780433,0.05426373404013074,0.42090468866111364,120,14,inf
random_addition,42,46,121,0.002843104341113839,0.053320768384503225,0.44085622247767675,121,14,inf
random_addition,42,46,122,0.0028550411216293026,0.05343258483013247,0.438508655963021,122,14,inf
random_addition,42,46,123,0.002886346471578812,0.05372472867850346,0.43235193797898475,123,14,inf
random_addition,42,46,124,0.0029504067602742568,0.05431764685877193,0.41975341625314866,124,14,inf
random_addition,42,46,125,0.0029712679998404705,0.05450933864798279,0.4156507063644638,125,14,inf
random_addition,42,46,126,0.0031169695463377305,0.055829826673004554,0.38699607279325765,126,14,inf
random_addition,42,46,127,0.003135758439584857,0.05599784316904408,0.3833009242917622,127,14,inf
random_addition,42,46,128,0.0030623981169244736,0.05533893852365144,0.3977284524480146,128,14,inf
random_addition,42,46,129,0.003152922257133814,0.056150888302268324,0.37992537396733483,129,14,inf
random_addition,42,46,130,0.0031604196573624876,0.05621760985102878,0.3784508854567179,130,14,inf
random_addition,42,46,131,0.0031533075136643356,0.05615431874454836,0.37984960685999514,131,14,inf
random_addition,42,46,132,0.0031078283734133926,0.055747900170440436,0.38879383655661526,132,14,inf
random_addition,42,46,133,0.0031019913777007102,0.0556955238569556,0.38994177889027304,133,14,inf
random_addition,42,46,134,0.003087141298019037,0.05556204908045632,0.3928622941628378,134,14,inf
random_addition,42,46,135,0.0029641410226699675,0.054443925489166996,0.4170523450169056,135,14,inf
random_addition,42,46,136,0.0029375211561616546,0.05419890364353927,0.4222875847164682,136,14,inf
random_addition,42,46,137,0.0029662329287152046,0.054463133665950625,0.41664093688409765,137,14,inf
random_addition,42,46,138,0.0029696957467877866,0.05449491487091054,0.4159599160893359,138,14,inf
random_addition,42,46,139,0.0028944983299200836,0.053800542096897906,0.4307487393904378,139,14,inf
random_addition,42,46,140,0.003150841715841126,0.0561323589014494,0.38033454703244607,140,14,inf
random_addition,42,46,141,0.0030972200089519823,0.055652672972212054,0.3908801479495916,141,14,inf
random_addition,42,46,142,0.0026241167990442905,0.05122613394590978,0.4839237665464694,142,14,inf
random_addition,42,46,143,0.002616519975457519,0.05115193031995487,0.4854178083148464,143,14,inf
random_addition,42,46,144,0.002616678182423406,0.05115347673837435,0.48538669428246384,144,14,inf
random_addition,42,46,145,0.002661436128642859,0.05158910862423249,0.4765842993927,145,14,inf
random_addition,42,46,146,0.0026449556097321923,0.051429131916961156,0.47982546766991774,146,14,inf
random_addition,42,46,147,0.002609607991004961,0.051084322360240436,0.48677716507185687,147,14,inf
random_addition,42,46,148,0.002642231271840517,0.05140263876339927,0.4803612540489015,148,14,inf
random_addition,42,46,149,0.0026408674430726245,0.05138937091532279,0.48062947367001974,149,14,inf
random_addition,42,46,150,0.0026800483819562917,0.05176918370958047,0.47292389007342817,150,14,inf
random_addition,42,47,10,0.00962854819961681,0.0981251659851682,-0.8936142210947935,10,10,inf
random_addition,42,47,11,0.006848898277566158,0.08275807076996272,-0.34694981095354027,11,11,inf
random_addition,42,47,12,0.0071486944690569935,0.08454995250771578,-0.4059097205751898,12,12,inf
random_addition,42,47,13,0.006816216827426736,0.08256038291715183,-0.34052245996905084,13,13,inf
random_addition,42,47,14,0.012029187555764575,0.10967765294609734,-1.3657398967706103,14,14,inf
random_addition,42,47,15,0.01254362282857444,0.11199831618633577,-1.4669121532967093,15,14,inf
random_addition,42,47,16,0.012206352120341813,0.1104823611276561,-1.4005822563872838,16,14,inf
random_addition,42,47,17,0.011937470782315598,0.10925873320845157,-1.3477022671181125,17,14,inf
random_addition,42,47,18,0.010641409462287683,0.10315720751497533,-1.0928102422629613,18,14,inf
random_addition,42,47,19,0.011089677206622163,0.10530753632396003,-1.1809695532963356,19,14,inf
random_addition,42,47,20,0.011017359473152782,0.1049636102330364,-1.1667470676530263,20,14,inf
random_addition,42,47,21,0.009025835250157273,0.095004395951752,-0.77508069052785,21,14,inf
random_addition,42,47,22,0.009054073116721061,0.09515289337020215,-0.7806341368616072,22,14,inf
random_addition,42,47,23,0.009384404785969051,0.0968731375870992,-0.8455993562901052,23,14,inf
random_addition,42,47,24,0.009310769759718411,0.09649233005642682,-0.8311178031018012,24,14,inf
random_addition,42,47,25,0.008807393502222902,0.09384771442194478,-0.7321204859576751,25,14,inf
random_addition,42,47,26,0.009406261045606316,0.09698588065077471,-0.8498977534327516,26,14,inf
random_addition,42,47,27,0.008878205763677897,0.094224231297888,-0.7460468954785202,27,14,inf
random_addition,42,47,28,0.010219493995907181,0.10109151297664498,-1.009833545187305,28,14,inf
random_addition,42,47,29,0.010122085786719697,0.10060857710314612,-0.9906765999921678,29,14,inf
random_addition,42,47,30,0.010084008220068233,0.10041916261385689,-0.9831880129049921,30,14,inf
random_addition,42,47,31,0.009982964031145743,0.09991478384676485,-0.9633159917927925,31,14,inf
random_addition,42,47,32,0.00969426661885077,0.09845946688282833,-0.9065388417820792,32,14,inf
random_addition,42,47,33,0.009825380748664108,0.09912305861233353,-0.9323246171299024,33,14,inf
random_addition,42,47,34,0.010418040205232092,0.10206880133141612,-1.0488809610310637,34,14,inf
random_addition,42,47,35,0.009761923660560256,0.09880244764458145,-0.9198447248375732,35,14,inf
random_addition,42,47,36,0.008502828688547437,0.09221078401438433,-0.672222747434239,36,14,inf
random_addition,42,47,37,0.008954283217855321,0.09462707444413211,-0.7610087927602716,37,14,inf
random_addition,42,47,38,0.00871591056069952,0.09335904112992764,-0.7141288432442747,38,14,inf
random_addition,42,47,39,0.006675445971428906,0.08170340244707626,-0.31283752873052983,39,14,inf
random_addition,42,47,40,0.00649304563532169,0.08057943680196387,-0.27696546752000994,40,14,inf
random_addition,42,47,41,0.00649788448238266,0.08060945653198923,-0.27791710731226016,41,14,inf
random_addition,42,47,42,0.004986451881248813,0.07061481346890901,0.01933126371913263,42,14,inf
random_addition,42,47,43,0.00488381654297868,0.06988430827430919,0.03951621082703949,43,14,inf
random_addition,42,47,44,0.0044452686139972815,0.06667284765177861,0.12576395843491828,44,14,inf
random_addition,42,47,45,0.005919269209784917,0.07693678710334165,-0.16412278588202311,45,14,inf
random_addition,42,47,46,0.005581359765926352,0.07470849861914207,-0.09766727098328931,46,14,inf
random_addition,42,47,47,0.005430687135338519,0.07369319599080039,-0.06803499100755661,47,14,inf
random_addition,42,47,48,0.0049915684333012526,0.07065103278297673,0.018325008619339167,48,14,inf
random_addition,42,47,49,0.0052418595719993105,0.07240068764866332,-0.030898908613740117,49,14,inf
random_addition,42,47,50,0.005163191644260333,0.071855352231134,-0.015427551601006506,50,14,inf
random_addition,42,47,51,0.005220345791192175,0.0722519604660813,-0.02666786563183665,51,14,inf
random_addition,42,47,52,0.005129770461456273,0.07162241591468604,-0.00885471987897235,52,14,inf
random_addition,42,47,53,0.004903204544648107,0.07002288586346686,0.03570323768522177,53,14,inf
random_addition,42,47,54,0.005468576994208222,0.07394982754684572,-0.07548666223601863,54,14,inf
random_addition,42,47,55,0.004664592060382393,0.06829781885523427,0.08263035319307122,55,14,inf
random_addition,42,47,56,0.004466191134444741,0.06682956781578601,0.1216491966412313,56,14,inf
random_addition,42,47,57,0.004533063356884108,0.06732802801867961,0.10849766135448502,57,14,inf
random_addition,42,47,58,0.004389563192155169,0.06625377870095539,0.13671935657027856,58,14,inf
random_addition,42,47,59,0.0052192344175253855,0.07224426909814637,-0.02644929550716646,59,14,inf
random_addition,42,47,60,0.0048254022141413465,0.06946511508765639,0.05100436059882807,60,14,inf
random_addition,42,47,61,0.004890083908610865,0.06992913490535162,0.03828362908741867,61,14,inf
random_addition,42,47,62,0.004871359141984974,0.06979512262318173,0.04196616602179071,62,14,inf
random_addition,42,47,63,0.0055085955319239665,0.07421991331121296,-0.08335697358046068,63,14,inf
random_addition,42,47,64,0.005563123643259097,0.07458635024760962,-0.09408083401434753,64,14,inf
random_addition,42,47,65,0.005679724771268715,0.07536394875050481,-0.11701238606323217,65,14,inf
random_addition,42,47,66,0.005497584889520912,0.0741457004115607,-0.08119154753641356,66,14,inf
random_addition,42,47,67,0.005516655775529669,0.07427419320012617,-0.0849421546068021,67,14,inf
random_addition,42,47,68,0.005762251185441122,0.07590949338153379,-0.13324257863775224,68,14,inf
random_addition,42,47,69,0.005752913871770337,0.07584796550844548,-0.13140624053285221,69,14,inf
random_addition,42,47,70,0.005765914005662868,0.0759336157815685,-0.13396293318315378,70,14,inf
random_addition,42,47,71,0.0060580024624257945,0.07783317070777597,-0.1914069885149765,71,14,inf
random_addition,42,47,72,0.006013745845322183,0.07754834521330667,-0.18270318833788624,72,14,inf
random_addition,42,47,73,0.0058814790256475095,0.07669080144089974,-0.15669071734824014,73,14,inf
random_addition,42,47,74,0.0059265615563835,0.07698416432217407,-0.1655569471842202,74,14,inf
random_addition,42,47,75,0.005789503294287625,0.07608878560134617,-0.13860215931354047,75,14,inf
random_addition,42,47,76,0.005922114071222844,0.07695527318659094,-0.1646822752218715,76,14,inf
random_addition,42,47,77,0.005765540918170497,0.07593115907300833,-0.1338895593196574,77,14,inf
random_addition,42,47,78,0.005721969269988278,0.07564369947317673,-0.12532046967874222,78,14,inf
random_addition,42,47,79,0.00558268952812511,0.07471739776066287,-0.09792879084672435,79,14,inf
random_addition,42,47,80,0.0059505361314587365,0.077139718248505,-0.1702719463062039,80,14,inf
random_addition,42,47,81,0.006088031778081855,0.07802584045098043,-0.197312753122181,81,14,inf
random_addition,42,47,82,0.005862775302296435,0.07656876192218623,-0.153012318924018,82,14,inf
random_addition,42,47,83,0.005905900947613841,0.0768498597761495,-0.16149369468014485,83,14,inf
random_addition,42,47,84,0.00588494882763352,0.07671342012733834,-0.15737311164578882,84,14,inf
random_addition,42,47,85,0.005788177734655462,0.07608007449165295,-0.13834146595475616,85,14,inf
random_addition,42,47,86,0.005788071566223973,0.07607937674707892,-0.13832058616607656,86,14,inf
random_addition,42,47,87,0.005749580031964299,0.07582598520272782,-0.1307505854603861,87,14,inf
random_addition,42,47,88,0.005635296834140361,0.07506861417490242,-0.10827489295253612,88,14,inf
random_addition,42,47,89,0.005376289056885919,0.07332318226104155,-0.05733670370374755,89,14,inf
random_addition,42,47,90,0.005428536838542569,0.07367860502576422,-0.06761209936200752,90,14,inf
random_addition,42,47,91,0.005657561471456764,0.0752167632343799,-0.11265360436112992,91,14,inf
random_addition,42,47,92,0.005775292623451741,0.07599534606442516,-0.1358073944301701,92,14,inf
random_addition,42,47,93,0.005857098669373968,0.07653168408818643,-0.15189591460146956,93,14,inf
random_addition,42,47,94,0.005857185673209011,0.07653225250317026,-0.15191302535336182,94,14,inf
random_addition,42,47,95,0.005841494093273631,0.07642966762503701,-0.14882701505346385,95,14,inf
random_addition,42,47,96,0.00591592808849623,0.07691507062010819,-0.16346569878483108,96,14,inf
random_addition,42,47,97,0.005543516952602261,0.07445479804957006,-0.09022485204420305,97,14,inf
random_addition,42,47,98,0.005866823346390638,0.07659519140514395,-0.15380843415400713,98,14,inf
random_addition,42,47,99,0.005865281718932346,0.07658512726980576,-0.15350524746187766,99,14,inf
random_addition,42,47,100,0.0059311417713918515,0.07701390635068352,-0.16645772267972325,100,14,inf
random_addition,42,47,101,0.004824659437322453,0.06945976848019617,0.05115044001996161,101,14,inf
random_addition,42,47,102,0.004705028764399488,0.06859321223269463,0.0746778024872421,102,14,inf
random_addition,42,47,103,0.004719750230298822,0.06870043835594371,0.07178258125508907,103,14,inf
random_addition,42,47,104,0.004637322005645376,0.0680978854711758,0.08799346322684598,104,14,inf
random_addition,42,47,105,0.004730522057634943,0.06877879075438113,0.06966412216780227,105,14,inf
random_addition,42,47,106,0.0046817633168519425,0.0684234120521035,0.07925333988112682,106,14,inf
random_addition,42,47,107,0.004663802171427115,0.06829203592972694,0.08278569799976399,107,14,inf
random_addition,42,47,108,0.004385645210939382,0.06622420411707024,0.1374898927710001,108,14,inf
random_addition,42,47,109,0.004324832269951928,0.06576345694952423,0.1494497695346667,109,14,inf
random_addition,42,47,110,0.004315144777612909,0.06568976158894861,0.15135497610159687,110,14,inf
random_addition,42,47,111,0.004374026261741279,0.06613642159764375,0.13977495246842997,111,14,inf
random_addition,42,47,112,0.004328254242829196,0.065789469087607,0.14877678162722152,112,14,inf
random_addition,42,47,113,0.0043219724361073675,0.065741710018126,0.15001220344741828,113,14,inf
random_addition,42,47,114,0.0042870369055334635,0.06547546796727353,0.15688285685691883,114,14,inf
random_addition,42,47,115,0.0042253566016216375,0.06500274303151858,0.16901331497245597,115,14,inf
random_addition,42,47,116,0.004110158417811156,0.06411051721684326,0.19166895469979306,116,14,inf
random_addition,42,47,117,0.004173694346244066,0.06460413567446023,0.17917355714486294,117,14,inf
random_addition,42,47,118,0.00404352104793048,0.06358868647747397,0.20477430232296057,118,14,inf
random_addition,42,47,119,0.004173119377604879,0.06459968558441194,0.17928663429515346,119,14,inf
random_addition,42,47,120,0.004171225232115667,0.0645850232802905,0.17965914952391226,120,14,inf
random_addition,42,47,121,0.004119764777142614,0.06418539379907717,0.1897797042888414,121,14,inf
random_addition,42,47,122,0.0037387554475828157,0.061145363254974744,0.2647115288865455,122,14,inf
random_addition,42,47,123,0.003794344814291371,0.06159825333799142,0.25377895492433966,123,14,inf
random_addition,42,47,124,0.0040913446515254545,0.06396361975002239,0.19536899489820814,124,14,inf
random_addition,42,47,125,0.0034174131388743597,0.05845864468899668,0.32790884098329354,125,14,inf
random_addition,42,47,126,0.0034539159396001886,0.05877002586012864,0.32072995781926994,126,14,inf
random_addition,42,47,127,0.0034268728042304492,0.05853949781327518,0.3260484403835644,127,14,inf
random_addition,42,47,128,0.003418840715616238,0.05847085355641936,0.32762808426233403,128,14,inf
random_addition,42,47,129,0.003426485337405179,0.058536188271915854,0.3261246421821453,129,14,inf
random_addition,42,47,130,0.0034155390704818434,0.05844261348093396,0.32827740771690705,130,14,inf
random_addition,42,47,131,0.0034138441715291607,0.05842811114120634,0.328610737798824,131,14,inf
random_addition,42,47,132,0.0032529216152588102,0.05703438975967754,0.3602588362172947,132,14,inf
random_addition,42,47,133,0.003226567614040954,0.05680288385320726,0.3654417890835294,133,14,inf
random_addition,42,47,134,0.0032106819068598454,0.056662879443775585,0.368565977736549,134,14,inf
random_addition,42,47,135,0.003192438442221046,0.05650166760566493,0.3721538586263643,135,14,inf
random_addition,42,47,136,0.0028845373577728387,0.05370788915767253,0.4327077303123198,136,14,inf
random_addition,42,47,137,0.0029938295664778273,0.05471589866280026,0.41121359886404363,137,14,inf
random_addition,42,47,138,0.002970583837218081,0.05450306264071847,0.4157852583285231,138,14,inf
random_addition,42,47,139,0.003192544689026406,0.056502607807307495,0.3721329634241588,139,14,inf
random_addition,42,47,140,0.0032271309606813426,0.05680784242233939,0.36533099759269094,140,14,inf
random_addition,42,47,141,0.003119232104874843,0.05585008598807027,0.38655110300828976,141,14,inf
random_addition,42,47,142,0.002982603652936673,0.054613218664867874,0.4134213615594784,142,14,inf
random_addition,42,47,143,0.002950960566919323,0.05432274447153165,0.4196445009611345,143,14,inf
random_addition,42,47,144,0.0029528747451968334,0.054340360186484166,0.41926804595121425,144,14,inf
random_addition,42,47,145,0.0029705542011098166,0.054502790764416977,0.41579108676235377,145,14,inf
random_addition,42,47,146,0.00293678598555516,0.05419212106529103,0.42243216824936725,146,14,inf
random_addition,42,47,147,0.0030197895709128566,0.05495261204813522,0.406108132021201,147,14,inf
random_addition,42,47,148,0.0030186295360805546,0.05494205616902734,0.4063362721737839,148,14,inf
random_addition,42,47,149,0.002958417720803786,0.05439133865611129,0.4181779275637999,149,14,inf
random_addition,42,47,150,0.0026800483819562917,0.05176918370958047,0.47292389007342817,150,14,inf
random_addition,42,48,10,0.00962854819961681,0.0981251659851682,-0.8936142210947935,10,10,inf
random_addition,42,48,11,0.00911088500553071,0.0954509560220887,-0.791807140137583,11,11,inf
random_addition,42,48,12,0.002951448937157622,0.05432723936624814,0.41954845482736336,12,12,inf
random_addition,42,48,13,0.004684187103714331,0.06844112143816998,0.07877666186317767,13,13,inf
random_addition,42,48,14,0.003629551005407751,0.0602457550820616,0.28618839958628983,14,14,inf
random_addition,42,48,15,0.004207827275671621,0.06486776761745097,0.17246074860595828,15,14,inf
random_addition,42,48,16,0.00580375785202068,0.07618239857093421,-0.1414055552855109,16,14,inf
random_addition,42,48,17,0.004828488109892869,0.06948732337551122,0.050397467850435196,17,14,inf
random_addition,42,48,18,0.004724982551659132,0.06873850850621602,0.07075355819451834,18,14,inf
random_addition,42,48,19,0.00410480965196928,0.06406878843843763,0.19272087850528297,19,14,inf
random_addition,42,48,20,0.004138135525707113,0.06432834154326623,0.18616679089705124,20,14,inf
random_addition,42,48,21,0.005029235643022207,0.07091710402309309,0.01091712505082798,21,14,inf
random_addition,42,48,22,0.005317524137385505,0.07292135583891392,-0.04577960444428664,22,14,inf
random_addition,42,48,23,0.00486306107712211,0.06973565140673822,0.04359811855566398,23,14,inf
random_addition,42,48,24,0.004422759293987414,0.0665038291678563,0.1301907907666663,24,14,inf
random_addition,42,48,25,0.003991134516478089,0.06317542652391109,0.21507698543732934,25,14,inf
random_addition,42,48,26,0.0040321408387364215,0.06349914045667407,0.20701240982599634,26,14,inf
random_addition,42,48,27,0.00512201681727624,0.07156826683158005,-0.007329836731458483,27,14,inf
random_addition,42,48,28,0.005126213225185192,0.07159757834721221,-0.008155130174370528,28,14,inf
random_addition,42,48,29,0.0056301052411356555,0.07503402722189217,-0.10725387980080914,29,14,inf
random_addition,42,48,30,0.004519217075559723,0.06722512235436781,0.11122076297703043,30,14,inf
random_addition,42,48,31,0.003925716243201758,0.06265553641300789,0.22794257742766233,31,14,inf
random_addition,42,48,32,0.0035730652219201644,0.05977512209874744,0.2972972688243368,32,14,inf
random_addition,42,48,33,0.003796496880962727,0.061615719430699885,0.25335571520334144,33,14,inf
random_addition,42,48,34,0.003285524890706966,0.057319498346609474,0.3538468595866585,34,14,inf
random_addition,42,48,35,0.003138957556633399,0.05602640053254714,0.38267176469132447,35,14,inf
random_addition,42,48,36,0.003143348533026059,0.0560655735101859,0.3818082061185001,36,14,inf
random_addition,42,48,37,0.00374637516070155,0.061207639724968566,0.2632129855108295,37,14,inf
random_addition,42,48,38,0.0037471536986319657,0.06121399920469145,0.2630598730720555,38,14,inf
random_addition,42,48,39,0.003151516020309872,0.0561383649593562,0.380201933838339,39,14,inf
random_addition,42,48,40,0.0030478848638861838,0.055207652222189124,0.4005827251564117,40,14,inf
random_addition,42,48,41,0.002971107549860963,0.05450786686214168,0.4156822615227982,41,14,inf
random_addition,42,48,42,0.002993711503227547,0.054714819776981324,0.4112368179667665,42,14,inf
random_addition,42,48,43,0.003079110753855856,0.05548973557204842,0.394441634299613,43,14,inf
random_addition,42,48,44,0.004083052690215295,0.06389876908216069,0.19699974706687995,44,14,inf
random_addition,42,48,45,0.004037486655449896,0.0635412201287471,0.20596106601567987,45,14,inf
random_addition,42,48,46,0.00396087200945004,0.06293545907872636,0.2210286110081059,46,14,inf
random_addition,42,48,47,0.004470038958066003,0.0668583499502194,0.12089245809888538,47,14,inf
random_addition,42,48,48,0.005832647310976532,0.07637177038000711,-0.14708714810557,48,14,inf
random_addition,42,48,49,0.0055264673165435025,0.07434021332054074,-0.08687175740978637,49,14,inf
random_addition,42,48,50,0.008301621649828794,0.09111323531643904,-0.632652035214389,50,14,inf
random_addition,42,48,51,0.007347579407086416,0.08571802265035292,-0.44502375305508735,51,14,inf
random_addition,42,48,52,0.007342168794793771,0.0856864563089977,-0.44395966611593796,52,14,inf
random_addition,42,48,53,0.0071738190903860065,0.08469840075459516,-0.4108508954295811,53,14,inf
random_addition,42,48,54,0.00683562080418728,0.08267781325233076,-0.34433857487836006,54,14,inf
random_addition,42,48,55,0.0060321215542738895,0.07766673389729924,-0.1863170772723608,55,14,inf
random_addition,42,48,56,0.005956496260171246,0.07717834061555902,-0.17144410479319294,56,14,inf
random_addition,42,48,57,0.005668778382773029,0.07529129021854407,-0.11485959661924472,57,14,inf
random_addition,42,48,58,0.005512613605577904,0.0742469770804031,-0.08414719462466813,58,14,inf
random_addition,42,48,59,0.005560200931100835,0.0745667548650257,-0.09350603403492053,59,14,inf
random_addition,42,48,60,0.006459843464816632,0.08037315139284158,-0.27043570821090723,60,14,inf
random_addition,42,48,61,0.006486037017265464,0.08053593618544125,-0.2755871061568691,61,14,inf
random_addition,42,48,62,0.006023311957592312,0.07760999908254292,-0.18458452349452248,62,14,inf
random_addition,42,48,63,0.004862291118479591,0.06973013063575595,0.04374954373471496,63,14,inf
random_addition,42,48,64,0.004870063861150123,0.0697858428418696,0.042220904551248495,64,14,inf
random_addition,42,48,65,0.005042951239875177,0.07101373979643079,0.008219724704156661,65,14,inf
random_addition,42,48,66,0.004987427333409998,0.07062171998337338,0.019139424820253548,66,14,inf
random_addition,42,48,67,0.005053993748606204,0.07109144638144735,0.0060480316164628345,67,14,inf
random_addition,42,48,68,0.005025752091318102,0.07089253903844961,0.01160222345923334,68,14,inf
random_addition,42,48,69,0.005177031521867804,0.07195159151726808,-0.018149393826063953,69,14,inf
random_addition,42,48,70,0.005024410617775652,0.07088307709020293,0.011866046553280607,70,14,inf
random_addition,42,48,71,0.0051622554842573895,0.07184883773769336,-0.015243440158861477,71,14,inf
random_addition,42,48,72,0.0049855555546067295,0.07060846659294287,0.019507541268043105,72,14,inf
random_addition,42,48,73,0.0049524305953808955,0.07037350776663684,0.026022115694301906,73,14,inf
random_addition,42,48,74,0.004867254772851368,0.06976571344759092,0.04277335850801911,74,14,inf
random_addition,42,48,75,0.0049096374122867955,0.07006880484414442,0.03443810722209284,75,14,inf
random_addition,42,48,76,0.0050468948536790785,0.07104150092501621,0.007444147428460002,76,14,inf
random_addition,42,48,77,0.004815259005786528,0.06939206731166415,0.05299919130331332,77,14,inf
random_addition,42,48,78,0.004773249942382923,0.06908871067246025,0.0612609726463309,78,14,inf
random_addition,42,48,79,0.004799481728129726,0.06927829189673866,0.056102055486126456,79,14,inf
random_addition,42,48,80,0.004780464880207799,0.06914090598341766,0.059842035067554034,80,14,inf
random_addition,42,48,81,0.005043715258880926,0.07101911896722549,0.008069467653511131,81,14,inf
random_addition,42,48,82,0.004593330942225786,0.06777411705235108,0.09664503785319878,82,14,inf
random_addition,42,48,83,0.004602147061367886,0.06783912633110693,0.09491120132496589,83,14,inf
random_addition,42,48,84,0.004600987307983374,0.06783057797176266,0.09513928612615752,84,14,inf
random_addition,42,48,85,0.004523053171047897,0.06725364801293605,0.11046633096721059,85,14,inf
random_addition,42,48,86,0.004577479702714911,0.0676570742991072,0.09976244786532973,86,14,inf
random_addition,42,48,87,0.004459640613933827,0.06678054068314981,0.12293746549941009,87,14,inf
random_addition,42,48,88,0.004490213108004022,0.06700905243326473,0.1169248758186563,88,14,inf
random_addition,42,48,89,0.00446072401611689,0.06678865185132045,0.12272439643245625,89,14,inf
random_addition,42,48,90,0.0033222786648925253,0.057639211175141224,0.346618618315617,90,14,inf
random_addition,42,48,91,0.003259351017832885,0.057090726198156604,0.35899438721678023,91,14,inf
random_addition,42,48,92,0.003277282372782473,0.057247553421805486,0.3554678878908081,92,14,inf
random_addition,42,48,93,0.002935676677223819,0.054181885139074105,0.42265033219145454,93,14,inf
random_addition,42,48,94,0.0028935859230669538,0.053792061896407665,0.43092817938042294,94,14,inf
random_addition,42,48,95,0.002614195927497706,0.05112920816419619,0.48587487101796334,95,14,inf
random_addition,42,48,96,0.002398342007904462,0.048972870121164656,0.528326136083769,96,14,inf
random_addition,42,48,97,0.002384709181531326,0.048833484224774765,0.5310072582382921,97,14,inf
random_addition,42,48,98,0.002459483420198433,0.04959317917010799,0.516301659971961,98,14,inf
random_addition,42,48,99,0.0024303014989883807,0.049298088187965064,0.5220407703608378,99,14,inf
random_addition,42,48,100,0.0024873907593381604,0.049873748198207044,0.5108132173560735,100,14,inf
random_addition,42,48,101,0.0024649010879847365,0.04964777022168001,0.5152361854525813,101,14,inf
random_addition,42,48,102,0.0024686723033925306,0.04968573541161015,0.5144945131901633,102,14,inf
random_addition,42,48,103,0.002408509356260613,0.04907656626395752,0.5263265578463355,103,14,inf
random_addition,42,48,104,0.0018180523731800079,0.042638625366913596,0.6424497486873659,104,14,inf
random_addition,42,48,105,0.0018279690654854311,0.04275475488744417,0.6404994661331882,105,14,inf
random_addition,42,48,106,0.0018276166236055463,0.04275063301993955,0.6405687796934492,106,14,inf
random_addition,42,48,107,0.001793198624016034,0.042346176025894404,0.6473376520232288,107,14,inf
random_addition,42,48,108,0.0018069346321045409,0.04250805373225809,0.6446362374674492,108,14,inf
random_addition,42,48,109,0.001810721675490198,0.04255257542723117,0.6438914523698092,109,14,inf
random_addition,42,48,110,0.0018105439691640617,0.042550487296434826,0.6439264012758513,110,14,inf
random_addition,42,48,111,0.0018036407342781526,0.04246929166207217,0.6452840372849887,111,14,inf
random_addition,42,48,112,0.0018026749929520203,0.04245792026173704,0.6454739663865677,112,14,inf
random_addition,42,48,113,0.002597518083524454,0.05096585213183876,0.48915484655219876,113,14,inf
random_addition,42,48,114,0.0026947987226185123,0.051911450785144815,0.47002299013868154,114,14,inf
random_addition,42,48,115,0.002887009092487806,0.053730895139461485,0.4322216225513157,115,14,inf
random_addition,42,48,116,0.002795791831146648,0.05287524781168074,0.450161014836002,116,14,inf
random_addition,42,48,117,0.0028013022391991903,0.05292732979472128,0.44907730140008195,117,14,inf
random_addition,42,48,118,0.002753403973737209,0.0524728879873903,0.4584972923233439,118,14,inf
random_addition,42,48,119,0.0027990756319626114,0.052906291043340124,0.44951520076357543,119,14,inf
random_addition,42,48,120,0.002763734186940872,0.052571229650264714,0.4564656840036,120,14,inf
random_addition,42,48,121,0.0028384518634852673,0.05327712326585649,0.4417712096198857,121,14,inf
random_addition,42,48,122,0.002929626939964282,0.05412602830398959,0.42384011369028973,122,14,inf
random_addition,42,48,123,0.002780344443923278,0.052728971580368204,0.453199000575752,123,14,inf
random_addition,42,48,124,0.0023627917866711283,0.04860855672277391,0.5353176786398093,124,14,inf
random_addition,42,48,125,0.002359509022495176,0.04857477763711509,0.5359632888397283,125,14,inf
random_addition,42,48,126,0.0020705713449719735,0.04550353112640791,0.5927876910055514,126,14,inf
random_addition,42,48,127,0.0020158115287865555,0.044897789798458404,0.6035571200537823,127,14,inf
random_addition,42,48,128,0.0019950733885537196,0.044666244397237154,0.6076356204102035,128,14,inf
random_addition,42,48,129,0.0021237394604227116,0.046084047786872105,0.5823312963924638,129,14,inf
random_addition,42,48,130,0.0021322544472198095,0.04617634077338534,0.5806566825506739,130,14,inf
random_addition,42,48,131,0.0022530478775458487,0.04746628148007645,0.5569006444919649,131,14,inf
random_addition,42,48,132,0.002210924093647337,0.04702046462602573,0.5651849875292383,132,14,inf
random_addition,42,48,133,0.002210595411905546,0.047016969403668986,0.5652496282629778,133,14,inf
random_addition,42,48,134,0.0022256774242494274,0.04717708579649052,0.5622834995730639,134,14,inf
random_addition,42,48,135,0.0022616600671429505,0.047556913978337056,0.5552069141021139,135,14,inf
random_addition,42,48,136,0.002335003994796141,0.04832187904868912,0.5407826102968365,136,14,inf
random_addition,42,48,137,0.0021787141358055413,0.04667669799595448,0.571519611707836,137,14,inf
random_addition,42,48,138,0.002179315438922373,0.046683138700417015,0.5714013554443149,138,14,inf
random_addition,42,48,139,0.0021893946116870082,0.046790967201875706,0.569419118404182,139,14,inf
random_addition,42,48,140,0.0021684317508450157,0.04656642299817558,0.5735418138077122,140,14,inf
random_addition,42,48,141,0.002152530719782503,0.04639537390497573,0.576669016156997,141,14,inf
random_addition,42,48,142,0.002160699201313904,0.04648332175430134,0.5750625483415035,142,14,inf
random_addition,42,48,143,0.0021582699784534315,0.04645718435778724,0.5755402954389301,143,14,inf
random_addition,42,48,144,0.002199900475014476,0.04690309664632471,0.5673529655647993,144,14,inf
random_addition,42,48,145,0.0023642754362900005,0.048623815525830553,0.5350258942545445,145,14,inf
random_addition,42,48,146,0.0023946159323303884,0.048934813091810095,0.5290589308467656,146,14,inf
random_addition,42,48,147,0.0024151009865723454,0.04914367697448315,0.5250302040617647,147,14,inf
random_addition,42,48,148,0.002638033478725303,0.05136179006542999,0.4811868199156746,148,14,inf
random_addition,42,48,149,0.002601898303067749,0.051008806132546845,0.4882934034927944,149,14,inf
random_addition,42,48,150,0.0026800483819562917,0.05176918370958047,0.47292389007342817,150,14,inf
random_addition,42,49,10,0.00962854819961681,0.0981251659851682,-0.8936142210947935,10,10,inf
random_addition,42,49,11,0.00527869753842518,0.07265464567682633,-0.038143707689785256,11,11,inf
random_addition,42,49,12,0.007183331986051825,0.08475453961913677,-0.41272176465546306,12,12,inf
random_addition,42,49,13,0.007193198089349893,0.08481272362888656,-0.4146620980395508,13,13,inf
random_addition,42,49,14,0.00506003303353496,0.0711339091680962,0.004860305742401039,14,14,inf
random_addition,42,49,15,0.005890375542179007,0.07674878202407519,-0.15844036536089878,15,14,inf
random_addition,42,49,16,0.0040255270125866185,0.06344704100733634,0.20831312879145925,16,14,inf
random_addition,42,49,17,0.003619824751335337,0.06016497944265698,0.2881012292930817,17,14,inf
random_addition,42,49,18,0.0035013959755366515,0.05917259480145054,0.3113922186914795,18,14,inf
random_addition,42,49,19,0.0036821899495080657,0.06068105099211834,0.2758360753245972,19,14,inf
random_addition,42,49,20,0.006949402033339122,0.08336307355981497,-0.36671554689415653,20,14,inf
random_addition,42,49,21,0.007720341544086171,0.08786547412997991,-0.5183336300037755,21,14,inf
random_addition,42,49,22,0.00930286459394292,0.09645135869412581,-0.8295631207112433,22,14,inf
random_addition,42,49,23,0.011471245499903592,0.10710390048874781,-1.2560113074109736,23,14,inf
random_addition,42,49,24,0.014772592950487906,0.12154255612948045,-1.905276217509288,24,14,inf
random_addition,42,49,25,0.012832306030511817,0.11327976884912777,-1.523686508604143,25,14,inf
random_addition,42,49,26,0.005963706931359932,0.07722504083106678,-0.17286220326696689,26,14,inf
random_addition,42,49,27,0.0069897150499476325,0.08360451572700862,-0.374643772412947,27,14,inf
random_addition,42,49,28,0.00827628595688863,0.09097409497702426,-0.6276693496154642,28,14,inf
random_addition,42,49,29,0.008274882820714684,0.09096638291541928,-0.6273933995388761,29,14,inf
random_addition,42,49,30,0.006889312369183798,0.08300188172074051,-0.3548979145547495,30,14,inf
random_addition,42,49,31,0.0063195047597714386,0.0794953128163632,-0.2428357666481511,31,14,inf
random_addition,42,49,32,0.006586180832309238,0.08115528838165285,-0.29528205376372885,32,14,inf
random_addition,42,49,33,0.005588292269459591,0.07475488124169277,-0.09903066315895015,33,14,inf
random_addition,42,49,34,0.004101143053722296,0.06404016750229731,0.19344197606221325,34,14,inf
random_addition,42,49,35,0.0027898811353075925,0.05281932539618044,0.4513234515258705,35,14,inf
random_addition,42,49,36,0.002324250708248111,0.048210483385339654,0.5428974230296291,36,14,inf
random_addition,42,49,37,0.002937736670804404,0.05420089178975199,0.42224520017583933,37,14,inf
random_addition,42,49,38,0.002591409917888097,0.05090589276191998,0.4903561189635752,38,14,inf
random_addition,42,49,39,0.002602801946164643,0.051017663080198436,0.4881156870413006,39,14,inf
random_addition,42,49,40,0.002101906685094193,0.04584655586948918,0.5866250749550197,40,14,inf
random_addition,42,49,41,0.002115131938228998,0.045990563578075426,0.5840241088597736,41,14,inf
random_addition,42,49,42,0.003609361454190125,0.06007796146832984,0.29015901078442874,42,14,inf
random_addition,42,49,43,0.003487310082891393,0.05905345106673608,0.31416244386737235,43,14,inf
random_addition,42,49,44,0.0038371564631241245,0.061944785600760006,0.24535933180177538,44,14,inf
random_addition,42,49,45,0.004839135741833301,0.06956389682754482,0.04830343385430402,45,14,inf
random_addition,42,49,46,0.004399101523746457,0.06632572294175508,0.13484348494640297,46,14,inf
random_addition,42,49,47,0.004343300331507482,0.06590372016439953,0.14581771792391174,47,14,inf
random_addition,42,49,48,0.004352078611035983,0.06597028581896537,0.14409132318533868,48,14,inf
random_addition,42,49,49,0.005154721534311317,0.07179638942392101,-0.013761763538136185,49,14,inf
random_addition,42,49,50,0.0050137351559575456,0.07080773372985147,0.013965553757941507,50,14,inf
random_addition,42,49,51,0.005237464206484603,0.07237032683693367,-0.030034486847030584,51,14,inf
random_addition,42,49,52,0.005341557602006512,0.07308596036179939,-0.05050618517535965,52,14,inf
random_addition,42,49,53,0.005144548189629302,0.07172550585133089,-0.011761006023443654,53,14,inf
random_addition,42,49,54,0.004515483129550939,0.0671973446614592,0.11195510559197575,54,14,inf
random_addition,42,49,55,0.004466408316189753,0.06683119268866712,0.12160648423720222,55,14,inf
random_addition,42,49,56,0.004404145925870932,0.06636373954103952,0.13385141933050793,56,14,inf
random_addition,42,49,57,0.00420760726808286,0.06486607177934287,0.17250401675918237,57,14,inf
random_addition,42,49,58,0.004334220925394828,0.06583480026091693,0.14760333421596084,58,14,inf
random_addition,42,49,59,0.004332884179311035,0.06582464720232867,0.14786622757659895,59,14,inf
random_addition,42,49,60,0.0056519803599365485,0.07517965389609445,-0.11155598591179672,60,14,inf
random_addition,42,49,61,0.00506808117546791,0.07119045705337135,0.0032775047113764444,61,14,inf
random_addition,42,49,62,0.0050690185598394315,0.07119704038679861,0.0030931524767772167,62,14,inf
random_addition,42,49,63,0.004688307691756348,0.06847121798066942,0.07796627965872993,63,14,inf
random_addition,42,49,64,0.004687576486187428,0.0684658782620031,0.07811008340101222,64,14,inf
random_addition,42,49,65,0.004429815442617105,0.06655685871957227,0.12880308172535193,65,14,inf
random_addition,42,49,66,0.004477793487819393,0.06691631705211662,0.11936740078863517,66,14,inf
random_addition,42,49,67,0.005414020470503865,0.07358002766039073,-0.06475721403694568,67,14,inf
random_addition,42,49,68,0.005468261830016033,0.07394769658357205,-0.07542467995333824,68,14,inf
random_addition,42,49,69,0.005462946988134794,0.0739117513534539,-0.0743794278591976,69,14,inf
random_addition,42,49,70,0.004579643548962294,0.06767306368831172,0.09933689149469549,70,14,inf
random_addition,42,49,71,0.004325470561544464,0.06576830970569689,0.14932423887191526,71,14,inf
random_addition,42,49,72,0.005031017119661968,0.0709296631858771,0.01056676802610701,72,14,inf
random_addition,42,49,73,0.005348803346342941,0.07313551357817173,-0.05193118136724939,73,14,inf
random_addition,42,49,74,0.005348981288749782,0.07313673009336541,-0.051966176702490374,74,14,inf
random_addition,42,49,75,0.005574575594494919,0.07466308053177902,-0.09633305078367305,75,14,inf
random_addition,42,49,76,0.0055320087508903305,0.07437747475472888,-0.08796157268275095,76,14,inf
random_addition,42,49,77,0.005573395953975359,0.07465518035592278,-0.09610105484645515,77,14,inf
random_addition,42,49,78,0.0056553569779436005,0.07520210753658171,-0.11222005402931545,78,14,inf
random_addition,42,49,79,0.005212938663134362,0.07220068325947035,-0.025211130645735214,79,14,inf
random_addition,42,49,80,0.00502264180120646,0.07087059899003578,0.012213913764462347,80,14,inf
random_addition,42,49,81,0.005013661955372604,0.07080721683114373,0.01397994987101736,81,14,inf
random_addition,42,49,82,0.004995151136124959,0.07067638315678695,0.017620410493403904,82,14,inf
random_addition,42,49,83,0.004962781893858542,0.07044701479735349,0.023986360604573154,83,14,inf
random_addition,42,49,84,0.004994170483641735,0.07066944519126873,0.01781327212214434,84,14,inf
random_addition,42,49,85,0.004659107257644646,0.06825765347303295,0.08370903091776816,85,14,inf
random_addition,42,49,86,0.004440505797229441,0.06663712026513031,0.12670064560489158,86,14,inf
random_addition,42,49,87,0.004050570963241651,0.06364409605958475,0.20338781916745452,87,14,inf
random_addition,42,49,88,0.004122169729550632,0.06420412548700147,0.18930673037974666,88,14,inf
random_addition,42,49,89,0.004155207086355658,0.06446089579237678,0.18280938442723127,89,14,inf
random_addition,42,49,90,0.004174212028738193,0.06460814212417962,0.17907174626823152,90,14,inf
random_addition,42,49,91,0.00395766984763959,0.0629100138899968,0.2216583694116373,91,14,inf
random_addition,42,49,92,0.0036291120198854504,0.060242111681824785,0.2862747333939054,92,14,inf
random_addition,42,49,93,0.00366155983184469,0.06051082408829589,0.2798933312452543,93,14,inf
random_addition,42,49,94,0.0036518916178323105,0.06043088298074347,0.28179474640846225,94,14,inf
random_addition,42,49,95,0.0036614182776286094,0.06050965441670122,0.279921170237288,95,14,inf
random_addition,42,49,96,0.003038222674656418,0.055120075060330044,0.4024829554458671,96,14,inf
random_addition,42,49,97,0.003048849309959521,0.0552163862450226,0.4003930507878477,97,14,inf
random_addition,42,49,98,0.00278786978594964,0.05280028206316364,0.4517190168456723,98,14,inf
random_addition,42,49,99,0.0031130952859584676,0.05579511883631459,0.3877580105639683,99,14,inf
random_addition,42,49,100,0.0030400364224236814,0.055136525302413475,0.40212625176693606,100,14,inf
random_addition,42,49,101,0.0030406908250855576,0.055142459367401794,0.401997552594313,101,14,inf
random_addition,42,49,102,0.0029807077278935913,0.054595858156948056,0.4137942267671171,102,14,inf
random_addition,42,49,103,0.0030182019499288984,0.05493816478486425,0.4064203641054783,103,14,inf
random_addition,42,49,104,0.0028457175547390986,0.053345267407138366,0.44034229053477514,104,14,inf
random_addition,42,49,105,0.0029292848073119607,0.054122867692981316,0.42390739976940617,105,14,inf
random_addition,42,49,106,0.0029978532499847677,0.05475265518661874,0.410422274548896,106,14,inf
random_addition,42,49,107,0.00293748276578677,0.054198549480468296,0.4222951348224996,107,14,inf
random_addition,42,49,108,0.0030511191585818162,0.055236936542333845,0.3999466472863228,108,14,inf
random_addition,42,49,109,0.0030454151639535444,0.05518528031960646,0.4010684327436126,109,14,inf
random_addition,42,49,110,0.0029537838595259185,0.05434872454369025,0.41908925349086956,110,14,inf
random_addition,42,49,111,0.0029265724238687505,0.05409780424258225,0.424440835107179,111,14,inf
random_addition,42,49,112,0.0028493779069999133,0.05337956450740221,0.4396224213549572,112,14,inf
random_addition,42,49,113,0.0028863215983601464,0.05372449719038929,0.43235682971132205,113,14,inf
random_addition,42,49,114,0.0028868260282886474,0.05372919158417189,0.43225762517224187,114,14,inf
random_addition,42,49,115,0.0029778904875974203,0.05457005119658053,0.4143482839498275,115,14,inf
random_addition,42,49,116,0.0032954050526072505,0.057405618650156975,0.35190376134451196,116,14,inf
random_addition,42,49,117,0.0032170667413274887,0.056719192001715685,0.36731029379577096,117,14,inf
random_addition,42,49,118,0.0033697794070129037,0.05804980109365495,0.33727680697221174,118,14,inf
random_addition,42,49,119,0.0035034384015531516,0.05918985049443149,0.3109905416296632,119,14,inf
random_addition,42,49,120,0.0034856000634182053,0.05903897071780813,0.31449874765124974,120,14,inf
random_addition,42,49,121,0.0027820027224938738,0.05274469378519392,0.45287287250133046,121,14,inf
random_addition,42,49,122,0.0028024932340058135,0.05293857982611371,0.4488430724533793,122,14,inf
random_addition,42,49,123,0.002689803593227167,0.05186331645033093,0.47100536545171534,123,14,inf
random_addition,42,49,124,0.002688842191706052,0.051854047013767904,0.471194441058424,124,14,inf
random_addition,42,49,125,0.0026898474476791693,0.051863739237343554,0.47099674074399744,125,14,inf
random_addition,42,49,126,0.0026920301780870366,0.05188477790341823,0.47056747048897407,126,14,inf
random_addition,42,49,127,0.002691848393078935,0.05188302605938608,0.47060322153569334,127,14,inf
random_addition,42,49,128,0.002738578630111091,0.052331430614030526,0.4614129428389795,128,14,inf
random_addition,42,49,129,0.0028063970839835384,0.05297543849732193,0.4480753153957645,129,14,inf
random_addition,42,49,130,0.0028314486859133503,0.053211358617435714,0.44314850102125836,130,14,inf
random_addition,42,49,131,0.0029568715162594144,0.05437712309656897,0.41848201441606914,131,14,inf
random_addition,42,49,132,0.002957616482066466,0.05438397265800344,0.4183355044939898,132,14,inf
random_addition,42,49,133,0.0026696395158234782,0.05166855441971914,0.4749709668004629,133,14,inf
random_addition,42,49,134,0.00266937176168378,0.051665963280323926,0.47502362510742446,134,14,inf
random_addition,42,49,135,0.0027060391962723173,0.052019603961125246,0.46781236395481574,135,14,inf
random_addition,42,49,136,0.002690423128454608,0.05186928887554376,0.4708835235402631,136,14,inf
random_addition,42,49,137,0.002696139583802916,0.051924364067390524,0.4697592874750337,137,14,inf
random_addition,42,49,138,0.002690812482847564,0.051873041966396805,0.4708069505200879,138,14,inf
random_addition,42,49,139,0.0027049759782046094,0.052009383559167566,0.46802146347962437,139,14,inf
random_addition,42,49,140,0.0026438948100863803,0.05141881766519316,0.4800340915718183,140,14,inf
random_addition,42,49,141,0.0026155400802597715,0.051142351141297476,0.4856105210107968,141,14,inf
random_addition,42,49,142,0.0025942086768839245,0.05093337488213327,0.4898056964361035,142,14,inf
random_addition,42,49,143,0.00259416899650567,0.050932985348452434,0.48981350024276304,143,14,inf
random_addition,42,49,144,0.002596555419194549,0.050956407047539655,0.4893441705112689,144,14,inf
random_addition,42,49,145,0.002743017401882297,0.05237382363244349,0.46053998450965583,145,14,inf
random_addition,42,49,146,0.0025988032655548314,0.05097845883856074,0.4889020941206832,146,14,inf
random_addition,42,49,147,0.0026941020199722845,0.051904739860366166,0.4701600083070928,147,14,inf
random_addition,42,49,148,0.002668470421663282,0.05165723977975674,0.47520088862062215,148,14,inf
random_addition,42,49,149,0.002667722422055453,0.05164999924545453,0.4753479951901063,149,14,inf
random_addition,42,49,150,0.0026800483819562917,0.05176918370958047,0.47292389007342817,150,14,inf
random_addition,42,50,10,0.00962854819961681,0.0981251659851682,-0.8936142210947935,10,10,inf
random_addition,42,50,11,0.007726460600426243,0.08790028782902956,-0.5195370442532574,11,11,inf
random_addition,42,50,12,0.00562769207898982,0.07501794504643419,-0.10677929131016373,12,12,inf
random_addition,42,50,13,0.005198619239357729,0.0721014510211669,-0.02239497768693366,13,13,inf
random_addition,42,50,14,0.005403399466478123,0.07350781908394591,-0.06266841686332292,14,14,inf
random_addition,42,50,15,0.005372986642020624,0.07330065921955016,-0.056687228868784745,15,14,inf
random_addition,42,50,16,0.005592808938219097,0.07478508499840791,-0.09991894122721767,16,14,inf
random_addition,42,50,17,0.005817882311853423,0.07627504383383482,-0.14418336534057508,17,14,inf
random_addition,42,50,18,0.006142527051106195,0.07837427544230438,-0.20803015535582614,18,14,inf
random_addition,42,50,19,0.006120843640447296,0.0782358206990078,-0.20376575184095747,19,14,inf
random_addition,42,50,20,0.006183515678635591,0.07863533352530268,-0.21609125100427629,20,14,inf
random_addition,42,50,21,0.005927103588404927,0.07698768465413755,-0.1656635468005676,21,14,inf
random_addition,42,50,22,0.003995734980527086,0.06321182627109492,0.21417222763104216,22,14,inf
random_addition,42,50,23,0.003694642343566044,0.06078356968429909,0.27338710482707174,23,14,inf
random_addition,42,50,24,0.0034873418329456514,0.05905371989083881,0.31415619969088615,24,14,inf
random_addition,42,50,25,0.004752493424588035,0.06893833059037646,0.06534308725612958,25,14,inf
random_addition,42,50,26,0.004868940845765009,0.06977779622318986,0.04244176421354373,26,14,inf
random_addition,42,50,27,0.005363299547118055,0.07323455159361635,-0.05478210046434584,27,14,inf
random_addition,42,50,28,0.005149419936629684,0.07175945886522336,-0.012719116136229447,28,14,inf
random_addition,42,50,29,0.004779330720226073,0.0691327036953284,0.06006508650021736,29,14,inf
random_addition,42,50,30,0.00523434511520901,0.07234877410992539,-0.02942106564646063,30,14,inf
random_addition,42,50,31,0.005416322098438115,0.07359566630201886,-0.06520986746896962,31,14,inf
random_addition,42,50,32,0.005919619993796869,0.0769390667593315,-0.16419177339496827,32,14,inf
random_addition,42,50,33,0.0055428153781748955,0.0744500864886999,-0.09008687575896523,33,14,inf
random_addition,42,50,34,0.0046450867365138435,0.06815487316776288,0.08646639969757075,34,14,inf
random_addition,42,50,35,0.004633838018974214,0.06807229993891946,0.08867864717876095,35,14,inf
random_addition,42,50,36,0.004748523464486406,0.0689095310133976,0.06612384596967302,36,14,inf
random_addition,42,50,37,0.003258522006916593,0.057083465267243484,0.35915742600809,37,14,inf
random_addition,42,50,38,0.0032655575128272226,0.05714505676633126,0.35777377670097066,38,14,inf
random_addition,42,50,39,0.0034257316263304055,0.05852974992540465,0.326272872006642,39,14,inf
random_addition,42,50,40,0.002962570041654804,0.05442949606284082,0.4173613045744329,40,14,inf
random_addition,42,50,41,0.0029633742159974703,0.05443688286444651,0.41720315030860355,41,14,inf
random_addition,42,50,42,0.0029556024469597976,0.054365452697092455,0.41873159801096715,42,14,inf
random_addition,42,50,43,0.002940609537814345,0.054227387340847845,0.4216802030742456,43,14,inf
random_addition,42,50,44,0.002623512904466935,0.051220239207435715,0.4840425324638241,44,14,inf
random_addition,42,50,45,0.00266963188366823,0.05166848056279796,0.4749724677907904,45,14,inf
random_addition,42,50,46,0.0026956067547984266,0.05191923299508985,0.4698640771649636,46,14,inf
random_addition,42,50,47,0.0028258004111025204,0.053158258164677674,0.4442593282492785,47,14,inf
random_addition,42,50,48,0.003224950313811895,0.056788645993824285,0.36575985808521416,48,14,inf
random_addition,42,50,49,0.003427286244460708,0.05854302899970848,0.32596713048269876,49,14,inf
random_addition,42,50,50,0.0036137626641904196,0.060114579464472837,0.2892934396023772,50,14,inf
random_addition,42,50,51,0.00344871462312023,0.058725757748369925,0.3217528832542027,51,14,inf
random_addition,42,50,52,0.0035912592691148756,0.05992711630902054,0.29371910669720047,52,14,inf
random_addition,42,50,53,0.0035480848304252585,0.05956580252481501,0.3022100784818874,53,14,inf
random_addition,42,50,54,0.003467272652063095,0.058883551625756196,0.3181031380596888,54,14,inf
random_addition,42,50,55,0.0035980715331862313,0.059983927290451995,0.2923793616124861,55,14,inf
random_addition,42,50,56,0.0035312946476647794,0.059424697287111014,0.3055121473079322,56,14,inf
random_addition,42,50,57,0.0033414796038815095,0.05780553264075602,0.34284243416260407,57,14,inf
random_addition,42,50,58,0.0032885851153015636,0.05734618658029114,0.3532450154984391,58,14,inf
random_addition,42,50,59,0.003570464469845322,0.059753363669715884,0.2978087499959904,59,14,inf
random_addition,42,50,60,0.003592333786931243,0.05993608084393943,0.2935077848887918,60,14,inf
random_addition,42,50,61,0.0036068744520503506,0.06005725977806805,0.29064812113856886,61,14,inf
random_addition,42,50,62,0.0036502113725636913,0.060416979174431513,0.28212519459957275,62,14,inf
random_addition,42,50,63,0.0039109896618176624,0.06253790579974407,0.23083880470501483,63,14,inf
random_addition,42,50,64,0.003955028452729201,0.06288901694834481,0.22217784367319204,64,14,inf
random_addition,42,50,65,0.004406267788939099,0.06637972423066474,0.13343411965066043,65,14,inf
random_addition,42,50,66,0.004447163141347508,0.06668705377618289,0.12539136810683693,66,14,inf
random_addition,42,50,67,0.005045972792892753,0.0710350110360571,0.007625486025048089,67,14,inf
random_addition,42,50,68,0.004786281123814911,0.06918295399746177,0.0586981739807686,68,14,inf
random_addition,42,50,69,0.0047863342744949005,0.06918333812772336,0.0586877210151292,69,14,inf
random_addition,42,50,70,0.0046626148517973556,0.0682833424181722,0.08301920416178188,70,14,inf
random_addition,42,50,71,0.0050429857520325316,0.07101398279235246,0.008212937314135638,71,14,inf
random_addition,42,50,72,0.004886074866742645,0.06990046399518851,0.03907207388067713,72,14,inf
random_addition,42,50,73,0.004774388845626205,0.06909695250607081,0.06103698837235527,73,14,inf
random_addition,42,50,74,0.004755497794488143,0.06896011741933263,0.06475222792299562,74,14,inf
random_addition,42,50,75,0.0045969581779328065,0.06780087151307722,0.09593168159473908,75,14,inf
random_addition,42,50,76,0.0046138348903223695,0.06792521542345206,0.09261259527729448,76,14,inf
random_addition,42,50,77,0.004325676479359029,0.06576987516605934,0.1492837417072388,77,14,inf
random_addition,42,50,78,0.0031328407514076514,0.055971785315528856,0.3838747362217162,78,14,inf
random_addition,42,50,79,0.00397683842166908,0.06306217901142554,0.21788855036645716,79,14,inf
random_addition,42,50,80,0.0041475697886062795,0.06440162877292996,0.1843113861131691,80,14,inf
random_addition,42,50,81,0.004250147882731547,0.0651931582509357,0.16413769701888414,81,14,inf
random_addition,42,50,82,0.004117789882148013,0.06417000765270339,0.19016810025149478,82,14,inf
random_addition,42,50,83,0.00421797289667198,0.06494592286411811,0.17046544341458136,83,14,inf
random_addition,42,50,84,0.0041268947362640635,0.06424091170168791,0.18837747918612657,84,14,inf
random_addition,42,50,85,0.004202311065668423,0.0648252347906926,0.17354560309201839,85,14,inf
random_addition,42,50,86,0.0042068822928707445,0.06486048329199177,0.17264659519812686,86,14,inf
random_addition,42,50,87,0.00424152952914954,0.06512702610398804,0.16583263965893458,87,14,inf
random_addition,42,50,88,0.004270336662033574,0.0653478129858496,0.16016723763079233,88,14,inf
random_addition,42,50,89,0.004252671163146513,0.06521250772011848,0.1636414519382623,89,14,inf
random_addition,42,50,90,0.004082025158367178,0.06389072826605734,0.19720182830279243,90,14,inf
random_addition,42,50,91,0.003995847484504006,0.06321271616141808,0.21415010185193106,91,14,inf
random_addition,42,50,92,0.003839912502081078,0.06196702753949941,0.2448173108808035,92,14,inf
random_addition,42,50,93,0.0038384353779374013,0.06195510776310054,0.2451078119227883,93,14,inf
random_addition,42,50,94,0.0028839170024564094,0.05370211357531852,0.43282973350791776,94,14,inf
random_addition,42,50,95,0.0028882819905539296,0.0537427389565691,0.43197128596577394,95,14,inf
random_addition,42,50,96,0.0029493348881772974,0.05430777926022475,0.41996421773681136,96,14,inf
random_addition,42,50,97,0.0029624045287832143,0.0544279756079832,0.41739385543474106,97,14,inf
random_addition,42,50,98,0.003327958194805085,0.057688458072694966,0.34550164425176133,98,14,inf
random_addition,42,50,99,0.003041001432889981,0.055145275707806383,0.4019364664011046,99,14,inf
random_addition,42,50,100,0.00309710857015866,0.05565167176427551,0.39090206424262375,100,14,inf
random_addition,42,50,101,0.0030746242874104325,0.05544929474222763,0.395323972580254,101,14,inf
random_addition,42,50,102,0.0032228186385398717,0.056769874392496866,0.3661790874982237,102,14,inf
random_addition,42,50,103,0.0031696326727955076,0.05629949087510035,0.37663899266857914,103,14,inf
random_addition,42,50,104,0.003147514569360314,0.05610271445625705,0.38098888575113077,104,14,inf
random_addition,42,50,105,0.0031712304646615086,0.05631367919663489,0.37632476031110607,105,14,inf
random_addition,42,50,106,0.003176280047000113,0.0563584957836892,0.3753316759199046,106,14,inf
random_addition,42,50,107,0.0032598409651428163,0.057095016990476644,0.35889803092563033,107,14,inf
random_addition,42,50,108,0.003327408051570147,0.05768368964941604,0.3456098390732152,108,14,inf
random_addition,42,50,109,0.0035858520120802644,0.059881984035937426,0.2947825337690265,109,14,inf
random_addition,42,50,110,0.003487823329460641,0.05905779651714616,0.31406150538918154,110,14,inf
random_addition,42,50,111,0.0034657403147914227,0.05887053859776911,0.31840449768203216,111,14,inf
random_addition,42,50,112,0.003329215109590185,0.057699351032660544,0.34525445104439245,112,14,inf
random_addition,42,50,113,0.00331209905178004,0.05755083884514665,0.34862060862146727,113,14,inf
random_addition,42,50,114,0.0033953513200117268,0.05826964321163917,0.3322476647680841,114,14,inf
random_addition,42,50,115,0.0034062231223187895,0.058362857386515865,0.3301095439391927,115,14,inf
random_addition,42,50,116,0.003432528858294321,0.05858778762075183,0.3249360832359879,116,14,inf
random_addition,42,50,117,0.0033846402119627134,0.058177660763928225,0.33435418239720094,117,14,inf
random_addition,42,50,118,0.003398379443390485,0.058295621133928104,0.3316521339181191,118,14,inf
random_addition,42,50,119,0.0034442929935595535,0.05868809924984412,0.32262247028258195,119,14,inf
random_addition,42,50,120,0.003376063897820387,0.05810390604615482,0.33604085728190813,120,14,inf
random_addition,42,50,121,0.0033893972001311215,0.058218529697435004,0.33341864151829304,121,14,inf
random_addition,42,50,122,0.0032323403039422895,0.056853674498156134,0.3643064935577123,122,14,inf
random_addition,42,50,123,0.003276781367227004,0.057243177473188925,0.35556641896995067,123,14,inf
random_addition,42,50,124,0.003299912859804687,0.05744486800232625,0.3510172260498806,124,14,inf
random_addition,42,50,125,0.00331700165518634,0.05759341676950882,0.3476564300830115,125,14,inf
random_addition,42,50,126,0.0031365962924046835,0.056005323786267706,0.38313614659299433,126,14,inf
random_addition,42,50,127,0.003041155953779097,0.055146676724704795,0.40190607729705474,127,14,inf
random_addition,42,50,128,0.0029967552149459875,0.05474262703730967,0.4106382214104154,128,14,inf
random_addition,42,50,129,0.003008007708358087,0.054845307076887506,0.4084252313410739,129,14,inf
random_addition,42,50,130,0.002983347320994442,0.05462002673923221,0.41327510686139,130,14,inf
random_addition,42,50,131,0.002949200866833486,0.05430654534062617,0.4199905752641675,131,14,inf
random_addition,42,50,132,0.0029495514463815154,0.05430977302826367,0.4199216279624549,132,14,inf
random_addition,42,50,133,0.002986667915644235,0.05465041551209135,0.41262205666929663,133,14,inf
random_addition,42,50,134,0.003029689138790082,0.05504261202732009,0.4041612172707765,134,14,inf
random_addition,42,50,135,0.0030152650865877214,0.05491142947135615,0.4069979471504992,135,14,inf
random_addition,42,50,136,0.003080347944421554,0.055500882375161875,0.39419832018819756,136,14,inf
random_addition,42,50,137,0.003096605976834424,0.0556471560534267,0.3910009075829145,137,14,inf
random_addition,42,50,138,0.0033945533454188006,0.058262795551010084,0.33240459974996406,138,14,inf
random_addition,42,50,139,0.002680676532317626,0.0517752501907777,0.47280035385254127,139,14,inf
random_addition,42,50,140,0.0026930359719651827,0.05189446957013033,0.470369664386573,140,14,inf
random_addition,42,50,141,0.002732650911638104,0.05227476362106388,0.4625787273130647,141,14,inf
random_addition,42,50,142,0.0026264530798682873,0.05124893247540174,0.4834642980470577,142,14,inf
random_addition,42,50,143,0.0024734856463579785,0.0497341496997584,0.5135478892026818,143,14,inf
random_addition,42,50,144,0.002532452996072608,0.05032348354468923,0.5019509786731862,144,14,inf
random_addition,42,50,145,0.002684129396179603,0.05180858419393067,0.4721212907189315,145,14,inf
random_addition,42,50,146,0.002707360413992871,0.05203230164035482,0.46755252450519835,146,14,inf
random_addition,42,50,147,0.0027048762826299014,0.052008425111994126,0.46804107027331054,147,14,inf
random_addition,42,50,148,0.0029455853723605574,0.05427324729883552,0.42070162241357056,148,14,inf
random_addition,42,50,149,0.002926948526442711,0.054101280266207294,0.42436686827771763,149,14,inf
random_addition,42,50,150,0.0026800483819562917,0.05176918370958047,0.47292389007342817,150,14,inf
random_addition,42,51,10,0.00962854819961681,0.0981251659851682,-0.8936142210947935,10,10,inf
random_addition,42,51,11,0.017332786822427938,0.13165404218035973,-2.408780943679566,11,11,inf
random_addition,42,51,12,0.012026572929691812,0.10966573270485094,-1.3652256870464043,12,12,inf
random_addition,42,51,13,0.00877442748887133,0.09367191408779545,-0.7256371708824261,13,13,inf
random_addition,42,51,14,0.008847687735138273,0.09406214825921357,-0.7400450173506516,14,14,inf
random_addition,42,51,15,0.005800856727291193,0.07616335554117343,-0.14083500083316403,15,14,inf
random_addition,42,51,16,0.0030510455337992705,0.055236270093112466,0.399961126824916,16,14,inf
random_addition,42,51,17,0.0036558739027722728,0.06046382309093821,0.28101156381037706,17,14,inf
random_addition,42,51,18,0.004357760415590445,0.06601333513458053,0.1429739017753031,18,14,inf
random_addition,42,51,19,0.00490855324380521,0.07006106796078125,0.03465132699440232,19,14,inf
random_addition,42,51,20,0.005977403053662225,0.07731366666807508,-0.17555577361919372,20,14,inf
random_addition,42,51,21,0.005965285136229601,0.07723525837484847,-0.17317258351568654,21,14,inf
random_addition,42,51,22,0.004700236701273462,0.0685582723037378,0.07562024144020785,22,14,inf
random_addition,42,51,23,0.005061721681459742,0.07114577767836783,0.004528205029136978,23,14,inf
random_addition,42,51,24,0.003722172562366443,0.06100961040988906,0.26797282920114074,24,14,inf
random_addition,42,51,25,0.005784864668633161,0.07605829782892305,-0.1376898963925346,25,14,inf
random_addition,42,51,26,0.005798169765111894,0.07614571402982503,-0.14030656500994554,26,14,inf
random_addition,42,51,27,0.005861264708505332,0.07655889699117492,-0.15271523551893673,27,14,inf
random_addition,42,51,28,0.006957494869529683,0.0834115991306346,-0.3683071377946463,28,14,inf
random_addition,42,51,29,0.007392737070658547,0.08598102738778217,-0.4539047590134939,29,14,inf
random_addition,42,51,30,0.006962906490123951,0.08344403208213245,-0.3693714230330878,30,14,inf
random_addition,42,51,31,0.006677044153360368,0.08171318224962462,-0.3131518378008664,31,14,inf
random_addition,42,51,32,0.0067935787222074984,0.08242316860087034,-0.33607029988291304,32,14,inf
random_addition,42,51,33,0.006936387881470341,0.08328497992717739,-0.3641560973755684,33,14,inf
random_addition,42,51,34,0.006369328083088895,0.07980807028796583,-0.25263435223137454,34,14,inf
random_addition,42,51,35,0.006745892537170695,0.08213338259910337,-0.32669201810424964,35,14,inf
random_addition,42,51,36,0.006690417347321819,0.08179497140608229,-0.3157818989213861,36,14,inf
random_addition,42,51,37,0.0053362133754136214,0.07304938997290547,-0.04945515408871559,37,14,inf
random_addition,42,51,38,0.005110995526710702,0.07149122692128526,-0.005162316549075063,38,14,inf
random_addition,42,51,39,0.005101150136737653,0.07142233639932016,-0.0032260567850193045,39,14,inf
random_addition,42,51,40,0.005791239494959847,0.07610019379055383,-0.13894361206585915,40,14,inf
random_addition,42,51,41,0.005844356598723484,0.07644839173405471,-0.14938997438185142,41,14,inf
random_addition,42,51,42,0.005866569308050286,0.0765935330693805,-0.15375847328721615,42,14,inf
random_addition,42,51,43,0.006268633098196141,0.07917469986173703,-0.23283100790232703,43,14,inf
random_addition,42,51,44,0.0062741483909508665,0.07920952209773056,-0.23391568199621204,44,14,inf
random_addition,42,51,45,0.005489896190202107,0.07409383368541614,-0.07967943687653345,45,14,inf
random_addition,42,51,46,0.005360922638824673,0.07321832174274874,-0.05431464189704416,46,14,inf
random_addition,42,51,47,0.0052127785190518,0.07219957423040527,-0.02517963564712522,47,14,inf
random_addition,42,51,48,0.004703041092736633,0.06857872186572621,0.07506871119430958,48,14,inf
random_addition,42,51,49,0.00468872865136528,0.0684742919011601,0.07788349094692681,49,14,inf
random_addition,42,51,50,0.0042550494790114055,0.06523074029176279,0.16317371654860147,50,14,inf
random_addition,42,51,51,0.004051947349093076,0.06365490828752388,0.20311712998691167,51,14,inf
random_addition,42,51,52,0.004038857049302683,0.06355200271669402,0.20569155526137495,52,14,inf
random_addition,42,51,53,0.004015037988517931,0.06336432741312678,0.21037596991040008,53,14,inf
random_addition,42,51,54,0.004252534794956813,0.06521146214398825,0.16366827101191372,54,14,inf
random_addition,42,51,55,0.004279803311607593,0.06542020568301198,0.15830546346839103,55,14,inf
random_addition,42,51,56,0.004354119219627259,0.0659857501255177,0.14369000355043438,56,14,inf
random_addition,42,51,57,0.00499569510020874,0.07068023132537654,0.01751343090484514,57,14,inf
random_addition,42,51,58,0.00489119889084021,0.0699371066805041,0.03806434927887614,58,14,inf
random_addition,42,51,59,0.005142269923996998,0.07170962225529429,-0.011312947176842725,59,14,inf
random_addition,42,51,60,0.005141311748794226,0.07170294100519327,-0.011124506079321694,60,14,inf
random_addition,42,51,61,0.005079063915702249,0.07126755163257854,0.0011175660930951015,61,14,inf
random_addition,42,51,62,0.004723273543997788,0.06872607615743669,0.0710896629887604,62,14,inf
random_addition,42,51,63,0.004750421234711239,0.06892329965049003,0.0657506178763394,63,14,inf
random_addition,42,51,64,0.004740332732179432,0.0688500743077263,0.0677346897704324,64,14,inf
random_addition,42,51,65,0.00435056894417463,0.06595884280499947,0.14438822429426046,65,14,inf
random_addition,42,51,66,0.0043494666300748636,0.06595048620044332,0.14460501270432569,66,14,inf
random_addition,42,51,67,0.004001176013058459,0.06325484971967335,0.2131021580457585,67,14,inf
random_addition,42,51,68,0.004679229236719479,0.06840489190635038,0.07975170890590011,68,14,inf
random_addition,42,51,69,0.004655164240729672,0.06822876402756885,0.08448449080532516,69,14,inf
random_addition,42,51,70,0.00385406199385289,0.06208109208006001,0.24203457787839378,70,14,inf
random_addition,42,51,71,0.0038748290799932804,0.062248125112273706,0.23795038482759623,71,14,inf
random_addition,42,51,72,0.00379636982285086,0.06161468836933982,0.25338070329526863,72,14,inf
random_addition,42,51,73,0.003827383579865809,0.0618658514842058,0.2472813319138777,73,14,inf
random_addition,42,51,74,0.0040677947632968125,0.06377926593570055,0.2000004722850819,74,14,inf
random_addition,42,51,75,0.0039805931392588555,0.06309194195187572,0.21715012267447376,75,14,inf
random_addition,42,51,76,0.004004669001402081,0.06328245413542431,0.21241520376516776,76,14,inf
random_addition,42,51,77,0.004017854849126352,0.06338655101144368,0.20982198739960356,77,14,inf
random_addition,42,51,78,0.0037426965641187207,0.0611775822022963,0.2639364427401544,78,14,inf
random_addition,42,51,79,0.003393691811355555,0.05825540156376536,0.3325740347593026,79,14,inf
random_addition,42,51,80,0.003367232899740067,0.05802786313263713,0.33777762000092526,80,14,inf
random_addition,42,51,81,0.003324983104137149,0.057662666467456644,0.3460867453366865,81,14,inf
random_addition,42,51,82,0.0033622420242888722,0.057984843056516695,0.3387591587058436,82,14,inf
random_addition,42,51,83,0.003630789294114493,0.06025603118455855,0.28594486950716524,83,14,inf
random_addition,42,51,84,0.0036596572701534146,0.060495101207894635,0.2802675016601931,84,14,inf
random_addition,42,51,85,0.003688285108254647,0.060731253142468966,0.27463736093452795,85,14,inf
random_addition,42,51,86,0.0037240294732464553,0.06102482669575109,0.2676076367778596,86,14,inf
random_addition,42,51,87,0.003752739112969457,0.061259604250839365,0.26196140840210647,87,14,inf
random_addition,42,51,88,0.003815437629909308,0.06176922882721872,0.24963070175169155,88,14,inf
random_addition,42,51,89,0.0038842003059163495,0.06232335281350282,0.23610737731398979,89,14,inf
random_addition,42,51,90,0.0038896198897949786,0.0623668172171306,0.23504152596317074,90,14,inf
random_addition,42,51,91,0.0037876476772437133,0.06154386790935156,0.25509605836414695,91,14,inf
random_addition,42,51,92,0.0037914833711997866,0.06157502229962882,0.25434170532229616,92,14,inf
random_addition,42,51,93,0.004070249897486997,0.06379851015099801,0.1995176292935067,93,14,inf
random_addition,42,51,94,0.0041082002478973366,0.06409524356687739,0.19205406139700798,94,14,inf
random_addition,42,51,95,0.004122205379502177,0.06420440311615845,0.18929971922356525,95,14,inf
random_addition,42,51,96,0.004111663034670599,0.06412225069872858,0.19137304675777833,96,14,inf
random_addition,42,51,97,0.0040136708615734745,0.06335353866654549,0.21064483817282065,97,14,inf
random_addition,42,51,98,0.0035597209070641262,0.05966339671074826,0.29992165038823293,98,14,inf
random_addition,42,51,99,0.0034476311247676967,0.05871653195453302,0.32196597123448323,99,14,inf
random_addition,42,51,100,0.003708738921430658,0.060899416429311196,0.27061477822499214,100,14,inf
random_addition,42,51,101,0.0037349859200094815,0.06111453116902298,0.26545286920823163,101,14,inf
random_addition,42,51,102,0.003704913062180539,0.060867997027835075,0.27136719710826884,102,14,inf
random_addition,42,51,103,0.0037086455993932386,0.06089865022636576,0.2706331315565158,103,14,inf
random_addition,42,51,104,0.0037353341145984964,0.06111737980802594,0.2653843909483946,104,14,inf
random_addition,42,51,105,0.003502175186944361,0.05917917866060969,0.311238973802189,105,14,inf
random_addition,42,51,106,0.0034975212651967187,0.05913984498793279,0.3121542449544432,106,14,inf
random_addition,42,51,107,0.0034922665748855176,0.059095402315962935,0.31318766724142266,107,14,inf
random_addition,42,51,108,0.003532487538713381,0.05943473343688336,0.30527754543369123,108,14,inf
random_addition,42,51,109,0.0035766172499403677,0.05980482630975838,0.2965987034089347,109,14,inf
random_addition,42,51,110,0.0035989702665418706,0.0599914182741321,0.29220261074330744,110,14,inf
random_addition,42,51,111,0.003657295080437112,0.0604755742464436,0.280732065574397,111,14,inf
random_addition,42,51,112,0.0034319182366583656,0.05858257622073619,0.3250561721413536,112,14,inf
random_addition,42,51,113,0.0035015716014859255,0.05917407879710444,0.3113576789261646,113,14,inf
random_addition,42,51,114,0.0034169184052984525,0.05845441305238171,0.3280061385732904,114,14,inf
random_addition,42,51,115,0.0033434597935338485,0.05782265813272379,0.34245299691740416,115,14,inf
random_addition,42,51,116,0.003415332343316815,0.05844084482035501,0.3283180640538198,116,14,inf
random_addition,42,51,117,0.003325434235701413,0.057666578151485744,0.34599802280781045,117,14,inf
random_addition,42,51,118,0.003514742065813644,0.05928526010581082,0.3087674879615099,118,14,inf
random_addition,42,51,119,0.0033885600279709048,0.05821133934184047,0.3335832853540225,119,14,inf
random_addition,42,51,120,0.003335412329091913,0.05775302874388418,0.3440356647085474,120,14,inf
random_addition,42,51,121,0.003344648920238779,0.05783293975096527,0.3422191353639844,121,14,inf
random_addition,42,51,122,0.0034210978950650985,0.05849015212037919,0.3271841723645783,122,14,inf
random_addition,42,51,123,0.0034513610545504744,0.058748285545626555,0.3212324184772115,123,14,inf
random_addition,42,51,124,0.0033953244733975576,0.05826941284582811,0.33225294460148413,124,14,inf
random_addition,42,51,125,0.003383413458947219,0.058167116646325345,0.3345954437906895,125,14,inf
random_addition,42,51,126,0.0034194942013274464,0.05847644142154553,0.3274995654233178,126,14,inf
random_addition,42,51,127,0.0033964436244556606,0.0582790153010126,0.3320328449233976,127,14,inf
random_addition,42,51,128,0.003540703424910959,0.0595038101713744,0.30366175470178747,128,14,inf
random_addition,42,51,129,0.0034054126132907958,0.058355913267558374,0.3302689440262999,129,14,inf
random_addition,42,51,130,0.003120133491883685,0.055858155106337744,0.3863738302540525,130,14,inf
random_addition,42,51,131,0.0031180557293518305,0.055839553448714385,0.38678245682960766,131,14,inf
random_addition,42,51,132,0.002985416174236303,0.05463896205306524,0.41286823244596127,132,14,inf
random_addition,42,51,133,0.002911980139239759,0.05396276623042743,0.4273106506929619,133,14,inf
random_addition,42,51,134,0.0028167475166986995,0.053073039452236945,0.4460397305726347,134,14,inf
random_addition,42,51,135,0.0028499514083750533,0.053384936155951836,0.43950963276655663,135,14,inf
random_addition,42,51,136,0.0028461072391776287,0.05334891975642645,0.4402656526056459,136,14,inf
random_addition,42,51,137,0.0028557855845234774,0.05343955075151247,0.4383622449471274,137,14,inf
random_addition,42,51,138,0.0029431344285654076,0.05425066293203621,0.4211836412942347,138,14,inf
random_addition,42,51,139,0.0029977972123954684,0.05475214345023826,0.4104332952732891,139,14,inf
random_addition,42,51,140,0.0030262301433170843,0.055011181984366456,0.40484148628772254,140,14,inf
random_addition,42,51,141,0.0028937522865066403,0.053793608230965885,0.43089546124174516,141,14,inf
random_addition,42,51,142,0.0028554733438217565,0.05343662923334289,0.4384236522767606,142,14,inf
random_addition,42,51,143,0.0028687730779516692,0.05356092865094545,0.4358080382544737,143,14,inf
random_addition,42,51,144,0.0028708807514458545,0.05358060051404664,0.43539352919046215,144,14,inf
random_addition,42,51,145,0.002874348480536201,0.05361295067925474,0.43471154256233824,145,14,inf
random_addition,42,51,146,0.0028210742867336774,0.05311378622103378,0.4451887992484328,146,14,inf
random_addition,42,51,147,0.0026951214699823603,0.051914559325707085,0.4699595164991116,147,14,inf
random_addition,42,51,148,0.0026952678217049527,0.0519159688506817,0.46993073399759255,148,14,inf
random_addition,42,51,149,0.0026921099789031567,0.05188554691725969,0.4705517763306102,149,14,inf
random_addition,42,51,150,0.0026800483819562917,0.05176918370958047,0.47292389007342817,150,14,inf
random_addition,42,52,10,0.00962854819961681,0.0981251659851682,-0.8936142210947935,10,10,inf
random_addition,42,52,11,0.007392142574844533,0.0859775701845809,-0.45378784151934437,11,11,inf
random_addition,42,52,12,0.010104003211646676,0.10051867096040754,-0.9871203607126418,12,12,inf
random_addition,42,52,13,0.010168504989842193,0.10083900529974596,-0.9998057086949879,13,13,inf
random_addition,42,52,14,0.01412731074815787,0.11885836423305626,-1.7783707350191915,14,14,inf
random_addition,42,52,15,0.014229877547984757,0.11928905041111174,-1.7985422029017641,15,14,inf
random_addition,42,52,16,0.013797068648739096,0.11746092392255007,-1.713423130988038,16,14,inf
random_addition,42,52,17,0.018300480448551548,0.1352792683619761,-2.599093997537819,17,14,inf
random_addition,42,52,18,0.013812195783070275,0.11752529848109416,-1.7163981336675769,18,14,inf
random_addition,42,52,19,0.01588522995429358,0.12603662148079653,-2.12409479842542,19,14,inf
random_addition,42,52,20,0.008739163586918201,0.09348349366020828,-0.7187019377771491,20,14,inf
random_addition,42,52,21,0.013219496294738106,0.114976068356585,-1.5998339168538656,21,14,inf
random_addition,42,52,22,0.012607529388015556,0.11228325515416605,-1.4794804416066492,22,14,inf
random_addition,42,52,23,0.012898424168031058,0.11357122949070798,-1.5366897405434834,23,14,inf
random_addition,42,52,24,0.00879920818467683,0.09380409471167467,-0.7305107070597479,24,14,inf
random_addition,42,52,25,0.008569148422572902,0.09256969494695821,-0.685265626681065,25,14,inf
random_addition,42,52,26,0.009987870441110122,0.0999393338036137,-0.9642809189542352,26,14,inf
random_addition,42,52,27,0.01083351734297211,0.10408418392326525,-1.1305914536467179,27,14,inf
random_addition,42,52,28,0.009232855103370853,0.09608774689506906,-0.8157945894425165,28,14,inf
random_addition,42,52,29,0.0084039396095426,0.09167300371179402,-0.6527745645480612,29,14,inf
random_addition,42,52,30,0.009071902227656017,0.09524653394038031,-0.7841405282007765,30,14,inf
random_addition,42,52,31,0.008966634663564838,0.09469231575774688,-0.7634379100853064,31,14,inf
random_addition,42,52,32,0.008581647452880018,0.09263718180557966,-0.6877237689730038,32,14,inf
random_addition,42,52,33,0.008464061428725278,0.09200033385116207,-0.6645985207086524,33,14,inf
random_addition,42,52,34,0.006828968526473194,0.08263757333364281,-0.3430302937729526,34,14,inf
random_addition,42,52,35,0.006909371874234018,0.083122631540598,-0.3588429500101187,35,14,inf
random_addition,42,52,36,0.006533373279996403,0.08082928479206285,-0.2848965698914281,36,14,inf
random_addition,42,52,37,0.006557058897332132,0.08097566855131319,-0.28955474066572306,37,14,inf
random_addition,42,52,38,0.006164357169212483,0.07851342031278782,-0.21232341133141475,38,14,inf
random_addition,42,52,39,0.006233175678924485,0.0789504634497131,-0.22585771639626162,39,14,inf
random_addition,42,52,40,0.007098694483445088,0.08425375056010911,-0.3960763914121279,40,14,inf
random_addition,42,52,41,0.006480000490560847,0.08049845023701292,-0.2743999227334808,41,14,inf
random_addition,42,52,42,0.006495093523809082,0.08059214306499786,-0.27736821886762186,42,14,inf
random_addition,42,52,43,0.00584564510829731,0.07645681858603136,-0.14964338123015608,43,14,inf
random_addition,42,52,44,0.00555081726756666,0.07450380706760333,-0.09166058045813008,44,14,inf
random_addition,42,52,45,0.0037377799097370852,0.06113738553239814,0.26490338463671603,45,14,inf
random_addition,42,52,46,0.0027662789242422978,0.05259542683772324,0.4559652190692164,46,14,inf
random_addition,42,52,47,0.003206070478377675,0.056622173027690084,0.36947289188106636,47,14,inf
random_addition,42,52,48,0.00285801654513174,0.053460420360597054,0.43792348942065273,48,14,inf
random_addition,42,52,49,0.0030485085664440055,0.0552133006298664,0.40046006367009634,49,14,inf
random_addition,42,52,50,0.003954306224886775,0.06288327460371936,0.22231988179617113,50,14,inf
random_addition,42,52,51,0.0039772761934409925,0.06306564986933055,0.21780245526305198,51,14,inf
random_addition,42,52,52,0.0040012405894154345,0.06325536016351052,0.21308945803061807,52,14,inf
random_addition,42,52,53,0.002627054639110102,0.05125480113228518,0.4833459914122966,53,14,inf
random_addition,42,52,54,0.002615491683682228,0.051141877983529586,0.4856200390030828,54,14,inf
random_addition,42,52,55,0.0026833008557470856,0.05180058740735558,0.47228423698177824,55,14,inf
random_addition,42,52,56,0.0026129245283094296,0.051116773453627036,0.4861249128242352,56,14,inf
random_addition,42,52,57,0.0026481351398100626,0.05146003439379013,0.479200160173187,57,14,inf
random_addition,42,52,58,0.002719021745312384,0.05214423980951668,0.4652591296583608,58,14,inf
random_addition,42,52,59,0.0026869215632305044,0.051835524143491636,0.4715721646071186,59,14,inf
random_addition,42,52,60,0.002928215957092186,0.05411299249803309,0.42411760695063694,60,14,inf
random_addition,42,52,61,0.0027277122066408878,0.05222750431181723,0.4635500058300994,61,14,inf
random_addition,42,52,62,0.002741531992262127,0.05235964087216534,0.4608321150284621,62,14,inf
random_addition,42,52,63,0.0027920294944783135,0.05283965834937158,0.4509009409465644,63,14,inf
random_addition,42,52,64,0.0027946818790571637,0.05286475081807502,0.4503793053838403,64,14,inf
random_addition,42,52,65,0.003046905894270267,0.05519878526082134,0.4007752558212936,65,14,inf
random_addition,42,52,66,0.0032871614908763147,0.05733377269006737,0.35352499493056744,66,14,inf
random_addition,42,52,67,0.0032736418471158665,0.05721574824395698,0.3561838578409634,67,14,inf
random_addition,42,52,68,0.003364080922017275,0.05800069759940198,0.3383975088685628,68,14,inf
random_addition,42,52,69,0.0034637982779355363,0.05885404215460087,0.3187864315449528,69,14,inf
random_addition,42,52,70,0.0033873938205769504,0.05820132146761747,0.3338126394435649,70,14,inf
random_addition,42,52,71,0.003489082595579744,0.05906845685795206,0.3138138497528551,71,14,inf
random_addition,42,52,72,0.003462487477795194,0.05884290507610237,0.3190442222040746,72,14,inf
random_addition,42,52,73,0.0029273293593453974,0.05410479978103049,0.4242919711504003,73,14,inf
random_addition,42,52,74,0.002925563535344503,0.054088478767150616,0.4246392498232304,74,14,inf
random_addition,42,52,75,0.0028749649873943094,0.05361869997859244,0.4345902962301069,75,14,inf
random_addition,42,52,76,0.0029194725893998386,0.05403214403852431,0.4258371356957025,76,14,inf
random_addition,42,52,77,0.002936782708026623,0.05419209082538358,0.42243281282989165,77,14,inf
random_addition,42,52,78,0.0029898142355307264,0.05467919380834657,0.41200328050931334,78,14,inf
random_addition,42,52,79,0.0029893926624502153,0.05467533870448555,0.4120861898705105,79,14,inf
random_addition,42,52,80,0.002847236838029033,0.053359505601429935,0.44004349819515687,80,14,inf
random_addition,42,52,81,0.0026631777771098444,0.051605985865109144,0.4762417752408904,81,14,inf
random_addition,42,52,82,0.00262301605624181,0.05121538886156982,0.4841402459347771,82,14,inf
random_addition,42,52,83,0.0025891907431340147,0.050884091257818634,0.4907925566057103,83,14,inf
random_addition,42,52,84,0.002600393392147379,0.050994052517400294,0.48858936926678365,84,14,inf
random_addition,42,52,85,0.0025850908371388304,0.05084378857971572,0.49159887134150215,85,14,inf
random_addition,42,52,86,0.002564831277671465,0.050644163312976796,0.4955832508268794,86,14,inf
random_addition,42,52,87,0.0024895364036396014,0.04989525431982085,0.5103912407009865,87,14,inf
random_addition,42,52,88,0.0024906330137650402,0.049906242232460665,0.5101755740723861,88,14,inf
random_addition,42,52,89,0.0025499242668155205,0.050496774815977315,0.4985149625621911,89,14,inf
random_addition,42,52,90,0.002515767646719936,0.05015742862946561,0.505232430265173,90,14,inf
random_addition,42,52,91,0.002587952858734959,0.050871926037206014,0.4910360071710007,91,14,inf
random_addition,42,52,92,0.0025811608429674934,0.05080512614852455,0.49237177008982635,92,14,inf
random_addition,42,52,93,0.0026306727700343897,0.0512900845196651,0.4826344257608637,93,14,inf
random_addition,42,52,94,0.0026428792899993994,0.05140894173195359,0.48023381049502945,94,14,inf
random_addition,42,52,95,0.0025912033241620542,0.050903863548477875,0.4903967490574911,95,14,inf
random_addition,42,52,96,0.0026241534329198494,0.05122649151483878,0.48391656188525833,96,14,inf
random_addition,42,52,97,0.0026150388407332995,0.05113745047158002,0.48570909810423035,97,14,inf
random_addition,42,52,98,0.0029270073896487834,0.0541018242728356,0.4243552918487683,98,14,inf
random_addition,42,52,99,0.002732397183610125,0.052272336695523045,0.4626286271517642,99,14,inf
random_addition,42,52,100,0.0027337064699914523,0.052284858898073466,0.4623711341985415,100,14,inf
random_addition,42,52,101,0.0026958495215714333,0.0519215708696437,0.46981633303944803,101,14,inf
random_addition,42,52,102,0.0027551775990982395,0.05248978566443418,0.45814847938322956,102,14,inf
random_addition,42,52,103,0.0025560096654055975,0.050556994228351804,0.4973181676693058,103,14,inf
random_addition,42,52,104,0.002573789698785299,0.05073253097160932,0.4938214282480209,104,14,inf
random_addition,42,52,105,0.002409808706677356,0.04908980247136217,0.5260710189658813,105,14,inf
random_addition,42,52,106,0.002403422346466737,0.04902471158983739,0.5273270029694036,106,14,inf
random_addition,42,52,107,0.00243213047838113,0.04931663490528455,0.521681071129303,107,14,inf
random_addition,42,52,108,0.002335836049294626,0.048330487782502526,0.5406189729344437,108,14,inf
random_addition,42,52,109,0.002475098219979912,0.049750358993477746,0.5132307497669383,109,14,inf
random_addition,42,52,110,0.0023059031182274654,0.0480198200561754,0.5465057819084157,110,14,inf
random_addition,42,52,111,0.0023084664927519416,0.048046503439396517,0.5460016516539985,111,14,inf
random_addition,42,52,112,0.0021088553041592245,0.04592227459696682,0.5852585133918716,112,14,inf
random_addition,42,52,113,0.0019863620763504323,0.044568622105136166,0.6093488449099467,113,14,inf
random_addition,42,52,114,0.0021124930872707236,0.04596186557648333,0.584543082810814,114,14,inf
random_addition,42,52,115,0.0021013445426341973,0.04584042476498443,0.5867356296237465,115,14,inf
random_addition,42,52,116,0.002069873236004189,0.04549585954792138,0.5929249857504977,116,14,inf
random_addition,42,52,117,0.001965830640894078,0.04433768871844898,0.6133866933325354,117,14,inf
random_addition,42,52,118,0.00201976631830226,0.044941810358532064,0.6027793448883971,118,14,inf
random_addition,42,52,119,0.002063143129841366,0.045421835386093394,0.5942485731154036,119,14,inf
random_addition,42,52,120,0.002214659108841245,0.04706016477703032,0.5644504346412472,120,14,inf
random_addition,42,52,121,0.002136729141565318,0.046224767620457734,0.5797766594493673,121,14,inf
random_addition,42,52,122,0.0020791098353664028,0.04559725688422937,0.5911084547902499,122,14,inf
random_addition,42,52,123,0.002257735018828296,0.04751562920585495,0.5559788401654231,123,14,inf
random_addition,42,52,124,0.002123439129378594,0.046080789157506775,0.5823903614897543,124,14,inf
random_addition,42,52,125,0.002038970512780184,0.04515496110927551,0.5990025204893135,125,14,inf
random_addition,42,52,126,0.002069613164012695,0.04549300126407022,0.5929761332351852,126,14,inf
random_addition,42,52,127,0.0021478926981895905,0.046345363286844465,0.5775811602792472,127,14,inf
random_addition,42,52,128,0.0022407818483097,0.047336897324494136,0.5593129632461942,128,14,inf
random_addition,42,52,129,0.002188905792279615,0.04678574347255385,0.5695152528745298,129,14,inf
random_addition,42,52,130,0.0021689384820734697,0.04657186363109672,0.5734421566797028,130,14,inf
random_addition,42,52,131,0.0021664010044214676,0.046544613054804396,0.5739411938832277,131,14,inf
random_addition,42,52,132,0.002210249887485703,0.04701329479504391,0.5653175813896159,132,14,inf
random_addition,42,52,133,0.0023248675289457696,0.04821688012455565,0.542776114975628,133,14,inf
random_addition,42,52,134,0.0023267307229623726,0.04823619722741805,0.5424096868689858,134,14,inf
random_addition,42,52,135,0.0023462196013902476,0.048437791045734604,0.5385768746340447,135,14,inf
random_addition,42,52,136,0.0023993085073162118,0.048982736829583255,0.5281360578920389,136,14,inf
random_addition,42,52,137,0.002345675792569204,0.048432177243741624,0.5386838236876026,137,14,inf
random_addition,42,52,138,0.0026177593402278284,0.05116404343118151,0.4851740666099157,138,14,inf
random_addition,42,52,139,0.00261056297583889,0.05109366864728829,0.48658935141345616,139,14,inf
random_addition,42,52,140,0.002611934898124206,0.05110709244443677,0.4863195400674617,140,14,inf
random_addition,42,52,141,0.0025356324868698143,0.05035506416309897,0.5013256789016516,141,14,inf
random_addition,42,52,142,0.0024854287632263025,0.049854074690302924,0.5111990765388001,142,14,inf
random_addition,42,52,143,0.0024916023914104365,0.04991595327558552,0.509984929828116,143,14,inf
random_addition,42,52,144,0.0023005626768370334,0.04796418118593325,0.5475560685720113,144,14,inf
random_addition,42,52,145,0.0022687690183504014,0.04763159684862981,0.5538088205552556,145,14,inf
random_addition,42,52,146,0.002348225644979337,0.048458494043659026,0.538182352781977,146,14,inf
random_addition,42,52,147,0.002324484214981337,0.04821290506681107,0.5428515000450223,147,14,inf
random_addition,42,52,148,0.0026104946531778123,0.05109300004088439,0.48660278820163616,148,14,inf
random_addition,42,52,149,0.002660458888231115,0.051579636371644914,0.47677648998080757,149,14,inf
random_addition,42,52,150,0.0026800483819562917,0.05176918370958047,0.47292389007342817,150,14,inf
random_addition,42,53,10,0.00962854819961681,0.0981251659851682,-0.8936142210947935,10,10,inf
random_addition,42,53,11,0.017332786822427938,0.13165404218035973,-2.408780943679566,11,11,inf
random_addition,42,53,12,0.017002739065704802,0.1303945515184772,-2.343871560373344,12,12,inf
random_addition,42,53,13,0.011615299682706932,0.10777429973192557,-1.2843419594998782,13,13,inf
random_addition,42,53,14,0.007359317003212672,0.08578646165457969,-0.44733214664520626,14,14,inf
random_addition,42,53,15,0.006955805833007955,0.08340147380597034,-0.3679749606573266,15,14,inf
random_addition,42,53,16,0.00465365122970727,0.0682176753466964,0.08478204959916369,16,14,inf
random_addition,42,53,17,0.004624795997905027,0.06800585267390614,0.0904569110799307,17,14,inf
random_addition,42,53,18,0.005933501832451387,0.07702922713133883,-0.16692186795815345,18,14,inf
random_addition,42,53,19,0.002268408657451089,0.04762781390585851,0.5538796915224582,19,14,inf
random_addition,42,53,20,0.002770921528084616,0.05263954338788109,0.4550521737713725,20,14,inf
random_addition,42,53,21,0.0037619768039939736,0.06133495580820103,0.2601446627483016,21,14,inf
random_addition,42,53,22,0.005113558772616717,0.07150915167037515,-0.005666421508531583,22,14,inf
random_addition,42,53,23,0.005092231323048674,0.07135987193828668,-0.0014720236653202878,23,14,inf
random_addition,42,53,24,0.005561630574422305,0.07457634058079214,-0.09378719718314454,24,14,inf
random_addition,42,53,25,0.005254321032692852,0.07248669555644575,-0.03334966221601654,25,14,inf
random_addition,42,53,26,0.00555142763770463,0.07450790318955855,-0.09178061990223219,26,14,inf
random_addition,42,53,27,0.0063212748379669935,0.07950644526053843,-0.2431838819791503,27,14,inf
random_addition,42,53,28,0.006357396549523253,0.0797332838250329,-0.2502878176167098,28,14,inf
random_addition,42,53,29,0.006832887958340045,0.08266128451905429,-0.3438011152683442,29,14,inf
random_addition,42,53,30,0.007040865571471039,0.08390986575767499,-0.38470337360775586,30,14,inf
random_addition,42,53,31,0.007719954873904378,0.08786327374907207,-0.5182575848783906,31,14,inf
random_addition,42,53,32,0.007826701534211016,0.08846864718198767,-0.5392510918765763,32,14,inf
random_addition,42,53,33,0.008729851090394869,0.09343367214444089,-0.7168704803772494,33,14,inf
random_addition,42,53,34,0.00588345534594935,0.07670368534789805,-0.1570793936212791,34,14,inf
random_addition,42,53,35,0.0057220356676809785,0.07564413835639203,-0.12533352788985974,35,14,inf
random_addition,42,53,36,0.005780562876733735,0.07603001299969463,-0.13684387743432147,36,14,inf
random_addition,42,53,37,0.006318239328819228,0.07948735326339171,-0.24258689859481186,37,14,inf
random_addition,42,53,38,0.006559025531373571,0.08098781100495044,-0.28994151197447615,38,14,inf
random_addition,42,53,39,0.006639888612888246,0.08148551167470354,-0.30584458250423996,39,14,inf
random_addition,42,53,40,0.006642500899560195,0.08150153924657004,-0.3063583321463488,40,14,inf
random_addition,42,53,41,0.0065389621752112315,0.0808638496190432,-0.2859957191338267,41,14,inf
random_addition,42,53,42,0.006475995671921491,0.0804735712636235,-0.2736123085084523,42,14,inf
random_addition,42,53,43,0.005037797114209567,0.07097744088236464,0.009233369280199466,43,14,inf
random_addition,42,53,44,0.005339757879137411,0.07307364695386026,-0.05015223972602456,44,14,inf
random_addition,42,53,45,0.004286904510972793,0.06547445693530259,0.15690889445030087,45,14,inf
random_addition,42,53,46,0.0036370632949320387,0.06030806989891186,0.2847109828479347,46,14,inf
random_addition,42,53,47,0.0037672999154489675,0.061378334251175046,0.2590977843048774,47,14,inf
random_addition,42,53,48,0.004057481028338121,0.06369835969896023,0.20202883988375664,48,14,inf
random_addition,42,53,49,0.004007951222022633,0.06330838192548151,0.21176970046446297,49,14,inf
random_addition,42,53,50,0.004012197175563529,0.06334190694606162,0.21093466304859698,50,14,inf
random_addition,42,53,51,0.0038328496223516096,0.06191001229487529,0.24620634370489392,51,14,inf
random_addition,42,53,52,0.0038955843194054193,0.06241461623214085,0.23386852163303729,52,14,inf
random_addition,42,53,53,0.003842573402266307,0.061988494111942315,0.2442940005823867,53,14,inf
random_addition,42,53,54,0.0039039833491477196,0.06248186416191277,0.23221671267558186,54,14,inf
random_addition,42,53,55,0.0037951380421355264,0.06160469172177981,0.25362295346959074,55,14,inf
random_addition,42,53,56,0.003518860009076473,0.059319979847235894,0.30795762589689823,56,14,inf
random_addition,42,53,57,0.0036717496486124387,0.06059496388820146,0.2778893342208091,57,14,inf
random_addition,42,53,58,0.003655144376649464,0.06045779004106472,0.2811550372616358,58,14,inf
random_addition,42,53,59,0.003380634430289743,0.058143223425346335,0.3351419860188144,59,14,inf
random_addition,42,53,60,0.003736779971118296,0.061129207185422384,0.26510003920493397,60,14,inf
random_addition,42,53,61,0.0036888458410011273,0.06073586947596229,0.27452708350942134,61,14,inf
random_addition,42,53,62,0.0035319723933761385,0.05943039957274508,0.3053788573362034,62,14,inf
random_addition,42,53,63,0.003533688433468981,0.059444835212733,0.30504136949728866,63,14,inf
random_addition,42,53,64,0.0034896355371156025,0.05907313718701253,0.31370510459896184,64,14,inf
random_addition,42,53,65,0.003370635534192412,0.05805717470039695,0.3371084353165298,65,14,inf
random_addition,42,53,66,0.0034414759828613833,0.058664094494514984,0.3231764823110249,66,14,inf
random_addition,42,53,67,0.0034660892988738617,0.05887350251916274,0.31833586415517623,67,14,inf
random_addition,42,53,68,0.003589962404926104,0.059916294986640355,0.29397415661955373,68,14,inf
random_addition,42,53,69,0.003698232730277448,0.0608130967002787,0.27268099553676195,69,14,inf
random_addition,42,53,70,0.0035465887327480656,0.059553242839899705,0.3025043109849549,70,14,inf
random_addition,42,53,71,0.0033744784977781626,0.05809026164322349,0.3363526525810374,71,14,inf
random_addition,42,53,72,0.0033558235614029133,0.057929470577616306,0.3400214562346553,72,14,inf
random_addition,42,53,73,0.0037858932106764644,0.061529612469740654,0.25544110340866477,73,14,inf
random_addition,42,53,74,0.004211569605570917,0.06489660704205512,0.17172475715943702,74,14,inf
random_addition,42,53,75,0.004175772917188627,0.06462022065258387,0.17876477158149728,75,14,inf
random_addition,42,53,76,0.004172461624333664,0.06459459438941981,0.1794159924208566,76,14,inf
random_addition,42,53,77,0.004074081302542434,0.0638285304745647,0.1987641197353327,77,14,inf
random_addition,42,53,78,0.004020967207455743,0.06341109687945591,0.20920989034493942,78,14,inf
random_addition,42,53,79,0.003916142275849597,0.06257908816729113,0.22982545741688776,79,14,inf
random_addition,42,53,80,0.004072698671099487,0.063817698729267,0.199036037215374,80,14,inf
random_addition,42,53,81,0.003910535317845966,0.06253427314557966,0.2309281590072665,81,14,inf
random_addition,42,53,82,0.004058762114709561,0.06370841478729133,0.2017768929317223,82,14,inf
random_addition,42,53,83,0.003896663792000328,0.06242326322774489,0.23365622538498165,83,14,inf
random_addition,42,53,84,0.0039022883732161007,0.062468298946074245,0.23255005789668748,84,14,inf
random_addition,42,53,85,0.003990484474100929,0.06317028157370307,0.2152048270874083,85,14,inf
random_addition,42,53,86,0.004089418721132458,0.06394856308887993,0.19574776115719228,86,14,inf
random_addition,42,53,87,0.004008671932163542,0.06331407372901811,0.2116279608227415,87,14,inf
random_addition,42,53,88,0.004091108704739781,0.06396177534074379,0.19541539775973094,88,14,inf
random_addition,42,53,89,0.0037907507296581914,0.06156907283416075,0.2544857914724995,89,14,inf
random_addition,42,53,90,0.004424536424975999,0.06651718894373092,0.12984128838656028,90,14,inf
random_addition,42,53,91,0.004889285328822821,0.06992342475038547,0.038440683090989136,91,14,inf
random_addition,42,53,92,0.004518825520396818,0.06722221002315246,0.11129776881523656,92,14,inf
random_addition,42,53,93,0.004149794363007889,0.06441889756125829,0.1838738865404983,93,14,inf
random_addition,42,53,94,0.0028295555048182567,0.053193566385590814,0.4435208265858662,94,14,inf
random_addition,42,53,95,0.0028903352598013557,0.05376183832237655,0.4315674764021663,95,14,inf
random_addition,42,53,96,0.002868042532372736,0.053554108454653,0.43595171219874296,96,14,inf
random_addition,42,53,97,0.002842874952641285,0.053318617317418174,0.4409013355377952,97,14,inf
random_addition,42,53,98,0.003191592538260944,0.05649418145491573,0.37232021971583706,98,14,inf
random_addition,42,53,99,0.00314494899382258,0.05607984480918773,0.38149344887142955,99,14,inf
random_addition,42,53,100,0.0031684895638116493,0.05628933792301744,0.37686380407142195,100,14,inf
random_addition,42,53,101,0.003098640652733047,0.05566543499096227,0.39060075471073963,101,14,inf
random_addition,42,53,102,0.0030500827409708203,0.05522755418240808,0.40015047605536325,102,14,inf
random_addition,42,53,103,0.0030230283215948116,0.054982072729161564,0.4054711778072547,103,14,inf
random_addition,42,53,104,0.003015119585578073,0.05491010458538641,0.4070265623451622,104,14,inf
random_addition,42,53,105,0.003016231057735171,0.05492022448729767,0.406807972850734,105,14,inf
random_addition,42,53,106,0.0029828742979298812,0.0546156964427799,0.41336813471807077,106,14,inf
random_addition,42,53,107,0.00296176454842956,0.05442209614145306,0.4175197182204671,107,14,inf
random_addition,42,53,108,0.0030657669357821056,0.0553693682082621,0.39706591816300596,108,14,inf
random_addition,42,53,109,0.00307187604698096,0.05542450763859757,0.39586445979103035,109,14,inf
random_addition,42,53,110,0.0030702686857187354,0.055410005285315894,0.39618057412950414,110,14,inf
random_addition,42,53,111,0.003064633682153917,0.05535913368319556,0.39728879134616457,111,14,inf
random_addition,42,53,112,0.0030135997499208594,0.05489626353333039,0.40732546331699737,112,14,inf
random_addition,42,53,113,0.0030624922048352356,0.05533978862297213,0.39770994849475405,113,14,inf
random_addition,42,53,114,0.002556697530373328,0.05056379663725152,0.4971828875774288,114,14,inf
random_addition,42,53,115,0.0025543414879708537,0.05054049354696542,0.49764624252007783,115,14,inf
random_addition,42,53,116,0.002789148065132055,0.052812385527753386,0.451467621974071,116,14,inf
random_addition,42,53,117,0.0027932628752136805,0.05285132803642384,0.4506583761016787,117,14,inf
random_addition,42,53,118,0.0026616602884503753,0.051591281128213665,0.4765402146365654,118,14,inf
random_addition,42,53,119,0.002654359529915023,0.05152047680209319,0.47797603028610136,119,14,inf
random_addition,42,53,120,0.002634313502730599,0.051325563832563974,0.4819184150948921,120,14,inf
random_addition,42,53,121,0.0026058315998169117,0.0510473466481551,0.48751985523758623,121,14,inf
random_addition,42,53,122,0.0025979956999565537,0.05097053756785928,0.4890609153333585,122,14,inf
random_addition,42,53,123,0.00267788919849436,0.05174832556222819,0.4733485294297155,123,14,inf
random_addition,42,53,124,0.0027300199256502637,0.05224959258836631,0.4630961544867973,124,14,inf
random_addition,42,53,125,0.0026647895030773782,0.051621599191398346,0.4759248025104894,125,14,inf
random_addition,42,53,126,0.0026071318901911035,0.05106008118081192,0.48726413149885894,126,14,inf
random_addition,42,53,127,0.00253207051870646,0.0503196832134947,0.5020261992116068,127,14,inf
random_addition,42,53,128,0.0022044734039764658,0.04695182002837021,0.566453622991552,128,14,inf
random_addition,42,53,129,0.0024930735416891247,0.0499306873744907,0.5096956036460856,129,14,inf
random_addition,42,53,130,0.0026837590223377154,0.051805009625881894,0.4721941308979055,130,14,inf
random_addition,42,53,131,0.0027200457023639256,0.05215405739119369,0.46505775146567896,131,14,inf
random_addition,42,53,132,0.0027426175672425257,0.052370006370464815,0.46061861864475706,132,14,inf
random_addition,42,53,133,0.0027360564963925292,0.05230732736808993,0.46190896240267254,133,14,inf
random_addition,42,53,134,0.0028612815458652924,0.05349094826104032,0.43728137269726286,134,14,inf
random_addition,42,53,135,0.0028588602505752576,0.05346831071368589,0.4377575607060493,135,14,inf
random_addition,42,53,136,0.0028182208846394908,0.053086918206272725,0.44574996825045,136,14,inf
random_addition,42,53,137,0.002814641156000165,0.053053191760724115,0.44645398145353676,137,14,inf
random_addition,42,53,138,0.002793500718927423,0.05285357810903083,0.4506116001776864,138,14,inf
random_addition,42,53,139,0.0027975725805015053,0.052892084289631706,0.4498108008439594,139,14,inf
random_addition,42,53,140,0.002797963921711702,0.0528957835910548,0.44973383708311343,140,14,inf
random_addition,42,53,141,0.0028105869318927543,0.05301496894173149,0.44725131208595803,141,14,inf
random_addition,42,53,142,0.002806065294717054,0.052972306866107446,0.44814056727594365,142,14,inf
random_addition,42,53,143,0.002801719933957352,0.05293127557462933,0.44899515477550955,143,14,inf
random_addition,42,53,144,0.0028190117148319746,0.05309436613080502,0.44559443833379886,144,14,inf
random_addition,42,53,145,0.0028131744170549157,0.05303936667283005,0.44674244007344255,145,14,inf
random_addition,42,53,146,0.002834692619610754,0.053241831482498364,0.44251052748107944,146,14,inf
random_addition,42,53,147,0.0028126460621982936,0.053034385658724224,0.4468463498477452,147,14,inf
random_addition,42,53,148,0.0028258159153916078,0.053158403995902735,0.4442562790728404,148,14,inf
random_addition,42,53,149,0.002811703882294677,0.05302550218804794,0.4470316452035278,149,14,inf
random_addition,42,53,150,0.0026800483819562917,0.05176918370958047,0.47292389007342817,150,14,inf
random_addition,42,54,10,0.00962854819961681,0.0981251659851682,-0.8936142210947935,10,10,inf
random_addition,42,54,11,0.009311938493919644,0.09649838596536028,-0.8313476541300404,11,11,inf
random_addition,42,54,12,0.005572299103139056,0.07464783388109165,-0.095885340878058,12,12,inf
random_addition,42,54,13,0.011802544731557656,0.10863951735698045,-1.3211668140867237,13,13,inf
random_addition,42,54,14,0.010230521397688777,0.101146039950602,-1.012002267242016,14,14,inf
random_addition,42,54,15,0.010082111502613397,0.1004097181681803,-0.9828149918563964,15,14,inf
random_addition,42,54,16,0.01029312645023243,0.10145504645029951,-1.0243145925636843,16,14,inf
random_addition,42,54,17,0.013156908551511543,0.11470356817253569,-1.5875249956974273,17,14,inf
random_addition,42,54,18,0.011465291866669964,0.10707610315411167,-1.2548404263679904,18,14,inf
random_addition,42,54,19,0.011561306242939533,0.10752351483717193,-1.273723251126643,19,14,inf
random_addition,42,54,20,0.010577964702600164,0.10284923287317298,-1.0803327745588467,20,14,inf
random_addition,42,54,21,0.013684674465347204,0.11698151334867918,-1.691318944601175,21,14,inf
random_addition,42,54,22,0.010216435531763627,0.1010763846393589,-1.0092320473210772,22,14,inf
random_addition,42,54,23,0.009289214332918263,0.09638057030811896,-0.8268785697423886,23,14,inf
random_addition,42,54,24,0.00966429073458103,0.0983071245362259,-0.9006435853460852,24,14,inf
random_addition,42,54,25,0.010235311468331306,0.10116971616215648,-1.0129443143399475,25,14,inf
random_addition,42,54,26,0.010254442414082972,0.10126422079926835,-1.016706733158164,26,14,inf
random_addition,42,54,27,0.01082219125420934,0.10402976138687112,-1.1283639898270512,27,14,inf
random_addition,42,54,28,0.011825878976398311,0.10874685731734186,-1.325755881613075,28,14,inf
random_addition,42,54,29,0.01100045097519516,0.10488303473486625,-1.1634217301747158,29,14,inf
random_addition,42,54,30,0.010469375720512444,0.10231996735980932,-1.058976944326445,30,14,inf
random_addition,42,54,31,0.010547641253773868,0.10270171008203256,-1.0743691637693824,31,14,inf
random_addition,42,54,32,0.011554762819582986,0.10749308265922504,-1.272436378041966,32,14,inf
random_addition,42,54,33,0.011375021408979683,0.10665374540530531,-1.2370872387759237,33,14,inf
random_addition,42,54,34,0.012091857193439937,0.10996298101379362,-1.3780649238331164,34,14,inf
random_addition,42,54,35,0.012158903690215937,0.11026741898773153,-1.3912507330680617,35,14,inf
random_addition,42,54,36,0.011300157504885154,0.10630219896542664,-1.2223640063112708,36,14,inf
random_addition,42,54,37,0.009518490288481824,0.09756275051720213,-0.8719695015224815,37,14,inf
random_addition,42,54,38,0.009339164930413747,0.09663935497722316,-0.836702185910545,38,14,inf
random_addition,42,54,39,0.007856153521883092,0.08863494526360972,-0.5450433153290768,39,14,inf
random_addition,42,54,40,0.00949133690758451,0.09742349258564133,-0.8666293373407199,40,14,inf
random_addition,42,54,41,0.010097745518019298,0.10048753911813792,-0.9858896811337068,41,14,inf
random_addition,42,54,42,0.008006982375610127,0.08948174325307999,-0.574706319184664,42,14,inf
random_addition,42,54,43,0.007871411635768629,0.08872097630080852,-0.5480440773174611,43,14,inf
random_addition,42,54,44,0.007622592774069599,0.0873074611592251,-0.49910970785471576,44,14,inf
random_addition,42,54,45,0.007702373398991058,0.0877631665278268,-0.5147998952835036,45,14,inf
random_addition,42,54,46,0.008394599907037763,0.09162204924054997,-0.6509377566391954,46,14,inf
random_addition,42,54,47,0.008378055279690606,0.09153171734262723,-0.6476839803711867,47,14,inf
random_addition,42,54,48,0.009524074128790997,0.09759136298254573,-0.87306765663357,48,14,inf
random_addition,42,54,49,0.009733350772067712,0.09865774562632025,-0.9142253908668099,49,14,inf
random_addition,42,54,50,0.0074316642073134044,0.08620710067803815,-0.4615604281785579,50,14,inf
random_addition,42,54,51,0.007687468827578485,0.08767821181786548,-0.5118686633053227,51,14,inf
random_addition,42,54,52,0.007181966958764584,0.08474648640955319,-0.4124533093255718,52,14,inf
random_addition,42,54,53,0.005549102441786512,0.07449229786888381,-0.09132333143401272,53,14,inf
random_addition,42,54,54,0.006295459884597457,0.07934393413864388,-0.23810694184196546,54,14,inf
random_addition,42,54,55,0.006886832478798381,0.08298694161612645,-0.35441020284544233,55,14,inf
random_addition,42,54,56,0.006412951305925775,0.08008090475216782,-0.26121358488632374,56,14,inf
random_addition,42,54,57,0.006512642583704811,0.08070094537057673,-0.2808195335099186,57,14,inf
random_addition,42,54,58,0.006495070157303289,0.08059199809722606,-0.2773636234554424,58,14,inf
random_addition,42,54,59,0.0058630665116272485,0.07657066351826428,-0.1530695900846033,59,14,inf
random_addition,42,54,60,0.0059120561408573385,0.07688989622087768,-0.1627042158529981,60,14,inf
random_addition,42,54,61,0.006538256102213013,0.08085948368752433,-0.28585685812977535,61,14,inf
random_addition,42,54,62,0.006279509295099547,0.07924335489553397,-0.23496999300171462,62,14,inf
random_addition,42,54,63,0.006708275694176337,0.08190406396618141,-0.31929403999061856,63,14,inf
random_addition,42,54,64,0.005988626562310726,0.07738621687555688,-0.17776306335247116,64,14,inf
random_addition,42,54,65,0.005806146089338147,0.0761980714279446,-0.14187524189391199,65,14,inf
random_addition,42,54,66,0.005659443959334066,0.07522927594583152,-0.1130238269265258,66,14,inf
random_addition,42,54,67,0.005593077591479675,0.07478688114555704,-0.09997177636126153,67,14,inf
random_addition,42,54,68,0.005566230145802524,0.07460717221422163,-0.0946917794312625,68,14,inf
random_addition,42,54,69,0.005355288364874357,0.07317983578059162,-0.053206568171216384,69,14,inf
random_addition,42,54,70,0.005351073761629336,0.07315103390676947,-0.05237769631269873,70,14,inf
random_addition,42,54,71,0.005305083055488895,0.07283600109484935,-0.04333285867152692,71,14,inf
random_addition,42,54,72,0.005265206945696089,0.07256174574592379,-0.03549055814811064,72,14,inf
random_addition,42,54,73,0.005430050455790555,0.07368887606545886,-0.06790977738019444,73,14,inf
random_addition,42,54,74,0.004553952816827335,0.06748298168299423,0.10438940145907738,74,14,inf
random_addition,42,54,75,0.004457423650367576,0.06676393974570087,0.12337346827466444,75,14,inf
random_addition,42,54,76,0.004543724321433861,0.06740715334023431,0.10640100527887808,76,14,inf
random_addition,42,54,77,0.004317441438099011,0.06570724037805127,0.15090329960090876,77,14,inf
random_addition,42,54,78,0.004301925403543554,0.06558906466434443,0.15395478598079526,78,14,inf
random_addition,42,54,79,0.004419519319904168,0.06647946540025851,0.13082798558283382,79,14,inf
random_addition,42,54,80,0.0044154803063824605,0.06644908055332639,0.13162232480047442,80,14,inf
random_addition,42,54,81,0.004419654132988055,0.0664804793378331,0.13080147234661732,81,14,inf
random_addition,42,54,82,0.004351164057969082,0.06596335390176186,0.14427118526397464,82,14,inf
random_addition,42,54,83,0.0046719547837154604,0.06835169920137656,0.08118235113497929,83,14,inf
random_addition,42,54,84,0.0036959291819620385,0.06079415417589128,0.2731340266436958,84,14,inf
random_addition,42,54,85,0.0037533820549391244,0.06126485170910907,0.2618349631653105,85,14,inf
random_addition,42,54,86,0.0037146892631639097,0.060948250698144815,0.26944454451032807,86,14,inf
random_addition,42,54,87,0.0037451834062314964,0.061197903609776505,0.2634473638579864,87,14,inf
random_addition,42,54,88,0.0037408743422519134,0.06116268750023918,0.2642948129917686,88,14,inf
random_addition,42,54,89,0.003835875030639864,0.06193444139281361,0.24561134682265529,89,14,inf
random_addition,42,54,90,0.004203374899999694,0.06483343967428917,0.17333638236872562,90,14,inf
random_addition,42,54,91,0.004240968506710536,0.06512271882154903,0.1659429740568965,91,14,inf
random_addition,42,54,92,0.004299734545634491,0.06557236114121934,0.1543856546441692,92,14,inf
random_addition,42,54,93,0.004105446540513449,0.06407375859518036,0.19259562377533945,93,14,inf
random_addition,42,54,94,0.004095440486656487,0.06399562865271727,0.19456348076559027,94,14,inf
random_addition,42,54,95,0.004182264085677686,0.0646704266699833,0.17748817528602512,95,14,inf
random_addition,42,54,96,0.004209164436986705,0.06487807362265548,0.17219777358317734,96,14,inf
random_addition,42,54,97,0.004140448823438668,0.0643463194241805,0.18571184240520355,97,14,inf
random_addition,42,54,98,0.004171859610232473,0.06458993427951815,0.17953438851128278,98,14,inf
random_addition,42,54,99,0.004314856185317252,0.06568756492150742,0.1514117325786717,99,14,inf
random_addition,42,54,100,0.0043106636416384335,0.0656556444004507,0.1522362660564276,100,14,inf
random_addition,42,54,101,0.004202098611387403,0.06482359610039698,0.17358738576158939,101,14,inf
random_addition,42,54,102,0.003777769714290278,0.0614635641196496,0.2570387241468054,102,14,inf
random_addition,42,54,103,0.0036004220904551298,0.060003517317363406,0.2919170854126265,103,14,inf
random_addition,42,54,104,0.0035850927093441045,0.05987564370713775,0.29493186328677934,104,14,inf
random_addition,42,54,105,0.003574112549531732,0.059783882021258304,0.297091294422143,105,14,inf
random_addition,42,54,106,0.0034469466243636157,0.05871070280931421,0.32210058962893284,106,14,inf
random_addition,42,54,107,0.003451007819874955,0.05874527912841129,0.3213018879539259,107,14,inf
random_addition,42,54,108,0.0034171188400603297,0.05845612748087518,0.32796671974216196,108,14,inf
random_addition,42,54,109,0.003111804465979738,0.055783550137829506,0.38801187179184204,109,14,inf
random_addition,42,54,110,0.0030466914814644666,0.055196843038931735,0.4008174236673522,110,14,inf
random_addition,42,54,111,0.0030726837375239626,0.055431793562214476,0.3957056140058959,111,14,inf
random_addition,42,54,112,0.003231725491488595,0.056848267269008254,0.36442740665712103,112,14,inf
random_addition,42,54,113,0.003198530897851823,0.05655555585308859,0.37095567584899725,113,14,inf
random_addition,42,54,114,0.003123218205411303,0.05588576030986161,0.38576717000966243,114,14,inf
random_addition,42,54,115,0.0032281158613216483,0.056816510464139276,0.3651373004931715,115,14,inf
random_addition,42,54,116,0.0034593821227864576,0.058816512331032154,0.31965494193919775,116,14,inf
random_addition,42,54,117,0.0034980811077762733,0.05914457800826948,0.31204414259547486,117,14,inf
random_addition,42,54,118,0.0035097443390628715,0.059243095285972956,0.3097503740884948,118,14,inf
random_addition,42,54,119,0.0035885101044936694,0.059904174349486444,0.29425977566565975,119,14,inf
random_addition,42,54,120,0.0036022650914356046,0.06001887279377716,0.2915546286025481,120,14,inf
random_addition,42,54,121,0.0035437271437973893,0.059529212524586525,0.30306709006852894,121,14,inf
random_addition,42,54,122,0.0035483616546940176,0.059568126164031864,0.3021556363831204,122,14,inf
random_addition,42,54,123,0.0030737055403727005,0.05544100955405394,0.3955046594730409,123,14,inf
random_addition,42,54,124,0.002976676037530424,0.05455892262068986,0.41458712576377466,124,14,inf
random_addition,42,54,125,0.0029756928713661817,0.054549911744806535,0.4147804817497147,125,14,inf
random_addition,42,54,126,0.002895940571017477,0.05381394402027672,0.43046509867995353,126,14,inf
random_addition,42,54,127,0.002923507838732313,0.0540694723363592,0.42504353676851003,127,14,inf
random_addition,42,54,128,0.0029211618267115957,0.0540477735592466,0.42550491906968246,128,14,inf
random_addition,42,54,129,0.002921274221433682,0.05404881332123474,0.4254828147773524,129,14,inf
random_addition,42,54,130,0.0029130695090221754,0.05397285900359713,0.42709640799829507,130,14,inf
random_addition,42,54,131,0.0029997558072614463,0.0547700265406312,0.41004810500216116,131,14,inf
random_addition,42,54,132,0.003002362599666367,0.054793818991437045,0.40953543589908736,132,14,inf
random_addition,42,54,133,0.003001290772580915,0.0547840375710016,0.40974622853048814,133,14,inf
random_addition,42,54,134,0.0029517161030596694,0.05432969816831002,0.419495912207124,134,14,inf
random_addition,42,54,135,0.0029644471859119614,0.05444673714660927,0.4169921329208557,135,14,inf
random_addition,42,54,136,0.0028716505145777826,0.05358778325866617,0.435242142461822,136,14,inf
random_addition,42,54,137,0.002851358957643816,0.05339811754775458,0.4392328147814395,137,14,inf
random_addition,42,54,138,0.0028317089929650414,0.05321380453383352,0.44309730730807184,138,14,inf
random_addition,42,54,139,0.002872687644578205,0.053597459310849846,0.43503817358954666,139,14,inf
random_addition,42,54,140,0.0028555232905606194,0.05343709657682217,0.4384138294194567,140,14,inf
random_addition,42,54,141,0.0027162250986956984,0.0521174164622125,0.4658091367513246,141,14,inf
random_addition,42,54,142,0.00271748531545684,0.0521295052293501,0.4655612941554227,142,14,inf
random_addition,42,54,143,0.002713903221004272,0.05209513625094258,0.4662657726350503,143,14,inf
random_addition,42,54,144,0.002577539998344623,0.050769479004069196,0.4930838694352412,144,14,inf
random_addition,42,54,145,0.0025744727281971514,0.05073926219602677,0.49368709914867015,145,14,inf
random_addition,42,54,146,0.0023201691370554364,0.048168134041661155,0.543700131921419,146,14,inf
random_addition,42,54,147,0.0024597180336738654,0.049595544494176746,0.5162555193280831,147,14,inf
random_addition,42,54,148,0.002760246993092133,0.052538052810245386,0.45715149870035243,148,14,inf
random_addition,42,54,149,0.0027193729047158216,0.05214760689346944,0.46519006831843346,149,14,inf
random_addition,42,54,150,0.0026800483819562917,0.05176918370958047,0.47292389007342817,150,14,inf
random_addition,42,55,10,0.00962854819961681,0.0981251659851682,-0.8936142210947935,10,10,inf
random_addition,42,55,11,0.012978044384885095,0.11392122008162085,-1.552348381056646,11,11,inf
random_addition,42,55,12,0.009713061999604042,0.0985548679650277,-0.9102352661596094,12,12,inf
random_addition,42,55,13,0.0094481723883477,0.09720170980156523,-0.8581403163814858,13,13,inf
random_addition,42,55,14,0.012902060906070222,0.11358723918675998,-1.5374049655936766,14,14,inf
random_addition,42,55,15,0.009715757980903166,0.0985685445814392,-0.9107654757428185,15,14,inf
random_addition,42,55,16,0.009368784627396756,0.09679248228760721,-0.842527392189699,16,14,inf
random_addition,42,55,17,0.009536061633283669,0.09765276050006814,-0.8754251988623833,17,14,inf
random_addition,42,55,18,0.008826301594992883,0.09394839857598895,-0.7358390770288026,18,14,inf
random_addition,42,55,19,0.008247670448452378,0.09081668595832143,-0.622041633723581,19,14,inf
random_addition,42,55,20,0.007327844684550148,0.0856028310545285,-0.4411425914854208,20,14,inf
random_addition,42,55,21,0.017445741159800875,0.1320823272046676,-2.4309952936676824,21,14,inf
random_addition,42,55,22,0.0055436819705524795,0.07445590621671648,-0.09025730556998801,22,14,inf
random_addition,42,55,23,0.007236659173382202,0.08506855572643868,-0.4232094434006146,23,14,inf
random_addition,42,55,24,0.007364951055144775,0.08581929302403263,-0.44844017670745817,24,14,inf
random_addition,42,55,25,0.0056696222107907555,0.07529689376588357,-0.11502554944010601,25,14,inf
random_addition,42,55,26,0.006103401855733513,0.07812427187330141,-0.20033553464823384,26,14,inf
random_addition,42,55,27,0.005834546281192779,0.07638420177754546,-0.14746061219718287,27,14,inf
random_addition,42,55,28,0.006663837078149423,0.08163232863363279,-0.3105544466968255,28,14,inf
random_addition,42,55,29,0.00650900881212894,0.08067842841880932,-0.2801048918640936,29,14,inf
random_addition,42,55,30,0.006517024003486341,0.08072808683157517,-0.28168121261614365,30,14,inf
random_addition,42,55,31,0.008813858844138232,0.09388215402374528,-0.7333920030276728,31,14,inf
random_addition,42,55,32,0.007595027054335131,0.08714945240410367,-0.4936884503793697,32,14,inf
random_addition,42,55,33,0.009073120431100912,0.09525292872715732,-0.784380108178943,33,14,inf
random_addition,42,55,34,0.008361715040618532,0.09144241379479509,-0.6444704004584643,34,14,inf
random_addition,42,55,35,0.008457406041132452,0.09196415628456803,-0.663289627993843,35,14,inf
random_addition,42,55,36,0.008355655820300999,0.09140927644556103,-0.6432787539584774,36,14,inf
random_addition,42,55,37,0.006653281629875494,0.08156765063354157,-0.30847854215263504,37,14,inf
random_addition,42,55,38,0.0066866259644884005,0.0817717919853075,-0.3150362603991361,38,14,inf
random_addition,42,55,39,0.00665314827710097,0.08156683319279331,-0.3084523161105541,39,14,inf
random_addition,42,55,40,0.006397287338137542,0.07998304406646163,-0.25813300497462444,40,14,inf
random_addition,42,55,41,0.006540705047126118,0.0808746254836838,-0.2863384838970242,41,14,inf
random_addition,42,55,42,0.006464402236987482,0.08040150643481428,-0.27133226661561016,42,14,inf
random_addition,42,55,43,0.005667600938254887,0.07528347055134273,-0.11462803256224685,43,14,inf
random_addition,42,55,44,0.004681275905692465,0.06841985023143843,0.0793491973960887,44,14,inf
random_addition,42,55,45,0.004932745296565392,0.0702335055124361,0.029893557266876924,45,14,inf
random_addition,42,55,46,0.003944190690226348,0.06280279205756976,0.22430927000816825,46,14,inf
random_addition,42,55,47,0.003931115338657141,0.06269860715085417,0.226880755466199,47,14,inf
random_addition,42,55,48,0.003997033335147367,0.06322209530810702,0.21391688459053204,48,14,inf
random_addition,42,55,49,0.004036162277713586,0.06353079786775534,0.20622152693497786,49,14,inf
random_addition,42,55,50,0.004149408749072174,0.06441590447298069,0.1839497239375164,50,14,inf
random_addition,42,55,51,0.0038315898973497855,0.06189983761973682,0.2464540895881432,51,14,inf
random_addition,42,55,52,0.0039000497720120043,0.06245037847773226,0.2329903160734711,52,14,inf
random_addition,42,55,53,0.004232604652283097,0.06505847102632445,0.1675878652033721,53,14,inf
random_addition,42,55,54,0.004232887047754137,0.0650606413106583,0.1675323274349727,54,14,inf
random_addition,42,55,55,0.0041183062137559396,0.06417403068029887,0.19006655504911318,55,14,inf
random_addition,42,55,56,0.004783159382699907,0.06916038882698612,0.059312116316351915,56,14,inf
random_addition,42,55,57,0.004936872936220435,0.07026288448548376,0.029081788245389872,57,14,inf
random_addition,42,55,58,0.005190220013090035,0.07204318158639328,-0.020743130079489358,58,14,inf
random_addition,42,55,59,0.0052060745605129015,0.07215313271447679,-0.023861190647556763,59,14,inf
random_addition,42,55,60,0.0050625642989955205,0.07115169919963626,0.004362490269693042,60,14,inf
random_addition,42,55,61,0.005103641792930632,0.0714397773857858,-0.003716082436164836,61,14,inf
random_addition,42,55,62,0.004844885691618133,0.06960521310662106,0.047172610550789584,62,14,inf
random_addition,42,55,63,0.0048457978214473275,0.06961176496431712,0.04699322504217085,63,14,inf
random_addition,42,55,64,0.0047993581224486485,0.06927739979566676,0.056126364600090906,64,14,inf
random_addition,42,55,65,0.005140989986110949,0.07170069724982421,-0.011061226093570964,65,14,inf
random_addition,42,55,66,0.005119457025592696,0.07155038103038094,-0.006826411102328844,66,14,inf
random_addition,42,55,67,0.005041447738580736,0.07100315301858598,0.008515413251751203,67,14,inf
random_addition,42,55,68,0.005541518292319679,0.07444137486854793,-0.08983178224221722,68,14,inf
random_addition,42,55,69,0.0055283601339148735,0.07435294300775776,-0.08724401144207206,69,14,inf
random_addition,42,55,70,0.004615625624893728,0.06793839580747935,0.09226041752627434,70,14,inf
random_addition,42,55,71,0.004650792476809929,0.068196718959272,0.08534427092565766,71,14,inf
random_addition,42,55,72,0.004702213115682285,0.06857268490938856,0.07523154665946474,72,14,inf
random_addition,42,55,73,0.004379640166727454,0.06617884984439858,0.1386708846383371,73,14,inf
random_addition,42,55,74,0.004185681060159851,0.06469683964584245,0.1768161703961495,74,14,inf
random_addition,42,55,75,0.004189046393613275,0.06472284290428902,0.176154321573875,75,14,inf
random_addition,42,55,76,0.004127633177089239,0.06424665887880271,0.18823225251030806,76,14,inf
random_addition,42,55,77,0.004020138543565194,0.06340456248224724,0.20937286088786233,77,14,inf
random_addition,42,55,78,0.004026725835712331,0.06345648773539496,0.20807736027554558,78,14,inf
random_addition,42,55,79,0.003685737254672051,0.06071027305713631,0.275138438737458,79,14,inf
random_addition,42,55,80,0.0032594539791701025,0.05709162792538064,0.35897413815655477,80,14,inf
random_addition,42,55,81,0.0026216690920274825,0.051202237177954274,0.4844051488608131,81,14,inf
random_addition,42,55,82,0.0026589896731463894,0.05156539220394226,0.477065435574744,82,14,inf
random_addition,42,55,83,0.002656763905973283,0.05154380569935909,0.4775031697257771,83,14,inf
random_addition,42,55,84,0.0026864747042275317,0.05183121360944129,0.47166004686572194,84,14,inf
random_addition,42,55,85,0.002640137651928978,0.05138226982071713,0.4807729992420362,85,14,inf
random_addition,42,55,86,0.002666425852949984,0.0516374462280038,0.47560298707941784,86,14,inf
random_addition,42,55,87,0.0026122580371625063,0.051110253737997685,0.4862559893985934,87,14,inf
random_addition,42,55,88,0.0024421080111587767,0.04941768925353326,0.5197188232838861,88,14,inf
random_addition,42,55,89,0.0025362278530506603,0.050360975497409304,0.5012085902353817,89,14,inf
random_addition,42,55,90,0.0025385532125348346,0.05038405712658355,0.5007512695991756,90,14,inf
random_addition,42,55,91,0.00250473726341989,0.050047350213771456,0.5074017386850991,91,14,inf
random_addition,42,55,92,0.0025131331764914945,0.05013115973615107,0.5057505426727971,92,14,inf
random_addition,42,55,93,0.0025661837743938057,0.05065751449088087,0.49531725984108255,93,14,inf
random_addition,42,55,94,0.0025580823714990417,0.05057748878205641,0.49691053552650244,94,14,inf
random_addition,42,55,95,0.0025148068598065047,0.050147850001834623,0.5054213849990536,95,14,inf
random_addition,42,55,96,0.0024257177523962165,0.04925157614123853,0.5229422404010629,96,14,inf
random_addition,42,55,97,0.0021952481454135127,0.04685347527573075,0.568267923594916,97,14,inf
random_addition,42,55,98,0.002143172437046199,0.04629441042983698,0.5785094781775533,98,14,inf
random_addition,42,55,99,0.0020998788368543266,0.04582443493218794,0.5870238850544889,99,14,inf
random_addition,42,55,100,0.0023593964152187298,0.048573618510655864,0.5359854349344101,100,14,inf
random_addition,42,55,101,0.002419786628963387,0.04919132676563407,0.5241086945171591,101,14,inf
random_addition,42,55,102,0.0023623163929705187,0.04860366645604546,0.5354111727215162,102,14,inf
random_addition,42,55,103,0.002409398780020969,0.04908562702075801,0.5261516378639797,103,14,inf
random_addition,42,55,104,0.0023853226872163503,0.04883976542957952,0.5308866021366867,104,14,inf
random_addition,42,55,105,0.002435819252418937,0.0493540196176455,0.5209556123341053,105,14,inf
random_addition,42,55,106,0.002285207766223018,0.04780384677223181,0.5505758672477344,106,14,inf
random_addition,42,55,107,0.002554500036208902,0.05054206204943465,0.4976150613708461,107,14,inf
random_addition,42,55,108,0.0023298183695143115,0.04826819210944524,0.5418024497965579,108,14,inf
random_addition,42,55,109,0.002432938901897338,0.04932483048016828,0.5215220811927911,109,14,inf
random_addition,42,55,110,0.0025255992012583107,0.05025534002728775,0.5032988914695655,110,14,inf
random_addition,42,55,111,0.0027515605417890955,0.05245531948038345,0.45885983389037976,111,14,inf
random_addition,42,55,112,0.0027405177887183103,0.05234995500206576,0.4610315750315529,112,14,inf
random_addition,42,55,113,0.0027783206916488726,0.05270977795104882,0.4535970051354571,113,14,inf
random_addition,42,55,114,0.0027979569812625026,0.052895717986076174,0.4497352020379366,114,14,inf
random_addition,42,55,115,0.0027876173962766105,0.05279789196811375,0.45176865347460105,115,14,inf
random_addition,42,55,116,0.0031159294609728987,0.055820511113504674,0.38720062288712087,116,14,inf
random_addition,42,55,117,0.0030023564883285667,0.05479376322473724,0.40953663779535754,117,14,inf
random_addition,42,55,118,0.002998189093701751,0.05475572201790194,0.41035622529356075,118,14,inf
random_addition,42,55,119,0.002988793955121018,0.05466986331719714,0.4122039356292,119,14,inf
random_addition,42,55,120,0.002989514682061265,0.054676454549113414,0.412062192683609,120,14,inf
random_addition,42,55,121,0.002977551944399316,0.05456694919453822,0.4144148641030443,121,14,inf
random_addition,42,55,122,0.0030307838797635025,0.05505255561518922,0.40394591824202297,122,14,inf
random_addition,42,55,123,0.0030014307953198627,0.054785315508079926,0.4097186907289161,123,14,inf
random_addition,42,55,124,0.0030934225651842915,0.0556185451552294,0.3916269784554194,124,14,inf
random_addition,42,55,125,0.0030210223014403067,0.054963827208813494,0.4058656950505214,125,14,inf
random_addition,42,55,126,0.003042509262398762,0.05515894544313517,0.4016399266381393,126,14,inf
random_addition,42,55,127,0.0029939825161707954,0.05471729631634585,0.41118351876186077,127,14,inf
random_addition,42,55,128,0.0026962465873025094,0.05192539443569504,0.469738243456316,128,14,inf
random_addition,42,55,129,0.002764265093261526,0.052576278807666924,0.45636127244143954,129,14,inf
random_addition,42,55,130,0.0027055397923864384,0.05201480358884804,0.4679105800389818,130,14,inf
random_addition,42,55,131,0.002727864812116268,0.05222896525986579,0.46351999342403294,131,14,inf
random_addition,42,55,132,0.0028908048453807583,0.05376620542107057,0.43147512458414106,132,14,inf
random_addition,42,55,133,0.002893998424963046,0.05379589598624644,0.4308470540185849,133,14,inf
random_addition,42,55,134,0.0029055744778014236,0.05390338094963454,0.4285704306040842,134,14,inf
random_addition,42,55,135,0.0029089230903748564,0.05393443325348711,0.427911870221093,135,14,inf
random_addition,42,55,136,0.002968398164239604,0.054483008032226006,0.41621510728902067,136,14,inf
random_addition,42,55,137,0.003001570412837211,0.054786589717167204,0.40969123262091445,137,14,inf
random_addition,42,55,138,0.0029552731201468387,0.05436242378837462,0.4187963656086857,138,14,inf
random_addition,42,55,139,0.002958642949137319,0.05439340905971347,0.41813363266424397,139,14,inf
random_addition,42,55,140,0.002950872296245367,0.05432193200030138,0.4196618608579791,140,14,inf
random_addition,42,55,141,0.0029739156594504206,0.05453361953373736,0.4151300000454966,141,14,inf
random_addition,42,55,142,0.002942817927435633,0.05424774582815062,0.4212458865079376,142,14,inf
random_addition,42,55,143,0.00297771037156228,0.05456840085216241,0.4143837067652425,143,14,inf
random_addition,42,55,144,0.0029896307910175727,0.0546775163208569,0.412039357925315,144,14,inf
random_addition,42,55,145,0.003101127208103585,0.05568776533587593,0.390111732221204,145,14,inf
random_addition,42,55,146,0.00307744030364441,0.05547468164527319,0.3947701561297422,146,14,inf
random_addition,42,55,147,0.0030780829613696516,0.05548047369453195,0.39464376679434243,147,14,inf
random_addition,42,55,148,0.002794081605875268,0.05285907307052658,0.4504973590935185,148,14,inf
random_addition,42,55,149,0.002833425604655394,0.05322993147332987,0.44275970705499534,149,14,inf
random_addition,42,55,150,0.0026800483819562917,0.05176918370958047,0.47292389007342817,150,14,inf
random_addition,42,56,10,0.00962854819961681,0.0981251659851682,-0.8936142210947935,10,10,inf
random_addition,42,56,11,0.00911088500553071,0.0954509560220887,-0.791807140137583,11,11,inf
random_addition,42,56,12,0.010132556014515137,0.10066059812317397,-0.9927357445112068,12,12,inf
random_addition,42,56,13,0.011335252761376898,0.10646714404630613,-1.2292660724803302,13,13,inf
random_addition,42,56,14,0.013851972891051282,0.11769440467180792,-1.7242209638373271,14,14,inf
random_addition,42,56,15,0.01347183680581624,0.11606824202087425,-1.6494608772667445,15,14,inf
random_addition,42,56,16,0.007156885446310475,0.08459837732669861,-0.4075206125487558,16,14,inf
random_addition,42,56,17,0.011418495834252043,0.10685736209663817,-1.2456372079138402,17,14,inf
random_addition,42,56,18,0.01644102591602938,0.12822256398945303,-2.2334013226646454,18,14,inf
random_addition,42,56,19,0.011221292169165986,0.10593060072125517,-1.2068538257343926,19,14,inf
random_addition,42,56,20,0.008864018302405598,0.09414891556680617,-0.7432566951420327,20,14,inf
random_addition,42,56,21,0.009658430895925283,0.0982773162836943,-0.8994911505675702,21,14,inf
random_addition,42,56,22,0.012198243269794245,0.11044565754159032,-1.3989875159970122,22,14,inf
random_addition,42,56,23,0.014673301290275392,0.1211334028675633,-1.8857488603297279,23,14,inf
random_addition,42,56,24,0.012227298718200058,0.11057711661189243,-1.4047017534044466,24,14,inf
random_addition,42,56,25,0.00937757470242692,0.09683787844860564,-0.8442561067099494,25,14,inf
random_addition,42,56,26,0.009250142067009337,0.09617765887673362,-0.8191943584945822,26,14,inf
random_addition,42,56,27,0.009935303744208052,0.09967599382102017,-0.9539428033062605,27,14,inf
random_addition,42,56,28,0.009934880880081948,0.09967387260502096,-0.9538596400394646,28,14,inf
random_addition,42,56,29,0.010031622283226682,0.10015798661727722,-0.9728854467307395,29,14,inf
random_addition,42,56,30,0.013058486927578439,0.11427373682337705,-1.5681687456294902,30,14,inf
random_addition,42,56,31,0.010972270138765713,0.10474860447168599,-1.15787949976585,31,14,inf
random_addition,42,56,32,0.00827194177049862,0.0909502158903354,-0.6268149930752394,32,14,inf
random_addition,42,56,33,0.008487814387201153,0.09212933510669201,-0.6692699352387039,33,14,inf
random_addition,42,56,34,0.00822232176333836,0.0906770189372057,-0.6170563929974799,34,14,inf
random_addition,42,56,35,0.007676831247457737,0.08761752819760289,-0.5097766061667932,35,14,inf
random_addition,42,56,36,0.009449770481846056,0.09720992995494881,-0.8584546080599806,36,14,inf
random_addition,42,56,37,0.009188265656570695,0.09585544145519698,-0.8070253327673627,37,14,inf
random_addition,42,56,38,0.01010770298854732,0.10053707270727212,-0.9878479834039022,38,14,inf
random_addition,42,56,39,0.009194876232720712,0.095889917263082,-0.8083254125662882,39,14,inf
random_addition,42,56,40,0.010442108880136417,0.10218663748326597,-1.0536144664502456,40,14,inf
random_addition,42,56,41,0.010443116014433554,0.10219156528027915,-1.0538125361683455,41,14,inf
random_addition,42,56,42,0.010415044248853506,0.10205412411487105,-1.048291756356937,42,14,inf
random_addition,42,56,43,0.0105655854541322,0.10278903372506329,-1.0778981893587294,43,14,inf
random_addition,42,56,44,0.01045932470055622,0.10227083993277956,-1.057000244004545,44,14,inf
random_addition,42,56,45,0.010498485171847101,0.10246211578845667,-1.0647018023084374,45,14,inf
random_addition,42,56,46,0.010617166447731023,0.10303963532413643,-1.0880424500501618,46,14,inf
random_addition,42,56,47,0.010353633967424586,0.10175280815498207,-1.0362144026557982,47,14,inf
random_addition,42,56,48,0.00946746598105003,0.09730090431774019,-0.8619347224289726,48,14,inf
random_addition,42,56,49,0.009162713491963731,0.09572206376778412,-0.8020000744131046,49,14,inf
random_addition,42,56,50,0.009028026851998602,0.0950159294644777,-0.7755117054978828,50,14,inf
random_addition,42,56,51,0.010516514103611325,0.10255005657536873,-1.0682474917386715,51,14,inf
random_addition,42,56,52,0.009833386420754743,0.09916343288105119,-0.9338990657597437,52,14,inf
random_addition,42,56,53,0.009322522977798543,0.09655321319251133,-0.8334292690090968,53,14,inf
random_addition,42,56,54,0.014577979370884361,0.12073930333940296,-1.8670022187386217,54,14,inf
random_addition,42,56,55,0.013230167756478303,0.11502246631192665,-1.601932637376645,55,14,inf
random_addition,42,56,56,0.01320632182290663,0.11491876184029581,-1.5972429377469126,56,14,inf
random_addition,42,56,57,0.01349212813625178,0.11615562033862925,-1.6534515050416778,57,14,inf
random_addition,42,56,58,0.012682312526927714,0.11261577388149369,-1.4941877902542684,58,14,inf
random_addition,42,56,59,0.013454075886945693,0.11599170611274624,-1.6459678970317477,59,14,inf
random_addition,42,56,60,0.013384009265887283,0.1156892789582824,-1.6321881301022385,60,14,inf
random_addition,42,56,61,0.0140360250406928,0.11847373143736463,-1.7604178816653042,61,14,inf
random_addition,42,56,62,0.01216125108972581,0.11027806259508648,-1.391712388242064,62,14,inf
random_addition,42,56,63,0.008940991523910955,0.09455681637994669,-0.75839475997426,63,14,inf
random_addition,42,56,64,0.008725838595924178,0.09341219725455653,-0.7160813565722643,64,14,inf
random_addition,42,56,65,0.008728744786977759,0.09342775169604457,-0.7166529074015471,65,14,inf
random_addition,42,56,66,0.008550171495133348,0.09246713737935953,-0.6815334981267671,66,14,inf
random_addition,42,56,67,0.008075194822335513,0.08986208779199108,-0.5881214318783929,67,14,inf
random_addition,42,56,68,0.007981443092561546,0.08933892260689932,-0.569683594203209,68,14,inf
random_addition,42,56,69,0.0076412042337900155,0.08741398191244931,-0.5027699611007155,69,14,inf
random_addition,42,56,70,0.008033917712432132,0.08963212433292057,-0.5800036013707943,70,14,inf
random_addition,42,56,71,0.00788605465190366,0.08880346081039668,-0.5509238700980714,71,14,inf
random_addition,42,56,72,0.007867805027768727,0.08870064840669839,-0.5473347778408484,72,14,inf
random_addition,42,56,73,0.0074721552806342765,0.08644162932658243,-0.46952367151267205,73,14,inf
random_addition,42,56,74,0.007499745205942513,0.08660106931177301,-0.474949689416877,74,14,inf
random_addition,42,56,75,0.007517321278945927,0.08670248715547857,-0.47840631663629396,75,14,inf
random_addition,42,56,76,0.007653132333899809,0.0874821829511576,-0.5051158204691555,76,14,inf
random_addition,42,56,77,0.007544034401029559,0.08685640103659349,-0.48365989659650244,77,14,inf
random_addition,42,56,78,0.007549143491947001,0.08688580719511675,-0.48466468433994625,78,14,inf
random_addition,42,56,79,0.006939690494101503,0.08330480474799459,-0.36480561110447995,79,14,inf
random_addition,42,56,80,0.007758693563830385,0.08808344659372944,-0.5258761928584998,80,14,inf
random_addition,42,56,81,0.007764027250202315,0.08811371771865216,-0.5269251510353046,81,14,inf
random_addition,42,56,82,0.007899487235504581,0.08887905960069886,-0.553565611179428,82,14,inf
random_addition,42,56,83,0.007542892470039725,0.08684982711577338,-0.4834353168657861,83,14,inf
random_addition,42,56,84,0.007245391066426167,0.08511986293707342,-0.42492671546513927,84,14,inf
random_addition,42,56,85,0.0072263143381990705,0.08500773104958789,-0.4211749594253005,85,14,inf
random_addition,42,56,86,0.007104680347126163,0.08428926590691227,-0.39725361110891155,86,14,inf
random_addition,42,56,87,0.00736463715287135,0.08581746414845495,-0.44837844260210113,87,14,inf
random_addition,42,56,88,0.007364802433729891,0.08581842712220897,-0.44841094783318236,88,14,inf
random_addition,42,56,89,0.00716278918814439,0.08463326289435136,-0.40868168161779983,89,14,inf
random_addition,42,56,90,0.007506129864889089,0.08663792394147662,-0.47620533883851635,90,14,inf
random_addition,42,56,91,0.007500887022641328,0.0866076614546388,-0.47517424667036257,91,14,inf
random_addition,42,56,92,0.007413573889480584,0.08610211315339818,-0.4580026661564791,92,14,inf
random_addition,42,56,93,0.007368233616523443,0.08583841573866238,-0.44908574702391646,93,14,inf
random_addition,42,56,94,0.007222830308656597,0.08498723615141628,-0.4204897670420289,94,14,inf
random_addition,42,56,95,0.007253745465081694,0.08516892311801115,-0.426569746976726,95,14,inf
random_addition,42,56,96,0.007228590865468424,0.08502112011417177,-0.4216226763939013,96,14,inf
random_addition,42,56,97,0.00718949602605239,0.08479089589131837,-0.41393402569030235,97,14,inf
random_addition,42,56,98,0.006782866076903522,0.08235815731852869,-0.3339634799270279,98,14,inf
random_addition,42,56,99,0.004951469415307118,0.070366678302355,0.026211147749706787,99,14,inf
random_addition,42,56,100,0.004971891412238328,0.07051164026058625,0.02219482223412883,100,14,inf
random_addition,42,56,101,0.00441313517452384,0.06643143212759936,0.13208353400312478,101,14,inf
random_addition,42,56,102,0.004454840966780755,0.06674459503795611,0.12388139597749159,102,14,inf
random_addition,42,56,103,0.004484207225309526,0.06696422347275839,0.1181060325875426,103,14,inf
random_addition,42,56,104,0.0045229439193544526,0.06725283577184275,0.1104878171306588,104,14,inf
random_addition,42,56,105,0.004524792575913415,0.06726657844660612,0.11012424805696286,105,14,inf
random_addition,42,56,106,0.004341368048401698,0.06588905863951691,0.14619773354957355,106,14,inf
random_addition,42,56,107,0.0042494648740874965,0.06518791969443032,0.164272022033901,107,14,inf
random_addition,42,56,108,0.004230709667155373,0.06504390568804562,0.1679605455610158,108,14,inf
random_addition,42,56,109,0.004229415319590336,0.06503395512799706,0.16821510054743527,109,14,inf
random_addition,42,56,110,0.003776578094923498,0.06145386964970959,0.25727307592365545,110,14,inf
random_addition,42,56,111,0.0039047042675070566,0.06248763291649842,0.23207493208424168,111,14,inf
random_addition,42,56,112,0.003909271688003311,0.06252416883096737,0.23117667284244114,112,14,inf
random_addition,42,56,113,0.004236233090733502,0.06508635103255907,0.16687427240541253,113,14,inf
random_addition,42,56,114,0.004276411213289687,0.06539427508038978,0.1589725760466293,114,14,inf
random_addition,42,56,115,0.004574795278756363,0.0676372329324342,0.10029038450520211,115,14,inf
random_addition,42,56,116,0.004576302914729715,0.06764837702953201,0.09999388280419941,116,14,inf
random_addition,42,56,117,0.004544844260396519,0.06741546009927188,0.10618075064625021,117,14,inf
random_addition,42,56,118,0.004461789999607008,0.0667966316486618,0.12251475304131443,118,14,inf
random_addition,42,56,119,0.004114623463451084,0.06414533080007527,0.19079082917699186,119,14,inf
random_addition,42,56,120,0.004250219120596614,0.0651937046086247,0.16412368690733103,120,14,inf
random_addition,42,56,121,0.004305026038296441,0.06561269723381627,0.15334499456252926,121,14,inf
random_addition,42,56,122,0.004258231792410394,0.06525512847593201,0.16254786166545887,122,14,inf
random_addition,42,56,123,0.0039648768832185035,0.06296726834807513,0.22024098594102126,123,14,inf
random_addition,42,56,124,0.003831677193128713,0.06190054275310285,0.24643692142062812,124,14,inf
random_addition,42,56,125,0.0037977862778150184,0.0616261817559308,0.25310213385696245,125,14,inf
random_addition,42,56,126,0.003762231023333363,0.06133702815863647,0.26009466628503786,126,14,inf
random_addition,42,56,127,0.00328430918980887,0.05730889276376634,0.354085947397355,127,14,inf
random_addition,42,56,128,0.003264654023874468,0.05713715099542913,0.3579514628374545,128,14,inf
random_addition,42,56,129,0.003066976742906615,0.055380292008137835,0.39682798946095676,129,14,inf
random_addition,42,56,130,0.003148145185621843,0.05610833436862872,0.3808648645699383,130,14,inf
random_addition,42,56,131,0.0031176125160830978,0.05583558467575223,0.3868696220939082,131,14,inf
random_addition,42,56,132,0.0029552017544727414,0.05436176739651445,0.4188104008560114,132,14,inf
random_addition,42,56,133,0.0029521637826665616,0.05433381803873681,0.4194078685631052,133,14,inf
random_addition,42,56,134,0.0029231694931974245,0.054066343442084414,0.4251100780479662,134,14,inf
random_addition,42,56,135,0.0029917656809431204,0.054697035394462835,0.4116194962971985,135,14,inf
random_addition,42,56,136,0.0029852758902205274,0.05463767830188731,0.41289582163196914,136,14,inf
random_addition,42,56,137,0.00293612805282903,0.05418605035273405,0.4225615616678655,137,14,inf
random_addition,42,56,138,0.002951967751327643,0.05433201405550546,0.4194464213878364,138,14,inf
random_addition,42,56,139,0.0028729314086642444,0.053599733289114826,0.4349902333258282,139,14,inf
random_addition,42,56,140,0.0028516875569382406,0.05340119433999806,0.43916819026234655,140,14,inf
random_addition,42,56,141,0.00285138482569127,0.05339835976592605,0.43922772739946714,141,14,inf
random_addition,42,56,142,0.0028740693105836442,0.05361034704778215,0.43476644597885594,142,14,inf
random_addition,42,56,143,0.0029762802207468388,0.05455529507524305,0.4146649697206003,143,14,inf
random_addition,42,56,144,0.003032349627271658,0.05506677425881834,0.4036379879407336,144,14,inf
random_addition,42,56,145,0.003098363414192109,0.05566294471362532,0.39065527828302404,145,14,inf
random_addition,42,56,146,0.0030724100284004806,0.05542932462515199,0.39575944345950853,146,14,inf
random_addition,42,56,147,0.0028732228987526772,0.053602452357636374,0.4349329069495852,147,14,inf
random_addition,42,56,148,0.0028441445297184933,0.05333052155865807,0.44065165207998447,148,14,inf
random_addition,42,56,149,0.002754717991731908,0.05248540741703267,0.4582388688196184,149,14,inf
random_addition,42,56,150,0.0026800483819562917,0.05176918370958047,0.47292389007342817,150,14,inf
random_addition,42,57,10,0.00962854819961681,0.0981251659851682,-0.8936142210947935,10,10,inf
random_addition,42,57,11,0.010809300868346552,0.1039677876476486,-1.12582888095299,11,11,inf
random_addition,42,57,12,0.008333320482538046,0.09128702253079594,-0.6388861381306243,12,12,inf
random_addition,42,57,13,0.00898392145740581,0.09478355056340636,-0.7668376457438661,13,13,inf
random_addition,42,57,14,0.01717730861897595,0.1310622318556187,-2.3782035678360645,14,14,inf
random_addition,42,57,15,0.021354605023902514,0.14613214917978354,-3.199738415468847,15,14,inf
random_addition,42,57,16,0.01718309194207306,0.13108429326991491,-2.3793409545567656,16,14,inf
random_addition,42,57,17,0.01910156453566115,0.13820840978631202,-2.756640513190496,17,14,inf
random_addition,42,57,18,0.014809074876203157,0.1216925424017559,-1.9124509952551247,18,14,inf
random_addition,42,57,19,0.011504772148008031,0.10726030089463684,-1.2626048806392545,19,14,inf
random_addition,42,57,20,0.004621226326578795,0.06797960228317605,0.09115894634504529,20,14,inf
random_addition,42,57,21,0.0037485687308477606,0.06122555619059545,0.2627815834408893,21,14,inf
random_addition,42,57,22,0.0027457916677220235,0.052400302172048815,0.45999437896889395,22,14,inf
random_addition,42,57,23,0.002748220386645663,0.05242347171492616,0.459516730979031,23,14,inf
random_addition,42,57,24,0.0028438989469774683,0.053328219049368866,0.4406999500124681,24,14,inf
random_addition,42,57,25,0.002956006315748569,0.0543691669583834,0.41865217049333736,25,14,inf
random_addition,42,57,26,0.003581461334964972,0.05984531172084387,0.29564603348397667,26,14,inf
random_addition,42,57,27,0.003294860676190433,0.057400876963600765,0.3520108220252235,27,14,inf
random_addition,42,57,28,0.0029641719765015743,0.05444420976101659,0.4170462574308529,28,14,inf
random_addition,42,57,29,0.0022856162463091917,0.047808119041740094,0.5504955328417391,29,14,inf
random_addition,42,57,30,0.0023573598185430995,0.04855264996416879,0.536385965559345,30,14,inf
random_addition,42,57,31,0.002370104201407837,0.04868371597780758,0.533879570604319,31,14,inf
random_addition,42,57,32,0.002182861583883019,0.04672110426651985,0.570703947030468,32,14,inf
random_addition,42,57,33,0.002430893708159168,0.049304094233229435,0.5219243025731282,33,14,inf
random_addition,42,57,34,0.0020434047414840213,0.0452040345708657,0.5981304556297838,34,14,inf
random_addition,42,57,35,0.002125675762856243,0.04610505138112572,0.5819504902991193,35,14,inf
random_addition,42,57,36,0.0022271264689479047,0.047192440803034384,0.5619985208212156,36,14,inf
random_addition,42,57,37,0.0020915841297341224,0.0457338400938968,0.5886551772323958,37,14,inf
random_addition,42,57,38,0.002475943101555192,0.04975884947981808,0.513064589746453,38,14,inf
random_addition,42,57,39,0.002443315479899855,0.049429904712631756,0.519481354463849,39,14,inf
random_addition,42,57,40,0.0026599548875969395,0.051574750485067204,0.4768756100920154,40,14,inf
random_addition,42,57,41,0.002584009535092296,0.050833153896765994,0.4918115273816618,41,14,inf
random_addition,42,57,42,0.00306977108181127,0.055405514904305966,0.39627843621796377,42,14,inf
random_addition,42,57,43,0.0033792000638671648,0.05813088734801117,0.33542407804346286,43,14,inf
random_addition,42,57,44,0.0033559969840263096,0.05793096740109136,0.3399873497900372,44,14,inf
random_addition,42,57,45,0.0034265832915121044,0.05853702496294208,0.3261053778770764,45,14,inf
random_addition,42,57,46,0.003146357146302463,0.05609239829337361,0.38121651225480835,46,14,inf
random_addition,42,57,47,0.0030909906996153588,0.055596678854184796,0.392105245285439,47,14,inf
random_addition,42,57,48,0.0030646559754899496,0.055359335034752266,0.3972844069906759,48,14,inf
random_addition,42,57,49,0.0027210881401291635,0.052164050265764095,0.46485273873313226,49,14,inf
random_addition,42,57,50,0.004289906055231791,0.0654973744147946,0.15631859082650945,50,14,inf
random_addition,42,57,51,0.004246458181044678,0.06516485387879481,0.16486333825170574,51,14,inf
random_addition,42,57,52,0.006304704027742003,0.07940216639199464,-0.23992495641253653,52,14,inf
random_addition,42,57,53,0.0062229874141791755,0.07888591391483764,-0.22385402460285464,53,14,inf
random_addition,42,57,54,0.006264694597497953,0.07914982373636692,-0.2320564362039501,54,14,inf
random_addition,42,57,55,0.006221785241183571,0.07887829385314804,-0.22361759727928532,55,14,inf
random_addition,42,57,56,0.0062034062080780425,0.07876170521311764,-0.22000305459464808,56,14,inf
random_addition,42,57,57,0.006142419861377807,0.07837359160698078,-0.20800907471211727,57,14,inf
random_addition,42,57,58,0.006795302574691325,0.0824336252671889,-0.336409324158512,58,14,inf
random_addition,42,57,59,0.0066730873812958225,0.08168896731686491,-0.31237367273426253,59,14,inf
random_addition,42,57,60,0.004554786762052858,0.06748916033003269,0.10422539225375105,60,14,inf
random_addition,42,57,61,0.004500378483443776,0.06708486031470719,0.11492568558806149,61,14,inf
random_addition,42,57,62,0.0042827003541183375,0.0654423437394959,0.1577357118522874,62,14,inf
random_addition,42,57,63,0.004031595659522125,0.06349484750373155,0.2071196283901905,63,14,inf
random_addition,42,57,64,0.004113449663439234,0.06413618061156459,0.1910216764811835,64,14,inf
random_addition,42,57,65,0.003867245760622582,0.06218718325043016,0.23944177076717432,65,14,inf
random_addition,42,57,66,0.0038945460530892305,0.06240629818447198,0.23407271398071616,66,14,inf
random_addition,42,57,67,0.00374315424736917,0.06118132270038929,0.2638464317131709,67,14,inf
random_addition,42,57,68,0.003651124320038788,0.060424534090374155,0.28194564828728197,68,14,inf
random_addition,42,57,69,0.003644712925164725,0.06037145786847229,0.2832065557739437,69,14,inf
random_addition,42,57,70,0.0036232048039213567,0.06019306275578073,0.28743648570845803,70,14,inf
random_addition,42,57,71,0.0036643834601898786,0.06053415118914181,0.27933801774640843,71,14,inf
random_addition,42,57,72,0.0035327649872375676,0.05943706745152866,0.305222980564707,72,14,inf
random_addition,42,57,73,0.003301396665453571,0.05745778159182245,0.3507254109787177,73,14,inf
random_addition,42,57,74,0.003453298338651177,0.05876477123797196,0.3208514193226829,74,14,inf
random_addition,42,57,75,0.0035110288408108717,0.05925393523480843,0.30949775544582847,75,14,inf
random_addition,42,57,76,0.0036081034272312682,0.06006749060208249,0.2904064227192733,76,14,inf
random_addition,42,57,77,0.0036491890032224125,0.06040851763801536,0.28232626054261223,77,14,inf
random_addition,42,57,78,0.0036531567144616516,0.06044134937657871,0.28154594410527856,78,14,inf
random_addition,42,57,79,0.0036930606069792344,0.060770557073135625,0.27369817964673426,79,14,inf
random_addition,42,57,80,0.0032126587778143765,0.05668032090429955,0.3681771931684956,80,14,inf
random_addition,42,57,81,0.0036142491082728446,0.06011862530258692,0.2891977722792096,81,14,inf
random_addition,42,57,82,0.003257633089046446,0.05707567861222892,0.3593322464987184,82,14,inf
random_addition,42,57,83,0.002856589278976116,0.0534470698820442,0.4382041850596572,83,14,inf
random_addition,42,57,84,0.0030665137741333268,0.05537611194489305,0.39691903997395683,84,14,inf
random_addition,42,57,85,0.0031108653511056454,0.055775132013341264,0.3881965643585671,85,14,inf
random_addition,42,57,86,0.0030940574412347916,0.05562425227573663,0.39150211951584357,86,14,inf
random_addition,42,57,87,0.0030220820358938983,0.054973466653412885,0.4056572806363956,87,14,inf
random_addition,42,57,88,0.0030458279796046783,0.05518902046244958,0.4009872456766248,88,14,inf
random_addition,42,57,89,0.002929738511336602,0.054127058957018914,0.4238181713233916,89,14,inf
random_addition,42,57,90,0.0034085753884787106,0.05838300599043107,0.3296469316574778,90,14,inf
random_addition,42,57,91,0.0032473854838526036,0.05698583581779426,0.3613476085787458,91,14,inf
random_addition,42,57,92,0.0031082651213611588,0.05575181720232228,0.3887079428052648,92,14,inf
random_addition,42,57,93,0.003150271870763064,0.05612728276661061,0.3804466165491861,93,14,inf
random_addition,42,57,94,0.0032321821595160463,0.05685228367898731,0.36433759529063325,94,14,inf
random_addition,42,57,95,0.0032734359910522462,0.05721394926984368,0.35622434286128923,95,14,inf
random_addition,42,57,96,0.0029673520968797615,0.05447340724500131,0.4164208338417422,96,14,inf
random_addition,42,57,97,0.0029511361380342794,0.054324360447540285,0.4196099719799006,97,14,inf
random_addition,42,57,98,0.0029175389063914588,0.05401424725377054,0.4262174266355041,98,14,inf
random_addition,42,57,99,0.0027685178749891287,0.052616707184972425,0.4555248921490377,99,14,inf
random_addition,42,57,100,0.0024139363105764935,0.04913182584208014,0.525259256976388,100,14,inf
random_addition,42,57,101,0.0023686239313996226,0.048668510675791414,0.5341706903329118,101,14,inf
random_addition,42,57,102,0.002374278044755968,0.04872656405653869,0.5330587148577635,102,14,inf
random_addition,42,57,103,0.002390084132155003,0.048888486703466315,0.5299501847597503,103,14,inf
random_addition,42,57,104,0.002322474850237287,0.04819206210816556,0.5432466750574765,104,14,inf
random_addition,42,57,105,0.0023215705465084334,0.0481826789054784,0.5434245214332378,105,14,inf
random_addition,42,57,106,0.0024033515203085902,0.049023989232911167,0.5273409321119401,106,14,inf
random_addition,42,57,107,0.002210285815250938,0.047013676895675136,0.5653105155967496,107,14,inf
random_addition,42,57,108,0.0018397218583267195,0.042891978950926474,0.6381880838561872,108,14,inf
random_addition,42,57,109,0.001915055389230631,0.04376134583431628,0.6233724914649472,109,14,inf
random_addition,42,57,110,0.0019190356614943536,0.04380679926100917,0.6225897046931352,110,14,inf
random_addition,42,57,111,0.0020872984730510085,0.04568696174020558,0.5894980229318334,111,14,inf
random_addition,42,57,112,0.002069906503737011,0.04549622515920426,0.592918443097268,112,14,inf
random_addition,42,57,113,0.002105720507390185,0.045888130354048914,0.585875023339065,113,14,inf
random_addition,42,57,114,0.002108402227523335,0.045917341250592186,0.5853476184514486,114,14,inf
random_addition,42,57,115,0.0021197344854821075,0.046040574339185944,0.5831189413567335,115,14,inf
random_addition,42,57,116,0.0021401745013724842,0.04626202007448966,0.5790990721130025,116,14,inf
random_addition,42,57,117,0.002171427540742287,0.046598578741655704,0.572952641874906,117,14,inf
random_addition,42,57,118,0.002211128724749706,0.04702264055484024,0.5651447434179255,118,14,inf
random_addition,42,57,119,0.0021898240378725085,0.04679555574915751,0.5693346645992142,119,14,inf
random_addition,42,57,120,0.0021689896681921467,0.04657241316693979,0.5734320900777354,120,14,inf
random_addition,42,57,121,0.002213296181935043,0.04704568186279207,0.5647184768962571,121,14,inf
random_addition,42,57,122,0.0022230248880459424,0.0471489648671733,0.5628051649552955,122,14,inf
random_addition,42,57,123,0.0021559847759131216,0.046432583127725316,0.5759897185439198,123,14,inf
random_addition,42,57,124,0.002102629323551462,0.04585443624723198,0.5864829560777989,124,14,inf
random_addition,42,57,125,0.0021692989925756485,0.04657573394564651,0.573371256290607,125,14,inf
random_addition,42,57,126,0.002171248426878862,0.04659665682083707,0.5729878675965772,126,14,inf
random_addition,42,57,127,0.0021720288952635823,0.04660503079350536,0.5728343755018417,127,14,inf
random_addition,42,57,128,0.002282617136735123,0.04777674263420564,0.5510853576442265,128,14,inf
random_addition,42,57,129,0.002306484916941328,0.0480258775759624,0.5463913615102887,129,14,inf
random_addition,42,57,130,0.002342919378213731,0.04840371244247419,0.5392259184369399,130,14,inf
random_addition,42,57,131,0.0022694037620730966,0.04763825943580534,0.5536839876401445,131,14,inf
random_addition,42,57,132,0.002261936694237891,0.047559822268779466,0.5551525107808593,132,14,inf
random_addition,42,57,133,0.002255245994636608,0.047489430346516134,0.5564683481897188,133,14,inf
random_addition,42,57,134,0.0025182952944621034,0.05018261944600046,0.5047353262769854,134,14,inf
random_addition,42,57,135,0.0025259522210094284,0.050258852165657626,0.503229464261311,135,14,inf
random_addition,42,57,136,0.002615665918464183,0.051143581400447335,0.48558577283397,136,14,inf
random_addition,42,57,137,0.002593598109723062,0.050927380746736445,0.48992577462803577,137,14,inf
random_addition,42,57,138,0.0025887329631744936,0.05087959279686202,0.490882586652142,138,14,inf
random_addition,42,57,139,0.0028375736220131722,0.053268880427630276,0.44194393041918345,139,14,inf
random_addition,42,57,140,0.0028574438276408416,0.05345506362956499,0.43803612384517365,140,14,inf
random_addition,42,57,141,0.0028955678888402453,0.05381048121732648,0.4305383928314833,141,14,inf
random_addition,42,57,142,0.0028676124806224007,0.05355009318967056,0.436036289031445,142,14,inf
random_addition,42,57,143,0.0028441809486785953,0.053330863003317276,0.4406444896854742,143,14,inf
random_addition,42,57,144,0.002831859672900649,0.053215220312431755,0.4430676735914424,144,14,inf
random_addition,42,57,145,0.0028271650342325825,0.05317109209178031,0.44399095240362163,145,14,inf
random_addition,42,57,146,0.0028309972136813916,0.053207116193996006,0.44323729054810523,146,14,inf
random_addition,42,57,147,0.002680911582688162,0.051777520051545164,0.47275412728597144,147,14,inf
random_addition,42,57,148,0.002686341181477073,0.051829925539953005,0.47168630633639874,148,14,inf
random_addition,42,57,149,0.0026625702633796605,0.05160009945125746,0.4763612529248711,149,14,inf
random_addition,42,57,150,0.0026800483819562917,0.05176918370958047,0.47292389007342817,150,14,inf
random_addition,42,58,10,0.00962854819961681,0.0981251659851682,-0.8936142210947935,10,10,inf
random_addition,42,58,11,0.019357477897372462,0.13913115358312983,-2.806970134132104,11,11,inf
random_addition,42,58,12,0.021564081196669624,0.14684713547314984,-3.2409353904965146,12,12,inf
random_addition,42,58,13,0.01838715040463699,0.1355992271535387,-2.6161390865774714,13,13,inf
random_addition,42,58,14,0.017084041468417584,0.13070593509254883,-2.359861030726956,14,14,inf
random_addition,42,58,15,0.016931935448303542,0.13012277067563363,-2.3299468508495016,15,14,inf
random_addition,42,58,16,0.016749676312629667,0.12942054053599708,-2.2941025590537527,16,14,inf
random_addition,42,58,17,0.01796671948703171,0.13403999211814252,-2.533454350721138,17,14,inf
random_addition,42,58,18,0.01772557995013683,0.13313744758758458,-2.486030248263975,18,14,inf
random_addition,42,58,19,0.015484947223938514,0.124438527892042,-2.0453725388547435,19,14,inf
random_addition,42,58,20,0.011772032216007915,0.10849899638249155,-1.3151660201800506,20,14,inf
random_addition,42,58,21,0.014214477543192664,0.11922448382439181,-1.7955135357055618,21,14,inf
random_addition,42,58,22,0.009461204832161708,0.09726872484083313,-0.8607033633154781,22,14,inf
random_addition,42,58,23,0.008572716296177273,0.09258896422456228,-0.6859673083942619,23,14,inf
random_addition,42,58,24,0.009724225962511037,0.09861149001263006,-0.9124308452319874,24,14,inf
random_addition,42,58,25,0.010140231252010565,0.10069871524508425,-0.9942452076795174,25,14,inf
random_addition,42,58,26,0.011313851495279522,0.10636659012716128,-1.2250571573883295,26,14,inf
random_addition,42,58,27,0.011098600677553812,0.10534989642877592,-1.1827245023403017,27,14,inf
random_addition,42,58,28,0.011064600076288407,0.10518840276517372,-1.176037718336405,28,14,inf
random_addition,42,58,29,0.009866384759291332,0.0993296771327247,-0.9403887381205127,29,14,inf
random_addition,42,58,30,0.009425101193298896,0.0970829603653437,-0.853602981973812,30,14,inf
random_addition,42,58,31,0.008339160949357646,0.09131900650662843,-0.6400347631152163,31,14,inf
random_addition,42,58,32,0.008364826662387689,0.09145942631783609,-0.6450823526563021,32,14,inf
random_addition,42,58,33,0.007622503266859271,0.0873069485600045,-0.4990921047724177,33,14,inf
random_addition,42,58,34,0.007783756969635247,0.088225602687855,-0.5308053286614496,34,14,inf
random_addition,42,58,35,0.007801036940189662,0.08832347898599592,-0.5342037224071692,35,14,inf
random_addition,42,58,36,0.007116386076053744,0.08435867516772501,-0.3995557374841452,36,14,inf
random_addition,42,58,37,0.0062223040162154245,0.07888158223701794,-0.22371962302164028,37,14,inf
random_addition,42,58,38,0.006307652522682077,0.079420731063634,-0.2405048270050285,38,14,inf
random_addition,42,58,39,0.005408273459157099,0.07354096449705497,-0.06362696862617212,39,14,inf
random_addition,42,58,40,0.005119962311241684,0.07155391192130367,-0.006925783933081853,40,14,inf
random_addition,42,58,41,0.00516714472034798,0.07188285414720245,-0.016204989792252933,41,14,inf
random_addition,42,58,42,0.005567615706143546,0.07461645734114926,-0.09496427292784682,42,14,inf
random_addition,42,58,43,0.005643142939734375,0.07512085555779018,-0.1098179601756537,43,14,inf
random_addition,42,58,44,0.00700762239826651,0.08371154280185325,-0.378165550435523,44,14,inf
random_addition,42,58,45,0.0058971772960062455,0.07679308104254084,-0.1597780434312186,45,14,inf
random_addition,42,58,46,0.00602080592401771,0.0775938523596922,-0.1840916702920432,46,14,inf
random_addition,42,58,47,0.004347975261570951,0.06593917850239682,0.14489831513677487,47,14,inf
random_addition,42,58,48,0.004423531958890381,0.0665096380902075,0.1300388333564665,48,14,inf
random_addition,42,58,49,0.004422860934372218,0.06650459333288354,0.1301708014937134,49,14,inf
random_addition,42,58,50,0.00404929005332079,0.06363403219442243,0.20363973141754643,50,14,inf
random_addition,42,58,51,0.0040541759524165884,0.06367241123451026,0.2026788380597081,51,14,inf
random_addition,42,58,52,0.004015503818616143,0.06336800311368619,0.2102843566702416,52,14,inf
random_addition,42,58,53,0.004085401091445842,0.06391714239111322,0.19653789488783824,53,14,inf
random_addition,42,58,54,0.004304300757223783,0.06560717001383144,0.1534876331540388,54,14,inf
random_addition,42,58,55,0.004288195110976618,0.06548431194550813,0.15665507648415244,55,14,inf
random_addition,42,58,56,0.003987186557508856,0.06314417279138952,0.2158534172620914,56,14,inf
random_addition,42,58,57,0.0036749914851835703,0.06062170803584777,0.2772517731154075,57,14,inf
random_addition,42,58,58,0.003836782965631849,0.061941770766033556,0.24543278629857523,58,14,inf
random_addition,42,58,59,0.003929669719177746,0.06268707776868966,0.2271650605917197,59,14,inf
random_addition,42,58,60,0.003934562417881459,0.0627260904080707,0.22620282997784047,60,14,inf
random_addition,42,58,61,0.003946308225693808,0.0628196484047293,0.22389282142301026,61,14,inf
random_addition,42,58,62,0.003529776022820312,0.05941191818835941,0.3058108101532929,62,14,inf
random_addition,42,58,63,0.0036556521770093964,0.06046198952242141,0.2810551698711311,63,14,inf
random_addition,42,58,64,0.0036819159489074513,0.06067879323872098,0.2758899621020381,64,14,inf
random_addition,42,58,65,0.0036595875886023406,0.06049452527793189,0.2802812056967027,65,14,inf
random_addition,42,58,66,0.0038516185107000146,0.06206140919041409,0.24251512949961063,66,14,inf
random_addition,42,58,67,0.0038504068843422863,0.06205164691079751,0.24275341598414413,67,14,inf
random_addition,42,58,68,0.0037627549655988002,0.06134129902112279,0.2599916243202166,68,14,inf
random_addition,42,58,69,0.0037961572786934456,0.06161296356038594,0.253422503640528,69,14,inf
random_addition,42,58,70,0.0036510271056536397,0.060423729656928986,0.2819647671137546,70,14,inf
random_addition,42,58,71,0.003209798715339511,0.05665508552053832,0.368739672045201,71,14,inf
random_addition,42,58,72,0.0031905087378160343,0.05648458849824467,0.3725333671076101,72,14,inf
random_addition,42,58,73,0.0032703605805897706,0.0571870665499619,0.3568291735031174,73,14,inf
random_addition,42,58,74,0.0033621354755458007,0.057983924285493135,0.33878011328912416,74,14,inf
random_addition,42,58,75,0.003231597548560783,0.0568471419559575,0.36445256876282695,75,14,inf
random_addition,42,58,76,0.0029338976669559514,0.05416546563038069,0.4230002041631026,76,14,inf
random_addition,42,58,77,0.0029404531430865456,0.05422594529454093,0.4217109606998529,77,14,inf
random_addition,42,58,78,0.0029116767104349793,0.053959954692669815,0.4273703250164329,78,14,inf
random_addition,42,58,79,0.002832052328366487,0.05321703043543943,0.44302978468832643,79,14,inf
random_addition,42,58,80,0.0029180777530646387,0.054019235028502935,0.4261114534708931,80,14,inf
random_addition,42,58,81,0.0028820878370345343,0.053685080208886106,0.43318946932517577,81,14,inf
random_addition,42,58,82,0.0031437182743489925,0.056068870813928404,0.3817354903349034,82,14,inf
random_addition,42,58,83,0.0031387289938429874,0.05602436071784298,0.38271671536731044,83,14,inf
random_addition,42,58,84,0.003266702994854087,0.057155078469494615,0.3575484985997337,84,14,inf
random_addition,42,58,85,0.003266253847755106,0.057151149137660444,0.3576368308504906,85,14,inf
random_addition,42,58,86,0.003284792190668407,0.05731310662203199,0.35399095724126295,86,14,inf
random_addition,42,58,87,0.003785882868766976,0.06152952842958392,0.25544313731725354,87,14,inf
random_addition,42,58,88,0.003826143471060912,0.061855828109086956,0.24752521994559074,88,14,inf
random_addition,42,58,89,0.0037797811373959573,0.061479924669732296,0.25664314432328594,89,14,inf
random_addition,42,58,90,0.0035334072209708507,0.05944246984245229,0.30509667461438095,90,14,inf
random_addition,42,58,91,0.00354095238229659,0.05950590207951301,0.30361279308928846,91,14,inf
random_addition,42,58,92,0.00359545020901753,0.05996207308805734,0.2928948886287137,92,14,inf
random_addition,42,58,93,0.0034784190693593333,0.05897812365071759,0.3159110096236225,93,14,inf
random_addition,42,58,94,0.0033224214007132663,0.05764044934517137,0.34659054694136504,94,14,inf
random_addition,42,58,95,0.0032934966693964605,0.05738899432292276,0.35227907665813263,95,14,inf
random_addition,42,58,96,0.0031659190489211142,0.05626650023700705,0.3773693385976392,96,14,inf
random_addition,42,58,97,0.003128057869472093,0.055929043166069746,0.38481536954080275,97,14,inf
random_addition,42,58,98,0.003103272061939553,0.05570701986230778,0.3896899110243053,98,14,inf
random_addition,42,58,99,0.0032637812587408476,0.057129513027338576,0.35812310662366575,99,14,inf
random_addition,42,58,100,0.003255424680678929,0.05705632901509638,0.3597665667517843,100,14,inf
random_addition,42,58,101,0.0033825437238864824,0.05815963999103229,0.33476649166264816,101,14,inf
random_addition,42,58,102,0.002924833283288276,0.054081727813451705,0.4247828660413754,102,14,inf
random_addition,42,58,103,0.0028050349666051567,0.052962580815186455,0.4483431984436581,103,14,inf
random_addition,42,58,104,0.0028303716809940094,0.05320123758893217,0.4433603119598517,104,14,inf
random_addition,42,58,105,0.002765421388402393,0.05258727401570073,0.4561338677614053,105,14,inf
random_addition,42,58,106,0.002733703891387008,0.052284834238878565,0.462371641324013,106,14,inf
random_addition,42,58,107,0.002853331887614355,0.05341658813153789,0.4388448052734656,107,14,inf
random_addition,42,58,108,0.0026551372764696468,0.051528024185579314,0.4778230734845452,108,14,inf
random_addition,42,58,109,0.0024739239041449675,0.049738555509232146,0.5134616985163246,109,14,inf
random_addition,42,58,110,0.002432035972049491,0.04931567673721503,0.5216996573719914,110,14,inf
random_addition,42,58,111,0.0024318380491792314,0.04931367000314651,0.5217385821978358,111,14,inf
random_addition,42,58,112,0.002617758561690922,0.05116403582293838,0.48517421972215313,112,14,inf
random_addition,42,58,113,0.002672257512436751,0.05169388273709715,0.4744560942033803,113,14,inf
random_addition,42,58,114,0.002719648296834689,0.052150247332440225,0.4651359078757734,114,14,inf
random_addition,42,58,115,0.0027197466899054577,0.05215119068540485,0.4651165572411604,115,14,inf
random_addition,42,58,116,0.002697855720262145,0.051940886787406174,0.4694217806840655,116,14,inf
random_addition,42,58,117,0.0027098889486443295,0.052056593709580434,0.4670552460915406,117,14,inf
random_addition,42,58,118,0.002709936008464595,0.052057045713953025,0.4670459909948168,118,14,inf
random_addition,42,58,119,0.0027168986254558097,0.05212387769013171,0.4656766765065614,119,14,inf
random_addition,42,58,120,0.002715406825756532,0.05210956558787006,0.4659700637407542,120,14,inf
random_addition,42,58,121,0.002659855009228322,0.05157378218851437,0.47689525283516554,121,14,inf
random_addition,42,58,122,0.0026740786093985376,0.05171149397763072,0.4740979451830567,122,14,inf
random_addition,42,58,123,0.002099574719193437,0.04582111652058947,0.5870836948529764,123,14,inf
random_addition,42,58,124,0.0020078527007930396,0.044809069403336635,0.6051223560124461,124,14,inf
random_addition,42,58,125,0.0019152048399324912,0.04376305336619568,0.6233430994975884,125,14,inf
random_addition,42,58,126,0.0018803226584846483,0.043362687399245085,0.6302032609137272,126,14,inf
random_addition,42,58,127,0.002107468089462981,0.045907168170809455,0.5855313322449385,127,14,inf
random_addition,42,58,128,0.002091011169047657,0.04572757558681257,0.5887678594853716,128,14,inf
random_addition,42,58,129,0.0021638906859318815,0.04651763843889629,0.5744348897855389,129,14,inf
random_addition,42,58,130,0.0020845813426572843,0.045657215669128184,0.5900323918364133,130,14,inf
random_addition,42,58,131,0.002099831412374696,0.04582391747084372,0.5870332118675446,131,14,inf
random_addition,42,58,132,0.0021004688275047837,0.04583087199153845,0.586907853575718,132,14,inf
random_addition,42,58,133,0.0021242743551360124,0.04608985089079821,0.582226100446523,133,14,inf
random_addition,42,58,134,0.0021650099363554106,0.04652966727105848,0.5742147705655879,134,14,inf
random_addition,42,58,135,0.0021805991661260037,0.046696886043140005,0.5711488891286871,135,14,inf
random_addition,42,58,136,0.00238368954208633,0.04882304314651361,0.5312077873018024,136,14,inf
random_addition,42,58,137,0.0025927015976826315,0.0509185781192153,0.49010208863861626,137,14,inf
random_addition,42,58,138,0.0025752698444931783,0.050747116612603504,0.49353033296515736,138,14,inf
random_addition,42,58,139,0.0027693019001441646,0.052624157001743645,0.4553707005562354,139,14,inf
random_addition,42,58,140,0.002506695029287352,0.05006690552937491,0.5070167114503238,140,14,inf
random_addition,42,58,141,0.002611939530013566,0.051107137759940795,0.486318629129345,141,14,inf
random_addition,42,58,142,0.002646743484147597,0.0514465109035355,0.4794738524161585,142,14,inf
random_addition,42,58,143,0.002627744447541036,0.05126152989856073,0.48321032910604156,143,14,inf
random_addition,42,58,144,0.0026938648490395537,0.051902455134989076,0.4702066519175041,144,14,inf
random_addition,42,58,145,0.0027075481788043847,0.052034105919141004,0.4675155974306351,145,14,inf
random_addition,42,58,146,0.0027393401179751356,0.05233870573461991,0.46126318357946794,146,14,inf
random_addition,42,58,147,0.0027851036193676276,0.05277408094289874,0.4522630295326342,147,14,inf
random_addition,42,58,148,0.002742895657790444,0.052372661358674945,0.46056392751112263,148,14,inf
random_addition,42,58,149,0.0026916144696936734,0.05188077167596559,0.47064922646185614,149,14,inf
random_addition,42,58,150,0.0026800483819562917,0.05176918370958047,0.47292389007342817,150,14,inf
random_addition,42,59,10,0.00962854819961681,0.0981251659851682,-0.8936142210947935,10,10,inf
random_addition,42,59,11,0.011298315576113107,0.1062935349685629,-1.222001760368821,11,11,inf
random_addition,42,59,12,0.014005823291083627,0.11834620099979393,-1.754478205051944,12,12,inf
random_addition,42,59,13,0.014400470697037768,0.12000196122163075,-1.8320921843082014,13,13,inf
random_addition,42,59,14,0.016129117293283805,0.12700046178374236,-2.1720593018876593,14,14,inf
random_addition,42,59,15,0.022300279151532463,0.14933277989621857,-3.385720968547073,15,14,inf
random_addition,42,59,16,0.024927085170745333,0.1578831377023694,-3.9023260818949863,16,14,inf
random_addition,42,59,17,0.02205676953489351,0.14851521650960048,-3.337830750470456,17,14,inf
random_addition,42,59,18,0.021717368190599214,0.1473681383155776,-3.2710818285260297,18,14,inf
random_addition,42,59,19,0.01710164876987617,0.13077327238345063,-2.36332379954172,19,14,inf
random_addition,42,59,20,0.016882872394279897,0.12993410789427037,-2.3202977848736763,20,14,inf
random_addition,42,59,21,0.015268586985372489,0.1235661239392597,-2.0028216977378666,21,14,inf
random_addition,42,59,22,0.017597934012159765,0.13265720490105226,-2.4609265505509628,22,14,inf
random_addition,42,59,23,0.01727356813718014,0.13142894710519498,-2.397134603835286,23,14,inf
random_addition,42,59,24,0.01727754736894574,0.13144408457190357,-2.397917185975829,24,14,inf
random_addition,42,59,25,0.01797905415885099,0.13408599538673302,-2.5358801691815427,25,14,inf
random_addition,42,59,26,0.017985129148572872,0.1341086468076271,-2.537074916997295,26,14,inf
random_addition,42,59,27,0.019138894547099352,0.13834339357952496,-2.7639820811057736,27,14,inf
random_addition,42,59,28,0.015227975610510263,0.12340168398571498,-1.994834795103845,28,14,inf
random_addition,42,59,29,0.011869538022014875,0.10894740943232599,-1.334342159413735,29,14,inf
random_addition,42,59,30,0.01159305733334957,0.10767106079792087,-1.2799676313892983,30,14,inf
random_addition,42,59,31,0.01198936309868261,0.10949595014740321,-1.3579077546122744,31,14,inf
random_addition,42,59,32,0.011429704138700213,0.10690979440023357,-1.2478415074881268,32,14,inf
random_addition,42,59,33,0.011310739200335873,0.10635195908085508,-1.2244450727995262,33,14,inf
random_addition,42,59,34,0.011854515538260944,0.10887844386406771,-1.331387738011582,34,14,inf
random_addition,42,59,35,0.011825110364026474,0.10874332330780807,-1.3256047212005555,35,14,inf
random_addition,42,59,36,0.009753209779938082,0.09875834030570826,-0.9181309952155177,36,14,inf
random_addition,42,59,37,0.009151816845047935,0.09566512867836396,-0.799857067478495,37,14,inf
random_addition,42,59,38,0.00940559433737517,0.09698244344918913,-0.8497666341651686,38,14,inf
random_addition,42,59,39,0.006197739522238273,0.07872572338339148,-0.21888860653143016,39,14,inf
random_addition,42,59,40,0.006363883912786296,0.07977395510306792,-0.2515636655511675,40,14,inf
random_addition,42,59,41,0.006321014969160368,0.07950481098122533,-0.24313277445414827,41,14,inf
random_addition,42,59,42,0.004968671456492402,0.07048880376692743,0.022828080111159887,42,14,inf
random_addition,42,59,43,0.005661258572072998,0.07524133552823872,-0.1133807007165284,43,14,inf
random_addition,42,59,44,0.005164949946149996,0.07186758619955172,-0.015773350925496255,44,14,inf
random_addition,42,59,45,0.004997694817310461,0.0706943761363693,0.017120153261790394,45,14,inf
random_addition,42,59,46,0.004843328045238194,0.06959402305685593,0.04747894763041349,46,14,inf
random_addition,42,59,47,0.005393567705194944,0.0734409130198893,-0.060734837407909525,47,14,inf
random_addition,42,59,48,0.0048829117068321295,0.06987783415956829,0.03969416191160047,48,14,inf
random_addition,42,59,49,0.004870543867140146,0.06978928189299662,0.042126503386080816,49,14,inf
random_addition,42,59,50,0.004718141201596841,0.06868872688874675,0.07209902352333686,50,14,inf
random_addition,42,59,51,0.0044366984218316315,0.06660854616212271,0.1274494293310432,51,14,inf
random_addition,42,59,52,0.004298489246091236,0.06556286484048143,0.1546305635209534,52,14,inf
random_addition,42,59,53,0.004424305861956519,0.06651545581258929,0.12988663244087606,53,14,inf
random_addition,42,59,54,0.004403142734782749,0.06635618083330858,0.13404871355095282,54,14,inf
random_addition,42,59,55,0.005185269980540647,0.0720088187692358,-0.01976962381083136,55,14,inf
random_addition,42,59,56,0.005217301785852502,0.07223089218507897,-0.0260692113299843,56,14,inf
random_addition,42,59,57,0.0050663511003892865,0.07117830498395762,0.003617752763785065,57,14,inf
random_addition,42,59,58,0.004681460345749153,0.06842119807303255,0.07931292418988523,58,14,inf
random_addition,42,59,59,0.004872196942636848,0.06980112422186943,0.041801398582718585,59,14,inf
random_addition,42,59,60,0.004743953920276364,0.0688763669212914,0.06702252287512811,60,14,inf
random_addition,42,59,61,0.004927083378846994,0.07019318612833438,0.0310070675996863,61,14,inf
random_addition,42,59,62,0.004652507037958405,0.06820928850206844,0.08500707394576212,62,14,inf
random_addition,42,59,63,0.004664353888881474,0.06829607520847354,0.08267719358186609,63,14,inf
random_addition,42,59,64,0.004615457203798321,0.06793715628283481,0.09229354033718862,64,14,inf
random_addition,42,59,65,0.004838642550931697,0.06956035186032124,0.04840042805172928,65,14,inf
random_addition,42,59,66,0.004751345523065521,0.06893000451955245,0.06556884119144613,66,14,inf
random_addition,42,59,67,0.004863137132422278,0.06973619671606904,0.04358316101533677,67,14,inf
random_addition,42,59,68,0.004859713552530267,0.06971164574538652,0.04425646496897173,68,14,inf
random_addition,42,59,69,0.004868648584018977,0.06977570196005897,0.04249924234909386,69,14,inf
random_addition,42,59,70,0.004878873286588696,0.06984893189296953,0.04048838445119651,70,14,inf
random_addition,42,59,71,0.004899425181537445,0.06999589403341773,0.036446512328985436,71,14,inf
random_addition,42,59,72,0.004901113441713779,0.07000795270334492,0.03611448787290583,72,14,inf
random_addition,42,59,73,0.004622956303692576,0.067992325329353,0.09081871755905291,73,14,inf
random_addition,42,59,74,0.004961849517785136,0.07044039691672056,0.024169727874010616,74,14,inf
random_addition,42,59,75,0.004505616775039677,0.06712389123881062,0.11389548838131802,75,14,inf
random_addition,42,59,76,0.00437266775262258,0.06612615029337925,0.14004212589201614,76,14,inf
random_addition,42,59,77,0.004663405556525303,0.068289132052804,0.08286369891981937,77,14,inf
random_addition,42,59,78,0.004612644741737623,0.06791645413106917,0.09284665780038415,78,14,inf
random_addition,42,59,79,0.004326460987154857,0.06577583893159293,0.14912945519509369,79,14,inf
random_addition,42,59,80,0.0043839771117596986,0.06621160858761625,0.1378179522316123,80,14,inf
random_addition,42,59,81,0.00395518279488083,0.0628902440357869,0.2221474897208432,81,14,inf
random_addition,42,59,82,0.0037912382226739693,0.06157303161834708,0.254389917859134,82,14,inf
random_addition,42,59,83,0.0037468596052318967,0.061211596983185276,0.26311771143285034,83,14,inf
random_addition,42,59,84,0.0036996579238010815,0.06082481338895403,0.27240070751532675,84,14,inf
random_addition,42,59,85,0.003311947577254743,0.057549522823866606,0.348650398607381,85,14,inf
random_addition,42,59,86,0.003322455155674422,0.05764074215062139,0.34658390846657616,86,14,inf
random_addition,42,59,87,0.0035762514592843422,0.059801768028080425,0.2966706422281453,87,14,inf
random_addition,42,59,88,0.0035712489423690625,0.05975992756328494,0.29765447042068827,88,14,inf
random_addition,42,59,89,0.003617237203165967,0.060143471825011625,0.28861011369701317,89,14,inf
random_addition,42,59,90,0.0036817249394784034,0.06067721927938362,0.27592752728462955,90,14,inf
random_addition,42,59,91,0.0037642162163965876,0.061353208688678926,0.2597042450358312,91,14,inf
random_addition,42,59,92,0.0037586557945526377,0.0613078771003583,0.2607977945160538,92,14,inf
random_addition,42,59,93,0.0038182523955979713,0.061792009156508024,0.2490771312417247,93,14,inf
random_addition,42,59,94,0.003737877630139464,0.06113818471413315,0.26488416629353495,94,14,inf
random_addition,42,59,95,0.003656969713684898,0.06047288411912316,0.2807960543602752,95,14,inf
random_addition,42,59,96,0.0036574489602163953,0.06047684648042088,0.2807018025552638,96,14,inf
random_addition,42,59,97,0.0033690862027330134,0.058043830014334975,0.3374131371286704,97,14,inf
random_addition,42,59,98,0.003365624010695418,0.058013998402932185,0.33809403480323497,98,14,inf
random_addition,42,59,99,0.0033581268190418087,0.057949347011349565,0.33956848229409475,99,14,inf
random_addition,42,59,100,0.0032619727415077668,0.057113682612030606,0.35847878163101454,100,14,inf
random_addition,42,59,101,0.0032347008891313355,0.056874430890614946,0.3638422452004926,101,14,inf
random_addition,42,59,102,0.002960244369199457,0.05440812778619989,0.4178186867616279,102,14,inf
random_addition,42,59,103,0.0030305453181791956,0.05505038890125297,0.40399283534720687,103,14,inf
random_addition,42,59,104,0.002746550703318685,0.0524075443358939,0.45984510198856865,104,14,inf
random_addition,42,59,105,0.002735723940962626,0.05230414841064355,0.4619743649616369,105,14,inf
random_addition,42,59,106,0.002723925956372269,0.052191244058484264,0.46429463494807643,106,14,inf
random_addition,42,59,107,0.002707329606786763,0.05203200560027225,0.46755858325490696,107,14,inf
random_addition,42,59,108,0.00270867404226918,0.05204492330928329,0.46729417764607895,108,14,inf
random_addition,42,59,109,0.002653657235727384,0.05151366067100439,0.47811414812417363,109,14,inf
random_addition,42,59,110,0.002657227814488983,0.05154830564130099,0.4774119343967945,110,14,inf
random_addition,42,59,111,0.0026590168960075383,0.05156565616772018,0.4770600817461146,111,14,inf
random_addition,42,59,112,0.002562941998057534,0.05062550738567994,0.49595480910029655,112,14,inf
random_addition,42,59,113,0.0025674923129812848,0.05067042838758406,0.4950599139539632,113,14,inf
random_addition,42,59,114,0.002560909568774344,0.050605430230108155,0.49635452013816317,114,14,inf
random_addition,42,59,115,0.0025448875647038132,0.050446878641832865,0.4995055138424481,115,14,inf
random_addition,42,59,116,0.0027101034224832486,0.052058653675284845,0.46701306624230365,116,14,inf
random_addition,42,59,117,0.0028008690782054665,0.05292323760131712,0.4491624897172336,117,14,inf
random_addition,42,59,118,0.0028132392995076794,0.053039978313604914,0.446729679859472,118,14,inf
random_addition,42,59,119,0.0030420870823743324,0.05515511836968834,0.4017229553649575,119,14,inf
random_addition,42,59,120,0.003052987406251427,0.055253845171638755,0.39957922529472456,120,14,inf
random_addition,42,59,121,0.003008351796922889,0.05484844388788883,0.408357560599222,121,14,inf
random_addition,42,59,122,0.0029223568848892613,0.054058828001439886,0.4252698909934505,122,14,inf
random_addition,42,59,123,0.002854358682788317,0.053426198468432294,0.4386428689167837,123,14,inf
random_addition,42,59,124,0.002889215053128734,0.05375141908013903,0.4317877836844133,124,14,inf
random_addition,42,59,125,0.002901389528370389,0.05386454797332276,0.42939347054664634,125,14,inf
random_addition,42,59,126,0.0028207722547294893,0.05311094289060861,0.44524819886782496,126,14,inf
random_addition,42,59,127,0.0027489447640333233,0.05243038016296776,0.4593742701122133,127,14,inf
random_addition,42,59,128,0.0027508806295005695,0.05244883820925464,0.45899354995555985,128,14,inf
random_addition,42,59,129,0.0027275937553255013,0.05222637030586657,0.4635733012522828,129,14,inf
random_addition,42,59,130,0.0023152819826323884,0.04811737713791545,0.5446612721602494,130,14,inf
random_addition,42,59,131,0.002314684948256207,0.04811117280067289,0.5447786889048906,131,14,inf
random_addition,42,59,132,0.0026452274553216467,0.051431774763483,0.47977200471128045,132,14,inf
random_addition,42,59,133,0.002654071840726464,0.051517684737636106,0.47803260915213774,133,14,inf
random_addition,42,59,134,0.002661244490807281,0.05158725124298911,0.47662198816189205,134,14,inf
random_addition,42,59,135,0.0026081274264838474,0.05106982892553927,0.48706834272131194,135,14,inf
random_addition,42,59,136,0.0026104949624064285,0.05109300306701915,0.4866027273866833,136,14,inf
random_addition,42,59,137,0.0027578235754674415,0.052514984294651006,0.4576281041015644,137,14,inf
random_addition,42,59,138,0.002803233947371844,0.05294557533327827,0.4486973988445868,138,14,inf
random_addition,42,59,139,0.002804982436195937,0.052962084892835715,0.44835352942272944,139,14,inf
random_addition,42,59,140,0.0028391624581721197,0.05328379170228147,0.44163145935052406,140,14,inf
random_addition,42,59,141,0.0028971574821752334,0.053825249485489925,0.4302257728515563,141,14,inf
random_addition,42,59,142,0.0028770520980652948,0.05363815897348915,0.43417983118743997,142,14,inf
random_addition,42,59,143,0.0028459068052191245,0.05334704120397986,0.4403050712787776,143,14,inf
random_addition,42,59,144,0.0028016325765191567,0.05293045037139923,0.4490123350693457,144,14,inf
random_addition,42,59,145,0.002680775549035329,0.051776206398647336,0.4727808805673811,145,14,inf
random_addition,42,59,146,0.002642902687721927,0.05140916929616668,0.4802292089435597,146,14,inf
random_addition,42,59,147,0.002674244836612545,0.05171310120861584,0.4740652538354255,147,14,inf
random_addition,42,59,148,0.0026937182926189763,0.05190104327100734,0.4702354746762881,148,14,inf
random_addition,42,59,149,0.0026780981060850048,0.051750344019001505,0.4733074442758233,149,14,inf
random_addition,42,59,150,0.0026800483819562917,0.05176918370958047,0.47292389007342817,150,14,inf
random_addition,42,60,10,0.00962854819961681,0.0981251659851682,-0.8936142210947935,10,10,inf
random_addition,42,60,11,0.00963001682965772,0.09813264915234746,-0.8939030516301283,11,11,inf
random_addition,42,60,12,0.008266856895911391,0.0909222574285933,-0.6258149678760883,12,12,inf
random_addition,42,60,13,0.007438135112875171,0.08624462367519016,-0.4628330394322058,13,13,inf
random_addition,42,60,14,0.006897526274910877,0.08305134721912028,-0.3565133157941749,14,14,inf
random_addition,42,60,15,0.006510308384509974,0.08068648204321449,-0.280360474397519,15,14,inf
random_addition,42,60,16,0.008876419950625658,0.09421475442108661,-0.7456956856261283,16,14,inf
random_addition,42,60,17,0.011547667089200266,0.10746007206958437,-1.2710408845902834,17,14,inf
random_addition,42,60,18,0.01220751807415672,0.11048763765307285,-1.4008115606062872,18,14,inf
random_addition,42,60,19,0.014886235406153484,0.12200916115666677,-1.9276258974098401,19,14,inf
random_addition,42,60,20,0.015912400370512066,0.12614436321339162,-2.1294383128865553,20,14,inf
random_addition,42,60,21,0.00597414927217308,0.07729262107195667,-0.174915863346903,21,14,inf
random_addition,42,60,22,0.005705383915033151,0.07553399178537536,-0.12205868364892503,22,14,inf
random_addition,42,60,23,0.005668326841995695,0.07528829153325034,-0.1147707936118092,23,14,inf
random_addition,42,60,24,0.00522942515058033,0.07231476440243949,-0.02845347273473564,24,14,inf
random_addition,42,60,25,0.005291432055879787,0.07274223020969173,-0.040648162447749936,25,14,inf
random_addition,42,60,26,0.00742375357209938,0.0861612068862744,-0.4600046701319018,26,14,inf
random_addition,42,60,27,0.007339755905022874,0.08567237539033731,-0.44348513119235666,27,14,inf
random_addition,42,60,28,0.007011934484686082,0.08373729446719712,-0.3790135939824222,28,14,inf
random_addition,42,60,29,0.006042600293460068,0.07773416426166856,-0.18837789569801733,29,14,inf
random_addition,42,60,30,0.005909010060384945,0.07687008560151956,-0.16210515344176635,30,14,inf
random_addition,42,60,31,0.006942301376105331,0.0833204739311133,-0.365319084495229,31,14,inf
random_addition,42,60,32,0.006873507394227814,0.08290661851883609,-0.351789603237173,32,14,inf
random_addition,42,60,33,0.008383619267959741,0.09156210606992252,-0.6487782312482668,33,14,inf
random_addition,42,60,34,0.01135181730977224,0.10654490747929832,-1.232523766553948,34,14,inf
random_addition,42,60,35,0.008123784527737671,0.09013203940740314,-0.5976774059713508,35,14,inf
random_addition,42,60,36,0.008348981612965399,0.09137276187664133,-0.6419661600280935,36,14,inf
random_addition,42,60,37,0.005215271814794338,0.07221683885905239,-0.025669983742973468,37,14,inf
random_addition,42,60,38,0.0047953409450772954,0.06924840030699117,0.05691640937541409,38,14,inf
random_addition,42,60,39,0.004561952693913051,0.06754222896760997,0.10281609251338131,39,14,inf
random_addition,42,60,40,0.004321757493829589,0.06574007524964957,0.1500544754229517,40,14,inf
random_addition,42,60,41,0.004619906468231248,0.06796989383713387,0.09141851845134119,41,14,inf
random_addition,42,60,42,0.004548927561133041,0.06744573790190928,0.10537770161088322,42,14,inf
random_addition,42,60,43,0.004559224062564192,0.06752202649924091,0.10335272327216272,43,14,inf
random_addition,42,60,44,0.004223248860658016,0.06498652830131808,0.16942783730545485,44,14,inf
random_addition,42,60,45,0.003998028702076386,0.06322996680432773,0.2137211291211798,45,14,inf
random_addition,42,60,46,0.00412441139086549,0.06422158041395033,0.188865870381262,46,14,inf
random_addition,42,60,47,0.004122292561415323,0.06420508205286653,0.18928257344965094,47,14,inf
random_addition,42,60,48,0.004282079621482507,0.06543760097591068,0.15785778925402416,48,14,inf
random_addition,42,60,49,0.004351226553349739,0.06596382761294056,0.14425889450745444,49,14,inf
random_addition,42,60,50,0.004316226058292633,0.06569799128049984,0.151142324263576,50,14,inf
random_addition,42,60,51,0.004465106960122053,0.06682145583659528,0.12186241756229088,51,14,inf
random_addition,42,60,52,0.00435643407582416,0.06600328837129374,0.14323474856044383,52,14,inf
random_addition,42,60,53,0.0042152174850660145,0.06492470627631683,0.17100734095654246,53,14,inf
random_addition,42,60,54,0.004001897394555356,0.06326055164599306,0.21296028637071063,54,14,inf
random_addition,42,60,55,0.004161855175294112,0.0645124420193044,0.1815019271142524,55,14,inf
random_addition,42,60,56,0.004503153763249264,0.06710554197120581,0.11437988063406024,56,14,inf
random_addition,42,60,57,0.003992039379254733,0.06318258762708863,0.2148990291155175,57,14,inf
random_addition,42,60,58,0.004000247929705163,0.06324751322941609,0.21328468108035603,58,14,inf
random_addition,42,60,59,0.003995009376592007,0.06320608654704075,0.21431492971881938,59,14,inf
random_addition,42,60,60,0.0040087138941713825,0.06331440510793244,0.2116197082956579,60,14,inf
random_addition,42,60,61,0.0036645145352036347,0.06053523383289797,0.2793122396638841,61,14,inf
random_addition,42,60,62,0.00363435937532918,0.06028564817043257,0.2852427536306654,62,14,inf
random_addition,42,60,63,0.0037704403886582314,0.061403911835144764,0.2584801579912588,63,14,inf
random_addition,42,60,64,0.0038071202361864087,0.061701865743155684,0.25126645562752026,64,14,inf
random_addition,42,60,65,0.003810174585820148,0.061726611650244886,0.25066576694811227,65,14,inf
random_addition,42,60,66,0.003818536415721261,0.061794307308369927,0.24902127395842621,66,14,inf
random_addition,42,60,67,0.003677548565455188,0.06064279483545583,0.2767488807305505,67,14,inf
random_addition,42,60,68,0.003973622064839703,0.06303667238076342,0.2185211004566635,68,14,inf
random_addition,42,60,69,0.0040116328098537,0.06333745187370345,0.21104565495639815,69,14,inf
random_addition,42,60,70,0.004132826847178214,0.06428706594003349,0.18721083086539703,70,14,inf
random_addition,42,60,71,0.00421419654862392,0.06491684333533108,0.17120812509611416,71,14,inf
random_addition,42,60,72,0.004210361659815891,0.06488729968041428,0.17196231979220433,72,14,inf
random_addition,42,60,73,0.004172017527359561,0.0645911567272143,0.179503331480523,73,14,inf
random_addition,42,60,74,0.004185121777196296,0.06469251716540558,0.17692616269731964,74,14,inf
random_addition,42,60,75,0.004322673225038051,0.06574703966748656,0.14987438164317368,75,14,inf
random_addition,42,60,76,0.0037328322848792146,0.06109690896337731,0.2658764173927737,76,14,inf
random_addition,42,60,77,0.0030655554605578555,0.05536745849827185,0.3971075082847717,77,14,inf
random_addition,42,60,78,0.0028923548258870295,0.053780617566991824,0.4311702951261329,78,14,inf
random_addition,42,60,79,0.0028597741132055975,0.05347685586499638,0.4375778344132518,79,14,inf
random_addition,42,60,80,0.0034114366445667857,0.05840750503631178,0.32908421803687316,80,14,inf
random_addition,42,60,81,0.003176014185509963,0.05635613707050868,0.3753839620058391,81,14,inf
random_addition,42,60,82,0.0033302244456369554,0.05770809688108728,0.34505594831559017,82,14,inf
random_addition,42,60,83,0.003279343367887906,0.05726555131916487,0.3550625589086662,83,14,inf
random_addition,42,60,84,0.0038172288999717384,0.061783726821645665,0.2492784186874416,84,14,inf
random_addition,42,60,85,0.003805360351093641,0.06168760289631654,0.25161256631524476,85,14,inf
random_addition,42,60,86,0.0038729404458871497,0.062232953054528514,0.23832181615116343,86,14,inf
random_addition,42,60,87,0.00381738992903463,0.06178502997518598,0.24924674964272386,87,14,inf
random_addition,42,60,88,0.003884660532099374,0.06232704494919821,0.23601686617700135,88,14,inf
random_addition,42,60,89,0.0038633106661289675,0.06215553608592695,0.2402156725787431,89,14,inf
random_addition,42,60,90,0.0038703956006465945,0.062212503571602025,0.23882230231357293,90,14,inf
random_addition,42,60,91,0.003857922115971864,0.06211217365357506,0.2412754206318276,91,14,inf
random_addition,42,60,92,0.0037080068892173606,0.06089340595842345,0.2707587445406465,92,14,inf
random_addition,42,60,93,0.0036511528590691443,0.06042477024423961,0.28194003561207703,93,14,inf
random_addition,42,60,94,0.0034703885009236325,0.05891000340284859,0.31749035453399266,94,14,inf
random_addition,42,60,95,0.00362874885284114,0.06023909737737726,0.28634615623621584,95,14,inf
random_addition,42,60,96,0.0035337998274282507,0.059445772157725826,0.305019462021619,96,14,inf
random_addition,42,60,97,0.0036152232910209364,0.060126726927556405,0.28900618303153824,97,14,inf
random_addition,42,60,98,0.003959914512316888,0.06292785164231246,0.22121691875195326,98,14,inf
random_addition,42,60,99,0.003340969117630682,0.05780111692372979,0.3429428297782462,99,14,inf
random_addition,42,60,100,0.003357185787960789,0.057941227014629136,0.3397535517147975,100,14,inf
random_addition,42,60,101,0.003362950650845247,0.05799095318103719,0.33861979550208976,101,14,inf
random_addition,42,60,102,0.0033748048059825627,0.05809307020620069,0.3362884786429211,102,14,inf
random_addition,42,60,103,0.0034287044196825702,0.05855513999370653,0.3256882227270903,103,14,inf
random_addition,42,60,104,0.0034907826965951093,0.05908284604345926,0.3134794965987501,104,14,inf
random_addition,42,60,105,0.0032368853507829393,0.05689363190009001,0.3634126344675809,105,14,inf
random_addition,42,60,106,0.003286666628639419,0.057329456901661115,0.35362231782388864,106,14,inf
random_addition,42,60,107,0.0032448967380498453,0.0569639951026071,0.36183706185322606,107,14,inf
random_addition,42,60,108,0.0032211792171359895,0.056755433371052585,0.36650150699703055,108,14,inf
random_addition,42,60,109,0.0032869127743161653,0.057331603625890015,0.3535739091807282,109,14,inf
random_addition,42,60,110,0.0034270925346862693,0.058541374554124274,0.3260052267331446,110,14,inf
random_addition,42,60,111,0.003473187208105614,0.05893375270679455,0.31693994219657595,111,14,inf
random_addition,42,60,112,0.003493610835611823,0.05910677487066794,0.3129232960012919,112,14,inf
random_addition,42,60,113,0.0036869038883658757,0.06071988050355399,0.27490900080895264,113,14,inf
random_addition,42,60,114,0.003494706485089702,0.05911604253575929,0.31270781830001915,114,14,inf
random_addition,42,60,115,0.003454954840079126,0.05877886388897906,0.3205256407529342,115,14,inf
random_addition,42,60,116,0.003279127565675533,0.05726366706451424,0.35510500000464684,116,14,inf
random_addition,42,60,117,0.0031499354582479413,0.056124285815036805,0.3805127776681403,117,14,inf
random_addition,42,60,118,0.0031748083012867944,0.05634543727123603,0.37562111920406305,118,14,inf
random_addition,42,60,119,0.0031481077514861635,0.0561080007796229,0.38087222661561826,119,14,inf
random_addition,42,60,120,0.002844312418283138,0.053332095573708126,0.4406186340001058,120,14,inf
random_addition,42,60,121,0.0027219991311903955,0.05217278151671037,0.4646735771821824,121,14,inf
random_addition,42,60,122,0.0027224625619470338,0.05217722263542813,0.46458243581246916,122,14,inf
random_addition,42,60,123,0.0028419917664075133,0.053310334517872926,0.44107502880675675,123,14,inf
random_addition,42,60,124,0.0027463247580417163,0.05240538863553744,0.45988953788698106,124,14,inf
random_addition,42,60,125,0.0027410849592603525,0.05235537182811667,0.46092003150682503,125,14,inf
random_addition,42,60,126,0.0027585577162384375,0.05252197365140078,0.4574837231029525,126,14,inf
random_addition,42,60,127,0.0026989249981421836,0.051951178987027655,0.4692114893963276,127,14,inf
random_addition,42,60,128,0.0027079536422630326,0.05203800190498317,0.467435856294639,128,14,inf
random_addition,42,60,129,0.0029127111217263873,0.05396953883188541,0.4271668908235242,129,14,inf
random_addition,42,60,130,0.0029057343689098012,0.053904864056129494,0.42853898535705703,130,14,inf
random_addition,42,60,131,0.002918619074598173,0.05402424524783454,0.42600499358381205,131,14,inf
random_addition,42,60,132,0.002918930250955744,0.054027125140578634,0.4259437955751664,132,14,inf
random_addition,42,60,133,0.0029420843605580177,0.05424098414075852,0.4213901546408667,133,14,inf
random_addition,42,60,134,0.0028867054593615486,0.053728069566675744,0.4322813370580052,134,14,inf
random_addition,42,60,135,0.0028716043180210733,0.05358735222065999,0.43525122778340286,135,14,inf
random_addition,42,60,136,0.0028694608945293862,0.05356734914599925,0.43567276767929797,136,14,inf
random_addition,42,60,137,0.0029585136997212847,0.05439222094859967,0.4181590517125986,137,14,inf
random_addition,42,60,138,0.002990456382195688,0.05468506544017012,0.41187699168242153,138,14,inf
random_addition,42,60,139,0.0032400666204709405,0.05692158308120866,0.362786984847571,139,14,inf
random_addition,42,60,140,0.003191433724583091,0.05649277586190195,0.37235145306822326,140,14,inf
random_addition,42,60,141,0.003198406657793138,0.056554457452911155,0.3709801097238742,141,14,inf
random_addition,42,60,142,0.003170477766708417,0.05630699571730334,0.3764727908883658,142,14,inf
random_addition,42,60,143,0.0031089563996952924,0.05575801646127032,0.3885719914180865,143,14,inf
random_addition,42,60,144,0.0031967433806125525,0.05653975044703109,0.3713072208581264,144,14,inf
random_addition,42,60,145,0.00287087089639594,0.053580508549247084,0.43539546735001444,145,14,inf
random_addition,42,60,146,0.0028049838918364723,0.05296209863512276,0.4483532431467966,146,14,inf
random_addition,42,60,147,0.0027689553934375347,0.05262086462077124,0.4554388468659154,147,14,inf
random_addition,42,60,148,0.00278943246735085,0.052815078030339496,0.4514116895453334,148,14,inf
random_addition,42,60,149,0.0026950975622418464,0.051914329064737474,0.46996421835410507,149,14,inf
random_addition,42,60,150,0.0026800483819562917,0.05176918370958047,0.47292389007342817,150,14,inf
random_addition,42,61,10,0.00962854819961681,0.0981251659851682,-0.8936142210947935,10,10,inf
random_addition,42,61,11,0.010362005956910812,0.10179393870418224,-1.0378608936969504,11,11,inf
random_addition,42,61,12,0.01687164279246665,0.12989088802709237,-2.318089296818162,12,12,inf
random_addition,42,61,13,0.014485630540764923,0.1203562650665304,-1.848840284624547,13,13,inf
random_addition,42,61,14,0.014215528507346448,0.11922889124430558,-1.7957202252942936,14,14,inf
random_addition,42,61,15,0.01033912778690915,0.10168150169479771,-1.033361520876706,15,14,inf
random_addition,42,61,16,0.011875329649930117,0.10897398611563273,-1.3354811794151122,16,14,inf
random_addition,42,61,17,0.018239676401676837,0.13505434610436215,-2.58713586994942,17,14,inf
random_addition,42,61,18,0.018754760190483097,0.13694802003126258,-2.688435667937422,18,14,inf
random_addition,42,61,19,0.019248396880440968,0.13873859189295878,-2.7855175370602856,19,14,inf
random_addition,42,61,20,0.01932766413807488,0.13902396965298783,-2.80110676226962,20,14,inf
random_addition,42,61,21,0.008699670589883855,0.09327202469059978,-0.7109349827526243,21,14,inf
random_addition,42,61,22,0.008503735146104962,0.09221569902193966,-0.6724010173962482,22,14,inf
random_addition,42,61,23,0.008383007158583675,0.09155876341772903,-0.6486578497540525,23,14,inf
random_addition,42,61,24,0.00975386033944944,0.09876163394481402,-0.9182589385686419,24,14,inf
random_addition,42,61,25,0.008319591748845329,0.09121179610579615,-0.6361861542058218,25,14,inf
random_addition,42,61,26,0.008450849525842883,0.09192850224953567,-0.6620001801626894,26,14,inf
random_addition,42,61,27,0.006290715778385749,0.07931403267004994,-0.23717393441419654,27,14,inf
random_addition,42,61,28,0.007742077190422782,0.08798907426733607,-0.5226083065338605,28,14,inf
random_addition,42,61,29,0.00815993827782879,0.09033237668648374,-0.6047876425199068,29,14,inf
random_addition,42,61,30,0.007365745532488241,0.08582392167972891,-0.44859642389703813,30,14,inf
random_addition,42,61,31,0.007160151697044835,0.0846176795772895,-0.4081629751056044,31,14,inf
random_addition,42,61,32,0.007191926878581531,0.08480522907569751,-0.41441209328919015,32,14,inf
random_addition,42,61,33,0.005839561435758047,0.07641702320660003,-0.14844692579388452,33,14,inf
random_addition,42,61,34,0.005526740253504357,0.07434204902680822,-0.08692543500476968,34,14,inf
random_addition,42,61,35,0.005463729887400331,0.07391704733957066,-0.07453339802709524,35,14,inf
random_addition,42,61,36,0.005378033644949103,0.07333507786147843,-0.057679805976063925,36,14,inf
random_addition,42,61,37,0.004536591271084113,0.067354222370124,0.10780383832307527,37,14,inf
random_addition,42,61,38,0.0045254593092202665,0.06727153416728554,0.10999312385782534,38,14,inf
random_addition,42,61,39,0.004546655327594867,0.06742889089696542,0.10582457414580049,39,14,inf
random_addition,42,61,40,0.004367637268911999,0.06608810232494196,0.14103145422021834,40,14,inf
random_addition,42,61,41,0.004570206908228309,0.06760330545341928,0.1011927639193615,41,14,inf
random_addition,42,61,42,0.004620459888895131,0.06797396478722667,0.09130967906894938,42,14,inf
random_addition,42,61,43,0.004643365390181139,0.06814224380060535,0.08680493109684939,43,14,inf
random_addition,42,61,44,0.00467375637143889,0.0683648767382703,0.08082803893100932,44,14,inf
random_addition,42,61,45,0.004695586852397261,0.06852435225813712,0.07653471159452108,45,14,inf
random_addition,42,61,46,0.004901978858852241,0.0700141332793047,0.03594428919221215,46,14,inf
random_addition,42,61,47,0.005656955293466515,0.07521273358591958,-0.11253438937263405,47,14,inf
random_addition,42,61,48,0.006629414571642127,0.08142121696242403,-0.30378468800666925,48,14,inf
random_addition,42,61,49,0.005682281618915361,0.07538091017568944,-0.1175152326985176,49,14,inf
random_addition,42,61,50,0.005405964883611222,0.07352526697409008,-0.06317294883071423,50,14,inf
random_addition,42,61,51,0.005343538350624913,0.07309950992055222,-0.050895732350537015,51,14,inf
random_addition,42,61,52,0.005397343551895765,0.07346661522008323,-0.061477420491165224,52,14,inf
random_addition,42,61,53,0.005935927174896864,0.0770449685242123,-0.16739885190740167,53,14,inf
random_addition,42,61,54,0.005871541017900812,0.07662598135032798,-0.15473624275785003,54,14,inf
random_addition,42,61,55,0.005563043770774907,0.0745858148093517,-0.09406512576126502,55,14,inf
random_addition,42,61,56,0.00521473053776512,0.07221309117995933,-0.025563532608406714,56,14,inf
random_addition,42,61,57,0.004737697981516005,0.06883093767715216,0.06825285733026287,57,14,inf
random_addition,42,61,58,0.0037565671070337115,0.06129084031920032,0.2612085696721069,58,14,inf
random_addition,42,61,59,0.003678105977238209,0.06064739052290881,0.27663925642816856,59,14,inf
random_addition,42,61,60,0.003516777959737316,0.05930242794133572,0.3083670955444413,60,14,inf
random_addition,42,61,61,0.003610185573625467,0.060084819826853667,0.2899969339842412,61,14,inf
random_addition,42,61,62,0.0036383155510515304,0.06031845116588729,0.2844647058446772,62,14,inf
random_addition,42,61,63,0.003810591051997949,0.06172998503157075,0.25058386194431115,63,14,inf
random_addition,42,61,64,0.003917390065569143,0.06258905707525192,0.2295800588054997,64,14,inf
random_addition,42,61,65,0.0040788568765743865,0.06386592891812023,0.1978249236370926,65,14,inf
random_addition,42,61,66,0.004034531847088454,0.06351796475870787,0.2065421782475383,66,14,inf
random_addition,42,61,67,0.003854661494525388,0.06208592025995417,0.24191667609554313,67,14,inf
random_addition,42,61,68,0.0038019234752210613,0.061659739500107044,0.2522884851447017,68,14,inf
random_addition,42,61,69,0.004065602418176931,0.06376207664573771,0.20043163343321013,69,14,inf
random_addition,42,61,70,0.003971121410131735,0.06301683433918064,0.21901289581551553,70,14,inf
random_addition,42,61,71,0.003966335133156748,0.06297884671186627,0.2199541968255987,71,14,inf
random_addition,42,61,72,0.00369476354292595,0.06078456665080331,0.27336326895620644,72,14,inf
random_addition,42,61,73,0.0036961407860118234,0.060795894483195355,0.27309241118624505,73,14,inf
random_addition,42,61,74,0.0037315203748510767,0.06108617171546337,0.2661344263297988,74,14,inf
random_addition,42,61,75,0.0035740185867795897,0.05978309616254071,0.2971097737608783,75,14,inf
random_addition,42,61,76,0.003695563684031053,0.0607911480729806,0.2732059078936565,76,14,inf
random_addition,42,61,77,0.004178060976404199,0.06463792212319483,0.17831478666378275,77,14,inf
random_addition,42,61,78,0.004208897806604122,0.06487601873268829,0.17225021088460313,78,14,inf
random_addition,42,61,79,0.004176713598288315,0.06462749877790656,0.17857977099044697,79,14,inf
random_addition,42,61,80,0.004142103458265298,0.06435917540075617,0.18538643093366403,80,14,inf
random_addition,42,61,81,0.003975385673491918,0.06305065958014966,0.2181742574690142,81,14,inf
random_addition,42,61,82,0.00397288320031109,0.06303081151556823,0.21866641046081348,82,14,inf
random_addition,42,61,83,0.004006823359143938,0.0632994736087429,0.21199151346703238,83,14,inf
random_addition,42,61,84,0.0040691418312434995,0.0637898254523674,0.19973554895835133,84,14,inf
random_addition,42,61,85,0.00407757113663286,0.063855862194734,0.19807778579111923,85,14,inf
random_addition,42,61,86,0.004105653401931883,0.06407537281929683,0.1925549410352606,86,14,inf
random_addition,42,61,87,0.004151532044647893,0.06443238350897701,0.18353214253122208,87,14,inf
random_addition,42,61,88,0.00386553162943128,0.0621733996933679,0.23977888318883733,88,14,inf
random_addition,42,61,89,0.003718821991097447,0.06098214485484622,0.26863177479420686,89,14,inf
random_addition,42,61,90,0.003424016742559042,0.05851509841535808,0.32661013243569703,90,14,inf
random_addition,42,61,91,0.0034244569339949293,0.058518859643664704,0.3265235614651083,91,14,inf
random_addition,42,61,92,0.0033028095629161975,0.05747007536897961,0.35044754118228416,92,14,inf
random_addition,42,61,93,0.003283149693575687,0.057298775672571634,0.3543139816254589,93,14,inf
random_addition,42,61,94,0.00338969324641118,0.05822107218534523,0.33336041909115244,94,14,inf
random_addition,42,61,95,0.0033982632298043955,0.05829462436455351,0.33167498925360084,95,14,inf
random_addition,42,61,96,0.0034162301712475024,0.05844852582612758,0.32814149125152414,96,14,inf
random_addition,42,61,97,0.0033323167608257038,0.05772622247147048,0.3446444597179027,97,14,inf
random_addition,42,61,98,0.0033034196917967502,0.05747538335493509,0.3503275491854677,98,14,inf
random_addition,42,61,99,0.0033081923944999285,0.05751688790694372,0.3493889177818096,99,14,inf
random_addition,42,61,100,0.003282259807897941,0.05729100983485926,0.35448899245155574,100,14,inf
random_addition,42,61,101,0.0032883791577639028,0.057344390813434426,0.3532855204753236,101,14,inf
random_addition,42,61,102,0.0034317999374113284,0.05858156653258197,0.3250794376567657,102,14,inf
random_addition,42,61,103,0.0034445667574268873,0.0586904315662007,0.3225686300626798,103,14,inf
random_addition,42,61,104,0.0032973543029734256,0.0574225940111854,0.3515204088247613,104,14,inf
random_addition,42,61,105,0.0041569254125228125,0.06447422285319004,0.18247144699376305,105,14,inf
random_addition,42,61,106,0.00412645989047,0.06423752711982303,0.1884629988473,106,14,inf
random_addition,42,61,107,0.004173748711856705,0.06460455643262869,0.17916286524250158,107,14,inf
random_addition,42,61,108,0.004201372036709021,0.06481799161273837,0.17373027876218994,108,14,inf
random_addition,42,61,109,0.004035784783529451,0.06352782684406458,0.20629576744773626,109,14,inf
random_addition,42,61,110,0.003995929933078008,0.06321336830985996,0.21413388696792135,110,14,inf
random_addition,42,61,111,0.003956633147985879,0.06290177380635524,0.22186225364907086,111,14,inf
random_addition,42,61,112,0.003975626725072604,0.06305257112182344,0.21812685066460913,112,14,inf
random_addition,42,61,113,0.003949785459562188,0.06284731863462584,0.2232089655221281,113,14,inf
random_addition,42,61,114,0.0038705360293777337,0.062213632182808086,0.2387946846668807,114,14,inf
random_addition,42,61,115,0.003948078703639657,0.06283373857761176,0.2235446274744639,115,14,inf
random_addition,42,61,116,0.0032675051687225407,0.057162095559229985,0.35739073776044583,116,14,inf
random_addition,42,61,117,0.0033045399141667306,0.05748512776507268,0.35010723881607386,117,14,inf
random_addition,42,61,118,0.003403948081074697,0.05834336364210326,0.33055696865619855,118,14,inf
random_addition,42,61,119,0.0033439304711558662,0.057826727999739584,0.34236043033102725,119,14,inf
random_addition,42,61,120,0.0033999917663588308,0.0583094483455197,0.3313350437775745,120,14,inf
random_addition,42,61,121,0.0035907505277047664,0.05992287149081531,0.2938191591608815,121,14,inf
random_addition,42,61,122,0.0033703712163361877,0.058054898297526865,0.3371604178211669,122,14,inf
random_addition,42,61,123,0.0032645159456412462,0.05713594267745345,0.3579786182196193,123,14,inf
random_addition,42,61,124,0.0034984732177427346,0.05914789275826092,0.31196702764591744,124,14,inf
random_addition,42,61,125,0.0034787208305397874,0.058980681841936916,0.31585166326622416,125,14,inf
random_addition,42,61,126,0.003384058360857572,0.058172659908736955,0.3344686130989447,126,14,inf
random_addition,42,61,127,0.0033869987746255616,0.05819792758016012,0.33389033180341254,127,14,inf
random_addition,42,61,128,0.003444086175705803,0.05868633721494129,0.32266314445494093,128,14,inf
random_addition,42,61,129,0.003475902730708704,0.058956786977486346,0.31640588949077764,129,14,inf
random_addition,42,61,130,0.0035853968187265937,0.059878183161537174,0.29487205511637704,130,14,inf
random_addition,42,61,131,0.0034329471125606214,0.05859135697831738,0.32485382657482975,131,14,inf
random_addition,42,61,132,0.0031636476556913887,0.05624631237415826,0.3778160458719173,132,14,inf
random_addition,42,61,133,0.0030400591126266063,0.05513673106583855,0.4021217893609692,133,14,inf
random_addition,42,61,134,0.003060832571130545,0.055324791650132266,0.3980363430788447,134,14,inf
random_addition,42,61,135,0.0029458973666038686,0.05427612151401267,0.4206402635540847,135,14,inf
random_addition,42,61,136,0.0029461312853071775,0.0542782763663989,0.4205942595487058,136,14,inf
random_addition,42,61,137,0.0029652708984190643,0.054454301009369904,0.41683013614987774,137,14,inf
random_addition,42,61,138,0.0029682044530669185,0.054481230282244164,0.41625320381445496,138,14,inf
random_addition,42,61,139,0.0030023618039765926,0.05479381173067441,0.4095355923847217,139,14,inf
random_addition,42,61,140,0.0030357797309731667,0.05509791040478002,0.4029634009714057,140,14,inf
random_addition,42,61,141,0.003021538012814962,0.05496851837929564,0.4057642718273333,141,14,inf
random_addition,42,61,142,0.002939869676132153,0.05422056506651469,0.4218257091852393,142,14,inf
random_addition,42,61,143,0.0029540472254196764,0.05435114741585201,0.419037458205492,143,14,inf
random_addition,42,61,144,0.002985937293169362,0.05464373059344834,0.412765745736432,144,14,inf
random_addition,42,61,145,0.0029824561276112,0.05461186801063666,0.4134503748695326,145,14,inf
random_addition,42,61,146,0.002975795328604997,0.05455085085133867,0.4147603318288281,146,14,inf
random_addition,42,61,147,0.0029543533092777673,0.05435396314232999,0.41897726172160754,147,14,inf
random_addition,42,61,148,0.0029534291653775294,0.05434546131350372,0.41915900999720923,148,14,inf
random_addition,42,61,149,0.002958417720803786,0.05439133865611129,0.4181779275637999,149,14,inf
random_addition,42,61,150,0.0026800483819562917,0.05176918370958047,0.47292389007342817,150,14,inf
random_addition,42,62,10,0.00962854819961681,0.0981251659851682,-0.8936142210947935,10,10,inf
random_addition,42,62,11,0.009347840774747493,0.09668423229641684,-0.8384084350635628,11,11,inf
random_addition,42,62,12,0.00731630231663938,0.08553538634179061,-0.4388725927724466,12,12,inf
random_addition,42,62,13,0.007330604414730264,0.08561894892329772,-0.44168533834684887,13,13,inf
random_addition,42,62,14,0.009750595445676627,0.09874510340101238,-0.9176168428808611,14,14,inf
random_addition,42,62,15,0.012812000913331015,0.11319010960914834,-1.5196931694363451,15,14,inf
random_addition,42,62,16,0.0193506485075753,0.13910660842524808,-2.80562702098844,16,14,inf
random_addition,42,62,17,0.01936231244703455,0.1391485265715543,-2.8079209287693563,17,14,inf
random_addition,42,62,18,0.02211011225162207,0.1486946947662292,-3.3483214833301673,18,14,inf
random_addition,42,62,19,0.0243977183406175,0.15619768993367827,-3.7982172861633687,19,14,inf
random_addition,42,62,20,0.01347924223610542,0.11610013882896704,-1.6509172783583939,20,14,inf
random_addition,42,62,21,0.014789185981907621,0.12161079714362381,-1.908539513243602,21,14,inf
random_addition,42,62,22,0.013701224176453869,0.11705222841302027,-1.6945737206750837,22,14,inf
random_addition,42,62,23,0.014354605192937422,0.11981070566914052,-1.8230719697315578,23,14,inf
random_addition,42,62,24,0.01773165494281532,0.13316026037378914,-2.487224996661194,24,14,inf
random_addition,42,62,25,0.01682797836390403,0.1297226979518389,-2.309501960371589,25,14,inf
random_addition,42,62,26,0.02041869812050104,0.14289401009314925,-3.01567674956034,26,14,inf
random_addition,42,62,27,0.015454281558054225,0.12431525070583345,-2.0393416253863825,27,14,inf
random_addition,42,62,28,0.015313244044994692,0.12374669306690458,-2.0116042515995427,28,14,inf
random_addition,42,62,29,0.010719290706228866,0.10353400748656871,-1.1081268848165546,29,14,inf
random_addition,42,62,30,0.00954779388837378,0.09771281332749446,-0.8777325420488702,30,14,inf
random_addition,42,62,31,0.008752860806303792,0.0935567250725665,-0.7213957238890618,31,14,inf
random_addition,42,62,32,0.008281847400186209,0.09100465592587123,-0.6287630999815397,32,14,inf
random_addition,42,62,33,0.0071999921108384796,0.0848527672550429,-0.41599825541680957,33,14,inf
random_addition,42,62,34,0.007105780516811664,0.08429579180962514,-0.39746997778422855,34,14,inf
random_addition,42,62,35,0.0061950537089552685,0.07870866349364133,-0.2183603966577854,35,14,inf
random_addition,42,62,36,0.007082561803329675,0.08415795745697298,-0.3929036314219836,36,14,inf
random_addition,42,62,37,0.007149491408188163,0.08455466520652874,-0.40606645191628554,37,14,inf
random_addition,42,62,38,0.006785700745777843,0.08237536492045326,-0.33452096472964055,38,14,inf
random_addition,42,62,39,0.006837671512283419,0.08269021412648185,-0.34474188074894996,39,14,inf
random_addition,42,62,40,0.007397768784214313,0.0860102830143833,-0.4548943292112164,40,14,inf
random_addition,42,62,41,0.004292695264797096,0.06551866348451482,0.15577004635345115,41,14,inf
random_addition,42,62,42,0.0037174805835643093,0.06097114549985353,0.2688955849064244,42,14,inf
random_addition,42,62,43,0.0037955126552066667,0.06160773210569163,0.253549279575644,43,14,inf
random_addition,42,62,44,0.003806931641919058,0.061700337453850757,0.2513035458283759,44,14,inf
random_addition,42,62,45,0.004043918989107479,0.06359181542547342,0.20469604056882063,45,14,inf
random_addition,42,62,46,0.0040940306713290195,0.06398461277001698,0.19484074440885857,46,14,inf
random_addition,42,62,47,0.004365639204175738,0.0660729839206293,0.14142440689811042,47,14,inf
random_addition,42,62,48,0.004135090413387765,0.064304668674893,0.18676566290487662,48,14,inf
random_addition,42,62,49,0.004461671800073034,0.0667957468711372,0.12253799894649342,49,14,inf
random_addition,42,62,50,0.005203676689372402,0.07213651425853901,-0.02338960938755097,50,14,inf
random_addition,42,62,51,0.005541844558320691,0.07444356626546508,-0.08989594788033473,51,14,inf
random_addition,42,62,52,0.0056816306030083915,0.0753765918771099,-0.11738719958760235,52,14,inf
random_addition,42,62,53,0.005062076934290926,0.07114827428891671,0.004458338648529181,53,14,inf
random_addition,42,62,54,0.005150806367197249,0.0717691184786134,-0.012991780777343864,54,14,inf
random_addition,42,62,55,0.0050532730100350315,0.07108637710584942,0.006189776849468642,55,14,inf
random_addition,42,62,56,0.00484445261446412,0.06960210208365923,0.047257782379466984,56,14,inf
random_addition,42,62,57,0.005164080059554948,0.07186153393544385,-0.015602273251793752,57,14,inf
random_addition,42,62,58,0.004539958231906314,0.06737921216448226,0.10714166945165171,58,14,inf
random_addition,42,62,59,0.004197318983785622,0.06478671919294587,0.17452737906178706,59,14,inf
random_addition,42,62,60,0.003910030447067246,0.06253023626268532,0.23102745024687799,60,14,inf
random_addition,42,62,61,0.0038391075773441035,0.061960532416564205,0.24497561272416002,61,14,inf
random_addition,42,62,62,0.002965061165647328,0.05445237520666411,0.4168713835893625,62,14,inf
random_addition,42,62,63,0.0029619226658938952,0.05442354881752839,0.41748862179005397,63,14,inf
random_addition,42,62,64,0.0028068522194444724,0.052979734044674785,0.44798580543398403,64,14,inf
random_addition,42,62,65,0.002721909329908638,0.05217192089533064,0.4646912380985202,65,14,inf
random_addition,42,62,66,0.0032724395093391687,0.057205240226216765,0.3564203175714765,66,14,inf
random_addition,42,62,67,0.0031221960006595517,0.05587661407654862,0.38596820358343253,67,14,inf
random_addition,42,62,68,0.0031184403754907584,0.055842997551087445,0.38670680976593175,68,14,inf
random_addition,42,62,69,0.0030364504175313645,0.05510399638439452,0.4028314992996095,69,14,inf
random_addition,42,62,70,0.0025714284632188653,0.05070925421674889,0.49428580451277604,70,14,inf
random_addition,42,62,71,0.0025883282630002414,0.05087561560315749,0.4909621776755607,71,14,inf
random_addition,42,62,72,0.002581238589411138,0.05080589128645553,0.49235647995799414,72,14,inf
random_addition,42,62,73,0.0025343001876664455,0.05034183337609433,0.5015876977092588,73,14,inf
random_addition,42,62,74,0.002329784472552801,0.0482678409767083,0.5418091161980796,74,14,inf
random_addition,42,62,75,0.002663163075415997,0.051605843423162816,0.4762446665736195,75,14,inf
random_addition,42,62,76,0.0026554697217473994,0.051531249953279804,0.47775769258883416,76,14,inf
random_addition,42,62,77,0.0026985550960035407,0.051947618771254,0.4692842368070095,77,14,inf
random_addition,42,62,78,0.0027130651605926635,0.052087092072726264,0.46643059116019636,78,14,inf
random_addition,42,62,79,0.0030411480665037817,0.055146605212866746,0.4019076284609887,79,14,inf
random_addition,42,62,80,0.0030226458902314914,0.054978594836822554,0.4055463892984539,80,14,inf
random_addition,42,62,81,0.0029098226781620077,0.0539427722513592,0.42773495131373984,81,14,inf
random_addition,42,62,82,0.0027291841643128354,0.052241594197658586,0.46326052086074954,82,14,inf
random_addition,42,62,83,0.00274152969224195,0.05235961890848662,0.4608325673657019,83,14,inf
random_addition,42,62,84,0.0027346293672512933,0.052293683817945864,0.4621896310955177,84,14,inf
random_addition,42,62,85,0.003226931858059589,0.05680608997334343,0.3653701544362974,85,14,inf
random_addition,42,62,86,0.0035678066031077866,0.05973111921860988,0.29833146371644226,86,14,inf
random_addition,42,62,87,0.0037428378469254184,0.06117873688566493,0.263908657125292,87,14,inf
random_addition,42,62,88,0.003749463012644779,0.061232858929212014,0.2626057080447868,88,14,inf
random_addition,42,62,89,0.0037664267977826254,0.06137122125053913,0.2592694974225145,89,14,inf
random_addition,42,62,90,0.0038392884333601158,0.0619619918446794,0.24494004437919348,90,14,inf
random_addition,42,62,91,0.0038063560950780347,0.06169567322817731,0.25141673669167885,91,14,inf
random_addition,42,62,92,0.003882154083300538,0.06230693447201955,0.23650980104023556,92,14,inf
random_addition,42,62,93,0.003913876026546159,0.06256097846538335,0.23027115305246726,93,14,inf
random_addition,42,62,94,0.0038590496728897147,0.062121249769219185,0.24105366780154924,94,14,inf
random_addition,42,62,95,0.0038561059979801008,0.06209755227044059,0.24163259045484675,95,14,inf
random_addition,42,62,96,0.0038723083982479915,0.06222787476885252,0.23844611883658462,96,14,inf
random_addition,42,62,97,0.0034261277861204593,0.05853313408762988,0.3261949605918868,97,14,inf
random_addition,42,62,98,0.003344861944173444,0.05783478143966176,0.3421772406625452,98,14,inf
random_addition,42,62,99,0.003283097462401366,0.057298319891610834,0.3543242537550083,99,14,inf
random_addition,42,62,100,0.0031729969789375486,0.05632936160598262,0.3759773458841824,100,14,inf
random_addition,42,62,101,0.003113749459242778,0.05580098080896767,0.3876293565022604,101,14,inf
random_addition,42,62,102,0.003259998824712569,0.057096399402349084,0.35886698521447824,102,14,inf
random_addition,42,62,103,0.003398161428630854,0.05829375119711249,0.33169501014833436,103,14,inf
random_addition,42,62,104,0.0034491440247697977,0.05872941362528488,0.3216684342746343,104,14,inf
random_addition,42,62,105,0.0033467603627801317,0.05785119154157615,0.34180388505413084,105,14,inf
random_addition,42,62,106,0.0030894611706218478,0.05558292157328407,0.39240605261315276,106,14,inf
random_addition,42,62,107,0.002952571302712581,0.05433756806034459,0.4193277229649812,107,14,inf
random_addition,42,62,108,0.002611103339417554,0.05109895634372148,0.4864830799241405,108,14,inf
random_addition,42,62,109,0.0026850323375334157,0.051817297667221277,0.4719437122768916,109,14,inf
random_addition,42,62,110,0.002682446129699883,0.05179233659239447,0.4724523330814776,110,14,inf
random_addition,42,62,111,0.0026811461039839184,0.05177978470391624,0.4727080047707607,111,14,inf
random_addition,42,62,112,0.0025426261865118273,0.05042446020050019,0.49995025149290595,112,14,inf
random_addition,42,62,113,0.0026181342816894216,0.05116770741091906,0.48510032813252213,113,14,inf
random_addition,42,62,114,0.002736028872991348,0.05230706331836407,0.4619143950041641,114,14,inf
random_addition,42,62,115,0.0027320778841145557,0.052269282414383264,0.462691422710665,115,14,inf
random_addition,42,62,116,0.0028623624781509297,0.05350105118734519,0.43706878937673643,116,14,inf
random_addition,42,62,117,0.0028624597728832586,0.05350196045831646,0.43704965474865376,117,14,inf
random_addition,42,62,118,0.0030951849618351445,0.05563438650542616,0.3912803738280055,118,14,inf
random_addition,42,62,119,0.0030771463302619742,0.05547203196442307,0.39482797088707244,119,14,inf
random_addition,42,62,120,0.00305862908111028,0.055304873936302214,0.39846969605708293,120,14,inf
random_addition,42,62,121,0.003035427283689597,0.0550947119394375,0.40303271559439124,121,14,inf
random_addition,42,62,122,0.0029272397533868432,0.05410397169697289,0.4243095936531801,122,14,inf
random_addition,42,62,123,0.002936629228749147,0.05419067473974786,0.4224629970836802,123,14,inf
random_addition,42,62,124,0.002935428022836015,0.05417959046390084,0.42269923421438904,124,14,inf
random_addition,42,62,125,0.002591647589209661,0.05090822712695524,0.4903093769433735,125,14,inf
random_addition,42,62,126,0.002603601185419967,0.05102549544512005,0.48795850334251634,126,14,inf
random_addition,42,62,127,0.0026764892007569542,0.051734796807921785,0.4736238622805349,127,14,inf
random_addition,42,62,128,0.0026547320319272234,0.05152409176227392,0.477902771567023,128,14,inf
random_addition,42,62,129,0.0025531877661076627,0.05052907842131759,0.49787314112223824,129,14,inf
random_addition,42,62,130,0.0024973247975219564,0.049973240814679576,0.5088595234462812,130,14,inf
random_addition,42,62,131,0.0024838341742067552,0.04983807955977793,0.5115126790032232,131,14,inf
random_addition,42,62,132,0.002731308062951182,0.05226191790349051,0.46284282085215456,132,14,inf
random_addition,42,62,133,0.002432979219817463,0.049325239176485125,0.5215141520029142,133,14,inf
random_addition,42,62,134,0.0024251761695423474,0.049246077707187474,0.5230487516811362,134,14,inf
random_addition,42,62,135,0.002395632939784827,0.04894520344001879,0.5288589194079942,135,14,inf
random_addition,42,62,136,0.002610412521282671,0.051092196285564696,0.4866189408054785,136,14,inf
random_addition,42,62,137,0.002542256438572259,0.05042079371223998,0.500022968577774,137,14,inf
random_addition,42,62,138,0.0025412487058495367,0.0504107994962343,0.5002211559862231,138,14,inf
random_addition,42,62,139,0.002677959694142816,0.05174900669716102,0.4733346652874093,139,14,inf
random_addition,42,62,140,0.0026969750700301404,0.05193240866771096,0.46959497520608073,140,14,inf
random_addition,42,62,141,0.002664034605223249,0.05161428683245802,0.4760732657348943,141,14,inf
random_addition,42,62,142,0.0026118629221002867,0.051106388270942084,0.48633369535023596,142,14,inf
random_addition,42,62,143,0.0026765656767964987,0.05173553591871354,0.47360882199480825,143,14,inf
random_addition,42,62,144,0.002665354465232489,0.05162707105029772,0.4758136933017989,144,14,inf
random_addition,42,62,145,0.0027558871182515707,0.052496543869587936,0.4580089406354315,145,14,inf
random_addition,42,62,146,0.0026625110501594584,0.05159952567765966,0.4763728981899231,146,14,inf
random_addition,42,62,147,0.0025960369550324337,0.05095131946311532,0.48944613511591706,147,14,inf
random_addition,42,62,148,0.0026455539065606474,0.05143494829938733,0.4797078026430299,148,14,inf
random_addition,42,62,149,0.0026615758006106266,0.051590462302741835,0.4765568305761173,149,14,inf
random_addition,42,62,150,0.0026800483819562917,0.05176918370958047,0.47292389007342817,150,14,inf
random_addition,42,63,10,0.00962854819961681,0.0981251659851682,-0.8936142210947935,10,10,inf
random_addition,42,63,11,0.009799344713845342,0.09899163961590565,-0.9272041976469634,11,11,inf
random_addition,42,63,12,0.008940837073397089,0.09455599966896383,-0.758364384710674,12,12,inf
random_addition,42,63,13,0.007752434309430518,0.08804790917126039,-0.5246452063276843,13,13,inf
random_addition,42,63,14,0.007063819438671018,0.08404653138988555,-0.38921763354163974,14,14,inf
random_addition,42,63,15,0.007059928118805896,0.0840233784062858,-0.38845234073916757,15,14,inf
random_addition,42,63,16,0.007225189512370242,0.08500111477133838,-0.4209537437091233,16,14,inf
random_addition,42,63,17,0.006950859639804722,0.08337181562017659,-0.3670022094599763,17,14,inf
random_addition,42,63,18,0.005565488612942815,0.07460220246710425,-0.094545944655402,18,14,inf
random_addition,42,63,19,0.0055191279225688455,0.07429083336838298,-0.08542834345822303,19,14,inf
random_addition,42,63,20,0.00912029677205568,0.09550024487955872,-0.7936581206351427,20,14,inf
random_addition,42,63,21,0.004896419236874856,0.06997441844613542,0.037037681365365116,21,14,inf
random_addition,42,63,22,0.004521202667553415,0.06723988896148933,0.11083026327150935,22,14,inf
random_addition,42,63,23,0.004407329701553699,0.06638772252121396,0.13322527686492813,23,14,inf
random_addition,42,63,24,0.0043626516974694125,0.06605037242491077,0.1420119498035859,24,14,inf
random_addition,42,63,25,0.004811418485652061,0.06936438917522493,0.05375449349345218,25,14,inf
random_addition,42,63,26,0.004981009381057777,0.07057626641483507,0.02040162194411055,26,14,inf
random_addition,42,63,27,0.012977750418565795,0.11391992985674541,-1.5522905676883987,27,14,inf
random_addition,42,63,28,0.013504104949251477,0.1162071639325712,-1.6558069446104926,28,14,inf
random_addition,42,63,29,0.013520367644414269,0.11627711573828389,-1.6590052742231354,29,14,inf
random_addition,42,63,30,0.01341291227806669,0.11581412814534628,-1.6378723883892334,30,14,inf
random_addition,42,63,31,0.00929638102274259,0.09641774226117614,-0.8282880185490178,31,14,inf
random_addition,42,63,32,0.008061528562197016,0.08978601540438809,-0.5854337344175788,32,14,inf
random_addition,42,63,33,0.007018931154387835,0.08377906155112884,-0.38038960550283707,33,14,inf
random_addition,42,63,34,0.006559653824236009,0.08099168984677384,-0.2900650762205763,34,14,inf
random_addition,42,63,35,0.006590562811134633,0.08118228138660943,-0.29614384281523254,35,14,inf
random_addition,42,63,36,0.005686255344749189,0.07540726320951575,-0.11829673200595914,36,14,inf
random_addition,42,63,37,0.0057986764928220375,0.07614904131256045,-0.14040622144602066,37,14,inf
random_addition,42,63,38,0.0054591840216694654,0.07388629116195687,-0.07363937788857666,38,14,inf
random_addition,42,63,39,0.005692703962396954,0.07545000969116542,-0.11956495997045113,39,14,inf
random_addition,42,63,40,0.006064539687176496,0.07787515449215171,-0.19269264254066987,40,14,inf
random_addition,42,63,41,0.006835425612701331,0.08267663280940589,-0.34430018722469025,41,14,inf
random_addition,42,63,42,0.006866338373441019,0.08286337172382632,-0.3503796960079879,42,14,inf
random_addition,42,63,43,0.007096138475436183,0.08423858068270253,-0.3955737099055756,43,14,inf
random_addition,42,63,44,0.006940103622439289,0.08330728432999895,-0.3648868596665009,44,14,inf
random_addition,42,63,45,0.006154144655374652,0.0784483566136006,-0.210314950550462,45,14,inf
random_addition,42,63,46,0.0065104588359218545,0.08068741435888162,-0.2803900631711551,46,14,inf
random_addition,42,63,47,0.003653609651544538,0.06044509617449986,0.2814568664911219,47,14,inf
random_addition,42,63,48,0.004055260293954732,0.06368092566816795,0.20246558425294692,48,14,inf
random_addition,42,63,49,0.004115010547018528,0.06414834796796039,0.19071470275243985,49,14,inf
random_addition,42,63,50,0.004546125461442419,0.06742496170886876,0.10592878114157511,50,14,inf
random_addition,42,63,51,0.004842013960689547,0.0695845813430644,0.04773738422308049,51,14,inf
random_addition,42,63,52,0.004610300870464008,0.06789919639041399,0.09330761908801732,52,14,inf
random_addition,42,63,53,0.004609992641154756,0.06789692659579487,0.09336823751057244,53,14,inf
random_addition,42,63,54,0.00442769411454915,0.06654092060190593,0.1292202761885054,54,14,inf
random_addition,42,63,55,0.0045056793998372886,0.06712435772383442,0.1138831721728002,55,14,inf
random_addition,42,63,56,0.0045780156298848365,0.06766103479762069,0.0996570488696139,56,14,inf
random_addition,42,63,57,0.004572217649397613,0.06761817543676857,0.1007973182099775,57,14,inf
random_addition,42,63,58,0.004225340021911079,0.06500261550054028,0.1690165756484212,58,14,inf
random_addition,42,63,59,0.004439524545696689,0.06662975720874786,0.1268936250466901,59,14,inf
random_addition,42,63,60,0.004335538740547689,0.06584480799993032,0.1473441639378984,60,14,inf
random_addition,42,63,61,0.00428060551324747,0.06542633654154473,0.15814769716739052,61,14,inf
random_addition,42,63,62,0.0043095720539208324,0.06564733089715706,0.1524509449449546,62,14,inf
random_addition,42,63,63,0.004024957398640449,0.06344255195561138,0.2084251528522667,63,14,inf
random_addition,42,63,64,0.0035298486239563713,0.05941252918329913,0.30579653193181455,64,14,inf
random_addition,42,63,65,0.0035437429817897098,0.05952934555149846,0.30306397526379725,65,14,inf
random_addition,42,63,66,0.0034657870033126996,0.05887093513197068,0.31839531560743284,66,14,inf
random_addition,42,63,67,0.0034381436818644124,0.058635686078227243,0.3238318347510827,67,14,inf
random_addition,42,63,68,0.00344490057774349,0.058693275404798205,0.3225029787426984,68,14,inf
random_addition,42,63,69,0.003238977699284007,0.056912017178132136,0.36300113931847144,69,14,inf
random_addition,42,63,70,0.003267762630082595,0.0571643475435747,0.3573401036998717,70,14,inf
random_addition,42,63,71,0.0032375568609056145,0.056899533046463696,0.36328057082812604,71,14,inf
random_addition,42,63,72,0.0031956770455856287,0.056530319701781524,0.3715169333848306,72,14,inf
random_addition,42,63,73,0.0031440631040182193,0.05607194578412826,0.3816676738425345,73,14,inf
random_addition,42,63,74,0.0031107514508687288,0.055774110937501536,0.38821896473544004,74,14,inf
random_addition,42,63,75,0.0030494973702900655,0.05522225430286295,0.4002655989402166,75,14,inf
random_addition,42,63,76,0.002769084517537734,0.05262209153518828,0.455413452463005,76,14,inf
random_addition,42,63,77,0.0029098265979230517,0.053942808583935,0.4277341804275063,77,14,inf
random_addition,42,63,78,0.003336888797834095,0.05776580993835449,0.34374529256217246,78,14,inf
random_addition,42,63,79,0.0031435126559398313,0.05606703716034789,0.3817759286165253,79,14,inf
random_addition,42,63,80,0.0031581673417579947,0.05619757416257391,0.37889384079854516,80,14,inf
random_addition,42,63,81,0.00306741434248507,0.05538424272737752,0.3967419282222603,81,14,inf
random_addition,42,63,82,0.0033667649284715396,0.058023830694564967,0.337869654337855,82,14,inf
random_addition,42,63,83,0.003351762422901686,0.05789440752699423,0.340820146697675,83,14,inf
random_addition,42,63,84,0.0033319031847613033,0.057722640140254355,0.34472579633281253,84,14,inf
random_addition,42,63,85,0.003250077887823867,0.057009454372269404,0.36081810253658686,85,14,inf
random_addition,42,63,86,0.0032207796698186185,0.056751913358217436,0.3665800846254008,86,14,inf
random_addition,42,63,87,0.003276965063454206,0.057244781975776676,0.3555302920501928,87,14,inf
random_addition,42,63,88,0.0032935796786695026,0.057389717534324064,0.35226275150332664,88,14,inf
random_addition,42,63,89,0.003550587676874875,0.059586807909762,0.3017178520805698,89,14,inf
random_addition,42,63,90,0.003520889596243962,0.05933708449396517,0.30755847380837664,90,14,inf
random_addition,42,63,91,0.0035001974305330754,0.05916246640001645,0.31162793251004717,91,14,inf
random_addition,42,63,92,0.0037016935457364827,0.06084154457060145,0.27200036858927745,92,14,inf
random_addition,42,63,93,0.0037277305146956367,0.061055143228852034,0.26687976539208724,93,14,inf
random_addition,42,63,94,0.003893670771374303,0.06239928502294159,0.2342448526945169,94,14,inf
random_addition,42,63,95,0.003736809096057405,0.06112944540937211,0.26509431130102346,95,14,inf
random_addition,42,63,96,0.004157625789090088,0.06447965407080042,0.18233370628764423,96,14,inf
random_addition,42,63,97,0.0041651356079328485,0.06453786181717557,0.1808567754499233,97,14,inf
random_addition,42,63,98,0.0039754886162662265,0.0630514759245668,0.21815401205949358,98,14,inf
random_addition,42,63,99,0.00397419052520511,0.06304118118504054,0.21840930326670838,99,14,inf
random_addition,42,63,100,0.004360781377210842,0.06603621262012868,0.1423797794042907,100,14,inf
random_addition,42,63,101,0.004361576892240456,0.06604223566961112,0.14222332813646277,101,14,inf
random_addition,42,63,102,0.004572791832379047,0.06762242107747288,0.1006843955723572,102,14,inf
random_addition,42,63,103,0.004269273436181151,0.06533967734983967,0.16037633868659473,103,14,inf
random_addition,42,63,104,0.0042900166322148775,0.0654982185422999,0.15629684402280053,104,14,inf
random_addition,42,63,105,0.0042770911731059,0.06539947379838694,0.15883885063433867,105,14,inf
random_addition,42,63,106,0.004265578970170702,0.06531140000161306,0.161102916902926,106,14,inf
random_addition,42,63,107,0.004289953782715026,0.06549773876031924,0.15630920442275298,107,14,inf
random_addition,42,63,108,0.0040923526766140075,0.06397149893987171,0.19517074999115347,108,14,inf
random_addition,42,63,109,0.004433641993212067,0.06658559899266557,0.12805052687760787,109,14,inf
random_addition,42,63,110,0.004621823399189957,0.06798399369844314,0.09104152208085903,110,14,inf
random_addition,42,63,111,0.004682978255823178,0.06843228957022539,0.07901440191602582,111,14,inf
random_addition,42,63,112,0.004667143420576142,0.06831649449859194,0.08212858575670834,112,14,inf
random_addition,42,63,113,0.004423192637719422,0.06650708712400072,0.13010556651099048,113,14,inf
random_addition,42,63,114,0.004358691739504934,0.06602038881667492,0.14279074143042447,114,14,inf
random_addition,42,63,115,0.004348490744224042,0.06594308716024783,0.14479693689548823,115,14,inf
random_addition,42,63,116,0.0042576140365777285,0.06525039491510935,0.16266935362931956,116,14,inf
random_addition,42,63,117,0.004257787901990719,0.06525172719545988,0.1626351601027598,117,14,inf
random_addition,42,63,118,0.00429262792967087,0.06551814962032178,0.1557832889264702,118,14,inf
random_addition,42,63,119,0.00444358051382774,0.06666018687213335,0.12609595142299967,119,14,inf
random_addition,42,63,120,0.0037247402262547322,0.06103064989212168,0.2674678553719554,120,14,inf
random_addition,42,63,121,0.00343815806670043,0.05863580874090874,0.3238290057337182,121,14,inf
random_addition,42,63,122,0.0034467322838321315,0.05870887738521434,0.3221427432610444,122,14,inf
random_addition,42,63,123,0.0034249156362984702,0.05852277878141528,0.32643335002437746,123,14,inf
random_addition,42,63,124,0.0030622558358384426,0.05533765296647882,0.3977564343911192,124,14,inf
random_addition,42,63,125,0.00310293100789616,0.05570395863757045,0.38975698497702815,125,14,inf
random_addition,42,63,126,0.0030842231340129553,0.05553578246511843,0.3934361996724579,126,14,inf
random_addition,42,63,127,0.003051625893992513,0.055241523277264115,0.39984698933580587,127,14,inf
random_addition,42,63,128,0.0030516014875352137,0.05524130237001309,0.3998517892717536,128,14,inf
random_addition,42,63,129,0.003009788606762782,0.05486154032437279,0.4080749880359005,129,14,inf
random_addition,42,63,130,0.002974952540167841,0.05454312550787534,0.4149260801988718,130,14,inf
random_addition,42,63,131,0.0029413386905318708,0.05423411002802453,0.42153680305934915,131,14,inf
random_addition,42,63,132,0.0029866032045704986,0.05464982346330589,0.4126347831787298,132,14,inf
random_addition,42,63,133,0.0029775047342304145,0.05456651660341179,0.414424148768329,133,14,inf
random_addition,42,63,134,0.00297505071969909,0.05454402551791617,0.4149067715603585,134,14,inf
random_addition,42,63,135,0.0030887807382250936,0.055576800359728284,0.3925398709662704,135,14,inf
random_addition,42,63,136,0.002912649217999847,0.05396896532267269,0.42717906522141735,136,14,inf
random_addition,42,63,137,0.0030523922649985198,0.05524845939027187,0.3996962697251726,137,14,inf
random_addition,42,63,138,0.003044439389628802,0.05517643871825004,0.40126033500131586,138,14,inf
random_addition,42,63,139,0.0031364125820147323,0.056003683646834626,0.3831722762980925,139,14,inf
random_addition,42,63,140,0.0031467486628317097,0.05609588810984019,0.3811395140145539,140,14,inf
random_addition,42,63,141,0.0029835353195294865,0.054621747679193554,0.4132381338212052,141,14,inf
random_addition,42,63,142,0.0030921909720538995,0.055607472268157446,0.39186919173804136,142,14,inf
random_addition,42,63,143,0.0031778560667710537,0.0563724761454653,0.37502172540720957,143,14,inf
random_addition,42,63,144,0.003147378621480159,0.05610150284511244,0.38101562216391616,144,14,inf
random_addition,42,63,145,0.0031919936049237,0.05649773097146203,0.37224134328291525,145,14,inf
random_addition,42,63,146,0.0030507492957541024,0.055233588474352294,0.40001938696585626,146,14,inf
random_addition,42,63,147,0.002950641523118762,0.05431980783396386,0.4197072462333572,147,14,inf
random_addition,42,63,148,0.0029536689066696656,0.0543476669846063,0.41911186088285046,148,14,inf
random_addition,42,63,149,0.0026827190907506597,0.05179497167438804,0.47239865074881027,149,14,inf
random_addition,42,63,150,0.0026800483819562917,0.05176918370958047,0.47292389007342817,150,14,inf
random_addition,42,64,10,0.00962854819961681,0.0981251659851682,-0.8936142210947935,10,10,inf
random_addition,42,64,11,0.010146500541022351,0.10072983937752682,-0.9954781676837414,11,11,inf
random_addition,42,64,12,0.010339721644833261,0.1016844218394994,-1.0334783129191916,12,12,inf
random_addition,42,64,13,0.014661380718938601,0.1210841885587817,-1.8834044816197766,13,13,inf
random_addition,42,64,14,0.008772900403973313,0.09366376249101524,-0.7253368442267607,14,14,inf
random_addition,42,64,15,0.013313553468114534,0.11538437272054883,-1.6183318250960106,15,14,inf
random_addition,42,64,16,0.013592144720228613,0.11658535379810199,-1.6731214305421171,16,14,inf
random_addition,42,64,17,0.010235078664840695,0.10116856559643758,-1.0128985296597022,17,14,inf
random_addition,42,64,18,0.011548968103615121,0.10746612537732586,-1.2712967507236552,18,14,inf
random_addition,42,64,19,0.014573828593893445,0.12072211311062048,-1.8661858993750333,19,14,inf
random_addition,42,64,20,0.016360703154312088,0.12790896432350662,-2.21760451501388,20,14,inf
random_addition,42,64,21,0.012110538204183677,0.11004789050310632,-1.381738855445172,21,14,inf
random_addition,42,64,22,0.009631782228823556,0.09814164370349396,-0.8942502467520752,22,14,inf
random_addition,42,64,23,0.009590982815804738,0.09793356327533854,-0.8862263632856322,23,14,inf
random_addition,42,64,24,0.011263373395255214,0.10612904124345614,-1.2151297990703145,24,14,inf
random_addition,42,64,25,0.010959540225465214,0.1046878227181424,-1.1553759504914032,25,14,inf
random_addition,42,64,26,0.010942789258972909,0.1046077877548938,-1.1520815941970475,26,14,inf
random_addition,42,64,27,0.006740851546999859,0.08210268903635166,-0.3257006235058124,27,14,inf
random_addition,42,64,28,0.004773305688916094,0.06908911411297798,0.06125000916296863,28,14,inf
random_addition,42,64,29,0.004625409627051664,0.06801036411497635,0.09033623069754493,29,14,inf
random_addition,42,64,30,0.004688307305202082,0.06847121515791933,0.07796635568105836,30,14,inf
random_addition,42,64,31,0.0042888642586851305,0.06548942096770387,0.15652347745275308,31,14,inf
random_addition,42,64,32,0.004273498992876451,0.0653720046570124,0.15954531264981586,32,14,inf
random_addition,42,64,33,0.003943242477903389,0.06279524247825936,0.22449575173959302,33,14,inf
random_addition,42,64,34,0.004122259956538854,0.06420482814040432,0.18928898574114894,34,14,inf
random_addition,42,64,35,0.0028292391160777332,0.053190592364418476,0.44358304969635276,35,14,inf
random_addition,42,64,36,0.002520446745721051,0.05020405108874234,0.5043122075870776,36,14,inf
random_addition,42,64,37,0.0025539581272440793,0.05053670079500718,0.49772163678606474,37,14,inf
random_addition,42,64,38,0.002981204678357684,0.0546004091409367,0.4136964931891699,38,14,inf
random_addition,42,64,39,0.0029171738894039107,0.054010868252638844,0.42628921329993497,39,14,inf
random_addition,42,64,40,0.003083722567479151,0.05553127557943497,0.39353464441068486,40,14,inf
random_addition,42,64,41,0.0024511040246356437,0.04950862575991828,0.5179496075413057,41,14,inf
random_addition,42,64,42,0.0028480142312083626,0.053366789590609275,0.43989061089073234,42,14,inf
random_addition,42,64,43,0.0027685316760493474,0.05261683833193845,0.455522177940898,43,14,inf
random_addition,42,64,44,0.00374751576654152,0.06121695652792223,0.2629886663928843,44,14,inf
random_addition,42,64,45,0.003739242458002664,0.061149345523911075,0.26461575018369987,45,14,inf
random_addition,42,64,46,0.0039377979676020036,0.06275187620782349,0.22556650528621913,46,14,inf
random_addition,42,64,47,0.003944862335735742,0.062808139088304,0.22417717974266238,47,14,inf
random_addition,42,64,48,0.0031714335033190136,0.05631548191500285,0.37628482938057395,48,14,inf
random_addition,42,64,49,0.0031628086814563536,0.056238853841951236,0.37798104411564615,49,14,inf
random_addition,42,64,50,0.0038276687177532355,0.06186815592656076,0.2472252548036623,50,14,inf
random_addition,42,64,51,0.0036282507389976625,0.06023496276248257,0.2864441186120775,51,14,inf
random_addition,42,64,52,0.003975837055814256,0.06305423899956494,0.21808548562439023,52,14,inf
random_addition,42,64,53,0.004418347019312195,0.0664706478027121,0.1310585380011564,53,14,inf
random_addition,42,64,54,0.004474514879234293,0.06689181474017798,0.12001219372246463,54,14,inf
random_addition,42,64,55,0.0035257495270024893,0.059378022255734395,0.3066026875561719,55,14,inf
random_addition,42,64,56,0.003363863866517853,0.05799882642362562,0.338440196444296,56,14,inf
random_addition,42,64,57,0.00309405536209449,0.055624233586580675,0.3915025284133805,57,14,inf
random_addition,42,64,58,0.0028437693415291174,0.05332700386791965,0.4407254390805021,58,14,inf
random_addition,42,64,59,0.002626405781103085,0.05124847101234421,0.48347360013627927,59,14,inf
random_addition,42,64,60,0.0026266727450422406,0.051251075550101784,0.4834210972354033,60,14,inf
random_addition,42,64,61,0.0026253965167862712,0.05123862329128556,0.483672088758192,61,14,inf
random_addition,42,64,62,0.0025743778972898124,0.05073832769504542,0.4937057492245708,62,14,inf
random_addition,42,64,63,0.0027353153347104585,0.052300242205084085,0.46205472418027427,63,14,inf
random_addition,42,64,64,0.002738767021358112,0.05233323056489167,0.46137589256544986,64,14,inf
random_addition,42,64,65,0.0026890692268610105,0.05185623614244492,0.4711497908173694,65,14,inf
random_addition,42,64,66,0.0027339280902050947,0.05228697820877675,0.4623275488958005,66,14,inf
random_addition,42,64,67,0.002833992613633098,0.053235257242105045,0.4426481953045831,67,14,inf
random_addition,42,64,68,0.002899045140734182,0.05384278169573134,0.42985453338557544,68,14,inf
random_addition,42,64,69,0.0029429834124310465,0.05424927107741676,0.42121334112994324,69,14,inf
random_addition,42,64,70,0.0028971684674306197,0.05382535153095258,0.43022361241829143,70,14,inf
random_addition,42,64,71,0.003153973336897417,0.05616024694476884,0.37971866164200807,71,14,inf
random_addition,42,64,72,0.003315904195503564,0.05758388833261926,0.34787226379119873,72,14,inf
random_addition,42,64,73,0.0033747553660556963,0.05809264468119606,0.3362982018272126,73,14,inf
random_addition,42,64,74,0.0031794957310588698,0.056387017398146444,0.3746992581412355,74,14,inf
random_addition,42,64,75,0.0030089092423470415,0.05485352534110311,0.40824792968075174,75,14,inf
random_addition,42,64,76,0.00292807843599477,0.05411172179846775,0.4241446527627748,76,14,inf
random_addition,42,64,77,0.003067471318890114,0.05538475709877325,0.39673072286412936,77,14,inf
random_addition,42,64,78,0.0035401578714431845,0.059499225805410144,0.3037690468691556,78,14,inf
random_addition,42,64,79,0.0034052347352941255,0.05835438916906016,0.33030392669420905,79,14,inf
random_addition,42,64,80,0.003163315379453192,0.05624335853639247,0.37788139352318695,80,14,inf
random_addition,42,64,81,0.0031064083520789695,0.055735162618215886,0.3890731073809778,81,14,inf
random_addition,42,64,82,0.0027573417798258913,0.05251039687362771,0.45772285723148465,82,14,inf
random_addition,42,64,83,0.0026470138899455558,0.05144913886495629,0.4794206726164767,83,14,inf
random_addition,42,64,84,0.0026872803797215955,0.05183898513398575,0.4715015973734913,84,14,inf
random_addition,42,64,85,0.0025070638661077874,0.050070588833244084,0.5069441735521941,85,14,inf
random_addition,42,64,86,0.0025544860167511325,0.05054192335824916,0.49761781853049813,86,14,inf
random_addition,42,64,87,0.002543224876147084,0.0504303963512789,0.49983250921402445,87,14,inf
random_addition,42,64,88,0.002682948936615956,0.05179719043168226,0.47235344773479804,88,14,inf
random_addition,42,64,89,0.002671088526593098,0.05168257469005485,0.4746859947212889,89,14,inf
random_addition,42,64,90,0.002744270507342719,0.05238578535578826,0.46029354046937143,90,14,inf
random_addition,42,64,91,0.002698533764572929,0.05194741345411655,0.46928843198779113,91,14,inf
random_addition,42,64,92,0.0027102131855723955,0.05205970788981048,0.46699147950438114,92,14,inf
random_addition,42,64,93,0.0026722653881388835,0.05169395891338642,0.47445454531550546,93,14,inf
random_addition,42,64,94,0.0031028469843719037,0.05570320443539944,0.3897735096012124,94,14,inf
random_addition,42,64,95,0.003166976258620241,0.05627589411657749,0.37716142071849046,95,14,inf
random_addition,42,64,96,0.0031576698430580315,0.05619314765216513,0.37899168219619894,96,14,inf
random_addition,42,64,97,0.003218730494686249,0.05673385668792708,0.3669830890131571,97,14,inf
random_addition,42,64,98,0.0033516009517514343,0.05789301297869575,0.34085190268622845,98,14,inf
random_addition,42,64,99,0.003476538333217849,0.058962177141094856,0.31628088768102103,99,14,inf
random_addition,42,64,100,0.003407650122209011,0.05837508134648731,0.32982890066571025,100,14,inf
random_addition,42,64,101,0.0032143863806316938,0.05669555873815597,0.36783743132741076,101,14,inf
random_addition,42,64,102,0.0031285386942406118,0.055933341525789534,0.3847208073492193,102,14,inf
random_addition,42,64,103,0.003361829526766591,0.05798128600476701,0.3388402832074989,103,14,inf
random_addition,42,64,104,0.0032383678248113315,0.05690665887935551,0.3631210812817455,104,14,inf
random_addition,42,64,105,0.003238691976227588,0.05690950690550383,0.36305733151190633,105,14,inf
random_addition,42,64,106,0.003395897367574447,0.058274328546749014,0.33214027542872315,106,14,inf
random_addition,42,64,107,0.0030310302638132305,0.05505479328644537,0.4038974627188492,107,14,inf
random_addition,42,64,108,0.0028843477166731442,0.05370612364221741,0.432745026390175,108,14,inf
random_addition,42,64,109,0.0021963191845958303,0.046864903548346604,0.5680572859177772,109,14,inf
random_addition,42,64,110,0.002241435484611577,0.04734380091006189,0.5591844147910172,110,14,inf
random_addition,42,64,111,0.0022259843183139163,0.04718033825985054,0.5622231437486096,111,14,inf
random_addition,42,64,112,0.0022329713959725957,0.04725432674340621,0.5608490186630755,112,14,inf
random_addition,42,64,113,0.0021786965443947133,0.04667650955667865,0.571523071351494,113,14,inf
random_addition,42,64,114,0.002298032798136053,0.0479378013485814,0.5480536113153723,114,14,inf
random_addition,42,64,115,0.002293299278786891,0.047888404429328096,0.5489845366604578,115,14,inf
random_addition,42,64,116,0.002292082180154495,0.04787569508795141,0.5492238993588625,116,14,inf
random_addition,42,64,117,0.0022044642093135736,0.04695172211233123,0.5664554312750076,117,14,inf
random_addition,42,64,118,0.00218221252814546,0.046714157684212394,0.570831594641452,118,14,inf
random_addition,42,64,119,0.002171567029876034,0.046600075427793396,0.5729252090156758,119,14,inf
random_addition,42,64,120,0.002139123929766309,0.046250664100813826,0.5793056845007154,120,14,inf
random_addition,42,64,121,0.002185162481748724,0.046745721534154586,0.5702514371785716,121,14,inf
random_addition,42,64,122,0.0021412629384866006,0.04627378240955239,0.5788850128430765,122,14,inf
random_addition,42,64,123,0.0023287823011986057,0.04825745850330916,0.5420062098708675,123,14,inf
random_addition,42,64,124,0.002328261234523965,0.048252059381170095,0.5421086863029092,124,14,inf
random_addition,42,64,125,0.002337000711484848,0.04834253521987493,0.5403899227349274,125,14,inf
random_addition,42,64,126,0.0023006653549713075,0.04796525153662084,0.5475358752083571,126,14,inf
random_addition,42,64,127,0.0023171176091383106,0.048136447824266286,0.544300265663302,127,14,inf
random_addition,42,64,128,0.002057957212643845,0.045364713298375915,0.5952684700252032,128,14,inf
random_addition,42,64,129,0.0020664224278520585,0.045457919308433584,0.5936036445945594,129,14,inf
random_addition,42,64,130,0.002078059053427635,0.04558573300307493,0.591315108543367,130,14,inf
random_addition,42,64,131,0.002054111687551316,0.045322308938880375,0.5960247565236266,131,14,inf
random_addition,42,64,132,0.0021492737919049437,0.04636026091282213,0.5773095452189247,132,14,inf
random_addition,42,64,133,0.002210349738652237,0.0470143567291124,0.5652979439962081,133,14,inf
random_addition,42,64,134,0.0022331674895318173,0.047256401571975595,0.5608104536016862,134,14,inf
random_addition,42,64,135,0.002260514622347866,0.047544869569154,0.5554321848811019,135,14,inf
random_addition,42,64,136,0.0022773447672102863,0.04772153357982418,0.5521222568427469,136,14,inf
random_addition,42,64,137,0.002304325820701332,0.048003393845657744,0.5468159837129309,137,14,inf
random_addition,42,64,138,0.002503116904839368,0.050031159339349394,0.5077204091624896,138,14,inf
random_addition,42,64,139,0.0024692209977632525,0.049691256753711235,0.5143866033119664,139,14,inf
random_addition,42,64,140,0.0024729147640319615,0.04972841002919721,0.5136601627114918,140,14,inf
random_addition,42,64,141,0.002477668461360529,0.049776183676137016,0.5127252690309976,141,14,inf
random_addition,42,64,142,0.0026777627521998677,0.051747103804946105,0.4733733971975753,142,14,inf
random_addition,42,64,143,0.00270957991124567,0.05205362534200351,0.46711602343832437,143,14,inf
random_addition,42,64,144,0.002740725896995054,0.052351942628665216,0.46099064707603987,144,14,inf
random_addition,42,64,145,0.002721400907141976,0.05216704809687794,0.4647912278956652,145,14,inf
random_addition,42,64,146,0.0026842080853002443,0.05180934361001155,0.47210581519398187,146,14,inf
random_addition,42,64,147,0.0026598865542096875,0.05157408801141992,0.4768890489896761,147,14,inf
random_addition,42,64,148,0.0026520815863657348,0.05149836489021506,0.478424025789718,148,14,inf
random_addition,42,64,149,0.002634285139196096,0.0513252875218064,0.48192399325591717,149,14,inf
random_addition,42,64,150,0.0026800483819562917,0.05176918370958047,0.47292389007342817,150,14,inf
random_addition,42,65,10,0.00962854819961681,0.0981251659851682,-0.8936142210947935,10,10,inf
random_addition,42,65,11,0.009177710156805727,0.09580036616216937,-0.8049494180966026,11,11,inf
random_addition,42,65,12,0.008164042871849974,0.09035509322583854,-0.6055948792340196,12,12,inf
random_addition,42,65,13,0.007384805571098471,0.08593489146498337,-0.45234489764600716,13,13,inf
random_addition,42,65,14,0.007314159658103843,0.08552286044154418,-0.4384512033179071,14,14,inf
random_addition,42,65,15,0.0073268740939143,0.08559716171646288,-0.4409517086863941,15,14,inf
random_addition,42,65,16,0.0076083631680707005,0.08722593174091464,-0.49631121905646025,16,14,inf
random_addition,42,65,17,0.007393533039932241,0.08598565601268761,-0.45406129961597874,17,14,inf
random_addition,42,65,18,0.00809029509985318,0.08994606772868495,-0.5910911527186615,18,14,inf
random_addition,42,65,19,0.008999259037140946,0.09486442450750937,-0.7698540360138741,19,14,inf
random_addition,42,65,20,0.008703661027510605,0.09329341363413927,-0.7117197687122256,20,14,inf
random_addition,42,65,21,0.008815439692955456,0.09389057297170711,-0.7337029032526741,21,14,inf
random_addition,42,65,22,0.008829710608808057,0.09396653983630586,-0.73650951632105,22,14,inf
random_addition,42,65,23,0.005186187467000442,0.07201518914090584,-0.01995006278999112,23,14,inf
random_addition,42,65,24,0.004733906329616963,0.06880338893991314,0.068998548768745,24,14,inf
random_addition,42,65,25,0.004728376517866116,0.068763191591622,0.0700860782648115,25,14,inf
random_addition,42,65,26,0.004631335625712229,0.0680539170490004,0.08917078445318982,26,14,inf
random_addition,42,65,27,0.0029347247413166453,0.05417309979423963,0.4228375462276752,27,14,inf
random_addition,42,65,28,0.003168988530661699,0.05629376990983726,0.37676567393762395,28,14,inf
random_addition,42,65,29,0.0031015058649693085,0.05569116505307919,0.3900372630477643,29,14,inf
random_addition,42,65,30,0.0025175996564356976,0.050175687901968,0.5048721350701935,30,14,inf
random_addition,42,65,31,0.004089372098669524,0.06394819855687511,0.19575693024031915,31,14,inf
random_addition,42,65,32,0.003983046276181403,0.06311137992613854,0.21666767247881358,32,14,inf
random_addition,42,65,33,0.003946235572062492,0.06281907013051445,0.22390710996855434,33,14,inf
random_addition,42,65,34,0.0036583370837909397,0.06048418870904147,0.28052713827608267,34,14,inf
random_addition,42,65,35,0.0036510669729361753,0.06042405955359318,0.2819569265492582,35,14,inf
random_addition,42,65,36,0.003947513666361963,0.06282924212786561,0.22365575145726047,36,14,inf
random_addition,42,65,37,0.004203658052287463,0.06483562332766966,0.17328069575972294,37,14,inf
random_addition,42,65,38,0.004012838977226992,0.06334697291289453,0.2108084420719908,38,14,inf
random_addition,42,65,39,0.0036932668173972442,0.06077225368041936,0.2736576249367213,39,14,inf
random_addition,42,65,40,0.0037276580234141864,0.0610545495717902,0.26689402200882884,40,14,inf
random_addition,42,65,41,0.00415802134465358,0.0644827212875944,0.18225591370409666,41,14,inf
random_addition,42,65,42,0.004331654982383902,0.06581530963525054,0.1481079696059775,42,14,inf
random_addition,42,65,43,0.004036225925582048,0.06353129878714937,0.2062090095225536,43,14,inf
random_addition,42,65,44,0.0037250338902911394,0.06103305571811999,0.2674101014526691,44,14,inf
random_addition,42,65,45,0.003675579939841718,0.060626561339413916,0.27713604371508294,45,14,inf
random_addition,42,65,46,0.003603288266725744,0.06002739596822224,0.29135340415625444,46,14,inf
random_addition,42,65,47,0.002032947204799228,0.04508821580855943,0.6001871042307363,47,14,inf
random_addition,42,65,48,0.0021973814352246918,0.046876235292786596,0.5678483766559157,48,14,inf
random_addition,42,65,49,0.00238872332646298,0.04887456727647806,0.5302178098426951,49,14,inf
random_addition,42,65,50,0.002272184219700213,0.0476674335338102,0.553137164381362,50,14,inf
random_addition,42,65,51,0.002244043843443971,0.0473713398949615,0.5586714376239157,51,14,inf
random_addition,42,65,52,0.002221138998703529,0.0471289613582087,0.5631760564754051,52,14,inf
random_addition,42,65,53,0.0022738720410335643,0.04768513438204368,0.5528052262310572,53,14,inf
random_addition,42,65,54,0.00321848562271262,0.05673169857066347,0.3670312471614052,54,14,inf
random_addition,42,65,55,0.0035088234074464853,0.05923532229545548,0.3099314906150251,55,14,inf
random_addition,42,65,56,0.003507125066873863,0.0592209850211381,0.3102654975487712,56,14,inf
random_addition,42,65,57,0.004057434592494759,0.06369799519996497,0.2020379722650394,57,14,inf
random_addition,42,65,58,0.004148862581562522,0.06441166494946798,0.18405713686643743,58,14,inf
random_addition,42,65,59,0.004293484997896807,0.06552468998703319,0.1556147321983492,59,14,inf
random_addition,42,65,60,0.004292745193911394,0.06551904451311384,0.1557602269623113,60,14,inf
random_addition,42,65,61,0.004386251595967369,0.06622878223225434,0.1373706370650879,61,14,inf
random_addition,42,65,62,0.004324880341416338,0.06576382243617183,0.14944031548128844,62,14,inf
random_addition,42,65,63,0.004385745166469159,0.0662249587879763,0.13747023485282406,63,14,inf
random_addition,42,65,64,0.003878006336038225,0.062273640780335184,0.23732552455727995,64,14,inf
random_addition,42,65,65,0.0039671190739181735,0.06298507024619543,0.2198000218302043,65,14,inf
random_addition,42,65,66,0.00382450490038039,0.06184258161154327,0.24784747213549285,66,14,inf
random_addition,42,65,67,0.0039202508502465825,0.06261190661724479,0.22901743789564066,67,14,inf
random_addition,42,65,68,0.004016549168510008,0.0633762508240272,0.21007877121914287,68,14,inf
random_addition,42,65,69,0.004405725355682682,0.06637563826949375,0.13354079817654518,69,14,inf
random_addition,42,65,70,0.004186323552541076,0.06470180486308767,0.17668981357840197,70,14,inf
random_addition,42,65,71,0.005000431358653942,0.07071372821916506,0.016581966870945264,71,14,inf
random_addition,42,65,72,0.0049631610046156375,0.07044970549701139,0.023911802165842544,72,14,inf
random_addition,42,65,73,0.004959842065222967,0.07042614617613949,0.024564526824079613,73,14,inf
random_addition,42,65,74,0.0037873028303852057,0.061541066210987976,0.255163878237074,74,14,inf
random_addition,42,65,75,0.0033320867706469236,0.05772423035993571,0.34468969111356285,75,14,inf
random_addition,42,65,76,0.0032517650410504965,0.05702424958778937,0.3604862957805861,76,14,inf
random_addition,42,65,77,0.0032517904660595786,0.05702447251890699,0.3604812955294816,77,14,inf
random_addition,42,65,78,0.0035882009892638156,0.05990159421304091,0.2943205683192429,78,14,inf
random_addition,42,65,79,0.003381545669383885,0.05815105905642549,0.33496277568806554,79,14,inf
random_addition,42,65,80,0.003341287866223555,0.057803874145454605,0.3428801425635275,80,14,inf
random_addition,42,65,81,0.0032880930213609674,0.05734189586472501,0.3533417939602289,81,14,inf
random_addition,42,65,82,0.0033327375468045414,0.05772986702569599,0.34456170515334683,82,14,inf
random_addition,42,65,83,0.003299743087306268,0.05744339028388095,0.3510506146366844,83,14,inf
random_addition,42,65,84,0.003257540336301883,0.05707486606468633,0.3593504878693289,84,14,inf
random_addition,42,65,85,0.0029738080059765783,0.05453263248713176,0.41515117189246586,85,14,inf
random_addition,42,65,86,0.002974461286924643,0.054538621974932984,0.41502269332352903,86,14,inf
random_addition,42,65,87,0.002789197519675049,0.05281285373538386,0.45145789591527485,87,14,inf
random_addition,42,65,88,0.0029169823340235734,0.054009094919500115,0.4263268858529319,88,14,inf
random_addition,42,65,89,0.0028987873426752344,0.053840387653463585,0.42990523366358957,89,14,inf
random_addition,42,65,90,0.0027060208245834197,0.05201942737654289,0.4678159770531397,90,14,inf
random_addition,42,65,91,0.002754573863278775,0.052484034365498,0.45826721407820337,91,14,inf
random_addition,42,65,92,0.002754131983441878,0.05247982453707213,0.4583541171009454,92,14,inf
random_addition,42,65,93,0.0027163699282659825,0.05211880589831258,0.4657806536063852,93,14,inf
random_addition,42,65,94,0.0024130568385689723,0.049122874901302065,0.5254322197809531,94,14,inf
random_addition,42,65,95,0.0024804417240252,0.04980403321042584,0.5121798607813031,95,14,inf
random_addition,42,65,96,0.0024910266266542284,0.04991018560027831,0.510098163548066,96,14,inf
random_addition,42,65,97,0.0024847692787024456,0.04984746010282214,0.511328775144143,97,14,inf
random_addition,42,65,98,0.0025003913936920063,0.05000391378374303,0.5082564262817271,98,14,inf
random_addition,42,65,99,0.0024825262473228246,0.04982495606945203,0.511769904588661,99,14,inf
random_addition,42,65,100,0.002450675518894183,0.04950429798405572,0.518033880325637,100,14,inf
random_addition,42,65,101,0.002461598141118894,0.04961449527223767,0.5158857649143042,101,14,inf
random_addition,42,65,102,0.002357322905240521,0.04855226982583328,0.536393225174529,102,14,inf
random_addition,42,65,103,0.002311981149621372,0.04808306510218927,0.5453104358972465,103,14,inf
random_addition,42,65,104,0.002319713402598266,0.0481634031459392,0.5437897596857766,104,14,inf
random_addition,42,65,105,0.0026118781062622206,0.051106536825167685,0.4863307091321294,105,14,inf
random_addition,42,65,106,0.002753888477098653,0.05247750448619535,0.45840200667525066,106,14,inf
random_addition,42,65,107,0.002777155682362362,0.05269872562370329,0.4538261235972343,107,14,inf
random_addition,42,65,108,0.002795471255777872,0.05287221629341702,0.4502240613165993,108,14,inf
random_addition,42,65,109,0.002672948857292163,0.05170056921632646,0.47432012973368587,109,14,inf
random_addition,42,65,110,0.002903339498194559,0.05388264561242849,0.42900997653350936,110,14,inf
random_addition,42,65,111,0.002880418654855658,0.05366953190457001,0.4335177417756002,111,14,inf
random_addition,42,65,112,0.0031658947042080415,0.056266283902600515,0.37737412639055745,112,14,inf
random_addition,42,65,113,0.003496483527520862,0.05913107074559754,0.31235833333620433,113,14,inf
random_addition,42,65,114,0.003420870983134099,0.0584882123434637,0.3272287983715908,114,14,inf
random_addition,42,65,115,0.0032050913411230536,0.056613526132215555,0.36966545551488894,115,14,inf
random_addition,42,65,116,0.002972584617149389,0.054521414298873326,0.41539177166234464,116,14,inf
random_addition,42,65,117,0.0029305254954871598,0.05413432825377221,0.4236633977948827,117,14,inf
random_addition,42,65,118,0.0028442935796286458,0.0533319189569309,0.44062233893498426,118,14,inf
random_addition,42,65,119,0.0028524833145297137,0.053408644567426666,0.43901169129069284,119,14,inf
random_addition,42,65,120,0.0027913741142871354,0.0528334563916382,0.45102983236659056,120,14,inf
random_addition,42,65,121,0.0027931320889031854,0.05285009071802228,0.45068409740590265,121,14,inf
random_addition,42,65,122,0.0026282033410678783,0.051266005706197534,0.4831200800580665,122,14,inf
random_addition,42,65,123,0.0026541524887821336,0.05151846745374064,0.4780167483700184,123,14,inf
random_addition,42,65,124,0.002706700141777095,0.052025956423472845,0.4676823780232642,124,14,inf
random_addition,42,65,125,0.0026389511611230763,0.05137072280125204,0.481006342402051,125,14,inf
random_addition,42,65,126,0.002638821500125885,0.05136946077316643,0.48103184239468877,126,14,inf
random_addition,42,65,127,0.002721109988157538,0.05216425968186971,0.46484844195480435,127,14,inf
random_addition,42,65,128,0.0027147894511619437,0.05210364143859759,0.4660914807278034,128,14,inf
random_addition,42,65,129,0.00273148033281655,0.05226356601703093,0.46280894111658444,129,14,inf
random_addition,42,65,130,0.0027695053470659535,0.052626089984588,0.45533068933373855,130,14,inf
random_addition,42,65,131,0.0027679701577471676,0.05261150214304062,0.45563260985860454,131,14,inf
random_addition,42,65,132,0.002845007523093373,0.05333861193444551,0.4404819300727303,132,14,inf
random_addition,42,65,133,0.0027828979423914274,0.05275317945291475,0.4526968126121478,133,14,inf
random_addition,42,65,134,0.002769502337036412,0.05262606138631706,0.4553312813061343,134,14,inf
random_addition,42,65,135,0.0028316430440259942,0.05321318487016159,0.4431102772643162,135,14,inf
random_addition,42,65,136,0.003085178588084604,0.05554438394729574,0.3932482937306516,136,14,inf
random_addition,42,65,137,0.0030826930301061763,0.0555220049179258,0.39373712006643224,137,14,inf
random_addition,42,65,138,0.002549507899322889,0.050492651933948654,0.4985968481579115,138,14,inf
random_addition,42,65,139,0.0025044888694771383,0.050044868562892024,0.5074505894871804,139,14,inf
random_addition,42,65,140,0.002588685417140163,0.05087912555400459,0.49089193737095227,140,14,inf
random_addition,42,65,141,0.002616396640530483,0.05115072473123409,0.48544206418052327,141,14,inf
random_addition,42,65,142,0.0026231296893556725,0.05121649821449796,0.4841178980920976,142,14,inf
random_addition,42,65,143,0.0026025529189746726,0.05101522242404391,0.4881646623819844,143,14,inf
random_addition,42,65,144,0.0027858183647690394,0.052780852255046425,0.4521224629561872,144,14,inf
random_addition,42,65,145,0.002739316880315232,0.05233848374107939,0.46126775365195927,145,14,inf
random_addition,42,65,146,0.002714769825772072,0.05210345310794738,0.4660953403872853,146,14,inf
random_addition,42,65,147,0.002714462934750232,0.05210050800856199,0.466155695613352,147,14,inf
random_addition,42,65,148,0.002699846666767663,0.0519600487564019,0.4690302279246954,148,14,inf
random_addition,42,65,149,0.0026989049425095273,0.051950985962823916,0.46921543367021223,149,14,inf
random_addition,42,65,150,0.0026800483819562917,0.05176918370958047,0.47292389007342817,150,14,inf
random_addition,42,66,10,0.00962854819961681,0.0981251659851682,-0.8936142210947935,10,10,inf
random_addition,42,66,11,0.022128612771706743,0.14875689150996246,-3.3519599184507785,11,11,inf
random_addition,42,66,12,0.018997085803680768,0.13782991621444443,-2.7360930320356656,12,12,inf
random_addition,42,66,13,0.017011053667209015,0.13042643009455182,-2.3455067651129062,13,13,inf
random_addition,42,66,14,0.017548071203060404,0.13246913301996208,-2.45112019943169,14,14,inf
random_addition,42,66,15,0.019437968942236174,0.13942011670571852,-2.82280003746382,15,14,inf
random_addition,42,66,16,0.010320650515512179,0.10159060249605856,-1.0297276579973857,16,14,inf
random_addition,42,66,17,0.009698583748822535,0.09848138782949058,-0.9073878772274411,17,14,inf
random_addition,42,66,18,0.008635865158213721,0.0929293557397969,-0.6983865829015994,18,14,inf
random_addition,42,66,19,0.003832903582071245,0.061910448084885036,0.2461957316281458,19,14,inf
random_addition,42,66,20,0.004990171665915861,0.07064114711636456,0.01859970616768225,20,14,inf
random_addition,42,66,21,0.003148990210481991,0.056115864160520515,0.3806986763700996,21,14,inf
random_addition,42,66,22,0.003276499209255178,0.05724071286466633,0.35562191003017785,22,14,inf
random_addition,42,66,23,0.0036809296549950576,0.06067066552292844,0.27608393321169744,23,14,inf
random_addition,42,66,24,0.003196203940939616,0.05653497979958617,0.371413310646007,24,14,inf
random_addition,42,66,25,0.003275407696839165,0.05723117766426937,0.3558365741093944,25,14,inf
random_addition,42,66,26,0.005574543159151758,0.07466286332007203,-0.09632667183372123,26,14,inf
random_addition,42,66,27,0.005559566471260806,0.0745625004359484,-0.09338125695005939,27,14,inf
random_addition,42,66,28,0.004993223742301982,0.0706627464956039,0.017999464560244927,28,14,inf
random_addition,42,66,29,0.004806867993892889,0.06933158006199548,0.05464942341741352,29,14,inf
random_addition,42,66,30,0.00462297686165773,0.06799247650775585,0.09081467449312386,30,14,inf
random_addition,42,66,31,0.004553317579827009,0.06747827487293231,0.10451433138544264,31,14,inf
random_addition,42,66,32,0.004622116098086875,0.06798614636885132,0.09098395797231296,32,14,inf
random_addition,42,66,33,0.005269251288109492,0.07258960867858079,-0.03628594538097518,33,14,inf
random_addition,42,66,34,0.005232873826072898,0.07233860536444492,-0.029131712155807232,34,14,inf
random_addition,42,66,35,0.005264524323692602,0.07255704186150784,-0.035356309172394074,35,14,inf
random_addition,42,66,36,0.005393467672079693,0.07344023197185377,-0.06071516423125889,36,14,inf
random_addition,42,66,37,0.0056200372692123204,0.07496690782746958,-0.10527384559249842,37,14,inf
random_addition,42,66,38,0.005638579860811428,0.07509047783049078,-0.10892055477648732,38,14,inf
random_addition,42,66,39,0.005497418307789973,0.07414457706258748,-0.0811587864671286,39,14,inf
random_addition,42,66,40,0.005314131592773698,0.07289809046040711,-0.04511240409492645,40,14,inf
random_addition,42,66,41,0.0055761195495619455,0.07467341929737746,-0.09663669523879137,41,14,inf
random_addition,42,66,42,0.005846162937041039,0.07646020492413709,-0.14974522086920516,42,14,inf
random_addition,42,66,43,0.005292213567441172,0.07274760179855534,-0.04080185970053485,43,14,inf
random_addition,42,66,44,0.005631778279280384,0.07504517492337788,-0.10758291059108105,44,14,inf
random_addition,42,66,45,0.0053032484739354265,0.07282340608578691,-0.042972057681867515,45,14,inf
random_addition,42,66,46,0.005424044498825586,0.07364811266302475,-0.06672860600478381,46,14,inf
random_addition,42,66,47,0.005096440578538157,0.07138935900075134,-0.0022998437987258313,47,14,inf
random_addition,42,66,48,0.004775038732728368,0.06910165506504434,0.06090917725968814,48,14,inf
random_addition,42,66,49,0.004866685148435567,0.0697616309186903,0.04288538462785374,49,14,inf
random_addition,42,66,50,0.005007150367660315,0.07076122078978227,0.015260561946510487,50,14,inf
random_addition,42,66,51,0.0046592256440983245,0.06825852067030404,0.08368574825171893,51,14,inf
random_addition,42,66,52,0.004724211278391055,0.06873289807938449,0.07090524191656067,52,14,inf
random_addition,42,66,53,0.004767003097356115,0.06904348700171592,0.062489518667444344,53,14,inf
random_addition,42,66,54,0.004520921624745261,0.06723779907719513,0.1108855350162441,54,14,inf
random_addition,42,66,55,0.004123972908097246,0.06421816649591645,0.1889521053139266,55,14,inf
random_addition,42,66,56,0.0041149639764505985,0.06414798497576209,0.19072386162955068,56,14,inf
random_addition,42,66,57,0.004034658762566727,0.06351896380268436,0.20651721820688085,57,14,inf
random_addition,42,66,58,0.0032559630188242587,0.057061046422443557,0.35966069359763686,58,14,inf
random_addition,42,66,59,0.003913016772586412,0.06255411075689919,0.23044013964151233,59,14,inf
random_addition,42,66,60,0.004554943298972762,0.06749032003904532,0.1041946066637004,60,14,inf
random_addition,42,66,61,0.004054479617229195,0.06367479577689429,0.20261911732137072,61,14,inf
random_addition,42,66,62,0.0041255034072710025,0.06423008179405505,0.18865110718412392,62,14,inf
random_addition,42,66,63,0.003939647610044825,0.06276661222373583,0.2252027423220575,63,14,inf
random_addition,42,66,64,0.003967157957889589,0.06298537892153692,0.21979237465020196,64,14,inf
random_addition,42,66,65,0.0037383289810284147,0.06114187583831898,0.26479540063080975,65,14,inf
random_addition,42,66,66,0.0037930393242040783,0.06158765561542409,0.25403570127317077,66,14,inf
random_addition,42,66,67,0.003757886945402778,0.061301606385173776,0.2609490014949116,67,14,inf
random_addition,42,66,68,0.0031766724285049834,0.05636197679734968,0.37525450756780065,68,14,inf
random_addition,42,66,69,0.003287946834697087,0.05734062115723099,0.35337054400020573,69,14,inf
random_addition,42,66,70,0.0032130718422627757,0.056683964595490105,0.36809595717138555,70,14,inf
random_addition,42,66,71,0.0032209648588295567,0.056753544900997654,0.3665436641248816,71,14,inf
random_addition,42,66,72,0.0031280724657137817,0.05592917365484477,0.3848124989469953,72,14,inf
random_addition,42,66,73,0.0032171926857155232,0.056720302235756144,0.3672855247361677,73,14,inf
random_addition,42,66,74,0.002996851341180876,0.05474350501366236,0.41061931658679796,74,14,inf
random_addition,42,66,75,0.0029941567503410566,0.0547188884238437,0.4111492527130477,75,14,inf
random_addition,42,66,76,0.0033574638818628403,0.05794362675793465,0.33969885992151705,76,14,inf
random_addition,42,66,77,0.0033095021186047035,0.057528272341560056,0.3491313387429872,77,14,inf
random_addition,42,66,78,0.003196666200655893,0.05653906791463663,0.37132239958086677,78,14,inf
random_addition,42,66,79,0.003214159946218955,0.05669356177044228,0.36788196342251145,79,14,inf
random_addition,42,66,80,0.0030512547415496014,0.0552381638140661,0.399919982639627,80,14,inf
random_addition,42,66,81,0.003257526182149386,0.057074742068180966,0.35935327151894036,81,14,inf
random_addition,42,66,82,0.003240259482394809,0.056923277157897446,0.36274905534104784,82,14,inf
random_addition,42,66,83,0.003186638157750856,0.05645031583393361,0.37329458108331615,83,14,inf
random_addition,42,66,84,0.003077040994864424,0.05547108251029922,0.39484868684576635,84,14,inf
random_addition,42,66,85,0.002999712350790956,0.05476962982156221,0.4100566514401923,85,14,inf
random_addition,42,66,86,0.002987231947824366,0.054655575633455425,0.41251113035566045,86,14,inf
random_addition,42,66,87,0.005206393306935304,0.07215534149967903,-0.02392387743541624,87,14,inf
random_addition,42,66,88,0.005006048964766299,0.07075343783001854,0.01547717115280256,88,14,inf
random_addition,42,66,89,0.005018226760161227,0.07083944353367852,0.013082205051647589,89,14,inf
random_addition,42,66,90,0.004918827160994286,0.07013435079185011,0.032630790222684225,90,14,inf
random_addition,42,66,91,0.004727979422985549,0.068760304122259,0.07016417358067595,91,14,inf
random_addition,42,66,92,0.0050607990994719545,0.07113929363911307,0.004709646128665312,92,14,inf
random_addition,42,66,93,0.005032270216646364,0.07093849601342253,0.010320325652774187,93,14,inf
random_addition,42,66,94,0.004784253653034261,0.06916829948057318,0.0590969098466021,94,14,inf
random_addition,42,66,95,0.004754458839580049,0.06895258399494575,0.06495655569373071,95,14,inf
random_addition,42,66,96,0.004749931775880735,0.06891974880889175,0.06584687809988155,96,14,inf
random_addition,42,66,97,0.004813828160092979,0.06938175668065041,0.05328059091801374,97,14,inf
random_addition,42,66,98,0.004896832826326169,0.06997737367411104,0.03695634211769605,98,14,inf
random_addition,42,66,99,0.0049292854696600654,0.07020887030610923,0.030573989798825307,99,14,inf
random_addition,42,66,100,0.004884548225258378,0.06988954303226183,0.039372313331650366,100,14,inf
random_addition,42,66,101,0.005464663329718588,0.07392336119061814,-0.07471697499132479,101,14,inf
random_addition,42,66,102,0.005008154320522569,0.07076831438237433,0.01506311791051873,102,14,inf
random_addition,42,66,103,0.005052464163857783,0.07108068769966834,0.006348849909307286,103,14,inf
random_addition,42,66,104,0.004884499807034362,0.06988919664035609,0.03938183558107533,104,14,inf
random_addition,42,66,105,0.004831606858617005,0.06950976088735311,0.04978411401830907,105,14,inf
random_addition,42,66,106,0.004901653845983759,0.07001181218897108,0.036008208380965745,106,14,inf
random_addition,42,66,107,0.005008935755855778,0.07077383524902249,0.01490943564927305,107,14,inf
random_addition,42,66,108,0.0050577674531423564,0.07111798262846294,0.005305869825534271,108,14,inf
random_addition,42,66,109,0.005066918347688138,0.07118228956480775,0.003506194143553465,109,14,inf
random_addition,42,66,110,0.00506840813891255,0.0711927534157273,0.0032132019093638053,110,14,inf
random_addition,42,66,111,0.005080597085008506,0.07127830725409033,0.0008160428373056305,111,14,inf
random_addition,42,66,112,0.005319482607946039,0.07293478325151888,-0.04616477026868071,112,14,inf
random_addition,42,66,113,0.005310551255920995,0.07287352918530153,-0.04440827127655833,113,14,inf
random_addition,42,66,114,0.005066700324308072,0.07118075810433654,0.0035490720691206956,114,14,inf
random_addition,42,66,115,0.005064838078560105,0.0711676757984979,0.0039153136829566115,115,14,inf
random_addition,42,66,116,0.005382559416005307,0.07336592816836236,-0.058569874162438085,116,14,inf
random_addition,42,66,117,0.0044401192444253786,0.06663421977051565,0.12677666764599294,117,14,inf
random_addition,42,66,118,0.00453006614358059,0.0673057660500242,0.1090871132238147,118,14,inf
random_addition,42,66,119,0.004507887022016392,0.0671407999804619,0.11344900653676793,119,14,inf
random_addition,42,66,120,0.004493737575058703,0.06703534571447144,0.11623173072573467,120,14,inf
random_addition,42,66,121,0.004507119929838524,0.06713508717383575,0.11359986797784771,121,14,inf
random_addition,42,66,122,0.0045560683641996955,0.06749865453621795,0.1039733438659024,122,14,inf
random_addition,42,66,123,0.004558710240803545,0.06751822154650954,0.10345377487131335,123,14,inf
random_addition,42,66,124,0.004404132359892297,0.06636363733169165,0.1338540873059424,124,14,inf
random_addition,42,66,125,0.004378593620297453,0.06617094241657326,0.13887670540817698,125,14,inf
random_addition,42,66,126,0.004211370975197851,0.06489507666377975,0.1717638211274809,126,14,inf
random_addition,42,66,127,0.003827329605451891,0.0618654152612903,0.24729194688050105,127,14,inf
random_addition,42,66,128,0.0038264623346148134,0.06185840552919881,0.24746251012187281,128,14,inf
random_addition,42,66,129,0.0036291130612822417,0.06024212032525284,0.28627452858589775,129,14,inf
random_addition,42,66,130,0.00363187644387289,0.060265051596036075,0.2857310634171628,130,14,inf
random_addition,42,66,131,0.0036421854280482653,0.060350521356888585,0.2837036301390795,131,14,inf
random_addition,42,66,132,0.003644170436480554,0.060366964777770246,0.2833132452006186,132,14,inf
random_addition,42,66,133,0.003551639750462374,0.05959563533063788,0.30151094430323677,133,14,inf
random_addition,42,66,134,0.0035278406424711444,0.059395628142744177,0.30619143490340395,134,14,inf
random_addition,42,66,135,0.003519220846161969,0.059323021215730146,0.30788666127975894,135,14,inf
random_addition,42,66,136,0.0035484962887160298,0.05956925623772744,0.3021291583624012,136,14,inf
random_addition,42,66,137,0.003503763318967105,0.059192595136276165,0.3109266412136309,137,14,inf
random_addition,42,66,138,0.0029423350585171823,0.05424329505586089,0.42134085071561944,138,14,inf
random_addition,42,66,139,0.002909612927375922,0.05394082801900544,0.4277762022960462,139,14,inf
random_addition,42,66,140,0.0029521316364827916,0.05433352221679349,0.41941419064505137,140,14,inf
random_addition,42,66,141,0.0029710023384104584,0.0545069017502413,0.4157029531052431,141,14,inf
random_addition,42,66,142,0.0029676312629572524,0.05447596959171312,0.4163659311873208,142,14,inf
random_addition,42,66,143,0.0029455914419428586,0.054273303215695824,0.4207004287292141,143,14,inf
random_addition,42,66,144,0.00292423840279516,0.05407622770492742,0.42489985918907147,144,14,inf
random_addition,42,66,145,0.002847428216874156,0.05336129886794507,0.4400058603607472,145,14,inf
random_addition,42,66,146,0.002862086385959653,0.05349847087496663,0.43712308750028495,146,14,inf
random_addition,42,66,147,0.0028237174481808834,0.053138662461346194,0.44466897756801815,147,14,inf
random_addition,42,66,148,0.0028598603722069663,0.053477662366701914,0.43756087014529543,148,14,inf
random_addition,42,66,149,0.0026916144696936734,0.05188077167596559,0.47064922646185614,149,14,inf
random_addition,42,66,150,0.0026800483819562917,0.05176918370958047,0.47292389007342817,150,14,inf
random_addition,42,67,10,0.00962854819961681,0.0981251659851682,-0.8936142210947935,10,10,inf
random_addition,42,67,11,0.012978044384885095,0.11392122008162085,-1.552348381056646,11,11,inf
random_addition,42,67,12,0.009713061999604042,0.0985548679650277,-0.9102352661596094,12,12,inf
random_addition,42,67,13,0.01226797783408697,0.1107609039060578,-1.4127019784381734,13,13,inf
random_addition,42,67,14,0.012163613325951533,0.11028877243832,-1.3921769613031194,14,14,inf
random_addition,42,67,15,0.012934301228316908,0.11372906940759213,-1.5437455614377553,15,14,inf
random_addition,42,67,16,0.010640859699912842,0.10315454279823473,-1.092702122343983,16,14,inf
random_addition,42,67,17,0.010405588786455856,0.1020077878715927,-1.0464321823389215,17,14,inf
random_addition,42,67,18,0.010332873694549294,0.10165074369894839,-1.0321315495469539,18,14,inf
random_addition,42,67,19,0.008382102635721974,0.09155382370890892,-0.6484799602821703,19,14,inf
random_addition,42,67,20,0.00857144319063364,0.09258208892995254,-0.6857169310048157,20,14,inf
random_addition,42,67,21,0.00659654790606852,0.08121913509800828,-0.29732091132508964,21,14,inf
random_addition,42,67,22,0.006788469952712352,0.08239217167129624,-0.335065575352512,22,14,inf
random_addition,42,67,23,0.00720130497663937,0.08486050304257788,-0.41625645232245034,23,14,inf
random_addition,42,67,24,0.007010353906232576,0.08372785621424077,-0.3787027469289448,24,14,inf
random_addition,42,67,25,0.0074435451713828985,0.08627598258717717,-0.4638970174603363,25,14,inf
random_addition,42,67,26,0.007164041640898687,0.08464066186472484,-0.4089279972925639,26,14,inf
random_addition,42,67,27,0.008810812336868298,0.09386592745436599,-0.7327928566796029,27,14,inf
random_addition,42,67,28,0.008907865461854122,0.09438148897879352,-0.751879968657934,28,14,inf
random_addition,42,67,29,0.009492058073753518,0.09742719370767855,-0.8667711666679554,29,14,inf
random_addition,42,67,30,0.007689301524962257,0.087688662465351,-0.5122290937416589,30,14,inf
random_addition,42,67,31,0.007534830659302211,0.08680340234865343,-0.481849827636897,31,14,inf
random_addition,42,67,32,0.009230338594780405,0.09607465115617336,-0.8152996761538682,32,14,inf
random_addition,42,67,33,0.007909855797915043,0.08893737008656734,-0.5556047615088142,33,14,inf
random_addition,42,67,34,0.007878080614847667,0.0887585523476339,-0.5493556430241948,34,14,inf
random_addition,42,67,35,0.007958099059583588,0.08920817821020441,-0.5650926016767837,35,14,inf
random_addition,42,67,36,0.006209634469297043,0.07880123393257903,-0.2212279458007247,36,14,inf
random_addition,42,67,37,0.00622315872026483,0.07888699969110773,-0.22388771479510683,37,14,inf
random_addition,42,67,38,0.0067871798803633395,0.08238434244662841,-0.3348118611584625,38,14,inf
random_addition,42,67,39,0.0064893556071885915,0.08055653671297315,-0.27623976208610523,39,14,inf
random_addition,42,67,40,0.006416146284848788,0.08010085071239124,-0.2618419306555182,40,14,inf
random_addition,42,67,41,0.008359277668514796,0.09142908546253099,-0.6439910506767477,41,14,inf
random_addition,42,67,42,0.007730539549890262,0.08792348690702764,-0.5203392375384819,42,14,inf
random_addition,42,67,43,0.007561813830934268,0.08695869037039523,-0.48715651733438836,43,14,inf
random_addition,42,67,44,0.007563893365897011,0.08697064657628464,-0.48756549248797065,44,14,inf
random_addition,42,67,45,0.0078026308583748,0.0883325017101565,-0.5345171929408432,45,14,inf
random_addition,42,67,46,0.00799430142034933,0.08941085739634382,-0.5722123983233791,46,14,inf
random_addition,42,67,47,0.00818166229659288,0.09045254168122022,-0.6090600322943744,47,14,inf
random_addition,42,67,48,0.00812140515861192,0.09011883908823903,-0.5972094634404161,48,14,inf
random_addition,42,67,49,0.0074423586939795896,0.08626910625467027,-0.46366367693616417,49,14,inf
random_addition,42,67,50,0.007472096675535338,0.08644129033937044,-0.4695121458447855,50,14,inf
random_addition,42,67,51,0.00699258347320339,0.08362166868224641,-0.37520789557633716,51,14,inf
random_addition,42,67,52,0.006872674401514687,0.0829015946861982,-0.35162578135925915,52,14,inf
random_addition,42,67,53,0.006566294086688289,0.08103267295781554,-0.2913709943248175,53,14,inf
random_addition,42,67,54,0.0064862396597526,0.08053719426297765,-0.275626959173906,54,14,inf
random_addition,42,67,55,0.006546508647417576,0.08091049775781617,-0.287479858465403,55,14,inf
random_addition,42,67,56,0.006550737723859749,0.08093662782609459,-0.2883115767189728,56,14,inf
random_addition,42,67,57,0.00670967931856128,0.08191263222825451,-0.3195700860820232,57,14,inf
random_addition,42,67,58,0.0064316882784383675,0.08019780719220675,-0.2648985223114195,58,14,inf
random_addition,42,67,59,0.006290895221173069,0.07931516387912887,-0.2372092248242248,59,14,inf
random_addition,42,67,60,0.005981409831588287,0.07733957480868567,-0.17634377317055505,60,14,inf
random_addition,42,67,61,0.006655041306958641,0.08157843653171248,-0.3088246119318063,61,14,inf
random_addition,42,67,62,0.006501092606182178,0.08062935325414795,-0.2785480382401484,62,14,inf
random_addition,42,67,63,0.006037205657467421,0.07769945725336452,-0.1873169507641057,63,14,inf
random_addition,42,67,64,0.006067623046893675,0.07789494878933854,-0.1932990365357099,64,14,inf
random_addition,42,67,65,0.008325924823251996,0.09124650581393239,-0.6374316586693289,65,14,inf
random_addition,42,67,66,0.006643634178492118,0.08150849145022938,-0.30658121030590757,66,14,inf
random_addition,42,67,67,0.00693904708850714,0.0833009429028696,-0.36467907468817296,67,14,inf
random_addition,42,67,68,0.006962755432618083,0.08344312693456593,-0.3693417150609841,68,14,inf
random_addition,42,67,69,0.006905524366854971,0.08309948475685616,-0.35808627366206647,69,14,inf
random_addition,42,67,70,0.005987391650301851,0.07737823757557322,-0.17752019735717006,70,14,inf
random_addition,42,67,71,0.006221061933125492,0.07887370875726266,-0.22347534671392322,71,14,inf
random_addition,42,67,72,0.005984184338274854,0.07735750990223803,-0.17688942607785596,72,14,inf
random_addition,42,67,73,0.005979045430078417,0.07732428745276879,-0.17587877427034226,73,14,inf
random_addition,42,67,74,0.005942200900987423,0.07708567247541805,-0.16863268453699876,74,14,inf
random_addition,42,67,75,0.005987798998254645,0.07738086971761589,-0.17760030911029734,75,14,inf
random_addition,42,67,76,0.005800299043062244,0.07615969434722177,-0.14072532294975693,76,14,inf
random_addition,42,67,77,0.005906254338128475,0.07685215896855778,-0.16156319480521453,77,14,inf
random_addition,42,67,78,0.005601443524639456,0.0748427920687053,-0.10161707632504213,78,14,inf
random_addition,42,67,79,0.0056600518053288385,0.07523331579379469,-0.1131433699558666,79,14,inf
random_addition,42,67,80,0.005719498928605375,0.07562736891235457,-0.12483463593967348,80,14,inf
random_addition,42,67,81,0.006144923163437068,0.07838956029623503,-0.20850139071665263,81,14,inf
random_addition,42,67,82,0.005490023700297904,0.07409469414403372,-0.0797045138586212,82,14,inf
random_addition,42,67,83,0.005414269055788597,0.07358171685812039,-0.06480610246961116,83,14,inf
random_addition,42,67,84,0.005513902438858781,0.07425565593851273,-0.08440066513535083,84,14,inf
random_addition,42,67,85,0.00535327092500352,0.07316605035809655,-0.052809805050710645,85,14,inf
random_addition,42,67,86,0.005349907220692972,0.07314305996260323,-0.05214827662649135,86,14,inf
random_addition,42,67,87,0.004407648242632537,0.06639012157416596,0.1331626304612974,87,14,inf
random_addition,42,67,88,0.0045943876900107405,0.06778191270546104,0.09643721081715806,88,14,inf
random_addition,42,67,89,0.004583267636906609,0.06769983483662725,0.09862415429615012,89,14,inf
random_addition,42,67,90,0.004666953360348718,0.06831510345705931,0.08216596426300582,90,14,inf
random_addition,42,67,91,0.004560071547109608,0.06752830182308459,0.10318605133428727,91,14,inf
random_addition,42,67,92,0.004634296778068975,0.0680756695014377,0.08858842456909166,92,14,inf
random_addition,42,67,93,0.004723009278767126,0.0687241535325618,0.07114163514370497,93,14,inf
random_addition,42,67,94,0.004852984531898373,0.06966336578071987,0.04557983884615724,94,14,inf
random_addition,42,67,95,0.004807865203773477,0.06933877128831659,0.05445330550096883,95,14,inf
random_addition,42,67,96,0.004685508716156722,0.06845077586234302,0.07851674478494275,96,14,inf
random_addition,42,67,97,0.00479069232072543,0.06921482731846862,0.05783063870664085,97,14,inf
random_addition,42,67,98,0.004666978404397619,0.06831528675485173,0.08216103893406002,98,14,inf
random_addition,42,67,99,0.00443189762493946,0.0665724990137779,0.12839358592444994,99,14,inf
random_addition,42,67,100,0.004348136523583437,0.06594040129983618,0.14486660027864307,100,14,inf
random_addition,42,67,101,0.004192549982916937,0.06474990334291579,0.1754652824380939,101,14,inf
random_addition,42,67,102,0.004594690673816352,0.06778414765869932,0.09637762401017824,102,14,inf
random_addition,42,67,103,0.0043622312923298516,0.06604718988972848,0.14209462946976092,103,14,inf
random_addition,42,67,104,0.004251928933883332,0.06520681662129606,0.16378742367345378,104,14,inf
random_addition,42,67,105,0.004265264920086422,0.0653089957056945,0.1611646800777473,105,14,inf
random_addition,42,67,106,0.004213592152638758,0.06491218801302848,0.17132698962365744,106,14,inf
random_addition,42,67,107,0.004301777887976674,0.06558794011079075,0.1539837973716599,107,14,inf
random_addition,42,67,108,0.004120867216000383,0.06419398115088659,0.18956289134303905,108,14,inf
random_addition,42,67,109,0.003579762478900904,0.059831116310001306,0.2959801417976933,109,14,inf
random_addition,42,67,110,0.0038652692511569183,0.06217128960506544,0.2398304842424268,110,14,inf
random_addition,42,67,111,0.004154308510071076,0.06445392548224721,0.1829861044057728,111,14,inf
random_addition,42,67,112,0.004132057401454924,0.06428108120944236,0.18736215517034682,112,14,inf
random_addition,42,67,113,0.004130386430083946,0.06426808251444838,0.18769077949517,113,14,inf
random_addition,42,67,114,0.004032795862385588,0.06350429798356634,0.20688358852588962,114,14,inf
random_addition,42,67,115,0.0040663672577995,0.06376807396965585,0.20028121499461204,115,14,inf
random_addition,42,67,116,0.003970030670780185,0.06300817939585451,0.21922740785874184,116,14,inf
random_addition,42,67,117,0.003937979317667138,0.06275332116842214,0.22553083977827182,117,14,inf
random_addition,42,67,118,0.0038832109864304293,0.062315415319408964,0.23630194345302824,118,14,inf
random_addition,42,67,119,0.003633346364390938,0.060277245826189985,0.28544197908802527,119,14,inf
random_addition,42,67,120,0.00361134798762005,0.06009449215710247,0.28976832592980695,120,14,inf
random_addition,42,67,121,0.003664339050787887,0.06053378437523865,0.279346751594276,121,14,inf
random_addition,42,67,122,0.0036733935653821626,0.06060852716724077,0.27756603063350715,122,14,inf
random_addition,42,67,123,0.0036111686925677615,0.0600930003625028,0.289803587285283,123,14,inf
random_addition,42,67,124,0.003613700242265935,0.06011406027100428,0.28930571591251886,124,14,inf
random_addition,42,67,125,0.0036193563369613215,0.06016108656732624,0.2881933507740788,125,14,inf
random_addition,42,67,126,0.0029650903755730207,0.054452643421353024,0.41686563897142614,126,14,inf
random_addition,42,67,127,0.002964524100237763,0.05444744346833709,0.4169770064388436,127,14,inf
random_addition,42,67,128,0.00293559964248595,0.054181174244251576,0.4226654823545033,128,14,inf
random_addition,42,67,129,0.0029793144289161585,0.05458309654935453,0.41406824219532146,129,14,inf
random_addition,42,67,130,0.0029750003331590227,0.05454356362724224,0.4149166809118874,130,14,inf
random_addition,42,67,131,0.0029699086581350107,0.05449686833328141,0.41591804353009043,131,14,inf
random_addition,42,67,132,0.002952977453653985,0.05434130522589593,0.41924784662406156,132,14,inf
random_addition,42,67,133,0.0029234668410649998,0.054069093214747,0.42505159964198236,133,14,inf
random_addition,42,67,134,0.0028835660675408507,0.05369884605408994,0.4328987506985682,134,14,inf
random_addition,42,67,135,0.002892168346403534,0.05377888383374588,0.4312069694195537,135,14,inf
random_addition,42,67,136,0.003066649644039751,0.05537733872298082,0.39689231889600307,136,14,inf
random_addition,42,67,137,0.003109557389358059,0.0557634054677264,0.38845379680052294,137,14,inf
random_addition,42,67,138,0.0030667791531383205,0.05537850804362935,0.3968668487767568,138,14,inf
random_addition,42,67,139,0.002908952868130859,0.05393470930792952,0.4279060139298775,139,14,inf
random_addition,42,67,140,0.0029297039831033397,0.05412674000069965,0.4238249618750074,140,14,inf
random_addition,42,67,141,0.0029348695437748265,0.05417443625710217,0.42280906841478205,141,14,inf
random_addition,42,67,142,0.0029661701839871673,0.0544625576335446,0.4166532766789294,142,14,inf
random_addition,42,67,143,0.0027622514978464887,0.05255712604249293,0.4567572794857411,143,14,inf
random_addition,42,67,144,0.0026952198050764356,0.051915506402966306,0.4699401772665801,144,14,inf
random_addition,42,67,145,0.0026873108267125097,0.05183927880200987,0.4714956094660946,145,14,inf
random_addition,42,67,146,0.0026752844244866078,0.05172315172615265,0.4738608015814002,146,14,inf
random_addition,42,67,147,0.0026622353366012154,0.051596853940925655,0.47642712184898517,147,14,inf
random_addition,42,67,148,0.0026083336260417315,0.05107184768580173,0.4870277901471234,148,14,inf
random_addition,42,67,149,0.0026379768545644966,0.051361238834012723,0.48119795599911497,149,14,inf
random_addition,42,67,150,0.0026800483819562917,0.05176918370958047,0.47292389007342817,150,14,inf
random_addition,42,68,10,0.00962854819961681,0.0981251659851682,-0.8936142210947935,10,10,inf
random_addition,42,68,11,0.010572636675533858,0.10282332748717024,-1.0792849293786633,11,11,inf
random_addition,42,68,12,0.010620477924858193,0.10305570301957186,-1.0886937071297167,12,12,inf
random_addition,42,68,13,0.010617021659976477,0.10303893273892387,-1.088013975128983,13,13,inf
random_addition,42,68,14,0.00771544220627648,0.08783758993891214,-0.517370093699232,14,14,inf
random_addition,42,68,15,0.007073212637638325,0.08410239376877643,-0.39106496242002375,15,14,inf
random_addition,42,68,16,0.007013581042059789,0.08374712557491026,-0.3793374168884367,16,14,inf
random_addition,42,68,17,0.006469298788457209,0.08043195129087202,-0.2722952549400355,17,14,inf
random_addition,42,68,18,0.007126174835663207,0.08441667391968963,-0.4014808599448809,18,14,inf
random_addition,42,68,19,0.005246970416067721,0.07243597459872905,-0.03190404114349432,19,14,inf
random_addition,42,68,20,0.005227569831313211,0.07230193518373634,-0.02808859332861413,20,14,inf
random_addition,42,68,21,0.005062125385645498,0.07114861478374332,0.004448809883429217,21,14,inf
random_addition,42,68,22,0.004119640185226324,0.06418442322889818,0.18980420736237114,22,14,inf
random_addition,42,68,23,0.0040433954667780875,0.06358769902094341,0.20479899994623074,23,14,inf
random_addition,42,68,24,0.0038981412738396336,0.06243509649099322,0.23336565399619946,24,14,inf
random_addition,42,68,25,0.0038859199906341292,0.062337147758251894,0.23576917269893505,25,14,inf
random_addition,42,68,26,0.0030549687715002377,0.05527177192292859,0.39918955684891677,26,14,inf
random_addition,42,68,27,0.0027941560210980798,0.05285977696791843,0.4504827241016941,27,14,inf
random_addition,42,68,28,0.0016610939852333695,0.04075652076948386,0.673318227441795,28,14,inf
random_addition,42,68,29,0.0017318990631934369,0.041616091397360194,0.6593932306747595,29,14,inf
random_addition,42,68,30,0.001991524670063648,0.04462650188020172,0.608333534951435,30,14,inf
random_addition,42,68,31,0.0019912493427487283,0.04462341697751001,0.6083876826493204,31,14,inf
random_addition,42,68,32,0.0017801065684359715,0.042191309157644914,0.6499124226029467,32,14,inf
random_addition,42,68,33,0.001647911409390372,0.04059447510918662,0.6759108003374631,33,14,inf
random_addition,42,68,34,0.0013782867939563172,0.037125285102694056,0.7289369674769142,34,14,inf
random_addition,42,68,35,0.001266936377194662,0.03559404974422919,0.7508358797878162,35,14,inf
random_addition,42,68,36,0.0013055472595508585,0.03613235751443377,0.7432424072930093,36,14,inf
random_addition,42,68,37,0.0022676764901345997,0.04762012694370522,0.5540236844084034,37,14,inf
random_addition,42,68,38,0.0022229963892558885,0.04714866264546523,0.5628107697165754,38,14,inf
random_addition,42,68,39,0.0022851655487884045,0.047803405200763725,0.550584170008743,39,14,inf
random_addition,42,68,40,0.0022892341320256025,0.04784594164634658,0.5497840154145155,40,14,inf
random_addition,42,68,41,0.0026445905840986866,0.05142558297286173,0.47989725603472,41,14,inf
random_addition,42,68,42,0.00297120278407888,0.05450874043746452,0.4156635321291613,42,14,inf
random_addition,42,68,43,0.0034972653956935377,0.059137681690217936,0.312204565949875,43,14,inf
random_addition,42,68,44,0.003236314656373721,0.05688861622832569,0.36352487101942543,44,14,inf
random_addition,42,68,45,0.0044745324139395404,0.06689194580769452,0.12000874523090277,45,14,inf
random_addition,42,68,46,0.0044824902576112114,0.06695140220795388,0.11844370285550865,46,14,inf
random_addition,42,68,47,0.004364474870368013,0.06606417236572341,0.1416533925157445,47,14,inf
random_addition,42,68,48,0.0028958335560752327,0.05381294970613702,0.4304861449490589,48,14,inf
random_addition,42,68,49,0.002652244630805243,0.05149994787186918,0.47839196038765297,49,14,inf
random_addition,42,68,50,0.002618554048316518,0.05117180911709608,0.4850177740404481,50,14,inf
random_addition,42,68,51,0.0024753458780828277,0.049752847939417776,0.5131820436800052,51,14,inf
random_addition,42,68,52,0.002518861124480122,0.05018825683842906,0.5046240463886129,52,14,inf
random_addition,42,68,53,0.0023341783571479936,0.04831333518965539,0.540944985678835,53,14,inf
random_addition,42,68,54,0.0023065789284112776,0.04802685632446994,0.5463728725903859,54,14,inf
random_addition,42,68,55,0.0027207602646033497,0.05216090743654053,0.46491722091108456,55,14,inf
random_addition,42,68,56,0.002750336042686043,0.05244364635192754,0.4591006520144818,56,14,inf
random_addition,42,68,57,0.002738100178558675,0.0523268590549698,0.4615070382981262,57,14,inf
random_addition,42,68,58,0.0030368415863453197,0.055107545638917,0.4027545694433531,58,14,inf
random_addition,42,68,59,0.0030374550782242445,0.05511311167248901,0.402633916056947,59,14,inf
random_addition,42,68,60,0.00307347033246443,0.05543888826865515,0.3955509170220276,60,14,inf
random_addition,42,68,61,0.003073695912264568,0.05544092272198009,0.39550655300071547,61,14,inf
random_addition,42,68,62,0.0032269059013334475,0.05680586150507223,0.3653752592584092,62,14,inf
random_addition,42,68,63,0.0033300528424359383,0.05770661004110308,0.3450896969405224,63,14,inf
random_addition,42,68,64,0.0032828458262430466,0.057296124007152935,0.35437374219273077,64,14,inf
random_addition,42,68,65,0.003240556257031833,0.0569258838932856,0.3626906896703904,65,14,inf
random_addition,42,68,66,0.0033054192077863246,0.05749277526599603,0.34993431109446294,66,14,inf
random_addition,42,68,67,0.003382497223531334,0.05815924022484591,0.3347756367312472,67,14,inf
random_addition,42,68,68,0.003479572107098882,0.05898789797152364,0.31568424556576025,68,14,inf
random_addition,42,68,69,0.003563886619345353,0.05969829662013275,0.2991023937512839,69,14,inf
random_addition,42,68,70,0.0036814178286031576,0.06067468853321917,0.2759879257485268,70,14,inf
random_addition,42,68,71,0.004094131375214477,0.06398539970348295,0.1948209393140854,71,14,inf
random_addition,42,68,72,0.0043141866678005555,0.06568246849655207,0.15154340433900393,72,14,inf
random_addition,42,68,73,0.004801612840021707,0.06929367099542141,0.05568293687117687,73,14,inf
random_addition,42,68,74,0.004380752496623334,0.06618725327903655,0.1384521264553047,74,14,inf
random_addition,42,68,75,0.004379509322198103,0.06617786126944647,0.1386966173922679,75,14,inf
random_addition,42,68,76,0.004381036210730255,0.06618939651281204,0.1383963293552174,76,14,inf
random_addition,42,68,77,0.00436963976727984,0.0661032508072019,0.14063762959490111,77,14,inf
random_addition,42,68,78,0.004226156100742129,0.06500889247435407,0.16885608016686227,78,14,inf
random_addition,42,68,79,0.004192970124118515,0.06475314760008594,0.17538265467971526,79,14,inf
random_addition,42,68,80,0.004393735964488045,0.06628526204585787,0.1358987114566944,80,14,inf
random_addition,42,68,81,0.004195854958624165,0.06477541940137606,0.17481530397095302,81,14,inf
random_addition,42,68,82,0.004291224996144229,0.06550744229585086,0.15605919914909372,82,14,inf
random_addition,42,68,83,0.0042256714909013225,0.06500516510940745,0.16895138675589416,83,14,inf
random_addition,42,68,84,0.004226994613152758,0.06501534136765535,0.1686911727485877,84,14,inf
random_addition,42,68,85,0.004277097199525506,0.0653995198722858,0.15883766543864442,85,14,inf
random_addition,42,68,86,0.004317533130297597,0.06570793810718456,0.15088526680431213,86,14,inf
random_addition,42,68,87,0.004250990958347194,0.0651996239126208,0.16397189217041164,87,14,inf
random_addition,42,68,88,0.004361919250794453,0.06604482758546995,0.14215599763002285,88,14,inf
random_addition,42,68,89,0.0043952160508657885,0.06629642562661874,0.13560762784208935,89,14,inf
random_addition,42,68,90,0.004266660736187722,0.06531968107842935,0.16089016961525004,90,14,inf
random_addition,42,68,91,0.003321109797719571,0.057629070769183596,0.346848495494958,91,14,inf
random_addition,42,68,92,0.0033134115293974435,0.05756224048278041,0.3483624880585685,92,14,inf
random_addition,42,68,93,0.0032478270740681483,0.05698971024727313,0.36126076251486205,93,14,inf
random_addition,42,68,94,0.003245174216808801,0.056966430613202376,0.36178249103807125,94,14,inf
random_addition,42,68,95,0.003232089810731098,0.05685147149134399,0.36435575721586366,95,14,inf
random_addition,42,68,96,0.0033513589222338913,0.05789092262379216,0.3408995018181893,96,14,inf
random_addition,42,68,97,0.003343950713589704,0.05782690302609767,0.34235644931958187,97,14,inf
random_addition,42,68,98,0.0029743453808792264,0.05453755935939219,0.41504548817601994,98,14,inf
random_addition,42,68,99,0.0025440705134406327,0.05043877985677918,0.4996662005689666,99,14,inf
random_addition,42,68,100,0.002387710574581001,0.04886420545328657,0.5304169843523301,100,14,inf
random_addition,42,68,101,0.0023944513588577193,0.04893313150471487,0.5290912969586445,101,14,inf
random_addition,42,68,102,0.002641576263388962,0.05139626701803315,0.48049007236014507,102,14,inf
random_addition,42,68,103,0.0027141474507696196,0.05209748027275042,0.4662177407877469,103,14,inf
random_addition,42,68,104,0.002695451970515849,0.051917742348024425,0.4698945180697204,104,14,inf
random_addition,42,68,105,0.00267116352529773,0.05168330025547643,0.4746712449780556,105,14,inf
random_addition,42,68,106,0.0026899549051124685,0.051864775186174945,0.4709756074516631,106,14,inf
random_addition,42,68,107,0.002674026168415074,0.05171098692168884,0.4741082585750652,107,14,inf
random_addition,42,68,108,0.0026733416587481395,0.05170436788848829,0.4742428787912091,108,14,inf
random_addition,42,68,109,0.0029036006602599436,0.05388506899188256,0.4289586146676527,109,14,inf
random_addition,42,68,110,0.002801124622808287,0.05292565184112792,0.4491122326188639,110,14,inf
random_addition,42,68,111,0.0027069556886971163,0.052028412321510606,0.46763212046917846,111,14,inf
random_addition,42,68,112,0.002701992622321742,0.05198069470795617,0.4686081900565977,112,14,inf
random_addition,42,68,113,0.0026067067990718637,0.05105591835499449,0.4873477327409118,113,14,inf
random_addition,42,68,114,0.0025894994997131453,0.05088712508791537,0.4907318344867597,114,14,inf
random_addition,42,68,115,0.002556007408285726,0.050556971905818544,0.49731861156948676,115,14,inf
random_addition,42,68,116,0.002600661784005474,0.05099668404911709,0.48853658554188795,116,14,inf
random_addition,42,68,117,0.002598951836778999,0.050979916013848034,0.4888728751172471,117,14,inf
random_addition,42,68,118,0.0026211933869593864,0.05119759161288143,0.48449870417811725,118,14,inf
random_addition,42,68,119,0.002624276201104663,0.05122768978886968,0.48389241747887,119,14,inf
random_addition,42,68,120,0.00260342753187256,0.0510237937816521,0.4879926552021836,120,14,inf
random_addition,42,68,121,0.002180717237017375,0.04669815025263179,0.5711256685232166,121,14,inf
random_addition,42,68,122,0.002230534660477102,0.047228536505772675,0.5613282432451882,122,14,inf
random_addition,42,68,123,0.0022759076062143974,0.04770647342043213,0.5524048984667381,123,14,inf
random_addition,42,68,124,0.0022503791924072727,0.04743816177306276,0.557425485830998,124,14,inf
random_addition,42,68,125,0.002216395342940724,0.047078608124505164,0.564108975314902,125,14,inf
random_addition,42,68,126,0.0024337667012867678,0.049333221071472394,0.5213592806683984,126,14,inf
random_addition,42,68,127,0.002333894180194931,0.04831039412170978,0.5410008738053178,127,14,inf
random_addition,42,68,128,0.002331690978613097,0.048287586175052244,0.5414341700573391,128,14,inf
random_addition,42,68,129,0.0024844797896999885,0.04984455626946626,0.5113857079735311,129,14,inf
random_addition,42,68,130,0.002476813736328198,0.049767597252913444,0.5128933649311056,130,14,inf
random_addition,42,68,131,0.002426551337239804,0.04926003793380395,0.522778302070841,131,14,inf
random_addition,42,68,132,0.002384118825156822,0.048827439264790676,0.5311233616427824,132,14,inf
random_addition,42,68,133,0.002424956007954041,0.049243842335403125,0.5230920501209333,133,14,inf
random_addition,42,68,134,0.0022227883520702903,0.04714645641053302,0.5628516836908317,134,14,inf
random_addition,42,68,135,0.002269689873175373,0.04764126229620047,0.5536277191310348,135,14,inf
random_addition,42,68,136,0.002280694018652189,0.04775661230292816,0.5514635708156403,136,14,inf
random_addition,42,68,137,0.002285268035500522,0.04780447714911776,0.5505640142914413,137,14,inf
random_addition,42,68,138,0.002303570894853048,0.0479955299465799,0.5469644524428523,138,14,inf
random_addition,42,68,139,0.002284040655228639,0.047791637921592925,0.5508053990453361,139,14,inf
random_addition,42,68,140,0.0027178484532196724,0.052132988147809756,0.4654898770718021,140,14,inf
random_addition,42,68,141,0.0027245586060860314,0.05219730458640591,0.46417021385466595,141,14,inf
random_addition,42,68,142,0.0028773956863087915,0.05364136171191771,0.43411225884209803,142,14,inf
random_addition,42,68,143,0.002725156642113571,0.05220303288232946,0.4640526001186178,143,14,inf
random_addition,42,68,144,0.0027088334407198134,0.05204645464121272,0.4672628292883949,144,14,inf
random_addition,42,68,145,0.002737561693162135,0.05232171340048159,0.46161294041167444,145,14,inf
random_addition,42,68,146,0.0027528778933076,0.05246787486936745,0.4586007547937283,146,14,inf
random_addition,42,68,147,0.0025460308374516774,0.05045820882127781,0.4992806702326885,147,14,inf
random_addition,42,68,148,0.0026563150326007995,0.05153945122525849,0.4775914481436635,148,14,inf
random_addition,42,68,149,0.002649085042756202,0.05146926308736314,0.47901334595258194,149,14,inf
random_addition,42,68,150,0.0026800483819562917,0.05176918370958047,0.47292389007342817,150,14,inf
random_addition,42,69,10,0.00962854819961681,0.0981251659851682,-0.8936142210947935,10,10,inf
random_addition,42,69,11,0.010187182579308611,0.10093157374830045,-1.0034789674559281,11,11,inf
random_addition,42,69,12,0.010251964312837286,0.10125198424148184,-1.016219373312956,12,12,inf
random_addition,42,69,13,0.007522743907542784,0.08673375298891882,-0.4794727667816163,13,13,inf
random_addition,42,69,14,0.011993053153695277,0.10951279904054721,-1.3586334653324936,14,14,inf
random_addition,42,69,15,0.010192232816710483,0.10095658877314785,-1.0044721806762213,15,14,inf
random_addition,42,69,16,0.011574237540977412,0.10758363045081445,-1.2762664060607083,16,14,inf
random_addition,42,69,17,0.00710508905569968,0.08429169031227028,-0.3973339904507447,17,14,inf
random_addition,42,69,18,0.007744465527381337,0.08800264500218921,-0.5230780127383396,18,14,inf
random_addition,42,69,19,0.014230874120178396,0.11929322746987105,-1.7987381954064596,19,14,inf
random_addition,42,69,20,0.010438505737484966,0.10216900575754355,-1.0529058484920686,20,14,inf
random_addition,42,69,21,0.0073513469341228545,0.0857399961168815,-0.44576469993790435,21,14,inf
random_addition,42,69,22,0.006589527458146308,0.08117590441840675,-0.29594022342195525,22,14,inf
random_addition,42,69,23,0.0055567178862629225,0.07454339599362858,-0.09282103531018615,23,14,inf
random_addition,42,69,24,0.016093568518214422,0.12686042928436914,-2.1650680437438234,24,14,inf
random_addition,42,69,25,0.01647745839268865,0.12836455271097488,-2.2405663754307983,25,14,inf
random_addition,42,69,26,0.01122362542268501,0.10594161327205193,-1.2073126988639071,26,14,inf
random_addition,42,69,27,0.010911333760066822,0.10445732985323157,-1.1458953469222437,27,14,inf
random_addition,42,69,28,0.008428093282357009,0.09180464738975369,-0.6575247862206137,28,14,inf
random_addition,42,69,29,0.00872001464862978,0.09338101867419192,-0.714935980427186,29,14,inf
random_addition,42,69,30,0.007682313600519884,0.08764880832344434,-0.5108548021220212,30,14,inf
random_addition,42,69,31,0.007686687978132721,0.08767375877725742,-0.5117150962685921,31,14,inf
random_addition,42,69,32,0.007682024822338235,0.08764716094853406,-0.5107980090873729,32,14,inf
random_addition,42,69,33,0.00732146069858626,0.08556553452521792,-0.4398870744170251,33,14,inf
random_addition,42,69,34,0.007291254307225277,0.08538884181920538,-0.4339464849259336,34,14,inf
random_addition,42,69,35,0.007366712273258892,0.08582955361213812,-0.4487865495560124,35,14,inf
random_addition,42,69,36,0.007304746594415257,0.08546781028208958,-0.43659996771153753,36,14,inf
random_addition,42,69,37,0.007380162633629795,0.08590787294322794,-0.4514317867349886,37,14,inf
random_addition,42,69,38,0.007419178339682199,0.08613465237453623,-0.4591048745458619,38,14,inf
random_addition,42,69,39,0.007133278471093509,0.08445873827552428,-0.402877908055709,39,14,inf
random_addition,42,69,40,0.006972184779500333,0.08349960945717251,-0.37119615302833786,40,14,inf
random_addition,42,69,41,0.006972779587029403,0.08350317111960122,-0.37131313182644,41,14,inf
random_addition,42,69,42,0.006354396327421732,0.0797144674913013,-0.24969777401718685,42,14,inf
random_addition,42,69,43,0.0058949103957454,0.07677831982887748,-0.159332219774033,43,14,inf
random_addition,42,69,44,0.005844732957819459,0.07645085321838768,-0.1494639916606355,44,14,inf
random_addition,42,69,45,0.005817151187010932,0.07627025099611862,-0.14403957747448826,45,14,inf
random_addition,42,69,46,0.005635206366189501,0.07506801160407475,-0.10825710092462604,46,14,inf
random_addition,42,69,47,0.005766907981812004,0.07594016053322514,-0.1341584151324997,47,14,inf
random_addition,42,69,48,0.005342555123284298,0.07309278434486059,-0.050702364333245376,48,14,inf
random_addition,42,69,49,0.005426142053304322,0.07366235166830015,-0.06714112499602853,49,14,inf
random_addition,42,69,50,0.005020142544225121,0.0708529642585624,0.01270543423711501,50,14,inf
random_addition,42,69,51,0.006083053060857386,0.07799392964107775,-0.19633360553485946,51,14,inf
random_addition,42,69,52,0.0059833098741545795,0.07735185759989593,-0.17671744815764812,52,14,inf
random_addition,42,69,53,0.0059593281352461405,0.07719668474258555,-0.17200104014866002,53,14,inf
random_addition,42,69,54,0.005659278895839048,0.07522817886828743,-0.11299136444359803,54,14,inf
random_addition,42,69,55,0.0056606534249283805,0.07523731404647817,-0.11326168846097917,55,14,inf
random_addition,42,69,56,0.005713183302928695,0.07558560248439312,-0.1235925630592627,56,14,inf
random_addition,42,69,57,0.00578668893963698,0.07607028946728794,-0.13804866964103946,57,14,inf
random_addition,42,69,58,0.005005765285745246,0.07075143310029307,0.015532961352670238,58,14,inf
random_addition,42,69,59,0.0047566598265821455,0.06896854229706574,0.06452369497566524,59,14,inf
random_addition,42,69,60,0.0038207600441982547,0.06181229686881288,0.24858396041757136,60,14,inf
random_addition,42,69,61,0.0037122167865344968,0.06092796391259515,0.2699307981811533,61,14,inf
random_addition,42,69,62,0.003697320362626394,0.060805594829969334,0.2728604278170067,62,14,inf
random_addition,42,69,63,0.0037920664328207226,0.06157975668042805,0.2542270365524787,63,14,inf
random_addition,42,69,64,0.0037739961491526494,0.061432858871719856,0.2577808585226945,64,14,inf
random_addition,42,69,65,0.003763852486025311,0.061350244384397616,0.2597757786657632,65,14,inf
random_addition,42,69,66,0.0032207949683639553,0.056752048142458746,0.3665770759118947,66,14,inf
random_addition,42,69,67,0.0033025607247632953,0.057467910391481046,0.35049647934568295,67,14,inf
random_addition,42,69,68,0.0030461687919818457,0.05519210805886876,0.4009202192515865,68,14,inf
random_addition,42,69,69,0.003047608828572828,0.055205152192280275,0.4006370120939706,69,14,inf
random_addition,42,69,70,0.002808516931097466,0.05299544255025583,0.4476584121868633,70,14,inf
random_addition,42,69,71,0.0028373485834192725,0.053266768096246205,0.4419881880032832,71,14,inf
random_addition,42,69,72,0.002817343792261335,0.053078656654641655,0.4459224630613038,72,14,inf
random_addition,42,69,73,0.002904237632412291,0.053890979137628324,0.42883334349476976,73,14,inf
random_addition,42,69,74,0.003012818627967235,0.05488914854474639,0.4074790839469331,74,14,inf
random_addition,42,69,75,0.0029467006073573064,0.05428352058735051,0.4204822928941119,75,14,inf
random_addition,42,69,76,0.0030466208619677874,0.05519620332928513,0.4008313121664723,76,14,inf
random_addition,42,69,77,0.003474861686716352,0.05894795744312395,0.3166106281146941,77,14,inf
random_addition,42,69,78,0.003539974092482079,0.05949768140425372,0.30380519005991213,78,14,inf
random_addition,42,69,79,0.0035616641477990707,0.05967967952158482,0.2995394797624632,79,14,inf
random_addition,42,69,80,0.0037893840487799695,0.06155797307238088,0.25475457200857266,80,14,inf
random_addition,42,69,81,0.003577980786129166,0.059816225107650896,0.2963305413283639,81,14,inf
random_addition,42,69,82,0.0035721891635327177,0.059767793698050437,0.2974695602837122,82,14,inf
random_addition,42,69,83,0.0036564334639086807,0.06046845015302344,0.2809015168018866,83,14,inf
random_addition,42,69,84,0.0036824755037304785,0.06068340385748379,0.27577991633517907,84,14,inf
random_addition,42,69,85,0.003946483263203666,0.06282104156414207,0.22385839738409796,85,14,inf
random_addition,42,69,86,0.003923998536583591,0.06264182737263968,0.22828039301651304,86,14,inf
random_addition,42,69,87,0.003770029085461492,0.06140056258261395,0.25856104760892284,87,14,inf
random_addition,42,69,88,0.0038082744822819205,0.06171121844755555,0.25103945392635096,88,14,inf
random_addition,42,69,89,0.003515623832273366,0.0592926962810207,0.30859407391474003,89,14,inf
random_addition,42,69,90,0.0035094101587507275,0.05924027480313311,0.30981609620758965,90,14,inf
random_addition,42,69,91,0.003487389326943502,0.05905412201483908,0.3141468592059157,91,14,inf
random_addition,42,69,92,0.0033542836976083574,0.05791617820271256,0.3403242960729641,92,14,inf
random_addition,42,69,93,0.0030158186497835004,0.05491646974982551,0.4068890797368383,93,14,inf
random_addition,42,69,94,0.00298743869275455,0.05465746694418385,0.41247047052493424,94,14,inf
random_addition,42,69,95,0.0030261130711998954,0.05501011789843661,0.4048645104676307,95,14,inf
random_addition,42,69,96,0.003295499188135022,0.05740643855993003,0.3518852480265743,96,14,inf
random_addition,42,69,97,0.0034044420207630585,0.05834759652944634,0.33045982719739775,97,14,inf
random_addition,42,69,98,0.0034382493624477923,0.05863658723397698,0.3238110509058515,98,14,inf
random_addition,42,69,99,0.003422308504244388,0.05850050003413978,0.32694608592511043,99,14,inf
random_addition,42,69,100,0.0033525554954798573,0.05790125642401776,0.34066417577856545,100,14,inf
random_addition,42,69,101,0.0036396159561460006,0.0603292296995909,0.28420895954429815,101,14,inf
random_addition,42,69,102,0.003802171047994448,0.061661747039752676,0.2522397958392403,102,14,inf
random_addition,42,69,103,0.003686384083808674,0.06071560000369488,0.2750112290245985,103,14,inf
random_addition,42,69,104,0.0036975242209604914,0.060807271119172016,0.27282033568343333,104,14,inf
random_addition,42,69,105,0.00371997534569671,0.06099160061595949,0.26840494842060925,105,14,inf
random_addition,42,69,106,0.004044653547955239,0.06359759074017851,0.2045515773484563,106,14,inf
random_addition,42,69,107,0.004069617373953949,0.06379355276165413,0.1996420255713801,107,14,inf
random_addition,42,69,108,0.004163868769083393,0.06452804637584647,0.18110592038968276,108,14,inf
random_addition,42,69,109,0.003988062932285612,0.06315111188479275,0.21568106357949368,109,14,inf
random_addition,42,69,110,0.0036854153466497016,0.06070762181678427,0.27520174730655567,110,14,inf
random_addition,42,69,111,0.003668104779512296,0.06056488074381304,0.27860615837944325,111,14,inf
random_addition,42,69,112,0.003591090107842001,0.05992570490066847,0.29375237507633023,112,14,inf
random_addition,42,69,113,0.0037145929497076425,0.06094746056816184,0.26946348615414495,113,14,inf
random_addition,42,69,114,0.0033884705144053375,0.058210570469677904,0.33360088968618395,114,14,inf
random_addition,42,69,115,0.0033749029731138308,0.05809391511263319,0.3362691724430704,115,14,inf
random_addition,42,69,116,0.003369325177894495,0.05804588855288973,0.3373661386866532,116,14,inf
random_addition,42,69,117,0.003371284742988462,0.058062765547194375,0.33698075760404667,117,14,inf
random_addition,42,69,118,0.0034024658445265957,0.05833065955847401,0.330848475137583,118,14,inf
random_addition,42,69,119,0.003392129633318882,0.058241992010223016,0.3328812630646295,119,14,inf
random_addition,42,69,120,0.003349161604233353,0.05787194142443601,0.34133164096604673,120,14,inf
random_addition,42,69,121,0.0033477758004784946,0.05785996716624107,0.34160418233401235,121,14,inf
random_addition,42,69,122,0.0034438796260868854,0.0586845774125271,0.3227037658744566,122,14,inf
random_addition,42,69,123,0.0026960927187708655,0.05192391278371523,0.46976850426341366,123,14,inf
random_addition,42,69,124,0.0026628294159703626,0.05160261055383112,0.4763102862556481,124,14,inf
random_addition,42,69,125,0.0026938564318278657,0.051902374048090186,0.4702083073022437,125,14,inf
random_addition,42,69,126,0.0027146776977320704,0.05210256901278545,0.46611345889934874,126,14,inf
random_addition,42,69,127,0.002986456274733267,0.05464847916212552,0.4126636793761125,127,14,inf
random_addition,42,69,128,0.003028228007253996,0.05502933769594175,0.40444857310036386,128,14,inf
random_addition,42,69,129,0.0030410984164000827,0.05514615504638635,0.4019173929800516,129,14,inf
random_addition,42,69,130,0.002706900727158913,0.05202788413109755,0.46764292957021825,130,14,inf
random_addition,42,69,131,0.002711892299884282,0.05207583220539334,0.466661253734731,131,14,inf
random_addition,42,69,132,0.002784305751407908,0.052766521122847465,0.4524199435433198,132,14,inf
random_addition,42,69,133,0.00287345078023531,0.053604577978334185,0.4348880902641108,133,14,inf
random_addition,42,69,134,0.0028920041991816986,0.05377735768129277,0.4312392517021135,134,14,inf
random_addition,42,69,135,0.0028852916654055144,0.05371491101552263,0.4325593831647849,135,14,inf
random_addition,42,69,136,0.0028647290302876937,0.05352316349289991,0.4366033675199589,136,14,inf
random_addition,42,69,137,0.0028633672894714376,0.053510440938861994,0.43687117651064455,137,14,inf
random_addition,42,69,138,0.0027595084379781064,0.05253102357634112,0.45729674785297536,138,14,inf
random_addition,42,69,139,0.002714356511994604,0.05209948667688199,0.46617662541910543,139,14,inf
random_addition,42,69,140,0.0027245568384910426,0.05219728765454238,0.46417056148163305,140,14,inf
random_addition,42,69,141,0.002712964574730561,0.05208612650918247,0.46645037304371295,141,14,inf
random_addition,42,69,142,0.002651665094357824,0.05149432099132704,0.4785059358734399,142,14,inf
random_addition,42,69,143,0.0027070397071517057,0.05202921974382958,0.4676155968420287,143,14,inf
random_addition,42,69,144,0.0026761595692829975,0.0517316109287445,0.4736886897949082,144,14,inf
random_addition,42,69,145,0.002869497907140635,0.05356769462223136,0.43566548853341136,145,14,inf
random_addition,42,69,146,0.002876576857913587,0.05363372873401202,0.43427329507120027,146,14,inf
random_addition,42,69,147,0.002913611802069481,0.05397788252673016,0.42698975704686515,147,14,inf
random_addition,42,69,148,0.0029307972593681656,0.05413683828381711,0.4236099509055715,148,14,inf
random_addition,42,69,149,0.0029499042860636304,0.05431302133064989,0.4198522361677661,149,14,inf
random_addition,42,69,150,0.0026800483819562917,0.05176918370958047,0.47292389007342817,150,14,inf
random_addition,42,70,10,0.00962854819961681,0.0981251659851682,-0.8936142210947935,10,10,inf
random_addition,42,70,11,0.00911088500553071,0.0954509560220887,-0.791807140137583,11,11,inf
random_addition,42,70,12,0.004300834285295203,0.06558074630023056,0.15416937254038232,12,12,inf
random_addition,42,70,13,0.004763509547398781,0.06901818273034128,0.06317658339871679,13,13,inf
random_addition,42,70,14,0.006589682829113194,0.08117686141452621,-0.29597077970794383,14,14,inf
random_addition,42,70,15,0.010147371641086936,0.10073416322721371,-0.9956494840064203,15,14,inf
random_addition,42,70,16,0.011816528371853168,0.10870385628786666,-1.3239169296365745,16,14,inf
random_addition,42,70,17,0.010950459175027745,0.1046444416824312,-1.1535900108155177,17,14,inf
random_addition,42,70,18,0.013162545974907933,0.11472813942057952,-1.588633688814232,18,14,inf
random_addition,42,70,19,0.01091483889425442,0.10447410633383958,-1.1465846898851573,19,14,inf
random_addition,42,70,20,0.01252755579456448,0.11192656429357813,-1.4637523037055438,20,14,inf
random_addition,42,70,21,0.013924555786852994,0.11800235500553789,-1.738495598065552,21,14,inf
random_addition,42,70,22,0.010880557873840806,0.104309912634614,-1.1398427567896317,22,14,inf
random_addition,42,70,23,0.007923441055633106,0.0890137127392915,-0.5582765284957816,23,14,inf
random_addition,42,70,24,0.007842399511457869,0.08855732330788837,-0.5423383603142258,24,14,inf
random_addition,42,70,25,0.006292945324641726,0.07932808660645815,-0.23761241178475956,25,14,inf
random_addition,42,70,26,0.00497159137288558,0.07050951264110099,0.022253829965457772,26,14,inf
random_addition,42,70,27,0.0044667547707683665,0.06683378465094107,0.12153834817936404,27,14,inf
random_addition,42,70,28,0.003660813560672159,0.06050465734695271,0.28004009788917616,28,14,inf
random_addition,42,70,29,0.0032918700172334973,0.05737482041133983,0.3525989848732345,29,14,inf
random_addition,42,70,30,0.0035645465497060195,0.05970382357693701,0.29897260746471377,30,14,inf
random_addition,42,70,31,0.005747130438313277,0.0758098307497997,-0.13026883210803075,31,14,inf
random_addition,42,70,32,0.005302318498109999,0.0728170206621364,-0.04278916246113473,32,14,inf
random_addition,42,70,33,0.0052853109619452245,0.07270014416729326,-0.03944434747140635,33,14,inf
random_addition,42,70,34,0.003158353019987608,0.0561992261511456,0.37885732408503303,34,14,inf
random_addition,42,70,35,0.003174872853729742,0.05634601009592198,0.3756084238920142,35,14,inf
random_addition,42,70,36,0.0030434557317212986,0.05516752424861296,0.4014537876967508,36,14,inf
random_addition,42,70,37,0.003198575121660546,0.05655594682843305,0.3709469785011341,37,14,inf
random_addition,42,70,38,0.002761767685965101,0.05255252311702171,0.45685242914277524,38,14,inf
random_addition,42,70,39,0.0029625278576360286,0.05442910855081157,0.41736960076366103,39,14,inf
random_addition,42,70,40,0.002928167956053141,0.054112548970207834,0.4241270471536954,40,14,inf
random_addition,42,70,41,0.0026857878984005937,0.05182458777839524,0.4717951186599382,41,14,inf
random_addition,42,70,42,0.0027554433953332165,0.05249231748868797,0.4580962061308107,42,14,inf
random_addition,42,70,43,0.0028213093115364756,0.053115998640112905,0.44514257771018406,43,14,inf
random_addition,42,70,44,0.0029099532010733995,0.05394398206541115,0.4277092818113324,44,14,inf
random_addition,42,70,45,0.002834202209484856,0.05323722578689517,0.4426069747926904,45,14,inf
random_addition,42,70,46,0.002818937447642676,0.05309366673759382,0.4456090442123696,46,14,inf
random_addition,42,70,47,0.002893201239764279,0.05378848612634751,0.43100383375296814,47,14,inf
random_addition,42,70,48,0.0033616286110847897,0.05797955338811079,0.3388797966195328,48,14,inf
random_addition,42,70,49,0.0033610810837772,0.05797483146829493,0.33898747697534504,49,14,inf
random_addition,42,70,50,0.0033303859527842746,0.05770949620975975,0.34502418524761436,50,14,inf
random_addition,42,70,51,0.003343034386416549,0.057818979465367154,0.3425366603057336,51,14,inf
random_addition,42,70,52,0.003386169798766673,0.05819080510498779,0.3340533637001005,52,14,inf
random_addition,42,70,53,0.0031005927484948695,0.055682966412493415,0.39021684259658795,53,14,inf
random_addition,42,70,54,0.0030426227730342716,0.05515997437485148,0.40161760288286585,54,14,inf
random_addition,42,70,55,0.0030413865466607675,0.05514876740835435,0.40186072736984235,55,14,inf
random_addition,42,70,56,0.0030411316016494784,0.055146455930091084,0.40191086654856023,56,14,inf
random_addition,42,70,57,0.003360937379017643,0.057973592083099726,0.3390157389075382,57,14,inf
random_addition,42,70,58,0.00329388026031627,0.05739233625072489,0.352203637120855,58,14,inf
random_addition,42,70,59,0.0034897455741381964,0.0590740685422817,0.3136834639874687,59,14,inf
random_addition,42,70,60,0.0035087714041515646,0.05923488333871828,0.3099417179282986,60,14,inf
random_addition,42,70,61,0.0035157571341974505,0.059293820371076195,0.30856785787324426,61,14,inf
random_addition,42,70,62,0.003540150543295066,0.05949916422350037,0.3037704880714224,62,14,inf
random_addition,42,70,63,0.003609196170379119,0.06007658587485743,0.2901915165961616,63,14,inf
random_addition,42,70,64,0.0036003912158128586,0.06000326004320814,0.2919231574247787,64,14,inf
random_addition,42,70,65,0.002778424908510058,0.05271076653312924,0.4535765091555516,65,14,inf
random_addition,42,70,66,0.0027053590240250186,0.05201306589718605,0.4679461311452142,66,14,inf
random_addition,42,70,67,0.0027502650588553472,0.052442969584638774,0.45911461216594873,67,14,inf
random_addition,42,70,68,0.003275766778879767,0.05723431469738907,0.3557659546510372,68,14,inf
random_addition,42,70,69,0.0032061338715218914,0.05662273281573304,0.3694604245644034,69,14,inf
random_addition,42,70,70,0.003220510162563514,0.05674953887533813,0.3666330877116786,70,14,inf
random_addition,42,70,71,0.0032549833983036764,0.05705246180756512,0.35985335227375215,71,14,inf
random_addition,42,70,72,0.0035289470202133784,0.05940494104208318,0.3059738473104291,72,14,inf
random_addition,42,70,73,0.003518531260378215,0.05931720880468176,0.3080222797987411,73,14,inf
random_addition,42,70,74,0.003069122852109098,0.05539966472921202,0.3964059213753438,74,14,inf
random_addition,42,70,75,0.003006524348411223,0.05483178228373781,0.40871695875751823,75,14,inf
random_addition,42,70,76,0.0029385213466796853,0.05420812989469094,0.42209088060807287,76,14,inf
random_addition,42,70,77,0.002985433648909561,0.054639121963201066,0.412864795760689,77,14,inf
random_addition,42,70,78,0.0029827928774205557,0.054614951042920065,0.413384147416055,78,14,inf
random_addition,42,70,79,0.003374577855992736,0.058091116842360124,0.3363331121348353,79,14,inf
random_addition,42,70,80,0.0031939830843680994,0.05651533494873846,0.3718500790455258,80,14,inf
random_addition,42,70,81,0.003168483022094811,0.056289279815030596,0.3768650906088914,81,14,inf
random_addition,42,70,82,0.0030098390787634045,0.05486200031682589,0.4080650618771313,82,14,inf
random_addition,42,70,83,0.002929875567997022,0.054128325006386646,0.4237912168505171,83,14,inf
random_addition,42,70,84,0.0029509700066428475,0.05432283135701643,0.4196426444824277,84,14,inf
random_addition,42,70,85,0.0028545179504947484,0.05342768898702945,0.4386115462721225,85,14,inf
random_addition,42,70,86,0.0028540696891573027,0.05342349379399763,0.43869970432313465,86,14,inf
random_addition,42,70,87,0.002839123298772306,0.05328342424030485,0.44163916069810405,87,14,inf
random_addition,42,70,88,0.0029010094130717257,0.05386101942102215,0.4294682265451918,88,14,inf
random_addition,42,70,89,0.0028926359484637825,0.0537832311084392,0.4311150076935757,89,14,inf
random_addition,42,70,90,0.002925763975489556,0.054090331626729334,0.42459982993341094,90,14,inf
random_addition,42,70,91,0.0029833458127261534,0.05462001293231404,0.4132754034874463,91,14,inf
random_addition,42,70,92,0.002962142854822985,0.054425571699551166,0.4174453179732367,92,14,inf
random_addition,42,70,93,0.0029299721545025326,0.05412921719831659,0.4237722215070231,93,14,inf
random_addition,42,70,94,0.0030823539890072896,0.05551895162021064,0.3938037981401229,94,14,inf
random_addition,42,70,95,0.003128966900271536,0.05593716921932621,0.3846365935079521,95,14,inf
random_addition,42,70,96,0.0030985008742071855,0.05566417945328203,0.39062824448374456,96,14,inf
random_addition,42,70,97,0.002989083037919851,0.05467250714865609,0.4121470826865138,97,14,inf
random_addition,42,70,98,0.0029612958739457145,0.054417790050182255,0.4176118908563905,98,14,inf
random_addition,42,70,99,0.003017479230120983,0.05493158681597486,0.4065624989816573,99,14,inf
random_addition,42,70,100,0.0030537601326247415,0.05526083724143837,0.399427255795358,100,14,inf
random_addition,42,70,101,0.0030173757986510412,0.054930645350760636,0.406582840501306,101,14,inf
random_addition,42,70,102,0.0029910578804574475,0.054690564821159485,0.41175869704040313,102,14,inf
random_addition,42,70,103,0.0029744641284004834,0.05453864802505177,0.41502213450002334,103,14,inf
random_addition,42,70,104,0.002958535654311243,0.054392422765595236,0.4181547339771621,104,14,inf
random_addition,42,70,105,0.002965301450349811,0.054454581536816635,0.41682412760431675,105,14,inf
random_addition,42,70,106,0.0029594445155962257,0.05440077679221342,0.4179759912821508,106,14,inf
random_addition,42,70,107,0.003076158591071204,0.05546312821209424,0.3950222262347738,107,14,inf
random_addition,42,70,108,0.0029624646767459155,0.05442852815156694,0.4173820263370225,108,14,inf
random_addition,42,70,109,0.0029398332479206877,0.05422022913932297,0.4218328733991842,109,14,inf
random_addition,42,70,110,0.002758786270384013,0.05252414940181338,0.4574387741271174,110,14,inf
random_addition,42,70,111,0.002636704932846879,0.05134885522430738,0.48144810056947673,111,14,inf
random_addition,42,70,112,0.0026379615373943646,0.0513610897216401,0.481200968375497,112,14,inf
random_addition,42,70,113,0.002686374328517046,0.051830245306356076,0.47167978741942607,113,14,inf
random_addition,42,70,114,0.0026838305867478494,0.05180570033063784,0.4721800565658313,114,14,inf
random_addition,42,70,115,0.0024841247890670924,0.04984099506497731,0.5114555247551489,115,14,inf
random_addition,42,70,116,0.0024947734644769513,0.04994770729950426,0.5093612855433918,116,14,inf
random_addition,42,70,117,0.002643420089836815,0.051414201246706294,0.4801274532081712,117,14,inf
random_addition,42,70,118,0.002668112713511118,0.05165377734020154,0.4752712378809567,118,14,inf
random_addition,42,70,119,0.002471146847294376,0.049710631129511684,0.5140078529558151,119,14,inf
random_addition,42,70,120,0.0025113319182460277,0.05011319106029896,0.5061047900794431,120,14,inf
random_addition,42,70,121,0.0023673397874857042,0.048655316127692604,0.5344232386015515,121,14,inf
random_addition,42,70,122,0.0025806623601915117,0.05080022008014839,0.492469805022404,122,14,inf
random_addition,42,70,123,0.002616893080694358,0.051155577219833596,0.4853444309616053,123,14,inf
random_addition,42,70,124,0.002640585468275812,0.05138662732925573,0.48068492870583246,124,14,inf
random_addition,42,70,125,0.002568106939570205,0.05067649296833992,0.494939037407955,125,14,inf
random_addition,42,70,126,0.0025990719870011667,0.050981094407644555,0.48884924557677556,126,14,inf
random_addition,42,70,127,0.002559980233212156,0.05059624722459321,0.4965372894404759,127,14,inf
random_addition,42,70,128,0.0025815891160444735,0.05080934083457955,0.4922875430628366,128,14,inf
random_addition,42,70,129,0.0026198443812366656,0.05118441541364584,0.4847640086007491,129,14,inf
random_addition,42,70,130,0.002649022057688404,0.05146865121302873,0.4790257330142268,130,14,inf
random_addition,42,70,131,0.002521219284379313,0.050211744486517426,0.5041602750049996,131,14,inf
random_addition,42,70,132,0.002466165420376695,0.04966050161221386,0.5149875334493957,132,14,inf
random_addition,42,70,133,0.0024841918919965536,0.04984166823047312,0.5114423278474873,133,14,inf
random_addition,42,70,134,0.0026469380840999585,0.05144840215303055,0.4794355810974117,134,14,inf
random_addition,42,70,135,0.002651640485766734,0.05149408204606364,0.4785107755623612,135,14,inf
random_addition,42,70,136,0.0027221642830383063,0.052174364232238674,0.46464109732318803,136,14,inf
random_addition,42,70,137,0.002734310397268966,0.05229063393447211,0.4622523618501564,137,14,inf
random_addition,42,70,138,0.002733433235251572,0.0522822458895137,0.4624248703567252,138,14,inf
random_addition,42,70,139,0.002856826918989629,0.05344929296996948,0.43815744919670474,139,14,inf
random_addition,42,70,140,0.0028144270654322863,0.05305117402501368,0.446496085926146,140,14,inf
random_addition,42,70,141,0.0028293632648386706,0.05319175936964927,0.44355863377669713,141,14,inf
random_addition,42,70,142,0.002794178741401961,0.052859991878565035,0.4504782557758732,142,14,inf
random_addition,42,70,143,0.0025812612478565166,0.05080611427630061,0.4923520237976772,143,14,inf
random_addition,42,70,144,0.002592244183409228,0.05091408629651747,0.49019204676678807,144,14,inf
random_addition,42,70,145,0.0025323984355687394,0.05032294144392535,0.5019617089041508,145,14,inf
random_addition,42,70,146,0.0025492021283273127,0.050489623966982686,0.49865698311217643,146,14,inf
random_addition,42,70,147,0.0026300658535648898,0.05128416766961213,0.48275378598359253,147,14,inf
random_addition,42,70,148,0.0026155586910187193,0.05114253309153467,0.4856068608953694,148,14,inf
random_addition,42,70,149,0.0025671188103198726,0.050666742645643525,0.49513336946735975,149,14,inf
random_addition,42,70,150,0.0026800483819562917,0.05176918370958047,0.47292389007342817,150,14,inf
random_addition,42,71,10,0.00962854819961681,0.0981251659851682,-0.8936142210947935,10,10,inf
random_addition,42,71,11,0.009799344713845342,0.09899163961590565,-0.9272041976469634,11,11,inf
random_addition,42,71,12,0.013530106012844042,0.11631898388846097,-1.660920486419883,12,12,inf
random_addition,42,71,13,0.02155915679880511,0.14683036742719507,-3.239966925715194,13,13,inf
random_addition,42,71,14,0.02495776315180525,0.15798026190573697,-3.9083594173475573,14,14,inf
random_addition,42,71,15,0.018310144763701113,0.13531498351513446,-2.600994645924778,15,14,inf
random_addition,42,71,16,0.02116189913698898,0.14547130004571,-3.1618395962093997,16,14,inf
random_addition,42,71,17,0.007580187853684188,0.08706427426725723,-0.4907700746492234,17,14,inf
random_addition,42,71,18,0.009451656716147432,0.09721963133106108,-0.8588255674220104,18,14,inf
random_addition,42,71,19,0.0052776069348512596,0.07264713989450142,-0.03792922234948892,19,14,inf
random_addition,42,71,20,0.005143632545221143,0.07171912259098784,-0.011580929314389588,20,14,inf
random_addition,42,71,21,0.004444998174727856,0.06667081951444617,0.12581714481732087,21,14,inf
random_addition,42,71,22,0.002568945715812005,0.05068476808482017,0.49477407810289054,22,14,inf
random_addition,42,71,23,0.0024869327403747427,0.04986915620275465,0.5109032944065985,23,14,inf
random_addition,42,71,24,0.0027962959875543203,0.0528800150109124,0.4500618640893441,24,14,inf
random_addition,42,71,25,0.0030248733064737574,0.05499884822861073,0.4051083308305303,25,14,inf
random_addition,42,71,26,0.0018214161709263692,0.04267805256717285,0.6417882018874392,26,14,inf
random_addition,42,71,27,0.001866040267692827,0.04319768822162624,0.6330121307198422,27,14,inf
random_addition,42,71,28,0.001389757638068459,0.037279453296265745,0.7266810351090855,28,14,inf
random_addition,42,71,29,0.002898743793867977,0.05383998322685453,0.4299137982611826,29,14,inf
random_addition,42,71,30,0.003921366022178083,0.06262081141424218,0.22879812077901251,30,14,inf
random_addition,42,71,31,0.0043091509961541395,0.06564412385091402,0.1525337529611147,31,14,inf
random_addition,42,71,32,0.004298545981454949,0.06556329751816141,0.1546194055676109,32,14,inf
random_addition,42,71,33,0.0050836422661825345,0.07129966525996131,0.00021715728806159795,33,14,inf
random_addition,42,71,34,0.005857830060823653,0.07653646229623925,-0.1520397549002972,34,14,inf
random_addition,42,71,35,0.005631311163502804,0.07504206262825405,-0.10749104450068159,35,14,inf
random_addition,42,71,36,0.004889296154605813,0.06992350216204715,0.03843855402062424,36,14,inf
random_addition,42,71,37,0.0054244239682360446,0.07365068885106266,-0.06680323497866625,37,14,inf
random_addition,42,71,38,0.005217221159374478,0.07223033406661275,-0.026053354791468086,38,14,inf
random_addition,42,71,39,0.004863588342027906,0.06973943175871099,0.04349442313832785,39,14,inf
random_addition,42,71,40,0.00486434459858206,0.06974485356341398,0.04334569270295452,40,14,inf
random_addition,42,71,41,0.005628777771339704,0.0750251809150748,-0.106992810776531,41,14,inf
random_addition,42,71,42,0.005981642477110349,0.07734107884630488,-0.17638952678365638,42,14,inf
random_addition,42,71,43,0.005117005867810451,0.07153325008561019,-0.006344350137541532,43,14,inf
random_addition,42,71,44,0.0051366768453832996,0.07167061354127854,-0.010212975199445085,44,14,inf
random_addition,42,71,45,0.0051436733798098004,0.07171940727452926,-0.011588960115730629,45,14,inf
random_addition,42,71,46,0.004273952297627677,0.06537547168187528,0.15945616272756213,46,14,inf
random_addition,42,71,47,0.0047167464374501915,0.06867857335042853,0.07237332710144784,47,14,inf
random_addition,42,71,48,0.004331634884987173,0.06581515695481682,0.14811192209346202,48,14,inf
random_addition,42,71,49,0.004465270847555091,0.06682268213380162,0.12183018637152099,49,14,inf
random_addition,42,71,50,0.004467891167004023,0.0668422857703417,0.12131485695015432,50,14,inf
random_addition,42,71,51,0.004413469558146645,0.06643394883752315,0.1320177718996054,51,14,inf
random_addition,42,71,52,0.004624096806549143,0.06800071180913582,0.09059441869450768,52,14,inf
random_addition,42,71,53,0.00453533562812877,0.06734490053544344,0.1080507814039594,53,14,inf
random_addition,42,71,54,0.0041098974252133675,0.06410848169480671,0.19172028323702706,54,14,inf
random_addition,42,71,55,0.004715830573843138,0.06867190527314018,0.07255344691961196,55,14,inf
random_addition,42,71,56,0.004715972688778504,0.06867294000389458,0.07252549765280036,56,14,inf
random_addition,42,71,57,0.004737866746284304,0.06883216360310275,0.06821966693035575,57,14,inf
random_addition,42,71,58,0.004672203535475999,0.06835351882292527,0.08113342996207618,58,14,inf
random_addition,42,71,59,0.004711936046437328,0.0686435433703515,0.07331937053833348,59,14,inf
random_addition,42,71,60,0.004630950452423564,0.06805108707745648,0.08924653518963332,60,14,inf
random_addition,42,71,61,0.004631889387329606,0.06805798547804369,0.08906187801661991,61,14,inf
random_addition,42,71,62,0.004248645551385675,0.06518163507757131,0.16443315547662474,62,14,inf
random_addition,42,71,63,0.0043198617664951585,0.0657256553143075,0.15042730174789432,63,14,inf
random_addition,42,71,64,0.0043581886861638166,0.06601657887352098,0.14288967524068963,64,14,inf
random_addition,42,71,65,0.0045517243229762335,0.067466468137707,0.10482767185670971,65,14,inf
random_addition,42,71,66,0.004574672527153476,0.0676363255000852,0.1003145256504786,66,14,inf
random_addition,42,71,67,0.004649336405568639,0.06818604260087718,0.08563063156407091,67,14,inf
random_addition,42,71,68,0.00474628296474969,0.06889327227494489,0.06656447752448758,68,14,inf
random_addition,42,71,69,0.004937505377070347,0.0702673848742811,0.02895740822853088,69,14,inf
random_addition,42,71,70,0.005139201009803701,0.07168822085812773,-0.010709394134445382,70,14,inf
random_addition,42,71,71,0.004937284384379776,0.0702658123441249,0.029000870118417788,71,14,inf
random_addition,42,71,72,0.0051460736953283705,0.07173613939520561,-0.012061022103358132,72,14,inf
random_addition,42,71,73,0.005244160792850273,0.07241657816308551,-0.031351481986061636,73,14,inf
random_addition,42,71,74,0.005687462900350406,0.07541526967630896,-0.11853421790848806,74,14,inf
random_addition,42,71,75,0.005951317443153023,0.07714478234561961,-0.17042560425179842,75,14,inf
random_addition,42,71,76,0.006324886958396439,0.07952915791328637,-0.24389426556675886,76,14,inf
random_addition,42,71,77,0.00622105806318511,0.07887368422474704,-0.22347458562575184,77,14,inf
random_addition,42,71,78,0.006142855229822391,0.0783763690778183,-0.20809469716121232,78,14,inf
random_addition,42,71,79,0.006041125339488048,0.07772467651581477,-0.18808782145640013,79,14,inf
random_addition,42,71,80,0.006048585999433222,0.07777265585945502,-0.189555084378914,80,14,inf
random_addition,42,71,81,0.005833419222608343,0.07637682385781921,-0.14723895737246262,81,14,inf
random_addition,42,71,82,0.0058225227368067,0.07630545679574102,-0.1450959821236324,82,14,inf
random_addition,42,71,83,0.005500933204401905,0.07416827626689125,-0.08185004937323281,83,14,inf
random_addition,42,71,84,0.005413546328815601,0.07357680564427624,-0.06466396618429981,84,14,inf
random_addition,42,71,85,0.004693986238280964,0.06851267209999158,0.07684949899447668,85,14,inf
random_addition,42,71,86,0.004655584180363714,0.06823184139654824,0.08440190268855641,86,14,inf
random_addition,42,71,87,0.004587454952369065,0.06773075337222424,0.09780064903413854,87,14,inf
random_addition,42,71,88,0.00458888297427623,0.06774129445379849,0.097519804764018,88,14,inf
random_addition,42,71,89,0.00458559859500111,0.06771704803814996,0.09816573260006323,89,14,inf
random_addition,42,71,90,0.004499224803750151,0.0670762611044336,0.11515257589687489,90,14,inf
random_addition,42,71,91,0.004551419790385527,0.06746421118182237,0.10488756325805004,91,14,inf
random_addition,42,71,92,0.004714611347408708,0.06866302751414846,0.07279322808569288,92,14,inf
random_addition,42,71,93,0.004494183172127649,0.06703866922998732,0.11614409664745617,93,14,inf
random_addition,42,71,94,0.0044816291773297386,0.06694497126244613,0.11861304862111077,94,14,inf
random_addition,42,71,95,0.004399099311776082,0.06632570626669633,0.13484391996718403,95,14,inf
random_addition,42,71,96,0.00444852643601792,0.06669727457713635,0.12512325352487563,96,14,inf
random_addition,42,71,97,0.004669602382171215,0.06833448896546468,0.08164499004227432,97,14,inf
random_addition,42,71,98,0.004608804161752049,0.06788817394621871,0.09360197176123908,98,14,inf
random_addition,42,71,99,0.004601195511156203,0.06783211268386237,0.09509833950775026,99,14,inf
random_addition,42,71,100,0.004364898266384071,0.06606737671789362,0.1415701246439387,100,14,inf
random_addition,42,71,101,0.004439737242507519,0.06663135329938541,0.12685179467959629,101,14,inf
random_addition,42,71,102,0.004261702053370687,0.06528171300885637,0.16186537710298,102,14,inf
random_addition,42,71,103,0.0036249672439050916,0.06020770086878498,0.28708987255891183,103,14,inf
random_addition,42,71,104,0.003577134562667163,0.05980915116156693,0.296496965253202,104,14,inf
random_addition,42,71,105,0.003485411039554003,0.05903736985633763,0.3145359223394747,105,14,inf
random_addition,42,71,106,0.0033854564946003,0.05818467577120543,0.33419364683369523,106,14,inf
random_addition,42,71,107,0.0034076281780870596,0.05837489338822864,0.329833216342439,107,14,inf
random_addition,42,71,108,0.003467978844436212,0.058889547836914254,0.31796425357857705,108,14,inf
random_addition,42,71,109,0.003593541909858544,0.059946158424527454,0.2932701874121485,109,14,inf
random_addition,42,71,110,0.0035088911927924913,0.05923589446266927,0.30991815949879475,110,14,inf
random_addition,42,71,111,0.0036372105868292654,0.06030929104896911,0.28468201544542937,111,14,inf
random_addition,42,71,112,0.0036859316845293416,0.06071187432890984,0.2751002008707374,112,14,inf
random_addition,42,71,113,0.003945023702314423,0.06280942367443298,0.22414544431984829,113,14,inf
random_addition,42,71,114,0.00469775531499647,0.06854017300092312,0.07610824734148458,114,14,inf
random_addition,42,71,115,0.0046255313693405655,0.06801125913656184,0.09031228805065838,115,14,inf
random_addition,42,71,116,0.004313587230782078,0.06567790519483761,0.15166129360323222,116,14,inf
random_addition,42,71,117,0.0035527378355506797,0.05960484741655396,0.3012949875986455,117,14,inf
random_addition,42,71,118,0.003554447281132669,0.059619185512154296,0.3009587966800218,118,14,inf
random_addition,42,71,119,0.003660713964635582,0.060503834296973126,0.2800596851070326,119,14,inf
random_addition,42,71,120,0.0036476370379614604,0.06039567068889508,0.28263148033565444,120,14,inf
random_addition,42,71,121,0.0035149757578321105,0.05928723098469105,0.30872152853747736,121,14,inf
random_addition,42,71,122,0.003486037636601558,0.05904267640107076,0.3144126916035894,122,14,inf
random_addition,42,71,123,0.0035948673967392646,0.059957213050134885,0.29300950836114603,123,14,inf
random_addition,42,71,124,0.0035447758404620706,0.059538020125480075,0.3028608464192595,124,14,inf
random_addition,42,71,125,0.0035451338436863697,0.059541026558889376,0.30279043912807957,125,14,inf
random_addition,42,71,126,0.0035470411403093947,0.059557041064087414,0.3024153375100236,126,14,inf
random_addition,42,71,127,0.003500794958347899,0.059167516073838175,0.3115104187224862,127,14,inf
random_addition,42,71,128,0.0035347191228610837,0.0594535038737086,0.3048386672778103,128,14,inf
random_addition,42,71,129,0.003533905313359862,0.05944665939613312,0.3049987164578971,129,14,inf
random_addition,42,71,130,0.0034536724249669983,0.05876795406483876,0.3207778490239349,130,14,inf
random_addition,42,71,131,0.003429056437718142,0.05855814578449477,0.3256189925228663,131,14,inf
random_addition,42,71,132,0.003431958634694923,0.05858292101538573,0.3250482271952472,132,14,inf
random_addition,42,71,133,0.003352437876263468,0.05790024072716337,0.34068730755463505,133,14,inf
random_addition,42,71,134,0.0033568912457073033,0.05793868522591191,0.3398114783500856,134,14,inf
random_addition,42,71,135,0.003319787300597396,0.057617595407977555,0.3471085865601933,135,14,inf
random_addition,42,71,136,0.0033260416936462577,0.057671844895462274,0.345878556094945,136,14,inf
random_addition,42,71,137,0.0034495084766085816,0.058732516348344734,0.32159675875611193,137,14,inf
random_addition,42,71,138,0.003392524594596018,0.058245382603224594,0.3328035873573826,138,14,inf
random_addition,42,71,139,0.003421299044514358,0.05849187161062944,0.3271446129782839,139,14,inf
random_addition,42,71,140,0.00277984709124856,0.05272425524603036,0.4532968132551114,140,14,inf
random_addition,42,71,141,0.002808693381203802,0.052997107290906,0.44762371033734816,141,14,inf
random_addition,42,71,142,0.0028056962720413607,0.05296882358559005,0.44821314172560245,142,14,inf
random_addition,42,71,143,0.002771477596920222,0.052644824977581814,0.4549428135819462,143,14,inf
random_addition,42,71,144,0.0028608259047324222,0.053486689042531156,0.43737098210784386,144,14,inf
random_addition,42,71,145,0.002817345190045999,0.05307866982174665,0.44592218816369067,145,14,inf
random_addition,42,71,146,0.003024640464296285,0.05499673139647742,0.4051541231191902,146,14,inf
random_addition,42,71,147,0.003014676411944257,0.05490606899008758,0.4071137198145969,147,14,inf
random_addition,42,71,148,0.003014714241399456,0.05490641348148189,0.4071062800227554,148,14,inf
random_addition,42,71,149,0.002958417720803786,0.05439133865611129,0.4181779275637999,149,14,inf
random_addition,42,71,150,0.0026800483819562917,0.05176918370958047,0.47292389007342817,150,14,inf
random_addition,42,72,10,0.00962854819961681,0.0981251659851682,-0.8936142210947935,10,10,inf
random_addition,42,72,11,0.008963591613681626,0.09467624630117961,-0.7628394436898658,11,11,inf
random_addition,42,72,12,0.007184717468522542,0.0847627127251278,-0.41299424283755615,12,12,inf
random_addition,42,72,13,0.007295537994400243,0.08541392154912596,-0.43478894328882145,13,13,inf
random_addition,42,72,14,0.0073981190679062074,0.08601231927989274,-0.4549632183278971,14,14,inf
random_addition,42,72,15,0.005954326739646777,0.07716428409339891,-0.17101743248155055,15,14,inf
random_addition,42,72,16,0.005857806257586239,0.07653630679348357,-0.15203507359757729,16,14,inf
random_addition,42,72,17,0.012012384826902759,0.1096010256653776,-1.3624353605449722,17,14,inf
random_addition,42,72,18,0.012085741381737085,0.10993516899398975,-1.3768621476955345,18,14,inf
random_addition,42,72,19,0.010880401754322522,0.10430916428733633,-1.1398120532885554,19,14,inf
random_addition,42,72,20,0.009736219142781536,0.09867228153225979,-0.9147895036969544,20,14,inf
random_addition,42,72,21,0.008355690554070155,0.09140946643575902,-0.6432855849321468,21,14,inf
random_addition,42,72,22,0.007034369027683741,0.08387114538197116,-0.38342572017044074,22,14,inf
random_addition,42,72,23,0.007473470492572629,0.08644923650659171,-0.4697823298252841,23,14,inf
random_addition,42,72,24,0.005682531755965954,0.0753825693112536,-0.117564426311761,24,14,inf
random_addition,42,72,25,0.004888893783615776,0.06992062488004362,0.03851768697120972,25,14,inf
random_addition,42,72,26,0.005823893236009819,0.07631443661594979,-0.14536551359683303,26,14,inf
random_addition,42,72,27,0.005596260259330858,0.07480815636901406,-0.1005977009533261,27,14,inf
random_addition,42,72,28,0.005900139941254802,0.07681236841326274,-0.1603606969173328,28,14,inf
random_addition,42,72,29,0.006765476987212473,0.08225251964050993,-0.33054362608736243,29,14,inf
random_addition,42,72,30,0.005647182599870062,0.07514773848806139,-0.11061242656069314,30,14,inf
random_addition,42,72,31,0.005654973857031606,0.07519956021833908,-0.11214470692689549,31,14,inf
random_addition,42,72,32,0.0046374752419119855,0.06809901057953768,0.08796332676518803,32,14,inf
random_addition,42,72,33,0.007613935576250832,0.08725786827702607,-0.4974071258491439,33,14,inf
random_addition,42,72,34,0.007045644225305058,0.08393833585022435,-0.38564317540031956,34,14,inf
random_addition,42,72,35,0.005278322292564171,0.07265206323680128,-0.03806990934718124,35,14,inf
random_addition,42,72,36,0.0047888613382396856,0.06920159924625792,0.05819073187974444,36,14,inf
random_addition,42,72,37,0.004659998929402915,0.06826418482193218,0.08353366882921631,37,14,inf
random_addition,42,72,38,0.004353134218306307,0.06597828596065759,0.14388372045047815,38,14,inf
random_addition,42,72,39,0.004508173254795302,0.06714293153262897,0.11339271409792351,39,14,inf
random_addition,42,72,40,0.004579390521481276,0.06767119417803469,0.09938665355917808,40,14,inf
random_addition,42,72,41,0.004674422012620057,0.06836974486291475,0.0806971295165606,41,14,inf
random_addition,42,72,42,0.00459805364718187,0.06780894960978137,0.09571623933846185,42,14,inf
random_addition,42,72,43,0.004554672702890898,0.06748831530636172,0.10424782388587828,43,14,inf
random_addition,42,72,44,0.003810232298936806,0.06172707913822592,0.2506544167033836,44,14,inf
random_addition,42,72,45,0.0046503343066446445,0.06819335969612177,0.0854343777125458,45,14,inf
random_addition,42,72,46,0.0046878473088825525,0.0684678560266243,0.07805682161156569,46,14,inf
random_addition,42,72,47,0.004727116747658956,0.06875403077390413,0.0703338330384422,47,14,inf
random_addition,42,72,48,0.004517845272482872,0.06721491852619381,0.11149055087869675,48,14,inf
random_addition,42,72,49,0.004521392901487263,0.06724130353798373,0.11079285060295307,49,14,inf
random_addition,42,72,50,0.004417532318319405,0.06646451924387481,0.13121876250789444,50,14,inf
random_addition,42,72,51,0.004419445707602531,0.06647891175103976,0.1308424626668485,51,14,inf
random_addition,42,72,52,0.00414275790010926,0.0643642594932099,0.185257724055232,52,14,inf
random_addition,42,72,53,0.0041721932069050454,0.06459251664786754,0.1794687811746214,53,14,inf
random_addition,42,72,54,0.004080033642239024,0.06387514103498343,0.19759349308793228,54,14,inf
random_addition,42,72,55,0.004935342870251943,0.07025199548946594,0.029382701178168658,55,14,inf
random_addition,42,72,56,0.004477053747627,0.06691078947095902,0.11951288300663832,56,14,inf
random_addition,42,72,57,0.0039003727080891533,0.06245296396560497,0.23292680532029042,57,14,inf
random_addition,42,72,58,0.003934161854296812,0.0627228973684795,0.22628160747208104,58,14,inf
random_addition,42,72,59,0.003934083268262244,0.0627222709112341,0.22629706272343908,59,14,inf
random_addition,42,72,60,0.003914516403049894,0.06256609627465896,0.23014521235723595,60,14,inf
random_addition,42,72,61,0.0039937827746221715,0.06319638260709368,0.21455616140666556,61,14,inf
random_addition,42,72,62,0.00390942079730053,0.06252536123286717,0.2311473480179862,62,14,inf
random_addition,42,72,63,0.0038208808001366098,0.061813273656526314,0.24856021175293264,63,14,inf
random_addition,42,72,64,0.0038702236150781727,0.06221112131346109,0.2388561261374178,64,14,inf
random_addition,42,72,65,0.0039150746261203346,0.06257055718243473,0.23003542850168313,65,14,inf
random_addition,42,72,66,0.003936333943631511,0.0627402099425202,0.22585442996116234,66,14,inf
random_addition,42,72,67,0.003932967125602378,0.06271337278126873,0.22651657074995302,67,14,inf
random_addition,42,72,68,0.004931124073448327,0.07022196289942575,0.030212397769764365,68,14,inf
random_addition,42,72,69,0.004799609578041166,0.0692792146176699,0.05607691167363793,69,14,inf
random_addition,42,72,70,0.005119192079372365,0.07154852954025237,-0.0067743050194342125,70,14,inf
random_addition,42,72,71,0.004735658622704668,0.06881612182261267,0.06865393117514607,71,14,inf
random_addition,42,72,72,0.004647772589462957,0.06817457436216934,0.08593818202292547,72,14,inf
random_addition,42,72,73,0.004722555961922699,0.06872085536373,0.07123078744428779,73,14,inf
random_addition,42,72,74,0.004326679923295994,0.06577750317012644,0.14908639775987342,74,14,inf
random_addition,42,72,75,0.004051610561300404,0.06365226281366912,0.20318336491044042,75,14,inf
random_addition,42,72,76,0.0039723429504147445,0.06302652576824098,0.2187726595926094,76,14,inf
random_addition,42,72,77,0.00395390948401704,0.0628801199427692,0.22239790748991484,77,14,inf
random_addition,42,72,78,0.0038896363631072003,0.062366949284915325,0.2350382862122088,78,14,inf
random_addition,42,72,79,0.004057556875080389,0.06369895505485462,0.20201392335981094,79,14,inf
random_addition,42,72,80,0.004062489706445875,0.06373766317057658,0.2010437999901924,80,14,inf
random_addition,42,72,81,0.00433085024355234,0.06580919573701187,0.1482662348879411,81,14,inf
random_addition,42,72,82,0.004328481432597437,0.06579119570730903,0.14873210097889222,82,14,inf
random_addition,42,72,83,0.004142390300473558,0.06436140381061897,0.18533001864039722,83,14,inf
random_addition,42,72,84,0.004237789133956495,0.06509830361811661,0.1665682506132783,84,14,inf
random_addition,42,72,85,0.004247256734246365,0.06517098076787217,0.16470628947678512,85,14,inf
random_addition,42,72,86,0.004188034471401018,0.06471502508228687,0.17635333291515354,86,14,inf
random_addition,42,72,87,0.004665005855712478,0.06830084813318557,0.08254897345591594,87,14,inf
random_addition,42,72,88,0.004472458798913495,0.06687644427534627,0.12041655613042679,88,14,inf
random_addition,42,72,89,0.004862210208277382,0.06972955046662342,0.04376545607231341,89,14,inf
random_addition,42,72,90,0.004916329762806502,0.07011654414477729,0.03312194513265432,90,14,inf
random_addition,42,72,91,0.004855555710701062,0.06968181764779864,0.04507417375056744,91,14,inf
random_addition,42,72,92,0.005089527109269799,0.07134092170185215,-0.0009401950279810389,92,14,inf
random_addition,42,72,93,0.005114393026966687,0.07151498463236,-0.005830491508324043,93,14,inf
random_addition,42,72,94,0.005323223270391983,0.07296042263029993,-0.0469004337827541,94,14,inf
random_addition,42,72,95,0.00525863081865388,0.07251641758011686,-0.03419725333946366,95,14,inf
random_addition,42,72,96,0.005162389338379368,0.07184976922982682,-0.015269764799261676,96,14,inf
random_addition,42,72,97,0.0041740924482189965,0.06460721668837775,0.17909526376713392,97,14,inf
random_addition,42,72,98,0.0038839948535922936,0.062321704514497145,0.23614778293221217,98,14,inf
random_addition,42,72,99,0.0039058544251375817,0.062496835320979105,0.23184873444774345,99,14,inf
random_addition,42,72,100,0.003969226156986951,0.06300179487115388,0.2193856288831737,100,14,inf
random_addition,42,72,101,0.003984670427438723,0.06312424595540705,0.21634825610842112,101,14,inf
random_addition,42,72,102,0.003912532042930504,0.06255023615407462,0.2305354697941775,102,14,inf
random_addition,42,72,103,0.0038893666933295505,0.062364787286813946,0.23509132126124954,103,14,inf
random_addition,42,72,104,0.003869393542386141,0.06220444953848672,0.2390193737445947,104,14,inf
random_addition,42,72,105,0.0038651114391695753,0.06217002042117708,0.2398615205957063,105,14,inf
random_addition,42,72,106,0.003772015051048345,0.06141673266340652,0.25817047443009,106,14,inf
random_addition,42,72,107,0.003978729841346344,0.06307717369497735,0.21751657121397516,107,14,inf
random_addition,42,72,108,0.0039892016588451516,0.06316012712815856,0.21545711405331613,108,14,inf
random_addition,42,72,109,0.004113087946906688,0.0641333606394261,0.19109281405621914,109,14,inf
random_addition,42,72,110,0.004049304479926139,0.06363414555037365,0.20363689418554798,110,14,inf
random_addition,42,72,111,0.003991175315192332,0.06317574942327421,0.21506896169128886,111,14,inf
random_addition,42,72,112,0.003911473237954955,0.06254177194447688,0.23074370141097988,112,14,inf
random_addition,42,72,113,0.003837755844098257,0.06194962343790523,0.24524145355960014,113,14,inf
random_addition,42,72,114,0.00369840132425595,0.06081448284953141,0.27264783872551035,114,14,inf
random_addition,42,72,115,0.003702113159231539,0.06084499288545886,0.27191784461316715,115,14,inf
random_addition,42,72,116,0.003664759125869552,0.06053725403311214,0.2792641368394785,116,14,inf
random_addition,42,72,117,0.0034952663471059754,0.059120777626025654,0.31259771211849663,117,14,inf
random_addition,42,72,118,0.0035438530774874826,0.059530270262174036,0.30304232311285384,118,14,inf
random_addition,42,72,119,0.003512304670150792,0.059264700034259786,0.30924684237651867,119,14,inf
random_addition,42,72,120,0.003849653302619529,0.06204557439994837,0.24290162036941443,120,14,inf
random_addition,42,72,121,0.003851132402326407,0.06205749271704753,0.24261073080005313,121,14,inf
random_addition,42,72,122,0.0038602900222949287,0.06213123226119798,0.2408097324517804,122,14,inf
random_addition,42,72,123,0.003887337262658999,0.06234851451846306,0.23549044257204432,123,14,inf
random_addition,42,72,124,0.004037833688218608,0.06354395083891627,0.20589281624713773,124,14,inf
random_addition,42,72,125,0.004241680115312686,0.06512818218953056,0.16580302438422012,125,14,inf
random_addition,42,72,126,0.004220907724062116,0.0649685133280893,0.16988826077321062,126,14,inf
random_addition,42,72,127,0.004164761824661007,0.0645349659073359,0.18093028615003004,127,14,inf
random_addition,42,72,128,0.004130883071654281,0.06427194622581675,0.18759310666632023,128,14,inf
random_addition,42,72,129,0.004127012560763573,0.06424182874703656,0.1883543070377155,129,14,inf
random_addition,42,72,130,0.004064617131110945,0.06375434989952407,0.20062540652976957,130,14,inf
random_addition,42,72,131,0.004049917200796326,0.06363895977148216,0.20351639243083963,131,14,inf
random_addition,42,72,132,0.004024301297456834,0.06343738091580417,0.20855418606745257,132,14,inf
random_addition,42,72,133,0.00387522722342751,0.06225132306567877,0.23787208329620624,133,14,inf
random_addition,42,72,134,0.0038662931289526305,0.062179523389558324,0.23962912163672256,134,14,inf
random_addition,42,72,135,0.00391655349718632,0.06258237369408674,0.22974458389835806,135,14,inf
random_addition,42,72,136,0.003918852991730543,0.06260074274104535,0.2292923500329821,136,14,inf
random_addition,42,72,137,0.0034281138001564975,0.05855009649997596,0.3258043778847154,137,14,inf
random_addition,42,72,138,0.0034697042105660313,0.058904195186472344,0.3176249316193068,138,14,inf
random_addition,42,72,139,0.0031174788172639743,0.05583438740833443,0.3868959161914177,139,14,inf
random_addition,42,72,140,0.0031551233064865724,0.056170484299911214,0.37949250098697407,140,14,inf
random_addition,42,72,141,0.003180726365759913,0.05639792873643422,0.37445723334969316,141,14,inf
random_addition,42,72,142,0.003151856518462441,0.05614139754639567,0.3801349692107966,142,14,inf
random_addition,42,72,143,0.0030262405933567825,0.055011276965334865,0.4048394311135287,143,14,inf
random_addition,42,72,144,0.0029967736128996914,0.05474279507752314,0.4106346031466802,144,14,inf
random_addition,42,72,145,0.002713380539356205,0.052090119402399195,0.46636856667848914,145,14,inf
random_addition,42,72,146,0.0027768090964839644,0.052695437150515834,0.45389428547735977,146,14,inf
random_addition,42,72,147,0.002677407436161969,0.05174367049371323,0.4734432760088353,147,14,inf
random_addition,42,72,148,0.002698492657564512,0.051947017792790685,0.4692965163650109,148,14,inf
random_addition,42,72,149,0.002682380930388541,0.05179170715846834,0.47246515561096003,149,14,inf
random_addition,42,72,150,0.0026800483819562917,0.05176918370958047,0.47292389007342817,150,14,inf
random_addition,42,73,10,0.00962854819961681,0.0981251659851682,-0.8936142210947935,10,10,inf
random_addition,42,73,11,0.009799344713845342,0.09899163961590565,-0.9272041976469634,11,11,inf
random_addition,42,73,12,0.0188032970546595,0.13712511460217452,-2.6979812499240645,12,12,inf
random_addition,42,73,13,0.01860116983418201,0.1363861057226212,-2.6582295686496464,13,13,inf
random_addition,42,73,14,0.017126618386660318,0.13086870667451528,-2.3682344901731103,14,14,inf
random_addition,42,73,15,0.011770190293987608,0.1084905078520126,-1.3148037755654434,15,14,inf
random_addition,42,73,16,0.010975652362863748,0.10476474771059084,-1.1585446704144453,16,14,inf
random_addition,42,73,17,0.015691294676764903,0.1252648980232088,-2.085954199044624,17,14,inf
random_addition,42,73,18,0.013987380171727922,0.11826825513098568,-1.750851058739824,18,14,inf
random_addition,42,73,19,0.010790994825668879,0.1038797132536901,-1.1222286930505407,19,14,inf
random_addition,42,73,20,0.009987980431401203,0.09993988408739127,-0.9643025503751987,20,14,inf
random_addition,42,73,21,0.00997217708447514,0.09986078852319934,-0.9611945592367963,21,14,inf
random_addition,42,73,22,0.01018417403788573,0.10091666878115692,-1.0028872877234276,22,14,inf
random_addition,42,73,23,0.010581958873142741,0.10286864864059769,-1.0811182946584608,23,14,inf
random_addition,42,73,24,0.00946042239367059,0.09726470271208662,-0.8605494837665371,24,14,inf
random_addition,42,73,25,0.00993294776919837,0.09966417495368318,-0.9534794616175251,25,14,inf
random_addition,42,73,26,0.00957510924110513,0.09785248714828423,-0.8831045606869827,26,14,inf
random_addition,42,73,27,0.010473709931780865,0.10234114486256672,-1.0598293390930245,27,14,inf
random_addition,42,73,28,0.010451547791991648,0.10223281171909362,-1.0554707855286956,28,14,inf
random_addition,42,73,29,0.009736321408118215,0.09867279973791265,-0.9148096158770929,29,14,inf
random_addition,42,73,30,0.00948515358576097,0.09739175317120527,-0.8654132842145459,30,14,inf
random_addition,42,73,31,0.009700920790496875,0.09849325251252938,-0.9078474953607332,31,14,inf
random_addition,42,73,32,0.009685935813595972,0.09841715202949114,-0.9049004503053366,32,14,inf
random_addition,42,73,33,0.006580524657681125,0.08112043304668143,-0.29416967290518814,33,14,inf
random_addition,42,73,34,0.006563402060475067,0.08101482617691078,-0.2908022292470924,34,14,inf
random_addition,42,73,35,0.00670893509037856,0.08190808928536034,-0.3194237212260427,35,14,inf
random_addition,42,73,36,0.005935479139734107,0.07704206084817634,-0.1673107383374055,36,14,inf
random_addition,42,73,37,0.005899769771505645,0.07680995880421786,-0.1602878968765904,37,14,inf
random_addition,42,73,38,0.006100212972250236,0.07810386016228799,-0.19970838764869048,38,14,inf
random_addition,42,73,39,0.004831271613587916,0.06950734934946028,0.04985004553170791,39,14,inf
random_addition,42,73,40,0.0034982164430173504,0.05914572210242555,0.31201752666835825,40,14,inf
random_addition,42,73,41,0.004833648465599932,0.06952444509379369,0.049382598033073544,41,14,inf
random_addition,42,73,42,0.004095862531507259,0.06399892601838923,0.19448047862292117,42,14,inf
random_addition,42,73,43,0.004102411047163583,0.06405006672255371,0.19319260405275795,43,14,inf
random_addition,42,73,44,0.004086861115299792,0.06392856259372481,0.1962507569023746,44,14,inf
random_addition,42,73,45,0.004891599535955436,0.06993997094620097,0.0379855557502905,45,14,inf
random_addition,42,73,46,0.0050353858956699435,0.07096045304019657,0.009707575528342005,46,14,inf
random_addition,42,73,47,0.0043699607248436695,0.0661056784614126,0.14057450794928694,47,14,inf
random_addition,42,73,48,0.004630047044365822,0.06804444903418516,0.08942420541676677,48,14,inf
random_addition,42,73,49,0.004705676198999869,0.06859793144840352,0.07455047369985968,49,14,inf
random_addition,42,73,50,0.004810377146671702,0.06935688247514951,0.05395929013166878,50,14,inf
random_addition,42,73,51,0.0035801639372216717,0.05983447114516574,0.29590118833870627,51,14,inf
random_addition,42,73,52,0.0034452035660812314,0.05869585646433001,0.3224433910443998,52,14,inf
random_addition,42,73,53,0.0039577081343468695,0.06291031818666053,0.22165083969356558,53,14,inf
random_addition,42,73,54,0.0036082425869141247,0.06006864895196266,0.2903790546520427,54,14,inf
random_addition,42,73,55,0.0038010292235582167,0.06165248756991251,0.2524643546144175,55,14,inf
random_addition,42,73,56,0.003621376465261017,0.06017787355217046,0.28779605892930293,56,14,inf
random_addition,42,73,57,0.0036153974995365963,0.060128175587960395,0.2889719220281294,57,14,inf
random_addition,42,73,58,0.003627159509220699,0.06022590397180186,0.2866587271056219,58,14,inf
random_addition,42,73,59,0.0035539849773166847,0.05961530824642849,0.3010497164181032,59,14,inf
random_addition,42,73,60,0.0035443454668796135,0.05953440574054312,0.3029454865456035,60,14,inf
random_addition,42,73,61,0.0035440112559999514,0.05953159880265229,0.3030112146763094,61,14,inf
random_addition,42,73,62,0.0033339587346061053,0.05774044279883992,0.344321538251782,62,14,inf
random_addition,42,73,63,0.0032796403471592175,0.057268144261528306,0.35500415299327104,63,14,inf
random_addition,42,73,64,0.0032760623867878437,0.057236897075119676,0.35570781843704136,64,14,inf
random_addition,42,73,65,0.003187220316313289,0.056455471978483086,0.37318008991498,65,14,inf
random_addition,42,73,66,0.00285364971391838,0.05341956302627699,0.4387822994421956,66,14,inf
random_addition,42,73,67,0.0028809527272296463,0.053674507237883855,0.43341270755636885,67,14,inf
random_addition,42,73,68,0.0027046168285858735,0.052005930705890394,0.46809209622834613,68,14,inf
random_addition,42,73,69,0.0026866998998247484,0.05183338595755393,0.47161575840430725,69,14,inf
random_addition,42,73,70,0.0027271177770248588,0.05222181322996032,0.4636669103053137,70,14,inf
random_addition,42,73,71,0.0027180125571061313,0.05213456202085265,0.46545760331186525,71,14,inf
random_addition,42,73,72,0.0026975896684989513,0.051938325622789876,0.46947410419036006,72,14,inf
random_addition,42,73,73,0.0025310108261897336,0.05030915250915815,0.5022346053781503,73,14,inf
random_addition,42,73,74,0.0022598052197687424,0.047537408635397266,0.5555717007026422,74,14,inf
random_addition,42,73,75,0.002361639364012319,0.04859670116388888,0.5355443217318094,75,14,inf
random_addition,42,73,76,0.002362483857575392,0.048605389182429064,0.5353782380203811,76,14,inf
random_addition,42,73,77,0.0022623471096443588,0.047564136801211465,0.5550717957619248,77,14,inf
random_addition,42,73,78,0.00217930069209445,0.046682980754172605,0.571404255653411,78,14,inf
random_addition,42,73,79,0.0021489587342065856,0.04635686285984617,0.5773715065578211,79,14,inf
random_addition,42,73,80,0.0022042025389799958,0.046948935440327036,0.5665068931002619,80,14,inf
random_addition,42,73,81,0.0022792717063195955,0.04774171871979051,0.551743292202915,81,14,inf
random_addition,42,73,82,0.0021913606384202297,0.04681197110163414,0.5690324665326955,82,14,inf
random_addition,42,73,83,0.002350302508476268,0.048479918610454246,0.5377739030165993,83,14,inf
random_addition,42,73,84,0.002334546753525981,0.04831714761371972,0.5408725344010417,84,14,inf
random_addition,42,73,85,0.002366738819712853,0.04864913996889208,0.5345414289140991,85,14,inf
random_addition,42,73,86,0.0023795492332262867,0.04878062354281961,0.5320220479332666,86,14,inf
random_addition,42,73,87,0.0025565211085566537,0.05056205206038075,0.49721758386331116,87,14,inf
random_addition,42,73,88,0.00245356359054958,0.04953345930327883,0.5174658929775114,88,14,inf
random_addition,42,73,89,0.001941162408621213,0.04405862467918413,0.6182381116847877,89,14,inf
random_addition,42,73,90,0.0019475317105656707,0.04413084760760517,0.6169854824731531,90,14,inf
random_addition,42,73,91,0.0019054006424488738,0.043650895093329686,0.6252712580731604,91,14,inf
random_addition,42,73,92,0.0019027461352041166,0.0436204783926554,0.6257933110934559,92,14,inf
random_addition,42,73,93,0.001923702050538682,0.04386002793590859,0.6216719816395337,93,14,inf
random_addition,42,73,94,0.0019044168458155393,0.043639624721295886,0.6254647380513384,94,14,inf
random_addition,42,73,95,0.0019518365977030162,0.04417959481144,0.6161388547848989,95,14,inf
random_addition,42,73,96,0.002005958274645533,0.04478792554523521,0.6054949264373286,96,14,inf
random_addition,42,73,97,0.002008217472569236,0.04481313950806433,0.6050506175729079,97,14,inf
random_addition,42,73,98,0.0019902035317661488,0.044611697252695384,0.6085933587811871,98,14,inf
random_addition,42,73,99,0.0019757247053402605,0.044449124910849035,0.6114408609234018,99,14,inf
random_addition,42,73,100,0.0018312739612615508,0.0427933868870127,0.6398495033858298,100,14,inf
random_addition,42,73,101,0.0017768664174477107,0.04215289334610035,0.6505496522104289,101,14,inf
random_addition,42,73,102,0.0019261968867117652,0.04388845960741577,0.6211813305923861,102,14,inf
random_addition,42,73,103,0.0017986592397897794,0.04241060291707463,0.6462637310674704,103,14,inf
random_addition,42,73,104,0.0019091088468063619,0.043693350144002024,0.6245419779822798,104,14,inf
random_addition,42,73,105,0.0018582360310034347,0.043107261928861065,0.6345469637261734,105,14,inf
random_addition,42,73,106,0.001867558674605892,0.04321525974243232,0.632713510734318,106,14,inf
random_addition,42,73,107,0.0019577247140160205,0.044246183044597424,0.6149808587345484,107,14,inf
random_addition,42,73,108,0.002085270971012251,0.04566476728301865,0.5898967649450937,108,14,inf
random_addition,42,73,109,0.0020126573384677154,0.04486264970404351,0.6041774440652499,109,14,inf
random_addition,42,73,110,0.002029734300433332,0.04505257262835644,0.6008189753365506,110,14,inf
random_addition,42,73,111,0.0020454967062374313,0.04522716778925507,0.5977190359510368,111,14,inf
random_addition,42,73,112,0.0016439360139771666,0.04054548080831163,0.6766926279954708,112,14,inf
random_addition,42,73,113,0.0016367525474971414,0.040456798532473394,0.6781053762106042,113,14,inf
random_addition,42,73,114,0.0016588233831600842,0.040728655553063424,0.6737647791219945,114,14,inf
random_addition,42,73,115,0.0017322952455340694,0.04162085109093842,0.6593153148250577,115,14,inf
random_addition,42,73,116,0.0017892368990469899,0.0422993723245037,0.648116791160918,116,14,inf
random_addition,42,73,117,0.0017961837583053979,0.042381408168032805,0.6467505756930254,117,14,inf
random_addition,42,73,118,0.001792744156427983,0.04234080958635514,0.6474270306366935,118,14,inf
random_addition,42,73,119,0.0021424109643932354,0.04628618545952167,0.5786592344455528,119,14,inf
random_addition,42,73,120,0.002065285110334209,0.04544540802252972,0.5938273170092425,120,14,inf
random_addition,42,73,121,0.0020848867518092227,0.04566056013464161,0.5899723280447209,121,14,inf
random_addition,42,73,122,0.002367338710914662,0.04865530506444967,0.534423450327161,122,14,inf
random_addition,42,73,123,0.002430767656358771,0.04930281590699228,0.52194909275716,123,14,inf
random_addition,42,73,124,0.0024198634541481648,0.04919210764084179,0.5240935855662128,124,14,inf
random_addition,42,73,125,0.0025604057238166607,0.050600451814353006,0.49645360963299845,125,14,inf
random_addition,42,73,126,0.002546587602543394,0.05046372561101087,0.49917117311291237,126,14,inf
random_addition,42,73,127,0.002536797233767176,0.050366628175481196,0.5010966120430667,127,14,inf
random_addition,42,73,128,0.002505488768174379,0.05005485758819397,0.5072539427701992,128,14,inf
random_addition,42,73,129,0.002383371463348492,0.048819785572537,0.5312703427783823,129,14,inf
random_addition,42,73,130,0.0024096448803470863,0.0490881338038745,0.5261032381397751,130,14,inf
random_addition,42,73,131,0.002558794720427563,0.05058453044585433,0.4967704402563262,131,14,inf
random_addition,42,73,132,0.0025569449543182267,0.05056624322923571,0.497134227541566,132,14,inf
random_addition,42,73,133,0.002634924728288148,0.05133151788412406,0.4817982074182958,133,14,inf
random_addition,42,73,134,0.0025530059342743563,0.050527279110143625,0.4979089013779131,134,14,inf
random_addition,42,73,135,0.002531395546150997,0.050312975922231,0.5021589437960837,135,14,inf
random_addition,42,73,136,0.002532292528133407,0.05032188915505267,0.5019825373635931,136,14,inf
random_addition,42,73,137,0.0027737753332795897,0.052666643459400274,0.45449092549287806,137,14,inf
random_addition,42,73,138,0.0025392562993461175,0.050391033918209274,0.5006129958784746,138,14,inf
random_addition,42,73,139,0.002539765634791406,0.05039608749487807,0.500512826587891,139,14,inf
random_addition,42,73,140,0.0025205316781393167,0.0502048969537765,0.5042955042137626,140,14,inf
random_addition,42,73,141,0.0025310138223099527,0.05030918228623829,0.5022340161412542,141,14,inf
random_addition,42,73,142,0.002461151308639194,0.04960999202417991,0.5159736419566645,142,14,inf
random_addition,42,73,143,0.0024614202217186952,0.0496127022214946,0.5159207557249061,143,14,inf
random_addition,42,73,144,0.0024365169979620274,0.049361087892813175,0.5208183890626723,144,14,inf
random_addition,42,73,145,0.002484821359263788,0.04984798249943309,0.5113185326351422,145,14,inf
random_addition,42,73,146,0.002412862261513598,0.04912089434765615,0.5254704865966264,146,14,inf
random_addition,42,73,147,0.00242467292598346,0.04924096796351043,0.5231477229008908,147,14,inf
random_addition,42,73,148,0.0026506133000840444,0.05148410725732791,0.4787127887190823,148,14,inf
random_addition,42,73,149,0.0026656858687574237,0.05163028054114585,0.47574851728411405,149,14,inf
random_addition,42,73,150,0.0026800483819562917,0.05176918370958047,0.47292389007342817,150,14,inf
random_addition,42,74,10,0.00962854819961681,0.0981251659851682,-0.8936142210947935,10,10,inf
random_addition,42,74,11,0.010999788425535856,0.10487987617048304,-1.163291428759484,11,11,inf
random_addition,42,74,12,0.006693530195834062,0.08181399755441646,-0.3163940923786648,12,12,inf
random_addition,42,74,13,0.007574806620717055,0.08703336498560224,-0.48971176564330365,13,13,inf
random_addition,42,74,14,0.005156964165380725,0.07181200571896544,-0.014202814254989704,14,14,inf
random_addition,42,74,15,0.05048163128252568,0.22468117696532944,-8.928052798703211,15,14,inf
random_addition,42,74,16,0.044282421107852576,0.21043388773639235,-7.708874963899028,16,14,inf
random_addition,42,74,17,0.015236227259061519,0.1234351135579399,-1.9964576190976797,17,14,inf
random_addition,42,74,18,0.010862136990225153,0.10422157641402836,-1.1362199835057925,18,14,inf
random_addition,42,74,19,0.012597505395250503,0.11223860920044627,-1.4775090566316211,19,14,inf
random_addition,42,74,20,0.0125343978456253,0.11195712503286827,-1.4650979068973875,20,14,inf
random_addition,42,74,21,0.012346101947349114,0.11111301430232695,-1.4280663852850437,21,14,inf
random_addition,42,74,22,0.012121306108919244,0.11009680335468075,-1.3838565430877883,22,14,inf
random_addition,42,74,23,0.009812244117962284,0.09905677219636365,-0.9297410801107664,23,14,inf
random_addition,42,74,24,0.00910133138952168,0.09540089826370442,-0.7899282625786275,24,14,inf
random_addition,42,74,25,0.008849431700736241,0.09407141808613412,-0.7403879972048257,25,14,inf
random_addition,42,74,26,0.00661812351721616,0.0813518501155085,-0.3015641142723011,26,14,inf
random_addition,42,74,27,0.005308347953737998,0.0728584103157487,-0.043974955239644675,27,14,inf
random_addition,42,74,28,0.005538047768614661,0.07441806076897368,-0.08914924600661611,28,14,inf
random_addition,42,74,29,0.006213242997136579,0.07882412699888644,-0.22193762284574703,29,14,inf
random_addition,42,74,30,0.005851526996122429,0.07649527433850034,-0.15080015234472266,30,14,inf
random_addition,42,74,31,0.005656494380581808,0.0752096694619901,-0.11244374318433326,31,14,inf
random_addition,42,74,32,0.0055476344852813594,0.0744824441414308,-0.09103463336069195,32,14,inf
random_addition,42,74,33,0.005646450784512534,0.07514286915278477,-0.1104685028933341,33,14,inf
random_addition,42,74,34,0.005591705705389963,0.07477770861286111,-0.09970197213373488,34,14,inf
random_addition,42,74,35,0.005949164403739627,0.07713082654645693,-0.17000217322489153,35,14,inf
random_addition,42,74,36,0.0057542271862252225,0.07585662256009836,-0.13166452567376696,36,14,inf
random_addition,42,74,37,0.005736458694473232,0.07573941308508558,-0.12817005610562227,37,14,inf
random_addition,42,74,38,0.00553713904479799,0.07441195498572786,-0.08897053034703584,38,14,inf
random_addition,42,74,39,0.0055195016886145495,0.07429334888544566,-0.08550185077052341,39,14,inf
random_addition,42,74,40,0.0060607308916427695,0.07785069615387373,-0.19194357952115948,40,14,inf
random_addition,42,74,41,0.005388136848046957,0.07340392937743154,-0.059666768981085694,41,14,inf
random_addition,42,74,42,0.005552212336450826,0.07451316887940565,-0.09193494396794444,42,14,inf
random_addition,42,74,43,0.0046263361223028675,0.06801717520084812,0.09015401998964956,43,14,inf
random_addition,42,74,44,0.004673893279500926,0.0683658780350324,0.08080111368247977,44,14,inf
random_addition,42,74,45,0.004769547720705025,0.06906191222884742,0.06198907614371918,45,14,inf
random_addition,42,74,46,0.004920610514013894,0.0701470634739181,0.03228006417664386,46,14,inf
random_addition,42,74,47,0.005574384018555657,0.07466179758454558,-0.09629537418742151,47,14,inf
random_addition,42,74,48,0.005577178227071428,0.07468050767818486,-0.09684490178727079,48,14,inf
random_addition,42,74,49,0.005502452351917231,0.07417851678159405,-0.08214881501051541,49,14,inf
random_addition,42,74,50,0.0055070441212685655,0.07420946113042841,-0.08305186285982868,50,14,inf
random_addition,42,74,51,0.005789004557869369,0.07608550819879807,-0.13850407449798907,51,14,inf
random_addition,42,74,52,0.005749071116015005,0.07582262931351698,-0.13065049867067002,52,14,inf
random_addition,42,74,53,0.0058096636411462945,0.07622114956589342,-0.14256702698853418,53,14,inf
random_addition,42,74,54,0.005569896787794124,0.07463174115478027,-0.09541288559129946,54,14,inf
random_addition,42,74,55,0.005502181858023949,0.07417669349616461,-0.08209561788542241,55,14,inf
random_addition,42,74,56,0.005183535376886622,0.07199677337830232,-0.0194284851387152,56,14,inf
random_addition,42,74,57,0.004677990940060619,0.06839584007862334,0.07999524054894114,57,14,inf
random_addition,42,74,58,0.004661686098698195,0.06827654134985306,0.08320185891304799,58,14,inf
random_addition,42,74,59,0.004503589111413602,0.06710878564996987,0.11429426217341321,59,14,inf
random_addition,42,74,60,0.0046420058420720035,0.06813226726061597,0.08707230885519346,60,14,inf
random_addition,42,74,61,0.005099844990092698,0.07141319899075169,-0.002969377979838761,61,14,inf
random_addition,42,74,62,0.005260048870833862,0.07252619437716185,-0.03447613689683893,62,14,inf
random_addition,42,74,63,0.005203300078313398,0.07213390380613958,-0.023315542556044733,63,14,inf
random_addition,42,74,64,0.005433408064503618,0.07371165487562749,-0.06857010700373856,64,14,inf
random_addition,42,74,65,0.0053012646529829064,0.0728097840470833,-0.04258190628106262,65,14,inf
random_addition,42,74,66,0.00550901240701859,0.07422272163575376,-0.08343895900455922,66,14,inf
random_addition,42,74,67,0.005674668050908512,0.07533039261087461,-0.11601789786130778,67,14,inf
random_addition,42,74,68,0.00569808474879289,0.07548565922606021,-0.12062318115071391,68,14,inf
random_addition,42,74,69,0.006595933662662465,0.08121535361409482,-0.2972001101383681,69,14,inf
random_addition,42,74,70,0.007234901176753061,0.08505822227599788,-0.4228637041106862,70,14,inf
random_addition,42,74,71,0.007175166481270029,0.0847063544326518,-0.4111158822673122,71,14,inf
random_addition,42,74,72,0.007259740822076909,0.08520411270635303,-0.42774883369170236,72,14,inf
random_addition,42,74,73,0.006798716396881575,0.08245432915791369,-0.3370807090977288,73,14,inf
random_addition,42,74,74,0.0067281669797784275,0.08202540447799345,-0.323205992292366,74,14,inf
random_addition,42,74,75,0.0067390374834437,0.08209164076471916,-0.32534385772174024,75,14,inf
random_addition,42,74,76,0.006705943513806762,0.08188982545961837,-0.3188353779138,76,14,inf
random_addition,42,74,77,0.006901285404096155,0.08307397549230539,-0.3572526110998222,77,14,inf
random_addition,42,74,78,0.006914667229652607,0.08315447810943562,-0.35988436976712745,78,14,inf
random_addition,42,74,79,0.005454685910099436,0.0738558454700739,-0.07275474940040882,79,14,inf
random_addition,42,74,80,0.00545713408200427,0.07387241759956331,-0.07323622314271838,80,14,inf
random_addition,42,74,81,0.005118434669724294,0.07154323636602061,-0.006625347808954629,81,14,inf
random_addition,42,74,82,0.005215919076108946,0.07222132009392342,-0.025797278450825134,82,14,inf
random_addition,42,74,83,0.004981449507420849,0.07057938443639793,0.02031506377117387,83,14,inf
random_addition,42,74,84,0.004845513602636251,0.06960972347765972,0.0470491214007287,84,14,inf
random_addition,42,74,85,0.004807144315472632,0.06933357278745003,0.05459508018080639,85,14,inf
random_addition,42,74,86,0.004750320035687427,0.06892256550424851,0.0657705203483091,86,14,inf
random_addition,42,74,87,0.004747311493159637,0.06890073652116963,0.06636220029810858,87,14,inf
random_addition,42,74,88,0.0048237938370255095,0.06945353725351582,0.05132067472181845,88,14,inf
random_addition,42,74,89,0.0050118188446894064,0.07079420064305696,0.014342428255961548,89,14,inf
random_addition,42,74,90,0.00497944465460647,0.07056518018546024,0.020709351437580348,90,14,inf
random_addition,42,74,91,0.005050030655990754,0.0710635677122304,0.006827439724575002,91,14,inf
random_addition,42,74,92,0.004516034234385732,0.06720144518078262,0.11184672165590959,92,14,inf
random_addition,42,74,93,0.0045156347427476855,0.06719847277094686,0.11192528833401405,93,14,inf
random_addition,42,74,94,0.004078025963125502,0.06385942344811377,0.19798833659309456,94,14,inf
random_addition,42,74,95,0.004101086971457007,0.06403972963291621,0.19345300557288303,95,14,inf
random_addition,42,74,96,0.004127835445308913,0.06424823301312584,0.1881924730991954,96,14,inf
random_addition,42,74,97,0.004114472489831535,0.06414415398016825,0.19082052065145538,97,14,inf
random_addition,42,74,98,0.004089578173832941,0.06394980980294579,0.19571640213037245,98,14,inf
random_addition,42,74,99,0.004121222472623558,0.06419674814679914,0.18949302421667302,99,14,inf
random_addition,42,74,100,0.00400528931611517,0.06328735510443749,0.2122932085548923,100,14,inf
random_addition,42,74,101,0.004290600777984159,0.06550267763980461,0.15618196203717083,101,14,inf
random_addition,42,74,102,0.004282202599209613,0.06543854062561003,0.1578336036376573,102,14,inf
random_addition,42,74,103,0.004368328852620092,0.06609333440385719,0.1408954427761696,103,14,inf
random_addition,42,74,104,0.0043736306756920005,0.06613343084773389,0.13985275104751493,104,14,inf
random_addition,42,74,105,0.004543619356110105,0.0674063747438631,0.10642164845640234,105,14,inf
random_addition,42,74,106,0.004462273553007595,0.06680025114479432,0.12241965421883094,106,14,inf
random_addition,42,74,107,0.004639457179098034,0.06811356090455141,0.08757354583840549,107,14,inf
random_addition,42,74,108,0.004657299202226786,0.06824440784582123,0.08406461510146923,108,14,inf
random_addition,42,74,109,0.004645411032668542,0.06815725223825078,0.08640262146250854,109,14,inf
random_addition,42,74,110,0.004565744429810685,0.06757029250943558,0.10207038455517825,110,14,inf
random_addition,42,74,111,0.0045635258873840704,0.0675538739628163,0.1025066978395951,111,14,inf
random_addition,42,74,112,0.004383188007050038,0.06620564935902402,0.1379731428033545,112,14,inf
random_addition,42,74,113,0.004277717714822752,0.06540426373580512,0.15871563078015682,113,14,inf
random_addition,42,74,114,0.004389526642593742,0.0662535028703671,0.13672654464971268,114,14,inf
random_addition,42,74,115,0.004467939209652037,0.06684264514254382,0.12130540856399974,115,14,inf
random_addition,42,74,116,0.004571327707983041,0.06761159447892826,0.10097233999764865,116,14,inf
random_addition,42,74,117,0.00455730226150134,0.06750779407965675,0.10373067742966258,117,14,inf
random_addition,42,74,118,0.004420698698763964,0.06648833505784277,0.13059604110536227,118,14,inf
random_addition,42,74,119,0.004345741553772244,0.0659222386890209,0.14533761094396302,119,14,inf
random_addition,42,74,120,0.0038863692008618026,0.06234075072423978,0.23568082803287038,120,14,inf
random_addition,42,74,121,0.0037783940008324136,0.06146864241897989,0.2569159478102573,121,14,inf
random_addition,42,74,122,0.0037289833359572372,0.061065402119016926,0.2666333772442301,122,14,inf
random_addition,42,74,123,0.0036939926271875477,0.060778224942717334,0.27351488236408894,123,14,inf
random_addition,42,74,124,0.0036027035076817426,0.06002252500255002,0.2914684067525626,124,14,inf
random_addition,42,74,125,0.0036072771749342874,0.06006061250881719,0.2905689189821925,125,14,inf
random_addition,42,74,126,0.0035202783729414385,0.059331933837870464,0.30767868104148455,126,14,inf
random_addition,42,74,127,0.003491134202821594,0.059085820657934454,0.31341036705029945,127,14,inf
random_addition,42,74,128,0.003424681057089007,0.058520774576974,0.3264794839292823,128,14,inf
random_addition,42,74,129,0.002995015356312066,0.05472673347014296,0.4109803935617704,129,14,inf
random_addition,42,74,130,0.002981649936112819,0.05460448641011853,0.41360892584259845,130,14,inf
random_addition,42,74,131,0.0030129244076788205,0.05489011211209921,0.4074582806064908,131,14,inf
random_addition,42,74,132,0.0030154978423961227,0.05491354880533694,0.40695217184775434,132,14,inf
random_addition,42,74,133,0.002994955719708598,0.05472618860937237,0.4109921220921867,133,14,inf
random_addition,42,74,134,0.0029882440928336498,0.05466483415170716,0.41231207519763935,134,14,inf
random_addition,42,74,135,0.0029708202682961517,0.054505231568136206,0.41573876022284173,135,14,inf
random_addition,42,74,136,0.0028936667654983835,0.05379281332574439,0.4309122803710761,136,14,inf
random_addition,42,74,137,0.002833922284647182,0.05323459668906286,0.4426620266699275,137,14,inf
random_addition,42,74,138,0.002521895392105296,0.050218476600801976,0.5040273071703509,138,14,inf
random_addition,42,74,139,0.0024713367287133785,0.0497125409601378,0.5139705096151691,139,14,inf
random_addition,42,74,140,0.002439389762889251,0.04939017881005546,0.5202534120373437,140,14,inf
random_addition,42,74,141,0.002649293194286908,0.051471285143144696,0.4789724094904575,141,14,inf
random_addition,42,74,142,0.0026162787754081198,0.05114957258284882,0.48546524431809446,142,14,inf
random_addition,42,74,143,0.0026356255369199048,0.05133834372980789,0.4816603817395072,143,14,inf
random_addition,42,74,144,0.0026703181314752297,0.051675121010745874,0.47483750574048034,144,14,inf
random_addition,42,74,145,0.002752553324637106,0.05246478175535572,0.45866458662355647,145,14,inf
random_addition,42,74,146,0.002795606627584252,0.05287349645696085,0.4501974381983076,146,14,inf
random_addition,42,74,147,0.0029191453996924633,0.054029116221649076,0.4259014829960469,147,14,inf
random_addition,42,74,148,0.0028336314919541927,0.053231865381124795,0.4427192158917519,148,14,inf
random_addition,42,74,149,0.002757238842160517,0.05250941669986934,0.4577431016362482,149,14,inf
random_addition,42,74,150,0.0026800483819562917,0.05176918370958047,0.47292389007342817,150,14,inf
random_addition,42,75,10,0.00962854819961681,0.0981251659851682,-0.8936142210947935,10,10,inf
random_addition,42,75,11,0.011448873722178019,0.10699940991509262,-1.2516115250581157,11,11,inf
random_addition,42,75,12,0.009863720615589865,0.09931626561439906,-0.939864789930656,12,12,inf
random_addition,42,75,13,0.01318017428885269,0.11480494017616441,-1.5921005900840455,13,13,inf
random_addition,42,75,14,0.010819305525960898,0.10401589073771804,-1.127796463348897,14,14,inf
random_addition,42,75,15,0.009323643382103909,0.0965590150224406,-0.8336496151591115,15,14,inf
random_addition,42,75,16,0.017277597983045335,0.131444277102677,-2.3979271400807254,16,14,inf
random_addition,42,75,17,0.016579656398460603,0.12876201457906988,-2.2606653138257893,17,14,inf
random_addition,42,75,18,0.016073825360997412,0.12678259092240313,-2.1611852233538373,18,14,inf
random_addition,42,75,19,0.008040572802049964,0.08966924111449792,-0.581312435483863,19,14,inf
random_addition,42,75,20,0.007431493091689616,0.08620610820405719,-0.46152677544380083,20,14,inf
random_addition,42,75,21,0.006840293371766305,0.08270606611226473,-0.3452575130436195,21,14,inf
random_addition,42,75,22,0.0059144800787834855,0.07690565700118221,-0.16318092358014913,22,14,inf
random_addition,42,75,23,0.005916848566387911,0.07692105411646354,-0.16364672607884834,23,14,inf
random_addition,42,75,24,0.0058723649299835465,0.07663135735443778,-0.15489827877869677,24,14,inf
random_addition,42,75,25,0.005274288602677596,0.07262429760539922,-0.03727661711097374,25,14,inf
random_addition,42,75,26,0.004942492561590948,0.07030286311090714,0.027976595406530413,26,14,inf
random_addition,42,75,27,0.004653734913678589,0.06821828870382626,0.08476559175371468,27,14,inf
random_addition,42,75,28,0.010022945826300582,0.1001146633930344,-0.9711790771012418,28,14,inf
random_addition,42,75,29,0.008591774754613521,0.0926918267951038,-0.6897154713757236,29,14,inf
random_addition,42,75,30,0.009072948408562861,0.09525202574519274,-0.7843462770844054,30,14,inf
random_addition,42,75,31,0.008767090184952224,0.09363274098814059,-0.7241941679750648,31,14,inf
random_addition,42,75,32,0.008217507025614685,0.09065046621840775,-0.6161094947075842,32,14,inf
random_addition,42,75,33,0.010444418310510618,0.10219793691905242,-1.054068654361917,33,14,inf
random_addition,42,75,34,0.011886079445348429,0.10902329771818696,-1.3375953055591543,34,14,inf
random_addition,42,75,35,0.0117007090000252,0.10816981556804653,-1.3011391229491207,35,14,inf
random_addition,42,75,36,0.01145567286701582,0.10703117707946512,-1.2529486900272495,36,14,inf
random_addition,42,75,37,0.0109878201549076,0.10482280360163813,-1.1609376691901563,37,14,inf
random_addition,42,75,38,0.0108838031016469,0.10432546717674884,-1.1404809848378181,38,14,inf
random_addition,42,75,39,0.00982449584287227,0.0991185948390728,-0.9321505856812338,39,14,inf
random_addition,42,75,40,0.008732300332994904,0.09344677807712208,-0.7173521646895866,40,14,inf
random_addition,42,75,41,0.008063346468190812,0.08979613838128458,-0.5857912558809495,41,14,inf
random_addition,42,75,42,0.007965316484583937,0.08924862175173316,-0.5665120284000036,42,14,inf
random_addition,42,75,43,0.0066209358414307026,0.0813691332228057,-0.30211720462575653,43,14,inf
random_addition,42,75,44,0.006798878907126794,0.08245531460813665,-0.337112669441598,44,14,inf
random_addition,42,75,45,0.0052030243627614724,0.07213199264377404,-0.02326131850489177,45,14,inf
random_addition,42,75,46,0.004234382473538515,0.06507213284915836,0.1672382270708075,46,14,inf
random_addition,42,75,47,0.004388553154195355,0.06624615576918676,0.13691799734196053,47,14,inf
random_addition,42,75,48,0.0025472110758795502,0.050469902673569225,0.4990485567068518,48,14,inf
random_addition,42,75,49,0.0025699961585461594,0.05069512953476063,0.49456749106000486,49,14,inf
random_addition,42,75,50,0.002631044609155073,0.05129370925518131,0.4825612974104324,50,14,inf
random_addition,42,75,51,0.0025895137253317156,0.05088726486392952,0.49072903678215574,51,14,inf
random_addition,42,75,52,0.0024862084719327747,0.04986189398661842,0.511045733847433,52,14,inf
random_addition,42,75,53,0.002669366416181853,0.05166591154892995,0.47502467638932677,53,14,inf
random_addition,42,75,54,0.0026330175720594316,0.0513129376674093,0.4821732814254749,54,14,inf
random_addition,42,75,55,0.002810412895521373,0.053013327527343286,0.44728553923433,55,14,inf
random_addition,42,75,56,0.0027674480070045875,0.052606539584015476,0.4557352994906452,56,14,inf
random_addition,42,75,57,0.0029947437797280003,0.0547242522080293,0.4110338036160217,57,14,inf
random_addition,42,75,58,0.0031290254227202786,0.05593769232566069,0.38462508409460183,58,14,inf
random_addition,42,75,59,0.0031368258640415763,0.05600737330067869,0.38309099751056075,59,14,inf
random_addition,42,75,60,0.0031477735121077195,0.05610502216475562,0.38093796035108385,60,14,inf
random_addition,42,75,61,0.0031861173377560085,0.05644570256233869,0.37339700900167183,61,14,inf
random_addition,42,75,62,0.0030183458455439382,0.054939474383579046,0.40639206463837874,62,14,inf
random_addition,42,75,63,0.003071431128570471,0.05542049375971375,0.3959519603998306,63,14,inf
random_addition,42,75,64,0.0027948288081502543,0.052866140469588416,0.45035040933280535,64,14,inf
random_addition,42,75,65,0.0033868805223467927,0.05819691162206799,0.3339135880817332,65,14,inf
random_addition,42,75,66,0.0033923532245907057,0.058243911480863865,0.3328372901204991,66,14,inf
random_addition,42,75,67,0.003408597715177966,0.05838319719900552,0.3296425407405562,67,14,inf
random_addition,42,75,68,0.003412233354322257,0.05841432490684333,0.3289275318063254,68,14,inf
random_addition,42,75,69,0.003426652926917894,0.05853761975787788,0.3260916829158048,69,14,inf
random_addition,42,75,70,0.003560850851336031,0.05967286528511959,0.29969942804505467,70,14,inf
random_addition,42,75,71,0.0035657698110699377,0.059714067112113016,0.2987320327626082,71,14,inf
random_addition,42,75,72,0.00373248094957056,0.06109403366590358,0.2659455133273889,72,14,inf
random_addition,42,75,73,0.003579534469586862,0.05982921083874383,0.2960249836233414,73,14,inf
random_addition,42,75,74,0.0030856562215960666,0.05554868334709714,0.39315435915287045,74,14,inf
random_addition,42,75,75,0.0030556363802655595,0.055277810921431754,0.39905826047630355,75,14,inf
random_addition,42,75,76,0.0030353820157479456,0.055094301118608864,0.40304161828836893,76,14,inf
random_addition,42,75,77,0.0030670318948586668,0.05538078994433599,0.3968171429118653,77,14,inf
random_addition,42,75,78,0.0034938518159843583,0.05910881335286945,0.31287590320115455,78,14,inf
random_addition,42,75,79,0.0037154716794639228,0.06095466905384626,0.26929066932563717,79,14,inf
random_addition,42,75,80,0.003481856330132901,0.059007256588769666,0.3152350150969817,80,14,inf
random_addition,42,75,81,0.003444091296915705,0.05868638084697083,0.32266213728379745,81,14,inf
random_addition,42,75,82,0.0035319540136428485,0.0594302449401216,0.30538247201659097,82,14,inf
random_addition,42,75,83,0.0034999275942554364,0.05916018588760043,0.3116810003040812,83,14,inf
random_addition,42,75,84,0.0028310954746104612,0.053208039567441884,0.4432179659013561,84,14,inf
random_addition,42,75,85,0.002790610524875681,0.05282622951598648,0.4511800049303697,85,14,inf
random_addition,42,75,86,0.0028046531656399916,0.05295897625181204,0.4484182859565703,86,14,inf
random_addition,42,75,87,0.002716727869979616,0.05212223968690923,0.4657102584123012,87,14,inf
random_addition,42,75,88,0.002989113454596795,0.054672785319542616,0.41214110074086363,88,14,inf
random_addition,42,75,89,0.002982069035763734,0.05460832386883646,0.4135265029224888,89,14,inf
random_addition,42,75,90,0.0030056877274832,0.054824152774878336,0.40888149418426445,90,14,inf
random_addition,42,75,91,0.0029333896671954827,0.05416077609484084,0.42310011076904075,91,14,inf
random_addition,42,75,92,0.003005331620265754,0.05482090495664728,0.4089515285941474,92,14,inf
random_addition,42,75,93,0.0030033741463964493,0.05480304869618523,0.4093364984026264,93,14,inf
random_addition,42,75,94,0.002984387897780786,0.054629551506311914,0.4130704601213091,94,14,inf
random_addition,42,75,95,0.003035374818166263,0.05509423579800579,0.40304303381257345,95,14,inf
random_addition,42,75,96,0.0030456979856561864,0.055187842734212636,0.401012811149676,96,14,inf
random_addition,42,75,97,0.0030433353829334136,0.05516643348027325,0.40147745628847464,97,14,inf
random_addition,42,75,98,0.002982978003707748,0.05461664584820042,0.41334773925120427,98,14,inf
random_addition,42,75,99,0.0029916429349642216,0.054695913329646684,0.4116436363364242,99,14,inf
random_addition,42,75,100,0.0029510471905077468,0.05432354177065176,0.41962746499106707,100,14,inf
random_addition,42,75,101,0.0027375929635426502,0.05232201222757636,0.4616067905710115,101,14,inf
random_addition,42,75,102,0.002732311390706363,0.05227151605517447,0.4626454997538705,102,14,inf
random_addition,42,75,103,0.0026768991514658077,0.05173875869660779,0.47354323865211867,103,14,inf
random_addition,42,75,104,0.0025728217651396937,0.05072299049878362,0.49401178850570404,104,14,inf
random_addition,42,75,105,0.0025580659086247588,0.05057732603276649,0.49691377322467,105,14,inf
random_addition,42,75,106,0.0026384378466599,0.05136572638111818,0.4811072942327125,106,14,inf
random_addition,42,75,107,0.0026714836356247773,0.05168639700757616,0.4746082899556524,107,14,inf
random_addition,42,75,108,0.002778005887920323,0.052706791667870685,0.45365891652696466,108,14,inf
random_addition,42,75,109,0.0023894239722740667,0.04888173454649566,0.5300800161853007,109,14,inf
random_addition,42,75,110,0.002459010758500968,0.04958841355095934,0.5163946167597894,110,14,inf
random_addition,42,75,111,0.002459674908244446,0.0495951097210647,0.5162640006613793,111,14,inf
random_addition,42,75,112,0.0024158711217331487,0.04915151189671737,0.5248787441674558,112,14,inf
random_addition,42,75,113,0.0024768141219154824,0.04976760112679214,0.5128932890989499,113,14,inf
random_addition,42,75,114,0.002500469618770709,0.050004695967186014,0.5082410420183462,114,14,inf
random_addition,42,75,115,0.002464108445655904,0.049639786921943006,0.5153920717559991,115,14,inf
random_addition,42,75,116,0.0024894011732341194,0.04989389915845543,0.5104178360104388,116,14,inf
random_addition,42,75,117,0.0024630696589747814,0.049629322572192956,0.515596366442101,117,14,inf
random_addition,42,75,118,0.0023810591194382297,0.04879609737917808,0.5317251036854013,118,14,inf
random_addition,42,75,119,0.0023625909788876406,0.048606491118858196,0.5353571708318445,119,14,inf
random_addition,42,75,120,0.0023473251265530622,0.0484492015058356,0.5383594547149995,120,14,inf
random_addition,42,75,121,0.002371434691494408,0.0486973786922295,0.5336179075896335,121,14,inf
random_addition,42,75,122,0.002358566307220753,0.048565072914809396,0.5361486894850884,122,14,inf
random_addition,42,75,123,0.0023838991274390156,0.0488251894767344,0.5311665688547271,123,14,inf
random_addition,42,75,124,0.0023392941137144125,0.04836624973795686,0.5399388870246042,124,14,inf
random_addition,42,75,125,0.0023421406606531528,0.04839566778806914,0.5393790662029744,125,14,inf
random_addition,42,75,126,0.0023737562493977528,0.04872120944104069,0.5331613345975552,126,14,inf
random_addition,42,75,127,0.002378603334075785,0.04877092713980107,0.5322080747408369,127,14,inf
random_addition,42,75,128,0.0023871603801894634,0.04885857529840042,0.5305251892345806,128,14,inf
random_addition,42,75,129,0.0023842968463760085,0.04882926219364786,0.5310883508077822,129,14,inf
random_addition,42,75,130,0.0025064635542444433,0.05006459381883012,0.5070622348692227,130,14,inf
random_addition,42,75,131,0.002606915255820063,0.05105795976946262,0.4873067362526885,131,14,inf
random_addition,42,75,132,0.0026227454504998433,0.051212746953271736,0.4841934650567751,132,14,inf
random_addition,42,75,133,0.0025824456558705034,0.05081776909576515,0.49211909025334977,133,14,inf
random_addition,42,75,134,0.002676284285537308,0.05173281633100316,0.4736641622682377,134,14,inf
random_addition,42,75,135,0.0026138453056865326,0.05112577926727897,0.48594382663142643,135,14,inf
random_addition,42,75,136,0.0027298257140059047,0.05224773405618568,0.463134349438314,136,14,inf
random_addition,42,75,137,0.002771580055164544,0.052645798077002724,0.45492266346331,137,14,inf
random_addition,42,75,138,0.00265532922692995,0.05152988673507783,0.4777853232324989,138,14,inf
random_addition,42,75,139,0.002885471286135311,0.05371658297151179,0.4325240577594076,139,14,inf
random_addition,42,75,140,0.002893638226436111,0.05379254805673469,0.4309178930525577,140,14,inf
random_addition,42,75,141,0.0029057162208028725,0.05390469572127156,0.42854255448426637,141,14,inf
random_addition,42,75,142,0.0028705135657112134,0.053577173924267536,0.4354657423750964,142,14,inf
random_addition,42,75,143,0.002819322386768136,0.05309729170841142,0.4455333395280169,143,14,inf
random_addition,42,75,144,0.002814856751237792,0.05305522359992268,0.44641158106258405,144,14,inf
random_addition,42,75,145,0.0027929456500073576,0.05284832684208042,0.45072076371708325,145,14,inf
random_addition,42,75,146,0.002752277868486045,0.05246215653674603,0.4587187596592128,146,14,inf
random_addition,42,75,147,0.0027130337124523455,0.05208679019149045,0.4664367759602823,147,14,inf
random_addition,42,75,148,0.0027050667573853245,0.05201025627109834,0.4680036102431844,148,14,inf
random_addition,42,75,149,0.0027064633027604735,0.05202368021161588,0.46772895635684963,149,14,inf
random_addition,42,75,150,0.0026800483819562917,0.05176918370958047,0.47292389007342817,150,14,inf
random_addition,42,76,10,0.00962854819961681,0.0981251659851682,-0.8936142210947935,10,10,inf
random_addition,42,76,11,0.009199254299001728,0.09591274315231385,-0.8091864321508355,11,11,inf
random_addition,42,76,12,0.011162888999607136,0.10565457396443911,-1.1953678706204065,12,12,inf
random_addition,42,76,13,0.011711391324781637,0.10821918187078314,-1.3032399798648022,13,13,inf
random_addition,42,76,14,0.01133164871882836,0.10645021709150414,-1.228557277542417,14,14,inf
random_addition,42,76,15,0.00940224035563304,0.09696515021198616,-0.8491070178458109,15,14,inf
random_addition,42,76,16,0.013573725272357886,0.11650633146897162,-1.6694989396214082,16,14,inf
random_addition,42,76,17,0.006573345966551974,0.08107617385244555,-0.29275786384226543,17,14,inf
random_addition,42,76,18,0.005313269291894172,0.07289217579338794,-0.04494281827840663,18,14,inf
random_addition,42,76,19,0.0053735370507704446,0.0733044135831564,-0.056795475908158366,19,14,inf
random_addition,42,76,20,0.005944900250411866,0.07710317924970322,-0.1691635565180969,20,14,inf
random_addition,42,76,21,0.004912772808445426,0.07009117496836122,0.033821479394962495,21,14,inf
random_addition,42,76,22,0.004725752368069826,0.06874410787892898,0.07060216098772243,22,14,inf
random_addition,42,76,23,0.004701287364629177,0.06856593443269898,0.07541361100842126,23,14,inf
random_addition,42,76,24,0.004492845255127176,0.06702868979121683,0.11640722028834316,24,14,inf
random_addition,42,76,25,0.00435456572458842,0.06598913338261399,0.14360219092004456,25,14,inf
random_addition,42,76,26,0.005442823984177605,0.07377549718014514,-0.07042190428716055,26,14,inf
random_addition,42,76,27,0.00480326926315376,0.06930562216121978,0.0553571736996189,27,14,inf
random_addition,42,76,28,0.005805945039468176,0.07619675215826575,-0.14183570209154173,28,14,inf
random_addition,42,76,29,0.005675214858567423,0.07533402191949812,-0.11612543668623254,29,14,inf
random_addition,42,76,30,0.005532260176110242,0.07437916493286438,-0.08801101963592539,30,14,inf
random_addition,42,76,31,0.005398633456167638,0.07347539354210794,-0.06173110163004836,31,14,inf
random_addition,42,76,32,0.004248164575308705,0.06517794546707271,0.16452774742553278,32,14,inf
random_addition,42,76,33,0.0038684271580442797,0.062196681246223094,0.23920942930591638,33,14,inf
random_addition,42,76,34,0.003932802047823325,0.06271205663844334,0.226549036042074,34,14,inf
random_addition,42,76,35,0.0031724401996666906,0.0563244192128662,0.3760868457925226,35,14,inf
random_addition,42,76,36,0.0032752886256886583,0.05723013739009071,0.35585999143246816,36,14,inf
random_addition,42,76,37,0.0034338310543602646,0.05859889977090239,0.32467998471126713,37,14,inf
random_addition,42,76,38,0.003241267738640156,0.056932132742767996,0.3625507649731633,38,14,inf
random_addition,42,76,39,0.00326602833188904,0.05714917612607412,0.35768118229810364,39,14,inf
random_addition,42,76,40,0.003254165899521392,0.057045296909748765,0.36001412701234903,40,14,inf
random_addition,42,76,41,0.0040934675160427345,0.0639802119099549,0.19495149826672853,41,14,inf
random_addition,42,76,42,0.004211991525083159,0.06489985766612404,0.17164177966667538,42,14,inf
random_addition,42,76,43,0.005249851237967807,0.07245585716812553,-0.03247060270660307,43,14,inf
random_addition,42,76,44,0.0052517729944548406,0.072469117522258,-0.032848548097526464,44,14,inf
random_addition,42,76,45,0.004605530620846175,0.06786405986121206,0.09424576805162321,45,14,inf
random_addition,42,76,46,0.0046035571804189865,0.06784951864544793,0.09463387794939115,46,14,inf
random_addition,42,76,47,0.004188958179994732,0.06472216142863843,0.17617167024982316,47,14,inf
random_addition,42,76,48,0.004450590622412899,0.0667127470758992,0.12471729692254196,48,14,inf
random_addition,42,76,49,0.0030190545712223374,0.0549459240637769,0.40625268194062947,49,14,inf
random_addition,42,76,50,0.0030242646700299703,0.054993314775797705,0.4052280293148228,50,14,inf
random_addition,42,76,51,0.0043582360070832426,0.06601693727433319,0.1428803687944713,51,14,inf
random_addition,42,76,52,0.0044699436376172425,0.06685763709268555,0.12091120445125259,52,14,inf
random_addition,42,76,53,0.0039058874626432052,0.062497099633848655,0.23184223707252327,53,14,inf
random_addition,42,76,54,0.003462943747913303,0.058846781967354024,0.3189544890930801,54,14,inf
random_addition,42,76,55,0.0037276854417080084,0.06105477411069513,0.2668886297451123,55,14,inf
random_addition,42,76,56,0.0037337397423015924,0.061104334889609854,0.2656979507907037,56,14,inf
random_addition,42,76,57,0.0037265046385070457,0.061045103313099945,0.26712085434297494,57,14,inf
random_addition,42,76,58,0.0036593921564250327,0.06049290996823539,0.2803196406863333,58,14,inf
random_addition,42,76,59,0.0036362900978875686,0.06030165916363801,0.28486304491261605,59,14,inf
random_addition,42,76,60,0.0037822015756799137,0.06149960630508063,0.2561671248590053,60,14,inf
random_addition,42,76,61,0.0037957468042553967,0.061609632398314115,0.25350323026900523,61,14,inf
random_addition,42,76,62,0.003927176563039336,0.06266718888732234,0.22765538123209328,62,14,inf
random_addition,42,76,63,0.0035580598742670465,0.059649475054413065,0.30024832012712266,63,14,inf
random_addition,42,76,64,0.003488460614119148,0.05906319170277837,0.3139361727567622,64,14,inf
random_addition,42,76,65,0.00337970948830982,0.0581352688848157,0.3353238912500661,65,14,inf
random_addition,42,76,66,0.00308345021413461,0.05552882327345511,0.39358820722780885,66,14,inf
random_addition,42,76,67,0.003049826741750786,0.05522523645717405,0.4002008225617728,67,14,inf
random_addition,42,76,68,0.0032310785162804425,0.056842576615424835,0.36455464509737745,68,14,inf
random_addition,42,76,69,0.003252412485202149,0.05702992622476509,0.36035896511478727,69,14,inf
random_addition,42,76,70,0.0032839579156536563,0.057305827937947605,0.3541550313051285,70,14,inf
random_addition,42,76,71,0.0028877151140972637,0.053737464715943414,0.432082771653719,71,14,inf
random_addition,42,76,72,0.0029013257570600515,0.05386395601011915,0.4294060122359695,72,14,inf
random_addition,42,76,73,0.0027754434840635903,0.05268247796054766,0.4541628558834182,73,14,inf
random_addition,42,76,74,0.0027042680251145607,0.05200257710070301,0.4681606942350187,74,14,inf
random_addition,42,76,75,0.0027263247221351486,0.05221421953965365,0.4638228777456931,75,14,inf
random_addition,42,76,76,0.002644483787347044,0.051424544600288336,0.4799182593930129,76,14,inf
random_addition,42,76,77,0.0027634797902744515,0.05256881005191626,0.4565157153411751,77,14,inf
random_addition,42,76,78,0.002845576897056358,0.05334394902007498,0.4403699532086095,78,14,inf
random_addition,42,76,79,0.0030343857227433458,0.055085258670023014,0.40323755588589405,79,14,inf
random_addition,42,76,80,0.003060557541847023,0.05532230600623064,0.3980904321638965,80,14,inf
random_addition,42,76,81,0.002933666685261995,0.054163333402422666,0.42304563055672084,81,14,inf
random_addition,42,76,82,0.0027434400719174483,0.05237785860377883,0.46045685941407544,82,14,inf
random_addition,42,76,83,0.0027461929739679538,0.05240413126813528,0.4599154554179543,83,14,inf
random_addition,42,76,84,0.0025580469145493117,0.05057713825978405,0.4969175087256653,84,14,inf
random_addition,42,76,85,0.0025684123805805323,0.050679506514769185,0.4948789673507802,85,14,inf
random_addition,42,76,86,0.002398033598074484,0.04896972123745942,0.5283867900087288,86,14,inf
random_addition,42,76,87,0.0023607475183975465,0.04858752430817551,0.5357197180121356,87,14,inf
random_addition,42,76,88,0.002687197332861044,0.05183818412001952,0.47151792992050645,88,14,inf
random_addition,42,76,89,0.0026163557904167476,0.05115032541848338,0.4854500980351293,89,14,inf
random_addition,42,76,90,0.0023783663361188435,0.04876849737401024,0.532254684332681,90,14,inf
random_addition,42,76,91,0.002206040020546312,0.04696850030122648,0.5661455217748201,91,14,inf
random_addition,42,76,92,0.0019771604710667233,0.04446527264131778,0.6111584937023602,92,14,inf
random_addition,42,76,93,0.002298302903622304,0.04794061851522469,0.5480004905769851,93,14,inf
random_addition,42,76,94,0.002286455994012161,0.04781690071525089,0.5503303824826709,94,14,inf
random_addition,42,76,95,0.0023476468885336907,0.048452522003851264,0.5382961748674364,95,14,inf
random_addition,42,76,96,0.0023884418388725914,0.04887168749769739,0.5302731690612575,96,14,inf
random_addition,42,76,97,0.0025534986175181065,0.05053215429326269,0.4978120070198522,97,14,inf
random_addition,42,76,98,0.0023115956078513826,0.04807905581281087,0.5453862591016738,98,14,inf
random_addition,42,76,99,0.0023373347090094145,0.048345989585584184,0.5403242365640512,99,14,inf
random_addition,42,76,100,0.0022378421781380445,0.04730583661809655,0.5598910983011338,100,14,inf
random_addition,42,76,101,0.002167442617252351,0.046555801112775956,0.5737363433877486,101,14,inf
random_addition,42,76,102,0.0020246715712133557,0.0449963506432839,0.601814645280736,102,14,inf
random_addition,42,76,103,0.0020358603312083277,0.04512050898658312,0.5996141894483875,103,14,inf
random_addition,42,76,104,0.002036232998925126,0.045124638490797085,0.5995408981407426,104,14,inf
random_addition,42,76,105,0.0019333495430536019,0.04396987085554837,0.6197746417036039,105,14,inf
random_addition,42,76,106,0.0026249209164285582,0.051233982047353674,0.4837656234824569,106,14,inf
random_addition,42,76,107,0.002644371408492809,0.05142345193093137,0.47994036056466605,107,14,inf
random_addition,42,76,108,0.002790325556614151,0.05282353222394495,0.45123604868083,108,14,inf
random_addition,42,76,109,0.0027455534075270585,0.05239802866069542,0.46004123680084874,109,14,inf
random_addition,42,76,110,0.0028221924973766016,0.053124311735556644,0.4449688845186395,110,14,inf
random_addition,42,76,111,0.0028440920463275784,0.053330029498656555,0.4406619738121239,111,14,inf
random_addition,42,76,112,0.0028356159134709097,0.05325050153257629,0.4423289463800044,112,14,inf
random_addition,42,76,113,0.0028412824158603805,0.05330368107232727,0.4412145343953403,113,14,inf
random_addition,42,76,114,0.0028414420801334893,0.05330517873653074,0.4411831337592431,114,14,inf
random_addition,42,76,115,0.0028670594641352965,0.053544929397052125,0.4361450489257478,115,14,inf
random_addition,42,76,116,0.002873187783637363,0.053602124805247814,0.4349398129213222,116,14,inf
random_addition,42,76,117,0.0030292906267213936,0.055038991875954575,0.4042395913002669,117,14,inf
random_addition,42,76,118,0.003016165487540057,0.05491962752550364,0.40682086832068176,118,14,inf
random_addition,42,76,119,0.0030574694623156954,0.05529438906720731,0.39869775438892585,119,14,inf
random_addition,42,76,120,0.0029796695939928045,0.054586349887062464,0.4139983930731038,120,14,inf
random_addition,42,76,121,0.002975047442242575,0.05454399547376938,0.41490741612671866,121,14,inf
random_addition,42,76,122,0.002955689792826783,0.054366256012592803,0.4187144199928019,122,14,inf
random_addition,42,76,123,0.0029809412987006345,0.05459799720411578,0.41374829118132783,123,14,inf
random_addition,42,76,124,0.002943701864413786,0.054255892439566286,0.42107204559260114,124,14,inf
random_addition,42,76,125,0.0031708490057634183,0.05631029218325384,0.376399780550836,125,14,inf
random_addition,42,76,126,0.0035136312835120503,0.05927589125025494,0.3089859417843741,126,14,inf
random_addition,42,76,127,0.0034764331759776037,0.058961285399638325,0.31630156860211645,127,14,inf
random_addition,42,76,128,0.0035280705059125466,0.0593975631310961,0.30614622843275807,128,14,inf
random_addition,42,76,129,0.003552024699522649,0.05959886491807247,0.30143523766503744,129,14,inf
random_addition,42,76,130,0.0034916304895613397,0.059090020219672794,0.31331276400478936,130,14,inf
random_addition,42,76,131,0.0034915249440058667,0.05908912712171222,0.31333352129453584,131,14,inf
random_addition,42,76,132,0.0034494789144354707,0.05873226467994803,0.3216025726493644,132,14,inf
random_addition,42,76,133,0.003281420034727927,0.05728368035250465,0.3546541478191423,133,14,inf
random_addition,42,76,134,0.0035561729567401023,0.059633656241589804,0.3006194138568291,134,14,inf
random_addition,42,76,135,0.003597878743177648,0.05998232025503555,0.29241727697567166,135,14,inf
random_addition,42,76,136,0.003588187045025308,0.05990147782004471,0.29432331068577544,136,14,inf
random_addition,42,76,137,0.0035476032376905763,0.05956175986058988,0.3023047917067957,137,14,inf
random_addition,42,76,138,0.003552194392452202,0.059600288526585186,0.3014018647267752,138,14,inf
random_addition,42,76,139,0.0034724874383336643,0.05892781548923788,0.317077563566297,139,14,inf
random_addition,42,76,140,0.0034911640117072915,0.05908607290815063,0.3134045046369115,140,14,inf
random_addition,42,76,141,0.0034930983801212388,0.059102439713782026,0.31302407890070005,141,14,inf
random_addition,42,76,142,0.0035131702439424642,0.05927200219279305,0.30907661288736454,142,14,inf
random_addition,42,76,143,0.0035221652530346764,0.05934783275768944,0.30730759467373936,143,14,inf
random_addition,42,76,144,0.0035179059579053583,0.059311937735209416,0.30814525593497055,144,14,inf
random_addition,42,76,145,0.003272761971031864,0.05720805861967232,0.3563569001138923,145,14,inf
random_addition,42,76,146,0.0032831872164979367,0.05729910310378284,0.3543066021184226,146,14,inf
random_addition,42,76,147,0.0032850336429262094,0.057315213014750364,0.35394347163703577,147,14,inf
random_addition,42,76,148,0.003228632050237383,0.05682105287864159,0.3650357833535839,148,14,inf
random_addition,42,76,149,0.00268117028553614,0.05178001820718239,0.4727032490661388,149,14,inf
random_addition,42,76,150,0.0026800483819562917,0.05176918370958047,0.47292389007342817,150,14,inf
random_addition,42,77,10,0.00962854819961681,0.0981251659851682,-0.8936142210947935,10,10,inf
random_addition,42,77,11,0.006612374542672934,0.08131650842647473,-0.30043348276627646,11,11,inf
random_addition,42,77,12,0.008534536929632752,0.09238255749670904,-0.6784587006641813,12,12,inf
random_addition,42,77,13,0.008407438498931856,0.09169208525784467,-0.6534626793674685,13,13,inf
random_addition,42,77,14,0.006952321108155052,0.08338057992215604,-0.3672896315296892,14,14,inf
random_addition,42,77,15,0.00886884568235466,0.09417454901593456,-0.7442060797359153,15,14,inf
random_addition,42,77,16,0.006855054819302544,0.08279525843490401,-0.34816059732995885,16,14,inf
random_addition,42,77,17,0.006689050505626046,0.08178661568756862,-0.3155130867578655,17,14,inf
random_addition,42,77,18,0.010760722411102885,0.10373390193713376,-1.1162751189975673,18,14,inf
random_addition,42,77,19,0.011235922905309215,0.10599963634517438,-1.2097312034502776,19,14,inf
random_addition,42,77,20,0.011162159075343205,0.10565111961235056,-1.1952243188680711,20,14,inf
random_addition,42,77,21,0.009114000573883809,0.09546727488455826,-0.7924198684968236,21,14,inf
random_addition,42,77,22,0.009065510467682562,0.09521297426129782,-0.7828834822440411,22,14,inf
random_addition,42,77,23,0.010676874398496267,0.1033289620508029,-1.0997850120997543,23,14,inf
random_addition,42,77,24,0.010824989456000692,0.10404320956218475,-1.128914302770991,24,14,inf
random_addition,42,77,25,0.006407362128273648,0.08004600007666622,-0.26011438009793064,25,14,inf
random_addition,42,77,26,0.006423630603003709,0.08014755519043427,-0.26331384635864796,26,14,inf
random_addition,42,77,27,0.006723106573850206,0.08199455209860107,-0.32221077926216335,27,14,inf
random_addition,42,77,28,0.007410279950170097,0.08608298293025222,-0.457354858180401,28,14,inf
random_addition,42,77,29,0.00755316590256858,0.0869089517976634,-0.48545575832100707,29,14,inf
random_addition,42,77,30,0.007793737731395944,0.08828214842988329,-0.5327682115401131,30,14,inf
random_addition,42,77,31,0.0063656846466131015,0.07978524078182068,-0.2519178098221575,31,14,inf
random_addition,42,77,32,0.00643282266277891,0.08020487929533283,-0.2651216178679776,32,14,inf
random_addition,42,77,33,0.006543374035588118,0.08089112457858474,-0.2868633848896558,33,14,inf
random_addition,42,77,34,0.0067378806954357575,0.08208459475099915,-0.32511635611119427,34,14,inf
random_addition,42,77,35,0.00799529753893194,0.0894164276793249,-0.5724083016179173,35,14,inf
random_addition,42,77,36,0.007275011559911962,0.08529367831153703,-0.43075207838981977,36,14,inf
random_addition,42,77,37,0.0077489650763525545,0.08802820614071694,-0.5239629239153694,37,14,inf
random_addition,42,77,38,0.007994042570185093,0.08940940985257141,-0.5721614911313528,38,14,inf
random_addition,42,77,39,0.008581389446965685,0.09263578923378202,-0.6876730278167695,39,14,inf
random_addition,42,77,40,0.008253066995028238,0.09084639230606925,-0.6231029544054734,40,14,inf
random_addition,42,77,41,0.009141701810320063,0.09561224717744093,-0.7978677775865539,41,14,inf
random_addition,42,77,42,0.008194183975485173,0.09052173206189314,-0.6115226288074573,42,14,inf
random_addition,42,77,43,0.008150935901291135,0.09028253375537892,-0.6030171753755422,43,14,inf
random_addition,42,77,44,0.006345437547345703,0.07965825473449505,-0.24793588084243967,44,14,inf
random_addition,42,77,45,0.006183701636677355,0.07863651592407535,-0.21612782274750386,45,14,inf
random_addition,42,77,46,0.006016702210476785,0.07756740430410693,-0.18328460673902458,46,14,inf
random_addition,42,77,47,0.005957447496432125,0.0771845029551407,-0.17163118123232768,47,14,inf
random_addition,42,77,48,0.005961319433786186,0.07720958123048062,-0.17239266214147775,48,14,inf
random_addition,42,77,49,0.006281209532535953,0.07925408211906787,-0.23530437298528728,49,14,inf
random_addition,42,77,50,0.005942747692320075,0.07708921904079763,-0.16874022015109302,50,14,inf
random_addition,42,77,51,0.0037049499682479904,0.0608683001918732,0.27135993891599297,51,14,inf
random_addition,42,77,52,0.004235195033718162,0.06507837608390488,0.16707842359059677,52,14,inf
random_addition,42,77,53,0.004233511896320117,0.06506544318084767,0.16740944056708362,53,14,inf
random_addition,42,77,54,0.0042685177618753305,0.06533389443371128,0.16052495461314475,54,14,inf
random_addition,42,77,55,0.004327657537519488,0.06578493397062497,0.1488941336554651,55,14,inf
random_addition,42,77,56,0.004421636032001981,0.06649538353902458,0.13041169892701765,56,14,inf
random_addition,42,77,57,0.004362654461455751,0.06605039334822883,0.14201140621968011,57,14,inf
random_addition,42,77,58,0.0044073777774287625,0.06638808460430805,0.13321582194412118,58,14,inf
random_addition,42,77,59,0.0045403992310547,0.06738248460137619,0.1070549396309598,59,14,inf
random_addition,42,77,60,0.005164694169548912,0.07186580667848175,-0.01572304820080772,60,14,inf
random_addition,42,77,61,0.0051790332469954375,0.07196550039425445,-0.0185430663808277,61,14,inf
random_addition,42,77,62,0.004205618552133387,0.06485074056734731,0.17289513084259,62,14,inf
random_addition,42,77,63,0.003909540968409045,0.06252632220440481,0.2311237143698669,63,14,inf
random_addition,42,77,64,0.00391840213815675,0.0625971416133097,0.22938101789040632,64,14,inf
random_addition,42,77,65,0.0038492534937344175,0.06204235241941119,0.2429802494394333,65,14,inf
random_addition,42,77,66,0.003656689269266431,0.06047056531293908,0.28085120842172107,66,14,inf
random_addition,42,77,67,0.0037660714331594685,0.061368325976512254,0.25933938578887383,67,14,inf
random_addition,42,77,68,0.003848626535939768,0.062037299553895545,0.24310355112223747,68,14,inf
random_addition,42,77,69,0.0035694294500352814,0.05974470227589457,0.29801230386421385,69,14,inf
random_addition,42,77,70,0.0028388746170916494,0.05328109061469791,0.44168806808863215,70,14,inf
random_addition,42,77,71,0.002452890859566675,0.04952666816541039,0.5175981967194453,71,14,inf
random_addition,42,77,72,0.0023217688072342236,0.04818473624742823,0.5433855301624816,72,14,inf
random_addition,42,77,73,0.0021764488844815853,0.04665242635149414,0.5719651110741443,73,14,inf
random_addition,42,77,74,0.00214559751743271,0.04632059495983088,0.5780325457665614,74,14,inf
random_addition,42,77,75,0.002188177669622525,0.046777961366679124,0.5696584503109015,75,14,inf
random_addition,42,77,76,0.0022033184974535893,0.04693951956990601,0.566680754576752,76,14,inf
random_addition,42,77,77,0.0021433870360025526,0.04629672813496168,0.578467273721891,77,14,inf
random_addition,42,77,78,0.0021800375824343643,0.04669087258163381,0.5712593339063189,78,14,inf
random_addition,42,77,79,0.0023250395969668437,0.048218664404635306,0.542742274936097,79,14,inf
random_addition,42,77,80,0.002317314887172239,0.04813849693511669,0.5442614676552522,80,14,inf
random_addition,42,77,81,0.002252089578085947,0.04745618587798588,0.5570891100267181,81,14,inf
random_addition,42,77,82,0.0022966276768283536,0.04792314343642697,0.5483299518015454,82,14,inf
random_addition,42,77,83,0.0022472030123062824,0.04740467289525667,0.5580501344990323,83,14,inf
random_addition,42,77,84,0.0022369611731390677,0.04729652390122416,0.5600643625939776,84,14,inf
random_addition,42,77,85,0.0022764292383007294,0.047711940206836376,0.552302310837079,85,14,inf
random_addition,42,77,86,0.001997734109112669,0.04469601894031133,0.6071123454382834,86,14,inf
random_addition,42,77,87,0.0023482703433691807,0.04845895524430114,0.5381735620998396,87,14,inf
random_addition,42,77,88,0.002306769386248181,0.04802883910993666,0.5463354158875682,88,14,inf
random_addition,42,77,89,0.0023373384385693237,0.04834602815712293,0.5403235030840357,89,14,inf
random_addition,42,77,90,0.0024633909977482783,0.049632559854880326,0.5155331698252624,90,14,inf
random_addition,42,77,91,0.0024197126310112225,0.049190574615582836,0.5241232474457675,91,14,inf
random_addition,42,77,92,0.0023274991846385412,0.04824416218195256,0.5422585560932769,92,14,inf
random_addition,42,77,93,0.0021475105067421396,0.046341239805837514,0.5776563245869986,93,14,inf
random_addition,42,77,94,0.0026199989855202775,0.05118592565852724,0.48473360309578406,94,14,inf
random_addition,42,77,95,0.0023227186134765288,0.04819459112262006,0.5431987349602947,95,14,inf
random_addition,42,77,96,0.002523781767928849,0.05023725478097752,0.5036563199756301,96,14,inf
random_addition,42,77,97,0.0025462309071590202,0.050460191311161515,0.49924132319560877,97,14,inf
random_addition,42,77,98,0.0023300223052610076,0.04827030459051411,0.5417623424385091,98,14,inf
random_addition,42,77,99,0.0023534837671277888,0.048512717581349625,0.537148255567097,99,14,inf
random_addition,42,77,100,0.002471887362647954,0.04971807883102437,0.5138622182894663,100,14,inf
random_addition,42,77,101,0.002518553285270655,0.05018518989971698,0.5046845880915543,101,14,inf
random_addition,42,77,102,0.0025038206642045155,0.050038192055713956,0.50758200317288,102,14,inf
random_addition,42,77,103,0.002529375837100704,0.05029290046418782,0.5025561531884883,103,14,inf
random_addition,42,77,104,0.0026133107271370712,0.0511205509275582,0.4860489603984872,104,14,inf
random_addition,42,77,105,0.0026558858382995302,0.051535287311700616,0.47767585634473875,105,14,inf
random_addition,42,77,106,0.002762530260992187,0.052559777977006214,0.4567024560745614,106,14,inf
random_addition,42,77,107,0.0027629821348297895,0.05256407646701109,0.45661358756528203,107,14,inf
random_addition,42,77,108,0.0027513701927221767,0.05245350505659442,0.4588972692017701,108,14,inf
random_addition,42,77,109,0.002825457589776586,0.053155033531892215,0.4443267497675204,109,14,inf
random_addition,42,77,110,0.0031555325468023464,0.05617412702305525,0.3794120170691778,110,14,inf
random_addition,42,77,111,0.003130872010089985,0.05595419564331155,0.3842619219614041,111,14,inf
random_addition,42,77,112,0.0031151473170990232,0.05581350479139456,0.3873544444946786,112,14,inf
random_addition,42,77,113,0.003074542672541284,0.05544855879589012,0.39534002350233155,113,14,inf
random_addition,42,77,114,0.002897122774659912,0.05382492707528652,0.43023259866197217,114,14,inf
random_addition,42,77,115,0.0028972269426397845,0.05382589472214823,0.43021211229539025,115,14,inf
random_addition,42,77,116,0.002828845434655407,0.05318689156789864,0.44366047369885475,116,14,inf
random_addition,42,77,117,0.0028800851550099607,0.053666424839092466,0.43358333006964545,117,14,inf
random_addition,42,77,118,0.0027440523438737622,0.05238370303704924,0.4603364459457502,118,14,inf
random_addition,42,77,119,0.0027123773879660995,0.05208048951350303,0.46656585309164655,119,14,inf
random_addition,42,77,120,0.0026622593349350703,0.051597086496575274,0.4764224021773038,120,14,inf
random_addition,42,77,121,0.002636951452970843,0.051351255612407797,0.4813996182850402,121,14,inf
random_addition,42,77,122,0.0025411929578034787,0.05041024655567039,0.5002321197671198,122,14,inf
random_addition,42,77,123,0.0025343455505185816,0.050342283922350815,0.501578776349555,123,14,inf
random_addition,42,77,124,0.00250166328947225,0.050016630129110555,0.5080062868123816,124,14,inf
random_addition,42,77,125,0.002497709853388375,0.049977093286708615,0.5087837958028762,125,14,inf
random_addition,42,77,126,0.0028257585172344266,0.05315786411467664,0.44426756737554696,126,14,inf
random_addition,42,77,127,0.0029220043106015082,0.05405556687892107,0.42533923059392187,127,14,inf
random_addition,42,77,128,0.0029306660273137716,0.05413562622999545,0.4236357598727504,128,14,inf
random_addition,42,77,129,0.002928025920761002,0.05411123654806829,0.42415498075734115,129,14,inf
random_addition,42,77,130,0.0028548582833520385,0.0534308738778624,0.4385446141526472,130,14,inf
random_addition,42,77,131,0.0027327013798113405,0.052275246339078506,0.46256880190701466,131,14,inf
random_addition,42,77,132,0.002838304092925368,0.05327573643719407,0.4418002711593705,132,14,inf
random_addition,42,77,133,0.002862562653983428,0.05350292192005431,0.437029421468379,133,14,inf
random_addition,42,77,134,0.0028291461707490168,0.05318971865641909,0.44360132894184157,134,14,inf
random_addition,42,77,135,0.0028546976135746015,0.05342937032732654,0.4385762125379019,135,14,inf
random_addition,42,77,136,0.0028433011480917198,0.05332261385277094,0.440817517110637,136,14,inf
random_addition,42,77,137,0.0026257610885561623,0.0512421807552739,0.4836003896532217,137,14,inf
random_addition,42,77,138,0.0026342687059726618,0.05132512743260032,0.481927225122752,138,14,inf
random_addition,42,77,139,0.002629036132669707,0.051274127322361196,0.48295629773203586,139,14,inf
random_addition,42,77,140,0.002835882302399952,0.053253002754773855,0.4422765565644353,140,14,inf
random_addition,42,77,141,0.002843163022421313,0.053321318648560385,0.44084468182211345,141,14,inf
random_addition,42,77,142,0.002825003145983009,0.05315075865858369,0.44441612370140593,142,14,inf
random_addition,42,77,143,0.002720706944489669,0.05216039632220665,0.4649277071986788,143,14,inf
random_addition,42,77,144,0.0027364200277612423,0.052310802209115874,0.461837467909906,144,14,inf
random_addition,42,77,145,0.002491319217032553,0.04991311668321818,0.5100406207815071,145,14,inf
random_addition,42,77,146,0.0026183984561583802,0.05117028880276503,0.48504837382737664,146,14,inf
random_addition,42,77,147,0.0025728269582847786,0.05072304168999311,0.49401076718730996,147,14,inf
random_addition,42,77,148,0.002570034332149558,0.0506955060350477,0.4945599835856934,148,14,inf
random_addition,42,77,149,0.002602357147632376,0.05101330363378141,0.48820316407405373,149,14,inf
random_addition,42,77,150,0.0026800483819562917,0.05176918370958047,0.47292389007342817,150,14,inf
random_addition,42,78,10,0.00962854819961681,0.0981251659851682,-0.8936142210947935,10,10,inf
random_addition,42,78,11,0.005361585695993393,0.0732228495484394,-0.05444504312244769,11,11,inf
random_addition,42,78,12,0.005130620223008829,0.07162834790087531,-0.00902183962819092,12,12,inf
random_addition,42,78,13,0.007963924701550478,0.08924082418686236,-0.5662383111074067,13,13,inf
random_addition,42,78,14,0.007371931420125505,0.08585995236503165,-0.4498129816331755,14,14,inf
random_addition,42,78,15,0.005925173178683999,0.07697514649991904,-0.16528389960721035,15,14,inf
random_addition,42,78,16,0.005046033408876104,0.07103543769750492,0.007613564883281021,16,14,inf
random_addition,42,78,17,0.0046488224729538735,0.0681822738910479,0.08573170496452842,17,14,inf
random_addition,42,78,18,0.005649928281926424,0.07516600482882155,-0.11115241062482628,18,14,inf
random_addition,42,78,19,0.00597196326140153,0.07727847864316126,-0.1744859479537768,19,14,inf
random_addition,42,78,20,0.006372890539141066,0.07983038606408631,-0.25333496849278414,20,14,inf
random_addition,42,78,21,0.006020175010596051,0.07758978676730624,-0.18396759066936652,21,14,inf
random_addition,42,78,22,0.0030339615533669594,0.05508140841851231,0.403320975851877,22,14,inf
random_addition,42,78,23,0.0030385794118460135,0.05512331096592451,0.40241279714147826,23,14,inf
random_addition,42,78,24,0.00466978115150713,0.06833579699913604,0.08160983207767092,24,14,inf
random_addition,42,78,25,0.004913859168480283,0.07009892416064803,0.0336078286172351,25,14,inf
random_addition,42,78,26,0.005396449573293696,0.07346053071747914,-0.06130160472339452,26,14,inf
random_addition,42,78,27,0.005274591719971694,0.07262638446165205,-0.03733623017068588,27,14,inf
random_addition,42,78,28,0.006076323731891648,0.07795077762211002,-0.1950101710186929,28,14,inf
random_addition,42,78,29,0.0030999846208990137,0.05567750551972505,0.39033644100746767,29,14,inf
random_addition,42,78,30,0.0033274178834786033,0.057683774871956875,0.3456079054648158,30,14,inf
random_addition,42,78,31,0.0027797150597710825,0.05272300313687644,0.45332277944214194,31,14,inf
random_addition,42,78,32,0.002858510735211535,0.05346504217908684,0.4378262987182101,32,14,inf
random_addition,42,78,33,0.0027173717700758582,0.052128416147777384,0.4655836247439713,33,14,inf
random_addition,42,78,34,0.0026103815544891258,0.05109189323649228,0.4866250309407121,34,14,inf
random_addition,42,78,35,0.002641739528082581,0.05139785528679753,0.4804579636414442,35,14,inf
random_addition,42,78,36,0.0029367243076742814,0.054191551995438195,0.422444298230953,36,14,inf
random_addition,42,78,37,0.003299117095409347,0.05743794125322866,0.35117372635962796,37,14,inf
random_addition,42,78,38,0.003386304005952037,0.05819195825844012,0.33402696962391076,38,14,inf
random_addition,42,78,39,0.0031111591581356843,0.05577776580444653,0.3881387823172038,39,14,inf
random_addition,42,78,40,0.003602421984688854,0.06002017981220028,0.29152377293361575,40,14,inf
random_addition,42,78,41,0.0037838436762542317,0.06151295535295172,0.2558441784567511,41,14,inf
random_addition,42,78,42,0.0032103159807604364,0.05665965037626367,0.36863794319295473,42,14,inf
random_addition,42,78,43,0.0034359811458263114,0.05861724273476458,0.32425713344726004,43,14,inf
random_addition,42,78,44,0.0033918268260691,0.05823939239096764,0.3329408151489677,44,14,inf
random_addition,42,78,45,0.0035249749629508885,0.05937149958482511,0.3067550184655523,45,14,inf
random_addition,42,78,46,0.0029709509078124285,0.054506429967595825,0.4157130677881433,46,14,inf
random_addition,42,78,47,0.0026731051421475965,0.05170208063654302,0.47428939371630763,47,14,inf
random_addition,42,78,48,0.002732880525340461,0.05227695979435358,0.46253356995775763,48,14,inf
random_addition,42,78,49,0.002501057604139354,0.050010574923103554,0.5081254049116113,49,14,inf
random_addition,42,78,50,0.002322492575523907,0.0481922460103688,0.5432431890849164,50,14,inf
random_addition,42,78,51,0.0024224037231811634,0.04921792075231504,0.5235939993911667,51,14,inf
random_addition,42,78,52,0.0027261860899948608,0.052212891990339516,0.4638501420628993,52,14,inf
random_addition,42,78,53,0.0030852784886392652,0.055545283225844344,0.39322864662424684,53,14,inf
random_addition,42,78,54,0.0037978931010395427,0.061627048453090326,0.25308112529233684,54,14,inf
random_addition,42,78,55,0.0038832202851611735,0.06231548992956064,0.2363001147028978,55,14,inf
random_addition,42,78,56,0.003868233813598611,0.06219512692806898,0.23924745370838063,56,14,inf
random_addition,42,78,57,0.0037845390201399834,0.0615186071050051,0.2557074275111971,57,14,inf
random_addition,42,78,58,0.0027797793833393538,0.05272361314761493,0.45331012914210667,58,14,inf
random_addition,42,78,59,0.0027709212828730756,0.052639541058723864,0.45505222199630224,59,14,inf
random_addition,42,78,60,0.002749867963849155,0.05243918347809351,0.4591927075065195,60,14,inf
random_addition,42,78,61,0.002854845519005538,0.05343075443043583,0.4385471244737834,61,14,inf
random_addition,42,78,62,0.00243295334557543,0.04932497689381547,0.5215192406031536,62,14,inf
random_addition,42,78,63,0.002443673810534835,0.04943352921383254,0.5194108827819106,63,14,inf
random_addition,42,78,64,0.0025123816463096297,0.05012366353639396,0.5058983435884136,64,14,inf
random_addition,42,78,65,0.0031920555053742312,0.056498278782403905,0.37222916952930374,65,14,inf
random_addition,42,78,66,0.003263819663153921,0.05712984914345495,0.35811555375679105,66,14,inf
random_addition,42,78,67,0.0033197656423360443,0.05761740745934378,0.34711284601767844,67,14,inf
random_addition,42,78,68,0.0031811313522827596,0.05640151906006397,0.3743775860110585,68,14,inf
random_addition,42,78,69,0.0028435556334995707,0.05332500007969593,0.440767468320583,69,14,inf
random_addition,42,78,70,0.002690568294044428,0.05187068819713527,0.4708549743114907,70,14,inf
random_addition,42,78,71,0.0026971515318223137,0.051934107596283134,0.4695602710583514,71,14,inf
random_addition,42,78,72,0.002693354042170645,0.05189753406637588,0.470307110588027,72,14,inf
random_addition,42,78,73,0.002694195532255118,0.0519056406593264,0.4701416175606429,73,14,inf
random_addition,42,78,74,0.002606295446364043,0.05105188974331942,0.4874286320957538,74,14,inf
random_addition,42,78,75,0.002336709852956839,0.048339526817676226,0.5404471249043039,75,14,inf
random_addition,42,78,76,0.002367517159786084,0.04865713883682521,0.5343883553872326,76,14,inf
random_addition,42,78,77,0.002297723331479915,0.04793457344631237,0.548114473082782,77,14,inf
random_addition,42,78,78,0.0019872450168072764,0.04457852640910505,0.6091751999771076,78,14,inf
random_addition,42,78,79,0.0019207567419880906,0.043826438846751976,0.6222512255755129,79,14,inf
random_addition,42,78,80,0.0019613933374699644,0.0442876205893923,0.6142593628869703,80,14,inf
random_addition,42,78,81,0.0019212225660776554,0.04383175294324487,0.6221596135170551,81,14,inf
random_addition,42,78,82,0.001960664698292699,0.04427939360800573,0.6144026619056293,82,14,inf
random_addition,42,78,83,0.0019473886548450811,0.0441292267646407,0.6170136167610334,83,14,inf
random_addition,42,78,84,0.001926947414741818,0.043897009177640084,0.6210337267665992,84,14,inf
random_addition,42,78,85,0.0019393053624306514,0.044037544918292745,0.6186033307191399,85,14,inf
random_addition,42,78,86,0.0020094244721045643,0.044826604512326874,0.6048132410299891,86,14,inf
random_addition,42,78,87,0.0021953709381347087,0.04685478564815668,0.5682437743630397,87,14,inf
random_addition,42,78,88,0.002193894501586126,0.04683902754740032,0.5685341401780077,88,14,inf
random_addition,42,78,89,0.0022635319835409133,0.04757659070951715,0.5548387705940382,89,14,inf
random_addition,42,78,90,0.0024255907984087124,0.049250287292651525,0.5229672080152015,90,14,inf
random_addition,42,78,91,0.002894709432823744,0.05380250396425564,0.43070722249171145,91,14,inf
random_addition,42,78,92,0.0029219036376456815,0.054054635672120495,0.4253590296058686,92,14,inf
random_addition,42,78,93,0.003407691477424612,0.058375435565181114,0.3298207674744176,93,14,inf
random_addition,42,78,94,0.003506594402493796,0.05921650447716241,0.31036986152928936,94,14,inf
random_addition,42,78,95,0.003536931398997794,0.05947210605820004,0.30440358636357334,95,14,inf
random_addition,42,78,96,0.0036107133977673956,0.060089211991566305,0.2898931285838141,96,14,inf
random_addition,42,78,97,0.003363251598979963,0.05799354790819374,0.3385606090436647,97,14,inf
random_addition,42,78,98,0.0034460705953785744,0.058703241779126426,0.3222728753058359,98,14,inf
random_addition,42,78,99,0.0033812174020532637,0.058148236448350384,0.3350273349209528,99,14,inf
random_addition,42,78,100,0.00357085561218674,0.059756636553497056,0.29773182534599896,100,14,inf
random_addition,42,78,101,0.0033333438518241216,0.05773511801169304,0.34444246518241917,101,14,inf
random_addition,42,78,102,0.003324055779873246,0.05765462496515996,0.3462691190837237,102,14,inf
random_addition,42,78,103,0.003323422430364923,0.057649132086831305,0.34639367780337915,103,14,inf
random_addition,42,78,104,0.0035600579911360653,0.0596662215255505,0.2998553571964563,104,14,inf
random_addition,42,78,105,0.0035592791601082633,0.05965969460287459,0.30000852727770844,105,14,inf
random_addition,42,78,106,0.0035131121294922235,0.059271511955510496,0.30908804206102036,106,14,inf
random_addition,42,78,107,0.0034825943238293994,0.05901350967218777,0.3150898763564576,107,14,inf
random_addition,42,78,108,0.003478598381550184,0.058979643789617654,0.315875744897563,108,14,inf
random_addition,42,78,109,0.0035926626698487745,0.05993882439495101,0.2934431045904954,109,14,inf
random_addition,42,78,110,0.003567987502327245,0.0597326334789221,0.29829588687479913,110,14,inf
random_addition,42,78,111,0.0035692325687357715,0.059743054564825954,0.29805102384783866,111,14,inf
random_addition,42,78,112,0.003823726587868863,0.06183628860037497,0.24800054024189155,112,14,inf
random_addition,42,78,113,0.003590505603875793,0.05992082779698386,0.2938673275073459,113,14,inf
random_addition,42,78,114,0.003760316707516293,0.061321421277692946,0.2604711483444011,114,14,inf
random_addition,42,78,115,0.003781687949076739,0.06149543031052583,0.2562681380771915,115,14,inf
random_addition,42,78,116,0.003664088772265469,0.06053171707679759,0.2793959730303077,116,14,inf
random_addition,42,78,117,0.003854133688868909,0.06208166950774527,0.24202047786049907,117,14,inf
random_addition,42,78,118,0.0036929857901965243,0.06076994150232929,0.2737128936119946,118,14,inf
random_addition,42,78,119,0.0037002395143401557,0.060829594066869754,0.27228632805823594,119,14,inf
random_addition,42,78,120,0.0037043654143581557,0.06086349820999575,0.2714749011653206,120,14,inf
random_addition,42,78,121,0.0037101428200625405,0.060910941710521437,0.27033867819836355,121,14,inf
random_addition,42,78,122,0.0037026715237473626,0.06084958113041833,0.2718080329400262,122,14,inf
random_addition,42,78,123,0.0037092240406567194,0.06090339925370931,0.2705193714568739,123,14,inf
random_addition,42,78,124,0.0037023297854353486,0.06084677300757493,0.2718752414655595,124,14,inf
random_addition,42,78,125,0.0036356592317845103,0.06029642801845322,0.28498711522930253,125,14,inf
random_addition,42,78,126,0.0037261369564764273,0.06104209167841832,0.2671931651324716,126,14,inf
random_addition,42,78,127,0.0035178725150788437,0.059311655811306124,0.3081518330232884,127,14,inf
random_addition,42,78,128,0.003579498776402444,0.05982891254571191,0.29603200328198664,128,14,inf
random_addition,42,78,129,0.0031900374626068354,0.05648041662918959,0.3726260512194499,129,14,inf
random_addition,42,78,130,0.003530988421550409,0.05942212064164665,0.3055723717688811,130,14,inf
random_addition,42,78,131,0.0035027443115901355,0.05918398695246997,0.31112704597044627,131,14,inf
random_addition,42,78,132,0.003528109293353783,0.059397889637206665,0.30613860023702155,132,14,inf
random_addition,42,78,133,0.0034380270745072764,0.05863469173200518,0.32385476752819287,133,14,inf
random_addition,42,78,134,0.0034537486527150946,0.05876860260985533,0.32076285756885314,134,14,inf
random_addition,42,78,135,0.003403866800489888,0.05834266706699213,0.3305729538356983,135,14,inf
random_addition,42,78,136,0.00342609830633672,0.058532882265754864,0.3262007582818983,136,14,inf
random_addition,42,78,137,0.0033951531177333675,0.058267942453233815,0.33228664454418044,137,14,inf
random_addition,42,78,138,0.0036330488926117157,0.06027477824606006,0.28550048186329635,138,14,inf
random_addition,42,78,139,0.0036141255288209386,0.06011759749708016,0.28922207623477103,139,14,inf
random_addition,42,78,140,0.003762982283439624,0.061343151887065794,0.25994691848428286,140,14,inf
random_addition,42,78,141,0.003708834365242937,0.06090020004271691,0.27059600761113634,141,14,inf
random_addition,42,78,142,0.0036478969868228113,0.06039782269935574,0.2825803570665586,142,14,inf
random_addition,42,78,143,0.003489560191873477,0.059072499455105815,0.3137199224945597,143,14,inf
random_addition,42,78,144,0.003465723152013872,0.05887039283047016,0.3184078730278237,144,14,inf
random_addition,42,78,145,0.0030942530206113164,0.05562601028845513,0.39146365557703755,145,14,inf
random_addition,42,78,146,0.003048864185808748,0.05521652094988191,0.4003901252045653,146,14,inf
random_addition,42,78,147,0.0025135193821895683,0.05013501154073437,0.5056745888958643,147,14,inf
random_addition,42,78,148,0.002492636120421674,0.049926306897483154,0.509781629816956,148,14,inf
random_addition,42,78,149,0.002679824533154405,0.051767021675526256,0.4729679136651307,149,14,inf
random_addition,42,78,150,0.0026800483819562917,0.05176918370958047,0.47292389007342817,150,14,inf
random_addition,42,79,10,0.00962854819961681,0.0981251659851682,-0.8936142210947935,10,10,inf
random_addition,42,79,11,0.00911088500553071,0.0954509560220887,-0.791807140137583,11,11,inf
random_addition,42,79,12,0.011205093936288997,0.10585411629355278,-1.203668173702896,12,12,inf
random_addition,42,79,13,0.011660844222367787,0.10798538893002047,-1.2932990510786944,13,13,inf
random_addition,42,79,14,0.005928540697916322,0.07699701746117392,-0.1659461782992766,14,14,inf
random_addition,42,79,15,0.006051078655553992,0.07778867948200427,-0.19004530668249808,15,14,inf
random_addition,42,79,16,0.006137615513675131,0.07834293531439278,-0.2070642197927397,16,14,inf
random_addition,42,79,17,0.006478842888237715,0.08049125970089992,-0.2741722609743027,17,14,inf
random_addition,42,79,18,0.005353669163719812,0.07316877177949492,-0.0528881253209037,18,14,inf
random_addition,42,79,19,0.008379986352924085,0.09154226539104265,-0.6480637580553277,19,14,inf
random_addition,42,79,20,0.008508177232620661,0.0922397811826365,-0.6732746276252333,20,14,inf
random_addition,42,79,21,0.01161463761092321,0.10777122812199558,-1.2842117520668315,21,14,inf
random_addition,42,79,22,0.011989574042867632,0.10949691339424884,-1.3579492402963398,22,14,inf
random_addition,42,79,23,0.013570645024330964,0.11649311148875269,-1.6688931575920352,23,14,inf
random_addition,42,79,24,0.01363596208110222,0.11677312225466192,-1.6817388436724174,24,14,inf
random_addition,42,79,25,0.010285476803743542,0.10141733975875891,-1.0228101622926409,25,14,inf
random_addition,42,79,26,0.010288287023717967,0.10143119354379089,-1.0233628388122624,26,14,inf
random_addition,42,79,27,0.009705059163866742,0.09851425868302893,-0.9086613753458479,27,14,inf
random_addition,42,79,28,0.014806888133027949,0.12168355736510972,-1.9120209358226319,28,14,inf
random_addition,42,79,29,0.015464056196981138,0.12435455840853257,-2.0412639707799287,29,14,inf
random_addition,42,79,30,0.016526794432394316,0.12855658066545764,-2.250269128583435,30,14,inf
random_addition,42,79,31,0.01692792192541192,0.13010734769955123,-2.3291575247884273,31,14,inf
random_addition,42,79,32,0.015690013865194054,0.12525978550673816,-2.0857023061366986,32,14,inf
random_addition,42,79,33,0.014762796660091337,0.12150224960917941,-1.903349613993957,33,14,inf
random_addition,42,79,34,0.008915771660298204,0.09442336395351632,-0.753434854139954,34,14,inf
random_addition,42,79,35,0.00890637687281015,0.0943736026270596,-0.751587212852532,35,14,inf
random_addition,42,79,36,0.008055264181202544,0.08975112356512616,-0.5842017396566279,36,14,inf
random_addition,42,79,37,0.007953321497922659,0.08918139659100803,-0.5641530146782314,37,14,inf
random_addition,42,79,38,0.0053116728123376224,0.07288122400411248,-0.04462884400842371,38,14,inf
random_addition,42,79,39,0.00520005849650772,0.072111431108443,-0.02267803155450876,39,14,inf
random_addition,42,79,40,0.004986087283281185,0.07061223182481337,0.019402967976323682,40,14,inf
random_addition,42,79,41,0.00486305718477439,0.06973562349885738,0.043598884050611186,41,14,inf
random_addition,42,79,42,0.005279901067599272,0.07266292773897341,-0.03838040172842061,42,14,inf
random_addition,42,79,43,0.003405462284327977,0.05835633885301559,0.33025917539031935,43,14,inf
random_addition,42,79,44,0.0028697162705303533,0.053569732783824424,0.4356225437392883,44,14,inf
random_addition,42,79,45,0.007386941096355968,0.08594731581821487,-0.4527648842227232,45,14,inf
random_addition,42,79,46,0.007055528796110407,0.08399719516811503,-0.3875871407270104,46,14,inf
random_addition,42,79,47,0.007352730377927076,0.08574806340627802,-0.44603677718230794,47,14,inf
random_addition,42,79,48,0.0075752589590636936,0.08703596359588198,-0.4898007255060144,48,14,inf
random_addition,42,79,49,0.0071195174111289465,0.08437723277714756,-0.40017156663164366,49,14,inf
random_addition,42,79,50,0.006836184217336644,0.08268122046351664,-0.3444493794492953,50,14,inf
random_addition,42,79,51,0.006701455023776564,0.0818624152085471,-0.317952641661541,51,14,inf
random_addition,42,79,52,0.004879403871857116,0.06985272988120876,0.040384036029300074,52,14,inf
random_addition,42,79,53,0.005290162629969425,0.07273350417771321,-0.04039850871941497,53,14,inf
random_addition,42,79,54,0.005169234553706355,0.07189738906042663,-0.016615990296700023,54,14,inf
random_addition,42,79,55,0.004725175632762695,0.06873991295283036,0.07071558558266122,55,14,inf
random_addition,42,79,56,0.004696842193580716,0.06853351146395985,0.07628782786210009,56,14,inf
random_addition,42,79,57,0.00467288323034673,0.06835849055052876,0.08099975665572345,57,14,inf
random_addition,42,79,58,0.004687862408169067,0.06846796629204834,0.07805385208562265,58,14,inf
random_addition,42,79,59,0.004709254174127124,0.06862400581521837,0.07384680535409993,59,14,inf
random_addition,42,79,60,0.004719214517072302,0.06869653933839973,0.07188793817527428,60,14,inf
random_addition,42,79,61,0.004829582459145996,0.06949519738187666,0.05018224585999542,61,14,inf
random_addition,42,79,62,0.005916943193367585,0.07692166920554691,-0.16366533604898037,62,14,inf
random_addition,42,79,63,0.006082376081769408,0.07798958957302832,-0.1962004663323751,63,14,inf
random_addition,42,79,64,0.006087696341219044,0.07802369089718228,-0.19724678388148886,64,14,inf
random_addition,42,79,65,0.006232829716904983,0.0789482724124156,-0.22578967720836896,65,14,inf
random_addition,42,79,66,0.0065012552646701235,0.08063036192818511,-0.2785800277384165,66,14,inf
random_addition,42,79,67,0.005436642845533754,0.07373359373809034,-0.0692062805196001,67,14,inf
random_addition,42,79,68,0.004627338374259741,0.06802454244064962,0.08995691046500376,68,14,inf
random_addition,42,79,69,0.00487248687631274,0.06980320104631836,0.04174437830090039,69,14,inf
random_addition,42,79,70,0.005005448642443842,0.0707491953483843,0.01559523452678968,70,14,inf
random_addition,42,79,71,0.0050577567447082005,0.0711179073420204,0.005307975817297805,71,14,inf
random_addition,42,79,72,0.0051096992639783605,0.07148216045964448,-0.004907384913137136,72,14,inf
random_addition,42,79,73,0.005109448047377946,0.07148040324017448,-0.004857978988457967,73,14,inf
random_addition,42,79,74,0.005027336157865196,0.07090371046613285,0.011290690414110571,74,14,inf
random_addition,42,79,75,0.004687374861610792,0.06846440580046534,0.07814973622901134,75,14,inf
random_addition,42,79,76,0.0047019912199287965,0.0685710669300748,0.07527518615170137,76,14,inf
random_addition,42,79,77,0.004767968888880763,0.06905048072881725,0.06229957969349187,77,14,inf
random_addition,42,79,78,0.004671346935169112,0.068347252579523,0.08130189466612991,78,14,inf
random_addition,42,79,79,0.003968982553178234,0.06299986153300842,0.21943353762568985,79,14,inf
random_addition,42,79,80,0.004111576203118293,0.06412157361698395,0.1913901236274036,80,14,inf
random_addition,42,79,81,0.0041238672703865515,0.06421734399978367,0.1889728807275307,81,14,inf
random_addition,42,79,82,0.004177402622008809,0.06463282928983388,0.17844426301055738,82,14,inf
random_addition,42,79,83,0.004222774417414331,0.06498287787882537,0.16952114446399202,83,14,inf
random_addition,42,79,84,0.004159696424819831,0.06449570857677146,0.18192648131631317,84,14,inf
random_addition,42,79,85,0.00442015420071956,0.06648424024323027,0.1307031257061626,85,14,inf
random_addition,42,79,86,0.004390850967244192,0.0662634964912371,0.13646609417063227,86,14,inf
random_addition,42,79,87,0.004034951085901248,0.06352126483234766,0.20645972795892953,87,14,inf
random_addition,42,79,88,0.0040449711009221765,0.06360008727134088,0.20448912527347285,88,14,inf
random_addition,42,79,89,0.004426898563464738,0.06653494242474955,0.12937673454710918,89,14,inf
random_addition,42,79,90,0.00442489884983007,0.06651991318267088,0.12977001150831036,90,14,inf
random_addition,42,79,91,0.004384031995424151,0.06621202304282925,0.13780715844574154,91,14,inf
random_addition,42,79,92,0.0046317914534451015,0.06805726598567637,0.0890811383446134,92,14,inf
random_addition,42,79,93,0.0038668538334950577,0.06218403198165151,0.2395188497584123,93,14,inf
random_addition,42,79,94,0.0036481965158741735,0.060400302282970185,0.28252144969448845,94,14,inf
random_addition,42,79,95,0.003737573874641932,0.06113570049195422,0.26494390486657193,95,14,inf
random_addition,42,79,96,0.002647353849536385,0.05145244260029241,0.479353813906062,96,14,inf
random_addition,42,79,97,0.0028010588442648953,0.05292503041345272,0.44912516906396727,97,14,inf
random_addition,42,79,98,0.0027840757065282036,0.05276434124035098,0.45246518569682703,98,14,inf
random_addition,42,79,99,0.002809514975252354,0.053004858034451464,0.44746213019649517,99,14,inf
random_addition,42,79,100,0.0027915193640220748,0.05283483097372485,0.4510012665892803,100,14,inf
random_addition,42,79,101,0.002649033554106844,0.051468762896604035,0.4790234720522418,101,14,inf
random_addition,42,79,102,0.0026509763868611553,0.051487633339095666,0.47864138166265235,102,14,inf
random_addition,42,79,103,0.002716140199621086,0.052116601957735945,0.4658258335670553,103,14,inf
random_addition,42,79,104,0.0027211504115975927,0.05216464714342073,0.4648404920126775,104,14,inf
random_addition,42,79,105,0.0026309305696997467,0.05129259761115386,0.4825837251669223,105,14,inf
random_addition,42,79,106,0.0026711531768399805,0.05168320014124494,0.47467328017446886,106,14,inf
random_addition,42,79,107,0.0027188971416977604,0.052143044998328975,0.46528363503256254,107,14,inf
random_addition,42,79,108,0.0028647942045924154,0.05352377233148291,0.43659054990844437,108,14,inf
random_addition,42,79,109,0.002869379874834753,0.05356659289925721,0.4356887015504035,109,14,inf
random_addition,42,79,110,0.002842279695826494,0.0533130349523125,0.4410184026954106,110,14,inf
random_addition,42,79,111,0.002990985832723436,0.05468990613196768,0.4117728664261603,111,14,inf
random_addition,42,79,112,0.0030554663687128647,0.05527627310802407,0.3990916960771085,112,14,inf
random_addition,42,79,113,0.00299583614769031,0.05473423195487729,0.4108189712793896,113,14,inf
random_addition,42,79,114,0.003021209310760822,0.05496552838607869,0.4058289165558342,114,14,inf
random_addition,42,79,115,0.0029760688531262373,0.054553357853813524,0.41470653868031804,115,14,inf
random_addition,42,79,116,0.002861081567786251,0.05348907895810369,0.4373207017141125,116,14,inf
random_addition,42,79,117,0.002484816313611038,0.04984793188900657,0.5113195249467142,117,14,inf
random_addition,42,79,118,0.002476059981860515,0.04976002393348013,0.5130416032895401,118,14,inf
random_addition,42,79,119,0.0022539302250163032,0.04747557503618364,0.5567271161797667,119,14,inf
random_addition,42,79,120,0.002282180322591969,0.04777217100563851,0.5511712644140014,120,14,inf
random_addition,42,79,121,0.002270568095783838,0.04765047844233925,0.5534550020415838,121,14,inf
random_addition,42,79,122,0.0023462989954725266,0.0484386105856942,0.5385612604666585,122,14,inf
random_addition,42,79,123,0.002307049086310535,0.0480317508145449,0.546280408216138,123,14,inf
random_addition,42,79,124,0.002316815917423489,0.04813331400831953,0.5443595983591278,124,14,inf
random_addition,42,79,125,0.0022993726302833356,0.047951774005591655,0.5477901110289973,125,14,inf
random_addition,42,79,126,0.0023188932781838954,0.04815488841419836,0.5439510507986134,126,14,inf
random_addition,42,79,127,0.0022610056853762986,0.04755003349500712,0.5553356091653433,127,14,inf
random_addition,42,79,128,0.0022583686841460377,0.047522296705294426,0.5558542193365906,128,14,inf
random_addition,42,79,129,0.0022529170606732482,0.04746490346217137,0.5569263718067355,129,14,inf
random_addition,42,79,130,0.0025698564595982875,0.050693751682019825,0.4945949651826741,130,14,inf
random_addition,42,79,131,0.002539810659091718,0.05039653419722152,0.5005039718100368,131,14,inf
random_addition,42,79,132,0.00253340562004,0.05033294765896391,0.5017636293184744,132,14,inf
random_addition,42,79,133,0.00254770246528083,0.0504747705817553,0.49895191680444195,133,14,inf
random_addition,42,79,134,0.002626365188163288,0.05124807497031755,0.4834815834133509,134,14,inf
random_addition,42,79,135,0.002598904132032548,0.05097944813385633,0.48888225704943666,135,14,inf
random_addition,42,79,136,0.0025992081380663756,0.05098242969951879,0.4888224692042684,136,14,inf
random_addition,42,79,137,0.0026611563519513904,0.051586396966171136,0.47663932213452065,137,14,inf
random_addition,42,79,138,0.0025817493690923265,0.05081091781391404,0.49225602663438894,138,14,inf
random_addition,42,79,139,0.002814985398934936,0.05305643598033076,0.4463862803522617,139,14,inf
random_addition,42,79,140,0.002826140937755859,0.05316146101976373,0.4441923580165855,140,14,inf
random_addition,42,79,141,0.0027921465728534397,0.05284076620236917,0.4508779155359287,141,14,inf
random_addition,42,79,142,0.0030205209460436888,0.05495926624367986,0.4059642949317471,142,14,inf
random_addition,42,79,143,0.0030364391786266076,0.055103894405265114,0.40283370961724363,143,14,inf
random_addition,42,79,144,0.0030900556530938862,0.05558826902408354,0.3922891377429246,144,14,inf
random_addition,42,79,145,0.002863056139069392,0.05350753347958951,0.43693236941470415,145,14,inf
random_addition,42,79,146,0.002812769516191463,0.05303554955114034,0.446822070565732,146,14,inf
random_addition,42,79,147,0.0026638775908352534,0.05161276577393672,0.4761041452269902,147,14,inf
random_addition,42,79,148,0.0026930524196500816,0.0518946280423136,0.47036642967565057,148,14,inf
random_addition,42,79,149,0.0027124271207278916,0.052080966971897624,0.4665560723164942,149,14,inf
random_addition,42,79,150,0.0026800483819562917,0.05176918370958047,0.47292389007342817,150,14,inf
random_addition,42,80,10,0.00962854819961681,0.0981251659851682,-0.8936142210947935,10,10,inf
random_addition,42,80,11,0.007102235101395603,0.0842747595748312,-0.39677271284746385,11,11,inf
random_addition,42,80,12,0.00987642415290898,0.099380200004372,-0.9423631519294715,12,12,inf
random_addition,42,80,13,0.00989935416664791,0.0994954982230247,-0.9468727206833218,13,13,inf
random_addition,42,80,14,0.011415724475242263,0.10684439374736637,-1.2450921740495566,14,14,inf
random_addition,42,80,15,0.012079365959055302,0.10990616888535103,-1.3756083147390568,15,14,inf
random_addition,42,80,16,0.00456872778726633,0.06759236485925263,0.101483657668892,16,14,inf
random_addition,42,80,17,0.0046922338513705674,0.06849988212669104,0.07719413503986927,17,14,inf
random_addition,42,80,18,0.003998518374956342,0.06323383884405835,0.21362482680125083,18,14,inf
random_addition,42,80,19,0.0039898442230756215,0.06316521371036135,0.21533074310521894,19,14,inf
random_addition,42,80,20,0.004040594068100964,0.06356566736927226,0.2053499416109532,20,14,inf
random_addition,42,80,21,0.004105641470000343,0.06407527971066801,0.1925572876481435,21,14,inf
random_addition,42,80,22,0.004014201889488315,0.06335772951651847,0.21054040269714014,22,14,inf
random_addition,42,80,23,0.0034487351949991653,0.05872593290020317,0.3217488374518971,23,14,inf
random_addition,42,80,24,0.003656417851791968,0.060468321059807574,0.28090458718442146,24,14,inf
random_addition,42,80,25,0.0036678434329150992,0.06056272312995098,0.27865755653655133,25,14,inf
random_addition,42,80,26,0.0037760125983232603,0.06144926849298745,0.2573842902398733,26,14,inf
random_addition,42,80,27,0.00435041280349134,0.06595765917231554,0.14441893195778777,27,14,inf
random_addition,42,80,28,0.00482821589632523,0.06948536461964656,0.05045100317810558,28,14,inf
random_addition,42,80,29,0.004805410743387732,0.06932106998155563,0.054936015977688935,29,14,inf
random_addition,42,80,30,0.0040453053733465975,0.06360271514130979,0.20442338503896607,30,14,inf
random_addition,42,80,31,0.004016573904582125,0.06337644597626255,0.21007390645895652,31,14,inf
random_addition,42,80,32,0.003892858566891594,0.06239277656020442,0.23440458622100602,32,14,inf
random_addition,42,80,33,0.004957540522964367,0.0704098041679166,0.025017163406561238,33,14,inf
random_addition,42,80,34,0.005273439855213129,0.072618453957745,-0.037109696799052294,34,14,inf
random_addition,42,80,35,0.0049981351099670146,0.07069749012494725,0.0170335623844734,35,14,inf
random_addition,42,80,36,0.004671929714839295,0.06835151581961658,0.08118728134661957,36,14,inf
random_addition,42,80,37,0.005584730585813521,0.07473105502944222,-0.09833019880405325,37,14,inf
random_addition,42,80,38,0.005687144547110925,0.07541315897846293,-0.11847160844659244,38,14,inf
random_addition,42,80,39,0.005763003159350872,0.07591444631524932,-0.1333904668198409,39,14,inf
random_addition,42,80,40,0.006053500545333313,0.07780424503414524,-0.19052161160749503,40,14,inf
random_addition,42,80,41,0.004846632917280576,0.06961776294366673,0.04682898955068948,41,14,inf
random_addition,42,80,42,0.0048043304008870665,0.0693132772337816,0.0551484833071868,42,14,inf
random_addition,42,80,43,0.004267751276796946,0.06532802826350223,0.16067569665800918,43,14,inf
random_addition,42,80,44,0.004230594094584321,0.06504301726230358,0.1679832748302239,44,14,inf
random_addition,42,80,45,0.006360968738549838,0.07975568154401189,-0.25099034802949305,45,14,inf
random_addition,42,80,46,0.006843361892539368,0.08272461479232991,-0.3458609887133812,46,14,inf
random_addition,42,80,47,0.007607960367344534,0.08722362275980362,-0.49623200159111414,47,14,inf
random_addition,42,80,48,0.007499243368848621,0.08659817185627317,-0.4748509948018669,48,14,inf
random_addition,42,80,49,0.00766372227209344,0.08754268828459313,-0.5071985080299628,49,14,inf
random_addition,42,80,50,0.007420315589860072,0.08614125370494716,-0.4593285337170179,50,14,inf
random_addition,42,80,51,0.00681985650819208,0.08258242251346275,-0.34123826375531374,51,14,inf
random_addition,42,80,52,0.006889535275746624,0.08300322449005595,-0.35494175283946205,52,14,inf
random_addition,42,80,53,0.007764499007584806,0.0881163946583427,-0.5270179299745457,53,14,inf
random_addition,42,80,54,0.00717837657022435,0.0847253006499496,-0.41174719967559215,54,14,inf
random_addition,42,80,55,0.007024170121304745,0.08381032228374226,-0.38141993552269393,55,14,inf
random_addition,42,80,56,0.006390655223580637,0.07994157381225764,-0.25682868928958835,56,14,inf
random_addition,42,80,57,0.005819560600992334,0.0762860446018296,-0.14451342882622864,57,14,inf
random_addition,42,80,58,0.0060228035159851975,0.07760672339420856,-0.1844845299920892,58,14,inf
random_addition,42,80,59,0.006028732128143333,0.077644910510241,-0.18565049022422953,59,14,inf
random_addition,42,80,60,0.0057742223569972025,0.07598830408028069,-0.13559690872280727,60,14,inf
random_addition,42,80,61,0.006010419266688851,0.07752689382845704,-0.18204896129585735,61,14,inf
random_addition,42,80,62,0.006064075794123751,0.07787217599453447,-0.1926014102527347,62,14,inf
random_addition,42,80,63,0.006210979416310566,0.07880976726466439,-0.22149245201065626,63,14,inf
random_addition,42,80,64,0.006049162831836134,0.07777636422356174,-0.18966852806935375,64,14,inf
random_addition,42,80,65,0.005777336970755988,0.0760087953513012,-0.13620944934519175,65,14,inf
random_addition,42,80,66,0.005651021415580586,0.07517327594019424,-0.11136739354750214,66,14,inf
random_addition,42,80,67,0.005997804371976534,0.0774454929093781,-0.17956803234066898,67,14,inf
random_addition,42,80,68,0.006659648025613212,0.08160666655128863,-0.3097305998103552,68,14,inf
random_addition,42,80,69,0.006530559084438656,0.08081187464994644,-0.2843431115071928,69,14,inf
random_addition,42,80,70,0.006195371585999571,0.0787106827946472,-0.21842291246797507,70,14,inf
random_addition,42,80,71,0.0065622691722172725,0.08100783401756445,-0.2905794279201015,71,14,inf
random_addition,42,80,72,0.006122167970408909,0.07824428394719264,-0.20402620336456634,72,14,inf
random_addition,42,80,73,0.00541257957004211,0.07357023562584335,-0.0644738369847675,73,14,inf
random_addition,42,80,74,0.005414319874010027,0.07358206217557392,-0.064816096718463,74,14,inf
random_addition,42,80,75,0.005549480517499554,0.07449483550890998,-0.09139768631410727,75,14,inf
random_addition,42,80,76,0.0055621751043979945,0.07457999131401126,-0.09389428806376321,76,14,inf
random_addition,42,80,77,0.005465705945637317,0.07393041285991386,-0.07492202276071991,77,14,inf
random_addition,42,80,78,0.005271007588595419,0.07260170513559182,-0.03663135109611715,78,14,inf
random_addition,42,80,79,0.003971198257741078,0.06301744407496292,0.21899778245440527,79,14,inf
random_addition,42,80,80,0.004037311352663067,0.06353984067231415,0.20599554222572247,80,14,inf
random_addition,42,80,81,0.003860612554247846,0.06213382777720882,0.24074630117635443,81,14,inf
random_addition,42,80,82,0.003742819948909075,0.061178590609044556,0.2639121770680263,82,14,inf
random_addition,42,80,83,0.003721475180089413,0.061003894794426146,0.2681099810302582,83,14,inf
random_addition,42,80,84,0.003706113331040025,0.06087785583477809,0.27113114426475193,84,14,inf
random_addition,42,80,85,0.004010051801569273,0.06332496981104115,0.21135658654327838,85,14,inf
random_addition,42,80,86,0.0040032025688485654,0.06327086666743681,0.21270360212804085,86,14,inf
random_addition,42,80,87,0.0039032182016456958,0.0624757409051361,0.23236719166379793,87,14,inf
random_addition,42,80,88,0.0039067054115636615,0.06250364318632684,0.23168137380676457,88,14,inf
random_addition,42,80,89,0.003895408966482737,0.06241321147387576,0.23390300770312977,89,14,inf
random_addition,42,80,90,0.003944879301143495,0.06280827414555741,0.22417384321292577,90,14,inf
random_addition,42,80,91,0.004230675655558911,0.06504364423645796,0.16796723450740814,91,14,inf
random_addition,42,80,92,0.0042706341054161035,0.06535008879424804,0.1601087404402034,92,14,inf
random_addition,42,80,93,0.004046683824034292,0.06361355063219072,0.20415228977401212,93,14,inf
random_addition,42,80,94,0.0040458633917568034,0.06360710173995356,0.20431364143325392,94,14,inf
random_addition,42,80,95,0.00399021571984715,0.06316815431724399,0.21525768208344576,95,14,inf
random_addition,42,80,96,0.004010283121494462,0.06332679623583103,0.2113110936308601,96,14,inf
random_addition,42,80,97,0.004031161186444218,0.06349142608608045,0.20720507475052963,97,14,inf
random_addition,42,80,98,0.004086696298317616,0.06392727350918086,0.19628317090445013,98,14,inf
random_addition,42,80,99,0.004080259280015222,0.06387690725148817,0.1975491176646632,99,14,inf
random_addition,42,80,100,0.004122566573649519,0.06420721590015813,0.18922868438427254,100,14,inf
random_addition,42,80,101,0.004008155085392441,0.06330999198698765,0.21172960734053348,101,14,inf
random_addition,42,80,102,0.0039638267372403045,0.06295892897151527,0.22044751462191026,102,14,inf
random_addition,42,80,103,0.003960722785188728,0.06293427353349468,0.22105795844216292,103,14,inf
random_addition,42,80,104,0.00402759766596769,0.06346335687597757,0.20790590034870082,104,14,inf
random_addition,42,80,105,0.003969439813583759,0.06300349048730364,0.21934360975819678,105,14,inf
random_addition,42,80,106,0.0038765431429482224,0.062261891578623135,0.23761328582574892,106,14,inf
random_addition,42,80,107,0.0037275249244787404,0.06105345956191787,0.2669201981292312,107,14,inf
random_addition,42,80,108,0.003659494240321223,0.06049375372979613,0.2802995641894862,108,14,inf
random_addition,42,80,109,0.0037531020948389144,0.061262566831948154,0.2618900219775122,109,14,inf
random_addition,42,80,110,0.003751467240353578,0.06124922236529683,0.2622115433157942,110,14,inf
random_addition,42,80,111,0.0037354914402045595,0.06111866687195132,0.26535345025008705,111,14,inf
random_addition,42,80,112,0.0037889454521675492,0.06155441050134059,0.25484082933058894,112,14,inf
random_addition,42,80,113,0.003793542911796634,0.06159174386065582,0.25393666239347057,113,14,inf
random_addition,42,80,114,0.004939648975313589,0.07028263637139395,0.028535833964834723,114,14,inf
random_addition,42,80,115,0.0037165841872015145,0.06096379406829528,0.26907187616707307,115,14,inf
random_addition,42,80,116,0.003548316331316608,0.0595677457296867,0.3021645499794624,116,14,inf
random_addition,42,80,117,0.0030371085539437383,0.05510996782746056,0.4027020658228221,117,14,inf
random_addition,42,80,118,0.0030116495811980957,0.05487849835042952,0.40770899644685243,118,14,inf
random_addition,42,80,119,0.002893226724934529,0.05378872302755038,0.4309988216701689,119,14,inf
random_addition,42,80,120,0.0026836247745428655,0.05180371390685098,0.4722205329606265,120,14,inf
random_addition,42,80,121,0.00271923689569671,0.0521463027998794,0.4652168167552121,121,14,inf
random_addition,42,80,122,0.0027155225886033073,0.052110676339914334,0.46594729705065896,122,14,inf
random_addition,42,80,123,0.0027227007635757627,0.05217950520631413,0.4645355894985391,123,14,inf
random_addition,42,80,124,0.0027630060698300082,0.05256430414102339,0.4566088803492141,124,14,inf
random_addition,42,80,125,0.0028310836005443333,0.053207927985821184,0.44322030113404287,125,14,inf
random_addition,42,80,126,0.0029532694105231603,0.054343991485012955,0.41919042844761845,126,14,inf
random_addition,42,80,127,0.002980015153663699,0.054589515052468625,0.41393043301375987,127,14,inf
random_addition,42,80,128,0.0028813751200757126,0.0536784418558858,0.43332963697463445,128,14,inf
random_addition,42,80,129,0.0028776167914819485,0.053643422630197155,0.43406877483063877,129,14,inf
random_addition,42,80,130,0.0027385070308904537,0.052330746515700056,0.46142702401711844,130,14,inf
random_addition,42,80,131,0.002786630706232469,0.05278854711234691,0.45196270249016,131,14,inf
random_addition,42,80,132,0.0027127009578315027,0.05208359586118745,0.46650221769345956,132,14,inf
random_addition,42,80,133,0.00257530631466074,0.05074747594374266,0.493523160499848,133,14,inf
random_addition,42,80,134,0.002530927678853383,0.05030832613845727,0.5022509576854033,134,14,inf
random_addition,42,80,135,0.002325824564196783,0.048226803379415296,0.542587898068589,135,14,inf
random_addition,42,80,136,0.0023694032972510965,0.04867651689727909,0.5340174150696851,136,14,inf
random_addition,42,80,137,0.0024666969825268867,0.0496658532849974,0.5148829929074437,137,14,inf
random_addition,42,80,138,0.002466350044859669,0.04966236044389824,0.5149512239726943,138,14,inf
random_addition,42,80,139,0.00246978412799717,0.049696922721604905,0.5142758543810613,139,14,inf
random_addition,42,80,140,0.002472341036736107,0.04972264108769874,0.5137729957309602,140,14,inf
random_addition,42,80,141,0.0023142919627648535,0.04810708848771513,0.5448559760409866,141,14,inf
random_addition,42,80,142,0.0024615016644016054,0.04961352299929532,0.5159047386661175,142,14,inf
random_addition,42,80,143,0.0024316435327568194,0.0493116977273833,0.5217768370890279,143,14,inf
random_addition,42,80,144,0.00243024077700268,0.0492974723185954,0.5220527123497309,144,14,inf
random_addition,42,80,145,0.0024365388011370536,0.04936130874619365,0.5208141011055017,145,14,inf
random_addition,42,80,146,0.0024465510743982405,0.049462623003620025,0.5188450209659201,146,14,inf
random_addition,42,80,147,0.0024649351405276717,0.04964811316180779,0.5152294884533837,147,14,inf
random_addition,42,80,148,0.002510482188939943,0.05010471224286138,0.5062719034868565,148,14,inf
random_addition,42,80,149,0.0024851771758805995,0.04985155138890463,0.5112485553767094,149,14,inf
random_addition,42,80,150,0.0026800483819562917,0.05176918370958047,0.47292389007342817,150,14,inf
random_addition,42,81,10,0.00962854819961681,0.0981251659851682,-0.8936142210947935,10,10,inf
random_addition,42,81,11,0.008532696710192866,0.09237259718224267,-0.6780967908903441,11,11,inf
random_addition,42,81,12,0.013848515141232217,0.11767971422990547,-1.7235409397989545,12,12,inf
random_addition,42,81,13,0.013716417450308951,0.11711710998103117,-1.6975617307925503,13,13,inf
random_addition,42,81,14,0.007533249389377934,0.08679429353003534,-0.4815388445941866,14,14,inf
random_addition,42,81,15,0.005671563078887906,0.07530978076510318,-0.11540725344717329,15,14,inf
random_addition,42,81,16,0.004806181977317765,0.06932663252544267,0.05478433999212762,16,14,inf
random_addition,42,81,17,0.0045540327911322695,0.06748357423204752,0.10437367318125124,17,14,inf
random_addition,42,81,18,0.00449143403904827,0.06701816200887838,0.11668475941269019,18,14,inf
random_addition,42,81,19,0.004991896383730139,0.07065335366230069,0.018260511710451288,19,14,inf
random_addition,42,81,20,0.004804848329189955,0.06931701327372636,0.05504662408817218,20,14,inf
random_addition,42,81,21,0.003437548770481188,0.0586306129123787,0.32394883397383256,21,14,inf
random_addition,42,81,22,0.0035817438150527515,0.05984767175966624,0.29559047907428737,22,14,inf
random_addition,42,81,23,0.005039901432543273,0.07099226318792262,0.008819520064325514,23,14,inf
random_addition,42,81,24,0.00410786923481837,0.06409266131795723,0.1921191606269963,24,14,inf
random_addition,42,81,25,0.005703602543451379,0.07552219901096219,-0.12170834728560553,25,14,inf
random_addition,42,81,26,0.008690712481778657,0.09322399091316921,-0.7091732217321225,26,14,inf
random_addition,42,81,27,0.00854082600657248,0.09241658945542451,-0.6796955522937034,27,14,inf
random_addition,42,81,28,0.008620656084092102,0.0928474883025497,-0.6953954653988039,28,14,inf
random_addition,42,81,29,0.012314516904333387,0.1109707930238105,-1.4218546610054843,29,14,inf
random_addition,42,81,30,0.01145581390768774,0.10703183595401762,-1.2529764280222784,30,14,inf
random_addition,42,81,31,0.00905559653799744,0.09516089815673999,-0.7809337430051155,31,14,inf
random_addition,42,81,32,0.0074636410077552565,0.08639236660582494,-0.46784919807475167,32,14,inf
random_addition,42,81,33,0.008233294513459449,0.09073750334596742,-0.6192143668937564,33,14,inf
random_addition,42,81,34,0.007609958561786314,0.08723507644168321,-0.49662497977775466,34,14,inf
random_addition,42,81,35,0.010774880551303765,0.10380212209441465,-1.119059552857462,35,14,inf
random_addition,42,81,36,0.008345508920124332,0.09135375701154459,-0.6412831971957944,36,14,inf
random_addition,42,81,37,0.006371190615057127,0.07981973825475204,-0.25300065013518824,37,14,inf
random_addition,42,81,38,0.006013428645789568,0.07754630001353752,-0.18264080577164354,38,14,inf
random_addition,42,81,39,0.00618352882269139,0.07863541710127435,-0.21609383600156407,39,14,inf
random_addition,42,81,40,0.006002592827781528,0.07747640174776788,-0.18050976185392842,40,14,inf
random_addition,42,81,41,0.005783977087378416,0.07605246273052843,-0.13751533876956623,41,14,inf
random_addition,42,81,42,0.005752824671326678,0.07584737748483251,-0.13138869778132456,42,14,inf
random_addition,42,81,43,0.007327916559318288,0.08560325086886764,-0.4411567268545611,43,14,inf
random_addition,42,81,44,0.007375457580996657,0.08588048428482839,-0.4505064598432913,44,14,inf
random_addition,42,81,45,0.007402541001675038,0.08603802067501924,-0.45583286518387167,45,14,inf
random_addition,42,81,46,0.007782230812689805,0.08821695309117067,-0.530505184503099,46,14,inf
random_addition,42,81,47,0.005427150549167253,0.07366919674577192,-0.06733946248869804,47,14,inf
random_addition,42,81,48,0.005437599088067282,0.07374007789572291,-0.0693943415255549,48,14,inf
random_addition,42,81,49,0.004734250225699061,0.06880588801620877,0.06893091588181977,49,14,inf
random_addition,42,81,50,0.004875145938781253,0.06982224530034288,0.04122142942005491,50,14,inf
random_addition,42,81,51,0.004382714471666621,0.06620207301638387,0.1380662714160633,51,14,inf
random_addition,42,81,52,0.0043037139045736675,0.06560269738794029,0.15360304749282672,52,14,inf
random_addition,42,81,53,0.003954539315022739,0.06288512793198991,0.22227404074234802,53,14,inf
random_addition,42,81,54,0.004662885212246313,0.06828532208495698,0.08296603328073582,54,14,inf
random_addition,42,81,55,0.00400563091966635,0.06329005387631101,0.21222602653231948,55,14,inf
random_addition,42,81,56,0.003389266159736662,0.05821740426828271,0.3334444127923566,56,14,inf
random_addition,42,81,57,0.003515894229593668,0.05929497642797127,0.30854089578233057,57,14,inf
random_addition,42,81,58,0.003393049981051559,0.058249892541115976,0.33270026136854625,58,14,inf
random_addition,42,81,59,0.00333657114671604,0.05776306039949788,0.3438077639402063,59,14,inf
random_addition,42,81,60,0.0034266482998110198,0.05853758023535838,0.326092592913366,60,14,inf
random_addition,42,81,61,0.003214370464190726,0.05669541837036504,0.36784056156037437,61,14,inf
random_addition,42,81,62,0.003327121162373025,0.05768120285130178,0.34566626060762373,62,14,inf
random_addition,42,81,63,0.003447591431719853,0.05871619394783566,0.3219737775328283,63,14,inf
random_addition,42,81,64,0.003582464713302793,0.059853694232710426,0.29544870243777477,64,14,inf
random_addition,42,81,65,0.0036337429168933947,0.06028053514106684,0.2853639904398412,65,14,inf
random_addition,42,81,66,0.003645301200398434,0.060376329802319335,0.2830908616604205,66,14,inf
random_addition,42,81,67,0.0036929764275369613,0.060769864468640716,0.27371473493479104,67,14,inf
random_addition,42,81,68,0.003122231504858222,0.05587693177741797,0.3859612210919793,68,14,inf
random_addition,42,81,69,0.0027626087758167847,0.05256052488148101,0.45668701482782903,69,14,inf
random_addition,42,81,70,0.0027910084583322742,0.052829995819915355,0.45110174469457587,70,14,inf
random_addition,42,81,71,0.002821653364872599,0.05311923723918294,0.445074913896638,71,14,inf
random_addition,42,81,72,0.002696135315818944,0.05192432296928814,0.4697601268451004,72,14,inf
random_addition,42,81,73,0.002211893787226348,0.047030774895023233,0.5649942811513657,73,14,inf
random_addition,42,81,74,0.002138922836814795,0.04624849010308115,0.579345232775788,74,14,inf
random_addition,42,81,75,0.002130264368133989,0.04615478705545059,0.5810480647175267,75,14,inf
random_addition,42,81,76,0.002328705138478766,0.04825665900659479,0.5420213852037004,76,14,inf
random_addition,42,81,77,0.002258613699118218,0.047524874530273285,0.5558060330652979,77,14,inf
random_addition,42,81,78,0.002151521722183909,0.04638449872731093,0.5768674523243336,78,14,inf
random_addition,42,81,79,0.002153090777330083,0.04640140921707102,0.5765588715209893,79,14,inf
random_addition,42,81,80,0.0018873659495478423,0.04344382521772044,0.6288180805268124,80,14,inf
random_addition,42,81,81,0.0018963426003279,0.04354701597501142,0.6270526727807519,81,14,inf
random_addition,42,81,82,0.0019042219766165773,0.04363739195479695,0.6255030623219093,82,14,inf
random_addition,42,81,83,0.001934850313801445,0.043986933443938156,0.6194794901634338,83,14,inf
random_addition,42,81,84,0.0019547881950075638,0.04421298672344545,0.6155583740608102,84,14,inf
random_addition,42,81,85,0.002037127923747841,0.045134553545458284,0.599364896282937,85,14,inf
random_addition,42,81,86,0.0020564198163097727,0.045347765284628666,0.5955708245963497,86,14,inf
random_addition,42,81,87,0.0019957351544845005,0.044673651680655124,0.6075054731282267,87,14,inf
random_addition,42,81,88,0.0017739451395769768,0.04211822811535377,0.6511241701133472,88,14,inf
random_addition,42,81,89,0.0017556090307023677,0.041899988433200884,0.6547302710337211,89,14,inf
random_addition,42,81,90,0.0017562249540087078,0.0419073377108199,0.6546091394666551,90,14,inf
random_addition,42,81,91,0.0017380178801666047,0.04168954161617281,0.6581898635007626,91,14,inf
random_addition,42,81,92,0.0017328141110979384,0.041627083864930275,0.6592132712780754,92,14,inf
random_addition,42,81,93,0.0017455720893940012,0.041780044152609525,0.6567042025552533,93,14,inf
random_addition,42,81,94,0.0017225927716869155,0.04150412957389801,0.6612234677548526,94,14,inf
random_addition,42,81,95,0.0016808019652208457,0.040997584870585316,0.6694423252393402,95,14,inf
random_addition,42,81,96,0.0016867355961221477,0.04106988673130409,0.668275377987845,96,14,inf
random_addition,42,81,97,0.0017920312161950776,0.042332389682075325,0.647567242196716,97,14,inf
random_addition,42,81,98,0.0017880686297905742,0.04228556053537158,0.6483465507500225,98,14,inf
random_addition,42,81,99,0.0016566909603057394,0.040702468724952534,0.6741841555595072,99,14,inf
random_addition,42,81,100,0.001656408083778722,0.040698993645773625,0.6742397879355693,100,14,inf
random_addition,42,81,101,0.001581186733081862,0.03976413878209689,0.6890333182224304,101,14,inf
random_addition,42,81,102,0.0015812055196281704,0.03976437500613043,0.6890296235354935,102,14,inf
random_addition,42,81,103,0.0017267241063670558,0.041553869932499134,0.6604109720451955,103,14,inf
random_addition,42,81,104,0.0019120719203763465,0.04372724460077889,0.6239592402596296,104,14,inf
random_addition,42,81,105,0.0019298279203855487,0.04392980674195538,0.620467227400565,105,14,inf
random_addition,42,81,106,0.0019069551980731357,0.04366869814951135,0.6249655288420701,106,14,inf
random_addition,42,81,107,0.0019070766223548343,0.04367008841707141,0.6249416487365917,107,14,inf
random_addition,42,81,108,0.0019658817145388145,0.04433826467667419,0.61337664885044,108,14,inf
random_addition,42,81,109,0.0020321607042104225,0.04507949316718659,0.6003417826587801,109,14,inf
random_addition,42,81,110,0.0020690553526793777,0.04548687011302688,0.5930858361157814,110,14,inf
random_addition,42,81,111,0.002047261717158481,0.04524667631062508,0.5973719171838876,111,14,inf
random_addition,42,81,112,0.002046724191790611,0.045240735977552474,0.5974776304918232,112,14,inf
random_addition,42,81,113,0.0020467979347724694,0.04524155097664612,0.5974631277073682,113,14,inf
random_addition,42,81,114,0.0021167464491362235,0.04600811286214882,0.5837065884246413,114,14,inf
random_addition,42,81,115,0.0022709278733743722,0.047654253465712504,0.5533842457917585,115,14,inf
random_addition,42,81,116,0.0022095359094980683,0.047005700819135424,0.565457997041374,116,14,inf
random_addition,42,81,117,0.0022534428756930533,0.04747044212658076,0.5568229615336056,117,14,inf
random_addition,42,81,118,0.0022740815491023346,0.04768733111741875,0.5527640229831497,118,14,inf
random_addition,42,81,119,0.0022879255281462755,0.047832264509912924,0.5500413741423631,119,14,inf
random_addition,42,81,120,0.002231848026896818,0.04724243883307484,0.5610699478845249,120,14,inf
random_addition,42,81,121,0.0022637255511890842,0.04757862494008296,0.5548007022950878,121,14,inf
random_addition,42,81,122,0.002292953001777265,0.047884788835049326,0.5490526377963998,122,14,inf
random_addition,42,81,123,0.0023145082506049403,0.04810933641825608,0.5448134394382353,123,14,inf
random_addition,42,81,124,0.0022630894513545326,0.047571939747655154,0.5549258019121611,124,14,inf
random_addition,42,81,125,0.002250040026004852,0.04743458681178589,0.5574921885477137,125,14,inf
random_addition,42,81,126,0.002485940513986002,0.04985920691292634,0.511098432236447,126,14,inf
random_addition,42,81,127,0.002573704311560697,0.050731689421511454,0.4938382210665698,127,14,inf
random_addition,42,81,128,0.002589539232001511,0.05088751548269488,0.4907240204711132,128,14,inf
random_addition,42,81,129,0.002624949668477132,0.0512342626420751,0.483759968913675,129,14,inf
random_addition,42,81,130,0.0026624629014048553,0.0515990591135619,0.4763823674437041,130,14,inf
random_addition,42,81,131,0.002660584728127904,0.051580856217475726,0.4767517414711465,131,14,inf
random_addition,42,81,132,0.002661690958228929,0.05159157836535851,0.4765341829142721,132,14,inf
random_addition,42,81,133,0.003044645389723262,0.055178305426347246,0.40121982165492875,133,14,inf
random_addition,42,81,134,0.003016658775974347,0.054924118344988906,0.40672385494183083,134,14,inf
random_addition,42,81,135,0.003103143002925418,0.0557058614772756,0.38971529262695814,135,14,inf
random_addition,42,81,136,0.0030915588981301535,0.05560178862348003,0.3919934995927641,136,14,inf
random_addition,42,81,137,0.002924484791056502,0.05407850581383053,0.4248514028376137,137,14,inf
random_addition,42,81,138,0.002929836212396882,0.05412796146537279,0.42379895678415613,138,14,inf
random_addition,42,81,139,0.002867076543829881,0.053545088886189,0.4361416899196041,139,14,inf
random_addition,42,81,140,0.0028884750003252886,0.053744534608881754,0.4319333273825817,140,14,inf
random_addition,42,81,141,0.0028395525812007277,0.05328745238046878,0.4415547351653578,141,14,inf
random_addition,42,81,142,0.002918392914396142,0.05402215207112858,0.4260494717508143,142,14,inf
random_addition,42,81,143,0.002952390172016263,0.054335901317786775,0.41936334533040065,143,14,inf
random_addition,42,81,144,0.002716038281213025,0.05211562415641806,0.46584587751790796,144,14,inf
random_addition,42,81,145,0.0026434614320869363,0.0514146032960183,0.4801193225667558,145,14,inf
random_addition,42,81,146,0.0026230996317539675,0.05121620477694504,0.48412380941962696,146,14,inf
random_addition,42,81,147,0.0026371072315771785,0.05135277238452836,0.481368981829971,147,14,inf
random_addition,42,81,148,0.0026278753654208806,0.051262806842981984,0.4831845819265157,148,14,inf
random_addition,42,81,149,0.0026312850572848983,0.051296053038073976,0.48251400928468047,149,14,inf
random_addition,42,81,150,0.0026800483819562917,0.05176918370958047,0.47292389007342817,150,14,inf
random_addition,42,82,10,0.00962854819961681,0.0981251659851682,-0.8936142210947935,10,10,inf
random_addition,42,82,11,0.005361585695993393,0.0732228495484394,-0.05444504312244769,11,11,inf
random_addition,42,82,12,0.005345139856156759,0.07311046338354558,-0.051210695062193334,12,12,inf
random_addition,42,82,13,0.004884374258808317,0.06988829843978402,0.03940652672883116,13,13,inf
random_addition,42,82,14,0.004679535011045762,0.06840712690243438,0.07969157329659637,14,14,inf
random_addition,42,82,15,0.005579830225334934,0.07469826119351732,-0.09736646137465432,15,14,inf
random_addition,42,82,16,0.004521022439338581,0.06723854875990841,0.11086570814892771,16,14,inf
random_addition,42,82,17,0.006615013673572,0.08133273432986253,-0.30095251177233173,17,14,inf
random_addition,42,82,18,0.006834422985976756,0.08267056904350396,-0.3441030039957398,18,14,inf
random_addition,42,82,19,0.006636114396858475,0.08146234956627801,-0.3051023201195804,19,14,inf
random_addition,42,82,20,0.005769568959868217,0.07595767874196932,-0.1346817407455414,20,14,inf
random_addition,42,82,21,0.005584038667859498,0.07472642549901272,-0.09819412162498065,21,14,inf
random_addition,42,82,22,0.005721906738458634,0.07564328614264873,-0.1253081718129223,22,14,inf
random_addition,42,82,23,0.005559711611617143,0.07456347370943191,-0.09340980121624765,23,14,inf
random_addition,42,82,24,0.004749556075920181,0.06891702312143337,0.06592076574871719,24,14,inf
random_addition,42,82,25,0.005179266133573663,0.071967118419273,-0.018588867401634568,25,14,inf
random_addition,42,82,26,0.005093782753157234,0.0713707415763437,-0.0017771382117399703,26,14,inf
random_addition,42,82,27,0.0051010966174164325,0.07142196173038397,-0.003215531319947562,27,14,inf
random_addition,42,82,28,0.00534068601980983,0.07307999739880831,-0.05033477403338149,28,14,inf
random_addition,42,82,29,0.004499284421281378,0.06707670550408225,0.11514085111733208,29,14,inf
random_addition,42,82,30,0.0043656410053414165,0.06607299755075001,0.14142405266890856,30,14,inf
random_addition,42,82,31,0.004446071521358358,0.06667886862686227,0.12560605334210106,31,14,inf
random_addition,42,82,32,0.004444945025232595,0.06667042091686984,0.12582759754996375,32,14,inf
random_addition,42,82,33,0.005319324433446114,0.07293369888773031,-0.04613366262126983,33,14,inf
random_addition,42,82,34,0.005975272913078993,0.07729988947649921,-0.17513684602827206,34,14,inf
random_addition,42,82,35,0.005695677639355766,0.07546971339123905,-0.12014978302595303,35,14,inf
random_addition,42,82,36,0.005690682362346639,0.07543661155133255,-0.11916737868142602,36,14,inf
random_addition,42,82,37,0.0076366576494634394,0.08738797199536924,-0.5018757996383931,37,14,inf
random_addition,42,82,38,0.008083120782957667,0.08990617766848764,-0.5896802039215703,38,14,inf
random_addition,42,82,39,0.007749073411736469,0.08802882148328733,-0.5239842298713011,39,14,inf
random_addition,42,82,40,0.0065342839867693365,0.080834918115684,-0.2850756755323536,40,14,inf
random_addition,42,82,41,0.00628752029559525,0.07929388561292258,-0.23654548955107657,41,14,inf
random_addition,42,82,42,0.005401801478885203,0.0734969487726205,-0.06235414601289424,42,14,inf
random_addition,42,82,43,0.004939497583242284,0.07028155933986015,0.028565607734798992,43,14,inf
random_addition,42,82,44,0.004533613539013454,0.06733211372750342,0.10838945888379847,44,14,inf
random_addition,42,82,45,0.004371913723091319,0.0661204486001972,0.1401904183462801,45,14,inf
random_addition,42,82,46,0.004236128632677012,0.06508554857014737,0.16689481582038812,46,14,inf
random_addition,42,82,47,0.004190789257730458,0.06473630556133442,0.1758115583442258,47,14,inf
random_addition,42,82,48,0.004529494518705921,0.06730151943831522,0.10919953276717298,48,14,inf
random_addition,42,82,49,0.004465841996572002,0.06682695561352471,0.12171786041350896,49,14,inf
random_addition,42,82,50,0.004499812264596508,0.0670806400133191,0.11503704194617592,50,14,inf
random_addition,42,82,51,0.004994980604374485,0.07067517671979665,0.01765394839975809,51,14,inf
random_addition,42,82,52,0.0052728620228516205,0.07261447529832891,-0.036996056450115056,52,14,inf
random_addition,42,82,53,0.0049614492404407365,0.07043755561091496,0.024248449074343537,53,14,inf
random_addition,42,82,54,0.004996961152369303,0.07068918695507329,0.017264440680546778,54,14,inf
random_addition,42,82,55,0.004773582279855686,0.06909111578094311,0.061195612952264944,55,14,inf
random_addition,42,82,56,0.0048752201925491324,0.06982277703263551,0.041206826181029665,56,14,inf
random_addition,42,82,57,0.005365103689191052,0.073246868118651,-0.055136915023662025,57,14,inf
random_addition,42,82,58,0.005329080918844769,0.07300055423655884,-0.048052437821411775,58,14,inf
random_addition,42,82,59,0.005073238344063162,0.07122666876994292,0.0022632616925853943,59,14,inf
random_addition,42,82,60,0.005176725524036342,0.07194946507123136,-0.01808921426074761,60,14,inf
random_addition,42,82,61,0.005179450025425162,0.07196839601814926,-0.018625032794165497,61,14,inf
random_addition,42,82,62,0.005215696501701203,0.07221977915849094,-0.025753505489936712,62,14,inf
random_addition,42,82,63,0.005317777099700342,0.07292309030547417,-0.045829353692755426,63,14,inf
random_addition,42,82,64,0.005941075473640095,0.07707837228198385,-0.16841135052219935,64,14,inf
random_addition,42,82,65,0.005843907942151496,0.07644545730225895,-0.14930173860138996,65,14,inf
random_addition,42,82,66,0.005808426884009117,0.07621303618154257,-0.14232379811804963,66,14,inf
random_addition,42,82,67,0.005336298689397422,0.07304997391784217,-0.049471932503242,67,14,inf
random_addition,42,82,68,0.005173456963381875,0.07192674720423464,-0.017446397419673243,68,14,inf
random_addition,42,82,69,0.005374735780442471,0.07331258950850442,-0.05703122604484978,69,14,inf
random_addition,42,82,70,0.0054011117536554255,0.07349225641967612,-0.062218500069531224,70,14,inf
random_addition,42,82,71,0.005342353256192945,0.07309140343564997,-0.05066266381069151,71,14,inf
random_addition,42,82,72,0.005690373431942403,0.07543456390768362,-0.11910662237687619,72,14,inf
random_addition,42,82,73,0.00561418472478028,0.07492786347401266,-0.10412284534445049,73,14,inf
random_addition,42,82,74,0.005755592559893248,0.07586562172613659,-0.13193304912520332,74,14,inf
random_addition,42,82,75,0.0056309077091983555,0.07503937439237054,-0.10741169849829091,75,14,inf
random_addition,42,82,76,0.005344321519350953,0.0731048665914312,-0.05104975551232638,76,14,inf
random_addition,42,82,77,0.005081342445769266,0.071283535586903,0.0006694552410076993,77,14,inf
random_addition,42,82,78,0.005054846821768018,0.07109744595812158,0.005880260584178787,78,14,inf
random_addition,42,82,79,0.004996011232843916,0.07068246764823591,0.01745125816173687,79,14,inf
random_addition,42,82,80,0.004921781711627527,0.07015541113576006,0.03204972867736511,80,14,inf
random_addition,42,82,81,0.004898377102698212,0.06998840691641875,0.03665263447259992,81,14,inf
random_addition,42,82,82,0.004924253531589424,0.07017302566933696,0.031563604151133684,82,14,inf
random_addition,42,82,83,0.004894488026190623,0.06996061768016791,0.037417486081483986,83,14,inf
random_addition,42,82,84,0.004836348008410261,0.06954385672660282,0.04885168801942308,84,14,inf
random_addition,42,82,85,0.004449358744122389,0.06670351373145487,0.12495956628664606,85,14,inf
random_addition,42,82,86,0.003701148179158664,0.060837062545447275,0.2721076240016259,86,14,inf
random_addition,42,82,87,0.0033689482317545137,0.05804264149532233,0.3374402714174094,87,14,inf
random_addition,42,82,88,0.003460230035434976,0.05882372000677087,0.31948818580772365,88,14,inf
random_addition,42,82,89,0.0038318388557008545,0.0619018485644884,0.24640512778577472,89,14,inf
random_addition,42,82,90,0.003832493223797065,0.061907133868376304,0.24627643541106514,90,14,inf
random_addition,42,82,91,0.0037540246342012305,0.06127009575805501,0.26170858926099205,91,14,inf
random_addition,42,82,92,0.0038008847577536836,0.06165131594502816,0.2524927662187689,92,14,inf
random_addition,42,82,93,0.003821221007711537,0.06181602549267897,0.24849330427231875,93,14,inf
random_addition,42,82,94,0.0037245282691399815,0.061028913386525094,0.26750954026550666,94,14,inf
random_addition,42,82,95,0.003489397082779647,0.059071118854984006,0.31375200061197295,95,14,inf
random_addition,42,82,96,0.0034843789287989126,0.05902862804435584,0.3147389040936359,96,14,inf
random_addition,42,82,97,0.003369173424146699,0.05804458135043011,0.3373959835863175,97,14,inf
random_addition,42,82,98,0.0031503992862935938,0.05612841781391663,0.3804215581649315,98,14,inf
random_addition,42,82,99,0.0026960188560688886,0.05192320151983012,0.469783030592822,99,14,inf
random_addition,42,82,100,0.0027610354874050692,0.05254555630502992,0.456996428173283,100,14,inf
random_addition,42,82,101,0.002631905180759444,0.05130209723548779,0.4823920516846467,101,14,inf
random_addition,42,82,102,0.0026810377691020197,0.051778738581603354,0.47272931062796275,102,14,inf
random_addition,42,82,103,0.0026160887891904508,0.051147715385835665,0.48550260826914204,103,14,inf
random_addition,42,82,104,0.0025474034544403774,0.050471808511686776,0.49901072226171383,104,14,inf
random_addition,42,82,105,0.002508262503208123,0.05008255687570397,0.5067084416212664,105,14,inf
random_addition,42,82,106,0.0025609855809007797,0.05060618125190617,0.4963395710886689,106,14,inf
random_addition,42,82,107,0.002870296879898034,0.05357515170205339,0.43550835724587855,107,14,inf
random_addition,42,82,108,0.002925085450950706,0.05408405912050894,0.42473327307452535,108,14,inf
random_addition,42,82,109,0.002971616526485297,0.054512535498592404,0.415582162800326,109,14,inf
random_addition,42,82,110,0.002609556842397715,0.051083821728583646,0.48678722429657717,110,14,inf
random_addition,42,82,111,0.002617172613977547,0.05115830933462859,0.485289456090073,111,14,inf
random_addition,42,82,112,0.0025625540160446056,0.050621675357939364,0.4960311122191031,112,14,inf
random_addition,42,82,113,0.00256793335467915,0.05067478026276138,0.4949731757652084,113,14,inf
random_addition,42,82,114,0.0025831776913256524,0.05082497113944731,0.4919751233001314,114,14,inf
random_addition,42,82,115,0.002436170417988291,0.04935757710816335,0.5208865497815478,115,14,inf
random_addition,42,82,116,0.002309688609973256,0.04805921982276924,0.5457613019665744,116,14,inf
random_addition,42,82,117,0.002303064903658432,0.0479902584245848,0.5470639640308933,117,14,inf
random_addition,42,82,118,0.002308619565988707,0.0480480963825697,0.5459715472548723,118,14,inf
random_addition,42,82,119,0.002035247379581568,0.04511371609146788,0.5997347365852157,119,14,inf
random_addition,42,82,120,0.0022495030264239224,0.047428926051766365,0.5575977984508983,120,14,inf
random_addition,42,82,121,0.0022936647621540993,0.0478922202675351,0.5489126582747064,121,14,inf
random_addition,42,82,122,0.0022418338362494147,0.04734800773263237,0.5591060723129231,122,14,inf
random_addition,42,82,123,0.002294340389792559,0.04789927337436925,0.5487797848572576,123,14,inf
random_addition,42,82,124,0.002287394435190723,0.047826712569344794,0.5501458224093819,124,14,inf
random_addition,42,82,125,0.0023774159719144186,0.04875875277234251,0.532441589267403,125,14,inf
random_addition,42,82,126,0.0022596151978052396,0.04753540993622796,0.5556090716837028,126,14,inf
random_addition,42,82,127,0.0022027441319663497,0.04693340102705481,0.5667937131071757,127,14,inf
random_addition,42,82,128,0.0019529730305509092,0.04419245445266544,0.6159153563552836,128,14,inf
random_addition,42,82,129,0.0019566109303177275,0.04423359504175223,0.6151999028320163,129,14,inf
random_addition,42,82,130,0.0020464068112446914,0.04523722815607397,0.5975400486573443,130,14,inf
random_addition,42,82,131,0.001971714499847776,0.04440399193594846,0.6122295345627344,131,14,inf
random_addition,42,82,132,0.002232613369516509,0.0472505382986957,0.5609194305231731,132,14,inf
random_addition,42,82,133,0.002202816252281023,0.04693416934687374,0.5667795294472238,133,14,inf
random_addition,42,82,134,0.0022516716642531323,0.047451782519238754,0.5571712997359664,134,14,inf
random_addition,42,82,135,0.0022751949784735456,0.04769900395682855,0.5525450485699985,135,14,inf
random_addition,42,82,136,0.0022462433791285877,0.04739455009944274,0.5582388623315823,136,14,inf
random_addition,42,82,137,0.0021944284415535468,0.046844726934347124,0.5684291319987311,137,14,inf
random_addition,42,82,138,0.0022936252281761434,0.04789180752671738,0.548920433289311,138,14,inf
random_addition,42,82,139,0.0023231520160273142,0.04819908729454651,0.5431134991369274,139,14,inf
random_addition,42,82,140,0.0024057255416476283,0.0490481961100266,0.5268740413122488,140,14,inf
random_addition,42,82,141,0.0024326635311798604,0.049322039000631965,0.5215762374265117,141,14,inf
random_addition,42,82,142,0.0024311215222188017,0.0493064044746603,0.5218794991475084,142,14,inf
random_addition,42,82,143,0.0024310942395543897,0.04930612780937466,0.5218848647374447,143,14,inf
random_addition,42,82,144,0.002690509363010531,0.05187012013684305,0.47086656407991034,144,14,inf
random_addition,42,82,145,0.002675231426015565,0.05172263939529348,0.47387122461261766,145,14,inf
random_addition,42,82,146,0.002676865222280862,0.05173843080613155,0.47354991139091496,146,14,inf
random_addition,42,82,147,0.002698724392689978,0.05194924823989254,0.46925094179654936,147,14,inf
random_addition,42,82,148,0.002660430001780004,0.05157935635290541,0.47678217098208486,148,14,inf
random_addition,42,82,149,0.002679809108886373,0.05176687269756956,0.4729709471040967,149,14,inf
random_addition,42,82,150,0.0026800483819562917,0.05176918370958047,0.47292389007342817,150,14,inf
random_addition,42,83,10,0.00962854819961681,0.0981251659851682,-0.8936142210947935,10,10,inf
random_addition,42,83,11,0.007392539392298674,0.08597987783370406,-0.4538658822746857,11,11,inf
random_addition,42,83,12,0.009383700681539629,0.09686950336168565,-0.8454608824378642,12,12,inf
random_addition,42,83,13,0.010097261968681263,0.10048513307291414,-0.9857945831101917,13,13,inf
random_addition,42,83,14,0.009775274811125133,0.09886998943625479,-0.9224704507573576,14,14,inf
random_addition,42,83,15,0.0042851945479698145,0.06546139738784847,0.157245187128372,15,14,inf
random_addition,42,83,16,0.004302551210828984,0.06559383515871735,0.1538317105647733,16,14,inf
random_addition,42,83,17,0.003540683207878722,0.05950364029098322,0.3036657307175854,17,14,inf
random_addition,42,83,18,0.010545446011884412,0.10269102206076446,-1.0739374329233153,18,14,inf
random_addition,42,83,19,0.008710097243571944,0.09332790174204038,-0.7129855576983861,19,14,inf
random_addition,42,83,20,0.012667709107013389,0.11255091784171904,-1.491315784729335,20,14,inf
random_addition,42,83,21,0.0132317685535849,0.11502942472943564,-1.602247460764688,21,14,inf
random_addition,42,83,22,0.013008452598678628,0.11405460358389147,-1.5583286622873942,22,14,inf
random_addition,42,83,23,0.013287268415467447,0.1152704143111642,-1.613162432113512,23,14,inf
random_addition,42,83,24,0.012409641964580827,0.111398572542833,-1.4405625869702958,24,14,inf
random_addition,42,83,25,0.010978041945827093,0.10477615160821233,-1.1590146216664996,25,14,inf
random_addition,42,83,26,0.0110464964138038,0.10510231402687478,-1.172477331866499,26,14,inf
random_addition,42,83,27,0.013173614373900452,0.11477636679168954,-1.5908104736526587,27,14,inf
random_addition,42,83,28,0.013540991637191616,0.11636576660337702,-1.6630613255830378,28,14,inf
random_addition,42,83,29,0.012083344531453283,0.10992426725456615,-1.376390767203985,29,14,inf
random_addition,42,83,30,0.01198382345965072,0.10947065113376607,-1.3568182924178664,30,14,inf
random_addition,42,83,31,0.007214284432866783,0.08493694386347311,-0.4188090783658329,31,14,inf
random_addition,42,83,32,0.007548001043510394,0.08687923252141673,-0.4844400028447118,32,14,inf
random_addition,42,83,33,0.007380636193042836,0.08591062910398711,-0.45152492007352274,33,14,inf
random_addition,42,83,34,0.007005488813204822,0.08369879815866427,-0.37774594543059736,34,14,inf
random_addition,42,83,35,0.006930544277355159,0.0832498905546137,-0.36300685538959643,35,14,inf
random_addition,42,83,36,0.005654193163494851,0.07519436922732214,-0.11199117055226582,36,14,inf
random_addition,42,83,37,0.005472231156805724,0.07397453046019098,-0.07620531411555098,37,14,inf
random_addition,42,83,38,0.0058263411482399555,0.07633047326094576,-0.1458469362697925,38,14,inf
random_addition,42,83,39,0.007540971252087683,0.08683876583696755,-0.48305747738673,39,14,inf
random_addition,42,83,40,0.007264438378849771,0.08523167473920579,-0.42867268639774636,40,14,inf
random_addition,42,83,41,0.006953918341897144,0.08339015734424024,-0.36760375412280855,41,14,inf
random_addition,42,83,42,0.006460124357208901,0.08037489880061374,-0.2704909503738555,42,14,inf
random_addition,42,83,43,0.006424648265396076,0.08015390361920045,-0.26351398660186076,43,14,inf
random_addition,42,83,44,0.00559813151626628,0.07482066236185216,-0.10096571476711991,44,14,inf
random_addition,42,83,45,0.005272274227524619,0.07261042781532567,-0.0368804567182317,45,14,inf
random_addition,42,83,46,0.0045203276311192135,0.06723338182122936,0.11100235374677381,46,14,inf
random_addition,42,83,47,0.004171254764295363,0.06458525191013319,0.17965334152936374,47,14,inf
random_addition,42,83,48,0.004147740075805192,0.06440295083150455,0.1842778963019488,48,14,inf
random_addition,42,83,49,0.003906453466442293,0.06250162771034282,0.231730923007212,49,14,inf
random_addition,42,83,50,0.004210474969690263,0.06488817280283259,0.1719400355199494,50,14,inf
random_addition,42,83,51,0.004583527762567387,0.06770175597846327,0.09857299625650495,51,14,inf
random_addition,42,83,52,0.004017205712046635,0.06338143034080751,0.20994965100787655,52,14,inf
random_addition,42,83,53,0.003988018939833729,0.06315076357284787,0.2156897154271844,53,14,inf
random_addition,42,83,54,0.0039873017112824136,0.06314508461695505,0.21583077035637932,54,14,inf
random_addition,42,83,55,0.005078315176292718,0.07126229842134421,0.0012648181568941652,55,14,inf
random_addition,42,83,56,0.005283945808642894,0.07269075462975257,-0.03917586735855094,56,14,inf
random_addition,42,83,57,0.005665989130129146,0.07527276486305752,-0.1143110436740673,57,14,inf
random_addition,42,83,58,0.0059330076090454995,0.07702601903931879,-0.16682467070158014,58,14,inf
random_addition,42,83,59,0.005474684206480726,0.07399110896912363,-0.07668774715252957,59,14,inf
random_addition,42,83,60,0.005032602180387061,0.0709408357745175,0.010255039459337811,60,14,inf
random_addition,42,83,61,0.0049082241944292246,0.07005871961739826,0.034716040029523554,61,14,inf
random_addition,42,83,62,0.005005641908492861,0.07075056118853659,0.015557225542331299,62,14,inf
random_addition,42,83,63,0.004263480681992071,0.06529533430492619,0.16151558018846357,63,14,inf
random_addition,42,83,64,0.004419280551990535,0.06647766957400458,0.13087494326611293,64,14,inf
random_addition,42,83,65,0.004370363131964937,0.0661087220566616,0.14049536789289385,65,14,inf
random_addition,42,83,66,0.0038657759007322883,0.06217536409810793,0.2397308431728552,66,14,inf
random_addition,42,83,67,0.00386703339269408,0.06218547573745883,0.2394835364540856,67,14,inf
random_addition,42,83,68,0.0028214148866672188,0.05311699244749479,0.4451218146039686,68,14,inf
random_addition,42,83,69,0.0028214174299138486,0.053117016387536756,0.4451213144321996,69,14,inf
random_addition,42,83,70,0.002664333105907736,0.051617178399324934,0.47601456060828196,70,14,inf
random_addition,42,83,71,0.0027150856540167677,0.05210648380016414,0.4660332275076299,71,14,inf
random_addition,42,83,72,0.002713635152391409,0.05209256331177617,0.46631849278839255,72,14,inf
random_addition,42,83,73,0.002708317498097984,0.052041497846410836,0.46736429799018775,73,14,inf
random_addition,42,83,74,0.0027499710814902377,0.052440166680610745,0.4591724277065381,74,14,inf
random_addition,42,83,75,0.0028113036729275915,0.05302172830951092,0.4471103530349908,75,14,inf
random_addition,42,83,76,0.002826635948981849,0.05316611654975233,0.44409500582207984,76,14,inf
random_addition,42,83,77,0.0031276709951142964,0.05592558444141908,0.38489145482079645,77,14,inf
random_addition,42,83,78,0.003221442871562489,0.05675775604763184,0.3664496549668882,78,14,inf
random_addition,42,83,79,0.003220131214501316,0.056746200000540266,0.3667076141537504,79,14,inf
random_addition,42,83,80,0.003333209039243526,0.05773395049053482,0.34446897831965495,80,14,inf
random_addition,42,83,81,0.00358424642894253,0.05986857630629386,0.2950982984097317,81,14,inf
random_addition,42,83,82,0.0033997834613934963,0.05830766211565592,0.33137601041517184,82,14,inf
random_addition,42,83,83,0.0034882198523676126,0.05906115349675802,0.31398352256144213,83,14,inf
random_addition,42,83,84,0.0034736838427023727,0.05893796605501731,0.316842270739196,84,14,inf
random_addition,42,83,85,0.0034455163917066225,0.058698521205449654,0.3223818686797938,85,14,inf
random_addition,42,83,86,0.0034511851819612705,0.05874678869488332,0.3212670067483727,86,14,inf
random_addition,42,83,87,0.0034643662618090614,0.05885886731673539,0.31867472806505515,87,14,inf
random_addition,42,83,88,0.003430385781212095,0.05856949531293654,0.3253575550046982,88,14,inf
random_addition,42,83,89,0.00329901671786414,0.05743706745529528,0.35119346727416056,89,14,inf
random_addition,42,83,90,0.0033800226324742174,0.05813796205986427,0.33526230623946407,90,14,inf
random_addition,42,83,91,0.00351638640162068,0.05929912648277949,0.3084441019635479,91,14,inf
random_addition,42,83,92,0.003503466629583664,0.059190088947252514,0.3109849901177526,92,14,inf
random_addition,42,83,93,0.0035382460917684185,0.05948315805140492,0.3041450301539338,93,14,inf
random_addition,42,83,94,0.003844425831532412,0.06200343403016007,0.24392968954305372,94,14,inf
random_addition,42,83,95,0.0038736879214681203,0.062238958229296544,0.23817481264028073,95,14,inf
random_addition,42,83,96,0.003781347137471912,0.06149265921613662,0.2563351643503362,96,14,inf
random_addition,42,83,97,0.0037225118107703154,0.06101239063313546,0.26790611035747514,97,14,inf
random_addition,42,83,98,0.003726730539575818,0.06104695356507005,0.26707642713883994,98,14,inf
random_addition,42,83,99,0.0033711386973632844,0.058061507880550985,0.33700947990641583,99,14,inf
random_addition,42,83,100,0.003358916816572561,0.05795616288689721,0.33941311613422853,100,14,inf
random_addition,42,83,101,0.0033633378963177423,0.057994291928755735,0.3385436372362153,101,14,inf
random_addition,42,83,102,0.003341470086602656,0.05780545031917541,0.3428443058938567,102,14,inf
random_addition,42,83,103,0.0033293112102400014,0.05770018379728094,0.34523555125250516,103,14,inf
random_addition,42,83,104,0.003030165851590624,0.05504694225468499,0.40406746376611835,104,14,inf
random_addition,42,83,105,0.0030416304293321857,0.05515097849841094,0.40181276378433584,105,14,inf
random_addition,42,83,106,0.0030775350436470423,0.05547553554177771,0.3947515239317647,106,14,inf
random_addition,42,83,107,0.003040107383386107,0.05513716880096499,0.402112296112895,107,14,inf
random_addition,42,83,108,0.003024338799361985,0.054993988756608526,0.4052134505481808,108,14,inf
random_addition,42,83,109,0.0026310974031227537,0.05129422387679488,0.4825509145982041,109,14,inf
random_addition,42,83,110,0.0026383299883783384,0.0513646764652357,0.4811285063585278,110,14,inf
random_addition,42,83,111,0.0026604766048339288,0.05157980811164315,0.4767730057160626,111,14,inf
random_addition,42,83,112,0.0027817713325291103,0.052742500249126516,0.45291837918819655,112,14,inf
random_addition,42,83,113,0.0027966622096744415,0.05288347766244616,0.44998984041553947,113,14,inf
random_addition,42,83,114,0.002632804331493654,0.0513108597812749,0.482215218731027,114,14,inf
random_addition,42,83,115,0.002890164738404478,0.05376025240272294,0.4316010122723135,115,14,inf
random_addition,42,83,116,0.0029899078359434134,0.054680049706848415,0.4119848724306612,116,14,inf
random_addition,42,83,117,0.0029975764971839534,0.054750127828014736,0.4104767025923025,117,14,inf
random_addition,42,83,118,0.002605608826926803,0.05104516457929,0.48756366723333466,118,14,inf
random_addition,42,83,119,0.002546239705719472,0.05046027849427183,0.49923959281228913,119,14,inf
random_addition,42,83,120,0.0025141262127167307,0.05014106313907525,0.5055552455751262,120,14,inf
random_addition,42,83,121,0.0025404433574505053,0.050402811007428,0.5003795411497727,121,14,inf
random_addition,42,83,122,0.0024571828400293248,0.049569979221594646,0.5167541073435352,122,14,inf
random_addition,42,83,123,0.0024675537879504865,0.04967447823531201,0.5147144878637753,123,14,inf
random_addition,42,83,124,0.002528264018403133,0.05028184581340599,0.502774810835867,124,14,inf
random_addition,42,83,125,0.002498766142679209,0.0499876599040124,0.5085760589373338,125,14,inf
random_addition,42,83,126,0.0024794980743307834,0.04979455868195624,0.5123654451959037,126,14,inf
random_addition,42,83,127,0.0024837749617297416,0.049837485507695324,0.5115243241221149,127,14,inf
random_addition,42,83,128,0.002454311875860613,0.049541012059309136,0.5173187302197382,128,14,inf
random_addition,42,83,129,0.002443067915722441,0.04942740045483316,0.5195300420787692,129,14,inf
random_addition,42,83,130,0.0023079121072144223,0.04804073383301323,0.5461106807948464,130,14,inf
random_addition,42,83,131,0.0022336456126029773,0.04726146011924491,0.5607164227438444,131,14,inf
random_addition,42,83,132,0.0022383083742725652,0.047310763830999025,0.5597994130738446,132,14,inf
random_addition,42,83,133,0.002191089499487508,0.046809074969363665,0.5690857905155275,133,14,inf
random_addition,42,83,134,0.002216887367801787,0.04708383340172917,0.5640122104387519,134,14,inf
random_addition,42,83,135,0.002246875175590679,0.04740121491682127,0.5581146090443109,135,14,inf
random_addition,42,83,136,0.0022754436950957824,0.047701611032498495,0.5524961343076272,136,14,inf
random_addition,42,83,137,0.0022721429313321017,0.04766700044403992,0.5531452844259834,137,14,inf
random_addition,42,83,138,0.002148232618533252,0.04634903039474776,0.5775143092874413,138,14,inf
random_addition,42,83,139,0.001934944228074282,0.04398800095565019,0.6194610203589606,139,14,inf
random_addition,42,83,140,0.0020030160834961777,0.04475506768508096,0.6060735572844818,140,14,inf
random_addition,42,83,141,0.0019354254385464946,0.04399347040807868,0.6193663823123278,141,14,inf
random_addition,42,83,142,0.001920493403159192,0.04382343440625337,0.6223030155381357,142,14,inf
random_addition,42,83,143,0.001964687506902233,0.04432479562166342,0.6136115096536149,143,14,inf
random_addition,42,83,144,0.0021786123096124176,0.04667560722274985,0.5715396375230869,144,14,inf
random_addition,42,83,145,0.002142639992032826,0.04628865943222839,0.5786141923492407,145,14,inf
random_addition,42,83,146,0.0021520951554425505,0.046390679618243905,0.5767546771321759,146,14,inf
random_addition,42,83,147,0.00218858763384364,0.04678234318462084,0.5695778240250742,147,14,inf
random_addition,42,83,148,0.0024578809942767343,0.049577020828976144,0.5166168036935971,148,14,inf
random_addition,42,83,149,0.0024614599672327267,0.0496131027777212,0.5159129391082122,149,14,inf
random_addition,42,83,150,0.0026800483819562917,0.05176918370958047,0.47292389007342817,150,14,inf
random_addition,42,84,10,0.00962854819961681,0.0981251659851682,-0.8936142210947935,10,10,inf
random_addition,42,84,11,0.00527869753842518,0.07265464567682633,-0.038143707689785256,11,11,inf
random_addition,42,84,12,0.015318517073269085,0.12376799696718488,-2.012641280352125,12,12,inf
random_addition,42,84,13,0.011287312155839275,0.1062417627669989,-1.2198377546766603,13,13,inf
random_addition,42,84,14,0.01773319843754152,0.13316605587589322,-2.4875285505826286,14,14,inf
random_addition,42,84,15,0.01765109844841612,0.13285743655669457,-2.4713822215892534,15,14,inf
random_addition,42,84,16,0.017791896493098647,0.13338626800798742,-2.499072499935036,16,14,inf
random_addition,42,84,17,0.01795487254946285,0.13399579302897108,-2.5311244533169055,17,14,inf
random_addition,42,84,18,0.019381081992186053,0.139215954517383,-2.8116122721458976,18,14,inf
random_addition,42,84,19,0.017679495010423388,0.13296426215499935,-2.47696687802264,19,14,inf
random_addition,42,84,20,0.014966978404247941,0.12233960276316064,-1.9435053515368477,20,14,inf
random_addition,42,84,21,0.016179371097031936,0.12719815681460142,-2.1819425486107065,21,14,inf
random_addition,42,84,22,0.015337270259716873,0.12384373322747047,-2.0163294065173747,22,14,inf
random_addition,42,84,23,0.01342271989448946,0.11585646246321117,-1.6398012193560803,23,14,inf
random_addition,42,84,24,0.015417096428455823,0.12416560082589631,-2.0320285508957143,24,14,inf
random_addition,42,84,25,0.018914193319268864,0.1375288817640457,-2.719790845657193,25,14,inf
random_addition,42,84,26,0.017925218985412418,0.13388509620347,-2.5252925865153997,26,14,inf
random_addition,42,84,27,0.007890047749597045,0.08882594074704216,-0.5517091792040398,27,14,inf
random_addition,42,84,28,0.006673816601448476,0.08169343058929816,-0.31251708601139905,28,14,inf
random_addition,42,84,29,0.006524522818297543,0.08077451837242698,-0.2831559793279532,29,14,inf
random_addition,42,84,30,0.006442838991526934,0.08026729714850833,-0.26709149558652845,30,14,inf
random_addition,42,84,31,0.006544428468091425,0.0808976419192267,-0.2870707565870343,31,14,inf
random_addition,42,84,32,0.0045178111857693895,0.06721466496062738,0.111497254598101,32,14,inf
random_addition,42,84,33,0.004570529736247334,0.06760569307571171,0.10112927441760888,33,14,inf
random_addition,42,84,34,0.004415122295749013,0.06644638662673097,0.13169273354878674,34,14,inf
random_addition,42,84,35,0.004382701972973869,0.06620197861826993,0.13806872949196936,35,14,inf
random_addition,42,84,36,0.005244362490432326,0.07241797076991544,-0.031391149171790866,36,14,inf
random_addition,42,84,37,0.005018945451076085,0.0708445160268322,0.012940862524328578,37,14,inf
random_addition,42,84,38,0.004807125522736826,0.06933343726324857,0.05459877608501096,38,14,inf
random_addition,42,84,39,0.004775547424004129,0.06910533571298333,0.06080913465576099,39,14,inf
random_addition,42,84,40,0.00477523268070058,0.06910305840337734,0.060871034163686666,40,14,inf
random_addition,42,84,41,0.004786565118698954,0.0691850064587621,0.0586423216611881,41,14,inf
random_addition,42,84,42,0.004795682042460133,0.06925086311707698,0.05684932689926825,42,14,inf
random_addition,42,84,43,0.004671005533168904,0.06834475497921479,0.08136903705035048,43,14,inf
random_addition,42,84,44,0.005267617357744099,0.07257835323113979,-0.035964605786257264,44,14,inf
random_addition,42,84,45,0.00545595664110993,0.07386444774795199,-0.07300465979840154,45,14,inf
random_addition,42,84,46,0.00539075285675844,0.07342174648398415,-0.060181250624202764,46,14,inf
random_addition,42,84,47,0.0054208411629267155,0.07362636187485237,-0.06609861669722794,47,14,inf
random_addition,42,84,48,0.005831362851290217,0.07636336066000643,-0.14683453773503397,48,14,inf
random_addition,42,84,49,0.005841411291268598,0.07642912593552668,-0.14881073066136086,49,14,inf
random_addition,42,84,50,0.005875516831723446,0.0766519199480577,-0.15551815270303426,50,14,inf
random_addition,42,84,51,0.006299401252942319,0.079368767490382,-0.23888207751077806,51,14,inf
random_addition,42,84,52,0.00632482047029794,0.07952873990135854,-0.2438811895758366,52,14,inf
random_addition,42,84,53,0.006219187592077917,0.07886182594942827,-0.22310672635815565,53,14,inf
random_addition,42,84,54,0.0062440850807310615,0.0790195234149831,-0.22800323179238258,54,14,inf
random_addition,42,84,55,0.006163628325523554,0.0785087786526039,-0.21218007209213385,55,14,inf
random_addition,42,84,56,0.005286832629300157,0.07271060878097609,-0.03974360867707705,56,14,inf
random_addition,42,84,57,0.005290817140689194,0.07273800341423453,-0.04052722914342066,57,14,inf
random_addition,42,84,58,0.005331883478391838,0.07301974718110052,-0.04860360779052586,58,14,inf
random_addition,42,84,59,0.005285094579970036,0.07269865597086397,-0.03940179235542107,59,14,inf
random_addition,42,84,60,0.005400006525411955,0.07348473668328652,-0.06200113854461553,60,14,inf
random_addition,42,84,61,0.005403797126920776,0.07351052391950949,-0.06274662340638248,61,14,inf
random_addition,42,84,62,0.0049391960464492905,0.07027941410149412,0.02862490996266942,62,14,inf
random_addition,42,84,63,0.004944605545519909,0.07031788922827469,0.027561041957155252,63,14,inf
random_addition,42,84,64,0.0049260129956244705,0.07018556116199735,0.031217576271416525,64,14,inf
random_addition,42,84,65,0.003337489805182693,0.057771011806810976,0.34362709446639583,65,14,inf
random_addition,42,84,66,0.0033397997956268457,0.057791000991736126,0.34317279640764853,66,14,inf
random_addition,42,84,67,0.0033007983824177778,0.05745257507212168,0.350843073293049,67,14,inf
random_addition,42,84,68,0.0033013179147503937,0.05745709629584838,0.35074089861489777,68,14,inf
random_addition,42,84,69,0.003331077850264421,0.05771549055725353,0.3448881120950703,69,14,inf
random_addition,42,84,70,0.0032795303362136595,0.05726718376359762,0.3550257884762812,70,14,inf
random_addition,42,84,71,0.0033180592373571994,0.057602597487936245,0.34744843895109867,71,14,inf
random_addition,42,84,72,0.003254354232310961,0.05704694761607286,0.35997708823545016,72,14,inf
random_addition,42,84,73,0.003925850671126106,0.06265660915758293,0.22791613993947835,73,14,inf
random_addition,42,84,74,0.003697172166264414,0.060804376209812515,0.2728895730975559,74,14,inf
random_addition,42,84,75,0.003701863840572217,0.06084294404918467,0.271966877276149,75,14,inf
random_addition,42,84,76,0.004140376061461864,0.064345754028233,0.1857261522586907,76,14,inf
random_addition,42,84,77,0.004142421406361003,0.06436164546032834,0.1853239011500336,77,14,inf
random_addition,42,84,78,0.004046654436729883,0.0636133196487173,0.20415806927642455,78,14,inf
random_addition,42,84,79,0.004108045956339611,0.06409403994397303,0.19208440539922378,79,14,inf
random_addition,42,84,80,0.004086612346549786,0.06392661688647215,0.19629968141653908,80,14,inf
random_addition,42,84,81,0.0036496451191007744,0.06041229278136011,0.28223655776543055,81,14,inf
random_addition,42,84,82,0.0036450908530975532,0.06037458780892465,0.28313222995728726,82,14,inf
random_addition,42,84,83,0.003623734909720862,0.060197465974248965,0.28733223158210197,83,14,inf
random_addition,42,84,84,0.0034017554294714916,0.05832456968955272,0.3309881900793723,84,14,inf
random_addition,42,84,85,0.0033564294657831527,0.057934700014612595,0.3399022950561206,85,14,inf
random_addition,42,84,86,0.0034427254197433297,0.05867474260483236,0.3229307597577423,86,14,inf
random_addition,42,84,87,0.002660059038061373,0.0515757601791905,0.476855127170136,87,14,inf
random_addition,42,84,88,0.002713257668212243,0.052088939979733156,0.4663927313335072,88,14,inf
random_addition,42,84,89,0.0028312038373871666,0.053209057850963366,0.44319665455817614,89,14,inf
random_addition,42,84,90,0.0027677601971888397,0.052609506718737056,0.4556739020961128,90,14,inf
random_addition,42,84,91,0.0028807405213734935,0.05367253041709039,0.43345444136905587,91,14,inf
random_addition,42,84,92,0.0028662779436985303,0.05353763109905527,0.4362987479240241,92,14,inf
random_addition,42,84,93,0.0028063176828772565,0.052974689077683663,0.44809093094453767,93,14,inf
random_addition,42,84,94,0.002807261790927467,0.05298359926361616,0.44790525638664325,94,14,inf
random_addition,42,84,95,0.0025963221487673004,0.0509541180746689,0.4893900470223732,95,14,inf
random_addition,42,84,96,0.002615617900506688,0.05114311195563571,0.4855952163643231,96,14,inf
random_addition,42,84,97,0.002600630910811515,0.05099638135016557,0.4885426572692054,97,14,inf
random_addition,42,84,98,0.002615404973941862,0.05114103023934757,0.4856370919163632,98,14,inf
random_addition,42,84,99,0.002596787899397696,0.05095868816401867,0.4892984494108833,99,14,inf
random_addition,42,84,100,0.0025936555991821248,0.05092794516944626,0.48991446836929486,100,14,inf
random_addition,42,84,101,0.002584661069126193,0.050839562046955056,0.4916833923724645,101,14,inf
random_addition,42,84,102,0.0025930328796281783,0.05092183107104632,0.4900369365315411,102,14,inf
random_addition,42,84,103,0.002570851076504541,0.0507035607872321,0.49439935721777883,103,14,inf
random_addition,42,84,104,0.0025821660413337913,0.05081501787202078,0.49217408110473937,104,14,inf
random_addition,42,84,105,0.0025224087636661527,0.05022358772196738,0.5039263441104804,105,14,inf
random_addition,42,84,106,0.002525064671089364,0.050250021602874596,0.5034040157217932,106,14,inf
random_addition,42,84,107,0.0025412664407050995,0.050410975399263,0.5002176681317713,107,14,inf
random_addition,42,84,108,0.0025564593549604274,0.05056144138531286,0.4972297287355798,108,14,inf
random_addition,42,84,109,0.0025099651524462044,0.0500995524176235,0.5063735873167622,109,14,inf
random_addition,42,84,110,0.002546091575943199,0.05045881068696723,0.4992687249976512,110,14,inf
random_addition,42,84,111,0.0026234084374297745,0.05121921941449103,0.4840630776449981,111,14,inf
random_addition,42,84,112,0.0026077842705860862,0.05106646914156183,0.4871358300386708,112,14,inf
random_addition,42,84,113,0.0024785629828755584,0.04978516830217167,0.5125493464903593,113,14,inf
random_addition,42,84,114,0.0026062581697698494,0.051051524656662794,0.4874359631582792,114,14,inf
random_addition,42,84,115,0.0026257554028690884,0.051242125276661665,0.4836015078381938,115,14,inf
random_addition,42,84,116,0.002621954596034836,0.051205025105304225,0.48434899974702184,116,14,inf
random_addition,42,84,117,0.0026530943270988284,0.05150819669818415,0.4782248534726967,117,14,inf
random_addition,42,84,118,0.0026495119541885444,0.051473410166692324,0.47892938671566776,118,14,inf
random_addition,42,84,119,0.0027010226408052925,0.0519713636612057,0.4687989530621588,119,14,inf
random_addition,42,84,120,0.0026978312023723397,0.05194065076962687,0.46942660253506974,120,14,inf
random_addition,42,84,121,0.0027026632318668106,0.05198714487127381,0.4684763035307148,121,14,inf
random_addition,42,84,122,0.0026098481412576806,0.051086672834093245,0.48672993552859434,122,14,inf
random_addition,42,84,123,0.0026721751048333054,0.05169308565788374,0.4744723010298485,123,14,inf
random_addition,42,84,124,0.0026854036502986277,0.05182088044696489,0.4718706874430223,124,14,inf
random_addition,42,84,125,0.0026763616233722635,0.051733563799261535,0.4736489524961034,125,14,inf
random_addition,42,84,126,0.0025534788754994022,0.05053195895173076,0.4978158896163347,126,14,inf
random_addition,42,84,127,0.0025459308309398023,0.05045721782797583,0.49930033817734254,127,14,inf
random_addition,42,84,128,0.0025393387319850203,0.05039185184119572,0.5005967841283673,128,14,inf
random_addition,42,84,129,0.0025647666042275265,0.05064352480058558,0.4955959699357865,129,14,inf
random_addition,42,84,130,0.002792572325408786,0.05284479468603115,0.45079418421145934,130,14,inf
random_addition,42,84,131,0.0028058024095803523,0.052969825462996875,0.4481922680124465,131,14,inf
random_addition,42,84,132,0.0028019866454254837,0.052933794927489224,0.44894270152726135,132,14,inf
random_addition,42,84,133,0.002824249462376814,0.053143668130613775,0.4445643481237497,133,14,inf
random_addition,42,84,134,0.002510000422500636,0.050099904416082836,0.5063666508736696,134,14,inf
random_addition,42,84,135,0.002462423377674809,0.04962281106179706,0.5157234684137673,135,14,inf
random_addition,42,84,136,0.0024807633929117097,0.049807262451491044,0.5121165992422475,136,14,inf
random_addition,42,84,137,0.002646466908643944,0.05144382284243604,0.47952824559112794,137,14,inf
random_addition,42,84,138,0.002681742826164409,0.05178554649865548,0.47259064942459705,138,14,inf
random_addition,42,84,139,0.002741315678671026,0.052357575179443,0.4608746566955788,139,14,inf
random_addition,42,84,140,0.0027669148175241405,0.052601471628882596,0.4558401600741704,140,14,inf
random_addition,42,84,141,0.0027735034127500673,0.052664061870976754,0.45454440318972666,141,14,inf
random_addition,42,84,142,0.0027801768330395675,0.05272738219407035,0.4532319640450544,142,14,inf
random_addition,42,84,143,0.0025257681797746113,0.05025702119877989,0.503265659032557,143,14,inf
random_addition,42,84,144,0.0025628065135614156,0.05062416926292634,0.4959814543809006,144,14,inf
random_addition,42,84,145,0.002789646898955155,0.05281710801393006,0.4513695180022361,145,14,inf
random_addition,42,84,146,0.0026943078109396123,0.05190672221340519,0.470119536089036,146,14,inf
random_addition,42,84,147,0.0026052070510679945,0.05104122893375506,0.4876426831414611,147,14,inf
random_addition,42,84,148,0.0025401040850132196,0.05039944528477689,0.500446264720009,148,14,inf
random_addition,42,84,149,0.0026564119347651047,0.051540391294256825,0.47757239072061497,149,14,inf
random_addition,42,84,150,0.0026800483819562917,0.05176918370958047,0.47292389007342817,150,14,inf
random_addition,42,85,10,0.00962854819961681,0.0981251659851682,-0.8936142210947935,10,10,inf
random_addition,42,85,11,0.007550262989660335,0.08689224930717547,-0.48488485219355226,11,11,inf
random_addition,42,85,12,0.0073852067634246205,0.0859372257140328,-0.45242379879272643,12,12,inf
random_addition,42,85,13,0.005886847613478772,0.0767257949680469,-0.15774653947777773,13,13,inf
random_addition,42,85,14,0.007384531184564817,0.085933294970953,-0.4522909349684121,14,14,inf
random_addition,42,85,15,0.006797744066385501,0.08244843277094781,-0.336889484126238,15,14,inf
random_addition,42,85,16,0.005677924898344773,0.07535200659799826,-0.11665841110311548,16,14,inf
random_addition,42,85,17,0.005703494926944503,0.0755214865249917,-0.12168718270880552,17,14,inf
random_addition,42,85,18,0.0056256189897215675,0.07500412648462461,-0.10637158380965839,18,14,inf
random_addition,42,85,19,0.00592013374013323,0.07694240534408338,-0.16429281016067798,19,14,inf
random_addition,42,85,20,0.005718918516941549,0.07562353150271117,-0.12472048832801663,20,14,inf
random_addition,42,85,21,0.005303201517510693,0.07282308368581142,-0.04296282291959552,21,14,inf
random_addition,42,85,22,0.005107997242121303,0.0714702542469334,-0.004572653993550668,22,14,inf
random_addition,42,85,23,0.005111243859534527,0.07149296370646924,-0.00521115533110228,23,14,inf
random_addition,42,85,24,0.005155579492891166,0.07180236411770274,-0.013930495369169238,24,14,inf
random_addition,42,85,25,0.004219445065399867,0.0649572556794071,0.17017591693756906,25,14,inf
random_addition,42,85,26,0.0037038860392694046,0.06085955996611711,0.2715691782532552,26,14,inf
random_addition,42,85,27,0.0032079944970668296,0.05663916045517297,0.3690945015904532,27,14,inf
random_addition,42,85,28,0.0030622296112453725,0.05533741601525475,0.39776159189371973,28,14,inf
random_addition,42,85,29,0.0027047748577520643,0.05200745002162733,0.46806101716323234,29,14,inf
random_addition,42,85,30,0.0028888603074748607,0.05374811910639163,0.4318575503201635,30,14,inf
random_addition,42,85,31,0.0028009410760521077,0.05292391780709463,0.44914833014265787,31,14,inf
random_addition,42,85,32,0.003304089914340117,0.05748121357748214,0.35019573876990906,32,14,inf
random_addition,42,85,33,0.003563176141286343,0.059692345751246385,0.29924212108383974,33,14,inf
random_addition,42,85,34,0.0035543607153033785,0.05961845951803332,0.3009758212907945,34,14,inf
random_addition,42,85,35,0.0038713526088889677,0.062220194542358734,0.23863409071823238,35,14,inf
random_addition,42,85,36,0.0036639215364145843,0.06053033567075755,0.27942886274316436,36,14,inf
random_addition,42,85,37,0.0030169096578133003,0.05492640219250939,0.40667451485356343,37,14,inf
random_addition,42,85,38,0.0030009350830534657,0.05478079118681534,0.40981618079468296,38,14,inf
random_addition,42,85,39,0.002763791476259612,0.0525717745207408,0.4564544171057838,39,14,inf
random_addition,42,85,40,0.0028549279802718886,0.05343152608967751,0.4385309070936122,40,14,inf
random_addition,42,85,41,0.0037379318915986095,0.06113862847331963,0.26487349487469125,41,14,inf
random_addition,42,85,42,0.0035766781960110986,0.059805335848995105,0.29658671734999176,42,14,inf
random_addition,42,85,43,0.003906238434226881,0.062499907473746556,0.23177321267047746,43,14,inf
random_addition,42,85,44,0.0037957449516254895,0.06160961736308293,0.2535035946195039,44,14,inf
random_addition,42,85,45,0.0037811636646340498,0.061491167370883844,0.2563712473368631,45,14,inf
random_addition,42,85,46,0.0037791896328340296,0.061475113931037405,0.2567594735379388,46,14,inf
random_addition,42,85,47,0.005027818203938714,0.07090710968540964,0.011195888032576873,47,14,inf
random_addition,42,85,48,0.005030644474127033,0.07092703627057198,0.01064005497131948,48,14,inf
random_addition,42,85,49,0.004283060171379954,0.06544509279831418,0.1576649478004838,49,14,inf
random_addition,42,85,50,0.004068981557563618,0.06378856917633141,0.1997670694444308,50,14,inf
random_addition,42,85,51,0.004002520078163966,0.0632654730335905,0.212837825277713,51,14,inf
random_addition,42,85,52,0.004009478176949473,0.06332044043552977,0.21146939936979225,52,14,inf
random_addition,42,85,53,0.003781968072035741,0.06149770786001492,0.2562130472360985,53,14,inf
random_addition,42,85,54,0.003772253483176094,0.06141867373345092,0.2581235827846923,54,14,inf
random_addition,42,85,55,0.0039046226885622905,0.06248698015236687,0.23209097594119177,55,14,inf
random_addition,42,85,56,0.004149195056269368,0.06441424575565073,0.1839917501830054,56,14,inf
random_addition,42,85,57,0.004373662082114775,0.06613366829471033,0.13984657445187787,57,14,inf
random_addition,42,85,58,0.0029324431159466523,0.05415203704337125,0.4232862658225982,58,14,inf
random_addition,42,85,59,0.0028540790272156566,0.05342358119047858,0.43869786783857545,59,14,inf
random_addition,42,85,60,0.0029046967961562824,0.05389523908617794,0.428743041304096,60,14,inf
random_addition,42,85,61,0.003417760545457984,0.05846161600108215,0.32784051769782885,61,14,inf
random_addition,42,85,62,0.003793979827158665,0.06159529062484132,0.2538507357173191,62,14,inf
random_addition,42,85,63,0.0042455546638073905,0.06515792095982952,0.1650410299508136,63,14,inf
random_addition,42,85,64,0.0037745742355983986,0.06143756371796003,0.2576671682038636,64,14,inf
random_addition,42,85,65,0.003928741090118908,0.06267967046913145,0.22734769094839247,65,14,inf
random_addition,42,85,66,0.0039628450859554775,0.0629511325232158,0.22064057268160597,66,14,inf
random_addition,42,85,67,0.0033649614776417405,0.05800828800819535,0.33822433295269416,67,14,inf
random_addition,42,85,68,0.0033199290176248245,0.05761882520170664,0.34708071554859876,68,14,inf
random_addition,42,85,69,0.0034580310392184053,0.05880502562892397,0.31992065500468914,69,14,inf
random_addition,42,85,70,0.0035687687880156657,0.059739172977332604,0.2981422340436911,70,14,inf
random_addition,42,85,71,0.003549301787463274,0.05957601688148742,0.3019707436303737,71,14,inf
random_addition,42,85,72,0.0033273965490772653,0.05768358994616463,0.3456121012298402,72,14,inf
random_addition,42,85,73,0.0036355017909585367,0.060295122447496005,0.2850180785875227,73,14,inf
random_addition,42,85,74,0.003552157471592235,0.05959997878852169,0.3014091258282454,74,14,inf
random_addition,42,85,75,0.00368585566617027,0.06071124826727144,0.27511515114598317,75,14,inf
random_addition,42,85,76,0.0037846242169081988,0.0615192995482572,0.2556906721490657,76,14,inf
random_addition,42,85,77,0.003647266439697987,0.06039260252463034,0.2827043646508677,77,14,inf
random_addition,42,85,78,0.003651359424293269,0.06042647949610559,0.28189941112353767,78,14,inf
random_addition,42,85,79,0.0035967814021364147,0.0599731723534483,0.29263308735102533,79,14,inf
random_addition,42,85,80,0.0037085666908001414,0.06089800235475825,0.2706486502443758,80,14,inf
random_addition,42,85,81,0.0035197548507353094,0.059327521865785944,0.30778164039465317,81,14,inf
random_addition,42,85,82,0.0034815220096780703,0.05900442364499522,0.3153007647774678,82,14,inf
random_addition,42,85,83,0.0036096231171116253,0.06008013912360411,0.29010755041688274,83,14,inf
random_addition,42,85,84,0.0036607893916655422,0.06050445761814201,0.28004485112649613,84,14,inf
random_addition,42,85,85,0.004007891910230168,0.06330791348820594,0.21178136511539092,85,14,inf
random_addition,42,85,86,0.004016304141710502,0.06337431768240588,0.2101269598164761,86,14,inf
random_addition,42,85,87,0.00401792575648687,0.06338711033393832,0.20980804228726957,87,14,inf
random_addition,42,85,88,0.004140521757129041,0.06434688614944037,0.18569749878138564,88,14,inf
random_addition,42,85,89,0.004082129059194785,0.06389154137438527,0.1971813944761489,89,14,inf
random_addition,42,85,90,0.004048178258046864,0.06362529574034893,0.20385838445827553,90,14,inf
random_addition,42,85,91,0.004044754560490952,0.06359838488901233,0.20453171155247452,91,14,inf
random_addition,42,85,92,0.004061912072439007,0.0637331316697917,0.20115740132938864,92,14,inf
random_addition,42,85,93,0.004050275583821999,0.06364177546095016,0.2034459104453996,93,14,inf
random_addition,42,85,94,0.0036978346671340755,0.06080982377160844,0.27275928127761895,94,14,inf
random_addition,42,85,95,0.003688673686200826,0.060734452217837825,0.2745609406155314,95,14,inf
random_addition,42,85,96,0.003684331227213518,0.06069869213758661,0.2754149574332708,96,14,inf
random_addition,42,85,97,0.0036877312087851668,0.06072669272062465,0.2747462944820077,97,14,inf
random_addition,42,85,98,0.0035036516203603386,0.059191651610343995,0.3109486086033,98,14,inf
random_addition,42,85,99,0.0036995362411220262,0.06082381310902849,0.27242463843894504,99,14,inf
random_addition,42,85,100,0.003704145396504756,0.06086169071349198,0.27151817133725675,100,14,inf
random_addition,42,85,101,0.003724324503458086,0.06102724394447193,0.2675496141774827,101,14,inf
random_addition,42,85,102,0.0036572413734466984,0.06047513020611612,0.2807426279477383,102,14,inf
random_addition,42,85,103,0.0038724580521589816,0.0622290772240677,0.23841668690476903,103,14,inf
random_addition,42,85,104,0.0036952435270330786,0.06078851476251972,0.273268872094674,104,14,inf
random_addition,42,85,105,0.003578887240854124,0.05982380162488944,0.2961522719234262,105,14,inf
random_addition,42,85,106,0.003562479657147665,0.059686511517659205,0.2993790962791053,106,14,inf
random_addition,42,85,107,0.0035360628370159986,0.059464803346315695,0.3045744035300383,107,14,inf
random_addition,42,85,108,0.003487206069912512,0.059052570392088034,0.3141828997504301,108,14,inf
random_addition,42,85,109,0.003481534147792184,0.05900452650256745,0.31529837761535096,109,14,inf
random_addition,42,85,110,0.003250830773554126,0.05701605715545513,0.36067003502982253,110,14,inf
random_addition,42,85,111,0.0032276662553288615,0.05681255367723635,0.36522572299303124,111,14,inf
random_addition,42,85,112,0.0035668279322865074,0.059722926354010046,0.29852393561838675,112,14,inf
random_addition,42,85,113,0.0035861211934485404,0.05988423159270344,0.29472959477381633,113,14,inf
random_addition,42,85,114,0.003975258282615536,0.06304964934569847,0.21819931100462042,114,14,inf
random_addition,42,85,115,0.004047422420838455,0.06361935570908005,0.2040070324223301,115,14,inf
random_addition,42,85,116,0.0040485401649589066,0.06362813972574483,0.20378720944194395,116,14,inf
random_addition,42,85,117,0.004036313844028908,0.06353199071356813,0.20619171889702836,117,14,inf
random_addition,42,85,118,0.004024286373143898,0.06343726328542158,0.20855712118192993,118,14,inf
random_addition,42,85,119,0.004058251410278409,0.06370440652167171,0.2018773314561556,119,14,inf
random_addition,42,85,120,0.00395488042836801,0.0628878400675998,0.222206955126924,120,14,inf
random_addition,42,85,121,0.003951550267741285,0.0628613575079419,0.22286188662755757,121,14,inf
random_addition,42,85,122,0.003754913991926129,0.061277353010114013,0.2615336822656077,122,14,inf
random_addition,42,85,123,0.0035316069481352652,0.05942732492831278,0.3054507282237767,123,14,inf
random_addition,42,85,124,0.0036217920400152493,0.06018132633978126,0.2877143292387797,124,14,inf
random_addition,42,85,125,0.0036223807285788922,0.060186217098093915,0.28759855383704735,125,14,inf
random_addition,42,85,126,0.003118158589063214,0.05584047447025512,0.3867622277557935,126,14,inf
random_addition,42,85,127,0.002728921445649313,0.05223907967842957,0.46331218885753145,127,14,inf
random_addition,42,85,128,0.0028526692796914067,0.05341038550405161,0.4389751181472127,128,14,inf
random_addition,42,85,129,0.0027198942642545475,0.05215260553658415,0.4650875342897962,129,14,inf
random_addition,42,85,130,0.002703115698898125,0.05199149640949109,0.46838731836002134,130,14,inf
random_addition,42,85,131,0.0027442815710776855,0.05238589095431789,0.4602913646017913,131,14,inf
random_addition,42,85,132,0.0027675621978658664,0.05260762490234535,0.4557128419576554,132,14,inf
random_addition,42,85,133,0.002770112697096159,0.0526318600953468,0.4552112438440825,133,14,inf
random_addition,42,85,134,0.0028300781903019224,0.053198479210424074,0.443418031788093,134,14,inf
random_addition,42,85,135,0.0025091547961391745,0.05009146430420231,0.5065329573687506,135,14,inf
random_addition,42,85,136,0.002478859126131832,0.04978814242499746,0.5124911049912324,136,14,inf
random_addition,42,85,137,0.0024400820978581045,0.04939718714520195,0.5201172528453656,137,14,inf
random_addition,42,85,138,0.002356748881815518,0.04854635806953512,0.5365061164327221,138,14,inf
random_addition,42,85,139,0.0023598667187044392,0.048578459410570436,0.5358929419281637,139,14,inf
random_addition,42,85,140,0.0023166088258508395,0.048131162731133346,0.544400326362863,140,14,inf
random_addition,42,85,141,0.002307036757173757,0.04803162247076146,0.5462828329460404,141,14,inf
random_addition,42,85,142,0.0023788756911300923,0.04877371926693814,0.5321545111941256,142,14,inf
random_addition,42,85,143,0.0023901165332386315,0.04888881807978826,0.5299438125475053,143,14,inf
random_addition,42,85,144,0.0025408523477007763,0.05040686806081862,0.5002991064115188,144,14,inf
random_addition,42,85,145,0.002519679178121605,0.05019640602793795,0.5044631625277218,145,14,inf
random_addition,42,85,146,0.0025505178724710116,0.0505026521330416,0.498398220132527,146,14,inf
random_addition,42,85,147,0.0025303011579022347,0.05030209894131889,0.5023741734556639,147,14,inf
random_addition,42,85,148,0.002750411059907994,0.05244436156449989,0.45908589862950944,148,14,inf
random_addition,42,85,149,0.0027247654751748826,0.052199286155797976,0.4641295296060718,149,14,inf
random_addition,42,85,150,0.0026800483819562917,0.05176918370958047,0.47292389007342817,150,14,inf
random_addition,42,86,10,0.00962854819961681,0.0981251659851682,-0.8936142210947935,10,10,inf
random_addition,42,86,11,0.009635286490911618,0.09815949516430705,-0.8949394182021035,11,11,inf
random_addition,42,86,12,0.007558319701184149,0.08693859730398316,-0.4864693385772172,12,12,inf
random_addition,42,86,13,0.008972973350657148,0.09472577975745118,-0.7646845183768394,13,13,inf
random_addition,42,86,14,0.007260321758726433,0.08520752172623279,-0.4278630845505327,14,14,inf
random_addition,42,86,15,0.007562317646928753,0.08696158719186738,-0.4872556011331286,15,14,inf
random_addition,42,86,16,0.00912207735307193,0.0955095668143874,-0.7940083015205972,16,14,inf
random_addition,42,86,17,0.00801638680848779,0.08953427728243407,-0.57655585739845,17,14,inf
random_addition,42,86,18,0.007057189602058875,0.08400708066620857,-0.38791376585234594,18,14,inf
random_addition,42,86,19,0.007743138021485736,0.0879951022585106,-0.5228169366144648,19,14,inf
random_addition,42,86,20,0.007860840136361142,0.08866137905740662,-0.5459650160507679,20,14,inf
random_addition,42,86,21,0.007265665714816233,0.08523887443424058,-0.42891406243824304,21,14,inf
random_addition,42,86,22,0.006879060924718079,0.08294010444120552,-0.3528817974180225,22,14,inf
random_addition,42,86,23,0.0072206109578471026,0.0849741781828286,-0.42005329477566744,23,14,inf
random_addition,42,86,24,0.00944970857942334,0.0972096115588543,-0.8584424339185062,24,14,inf
random_addition,42,86,25,0.011040838761458723,0.10507539560457874,-1.1713646603903287,25,14,inf
random_addition,42,86,26,0.005534375937148133,0.07439338638043125,-0.08842711924998237,26,14,inf
random_addition,42,86,27,0.005186211574140204,0.07201535651609456,-0.019954803860164683,27,14,inf
random_addition,42,86,28,0.005172680693284011,0.07192135074707656,-0.017293730987906875,28,14,inf
random_addition,42,86,29,0.006118436059746636,0.0782204324952671,-0.20329226103438036,29,14,inf
random_addition,42,86,30,0.005822846638993012,0.07630757917135762,-0.14515968287825598,30,14,inf
random_addition,42,86,31,0.0063993751615165125,0.0799960946641554,-0.25854361018317595,31,14,inf
random_addition,42,86,32,0.006338646372355321,0.07961561638494875,-0.2466002832764178,32,14,inf
random_addition,42,86,33,0.0059746309759109,0.07729573711344566,-0.1750105984024255,33,14,inf
random_addition,42,86,34,0.006551709056447705,0.08094262817852967,-0.2885026054352271,34,14,inf
random_addition,42,86,35,0.00510486003854202,0.07144830325866403,-0.003955670707074033,35,14,inf
random_addition,42,86,36,0.003485683189860826,0.05903967470998486,0.31448239945309653,36,14,inf
random_addition,42,86,37,0.0035326251092385476,0.05943589074993785,0.30525048990076376,37,14,inf
random_addition,42,86,38,0.0034340987912890647,0.058601184214050354,0.324627329789115,38,14,inf
random_addition,42,86,39,0.002861663138205484,0.05349451502916429,0.4372063262139232,39,14,inf
random_addition,42,86,40,0.002422553720449202,0.04921944453617089,0.5235644999324742,40,14,inf
random_addition,42,86,41,0.0022906248283841787,0.047860472504815274,0.5495105118346165,41,14,inf
random_addition,42,86,42,0.002248577919895534,0.04741917249273266,0.5577797360433439,42,14,inf
random_addition,42,86,43,0.002411674459258875,0.04910880225844319,0.5257040876748743,43,14,inf
random_addition,42,86,44,0.0024968360983355204,0.04996835096674214,0.508955634273177,44,14,inf
random_addition,42,86,45,0.0024891683696230188,0.04989156611716071,0.5104636207143798,45,14,inf
random_addition,42,86,46,0.002792697083330691,0.052845975091114473,0.4507696484901631,46,14,inf
random_addition,42,86,47,0.0027760447079386128,0.052688183760105194,0.4540446152041172,47,14,inf
random_addition,42,86,48,0.002770703188054652,0.052637469430574374,0.45509511397141134,48,14,inf
random_addition,42,86,49,0.002944488055576654,0.05426313717042772,0.4209174280183168,49,14,inf
random_addition,42,86,50,0.0029772641883102626,0.05456431240573148,0.414471456126176,50,14,inf
random_addition,42,86,51,0.0029542320332761646,0.054352847517643126,0.4190011126653377,51,14,inf
random_addition,42,86,52,0.002980577587916333,0.05459466629549386,0.41381982095915526,52,14,inf
random_addition,42,86,53,0.0029788674810535066,0.054579002199137965,0.4141561419296593,53,14,inf
random_addition,42,86,54,0.002983001354321501,0.054616859616070025,0.41334314696445895,54,14,inf
random_addition,42,86,55,0.002977102638336368,0.05456283202269076,0.41450322761671043,55,14,inf
random_addition,42,86,56,0.0035312801815623068,0.05942457556905482,0.3055149923076972,56,14,inf
random_addition,42,86,57,0.003237631652688415,0.05690019026935161,0.36326586177951403,57,14,inf
random_addition,42,86,58,0.0028486466590237247,0.0533727145555079,0.43976623343733456,58,14,inf
random_addition,42,86,59,0.002907066491799439,0.05391721888042297,0.42827700122447876,59,14,inf
random_addition,42,86,60,0.003049231267072591,0.05521984486642996,0.4003179325658518,60,14,inf
random_addition,42,86,61,0.0030869284539297875,0.055560133674513304,0.39290415349468344,61,14,inf
random_addition,42,86,62,0.0034920154019313803,0.05909327712973262,0.31323706458233513,62,14,inf
random_addition,42,86,63,0.003600581670811465,0.060004847060978875,0.29188570128015934,63,14,inf
random_addition,42,86,64,0.003624680064353235,0.060205315914404395,0.2871463511964104,64,14,inf
random_addition,42,86,65,0.0036363009807536734,0.06030174940044172,0.2848609046159072,65,14,inf
random_addition,42,86,66,0.003494857510266681,0.05911731988399577,0.3126781166859294,66,14,inf
random_addition,42,86,67,0.003213487141977446,0.056687627768124554,0.3680142815719689,67,14,inf
random_addition,42,86,68,0.0032237894094148943,0.05677842380178314,0.3659881692521645,68,14,inf
random_addition,42,86,69,0.002985300196256354,0.054637900730686514,0.412891041445575,69,14,inf
random_addition,42,86,70,0.0029903740702065633,0.054684312834729513,0.4118931797047425,70,14,inf
random_addition,42,86,71,0.0030779294236869146,0.055479089968085406,0.3946739625344974,71,14,inf
random_addition,42,86,72,0.0032393061486666605,0.05691490269399273,0.3629365442820227,72,14,inf
random_addition,42,86,73,0.0034955791316827064,0.05912342286845972,0.31253619782679265,73,14,inf
random_addition,42,86,74,0.003860228456419974,0.06213073680892553,0.24082184040553745,74,14,inf
random_addition,42,86,75,0.0036084436808743,0.06007032279648828,0.29033950617860005,75,14,inf
random_addition,42,86,76,0.003590461981234945,0.05992046379355675,0.2938759066255431,76,14,inf
random_addition,42,86,77,0.0032113869341411127,0.056669100347024326,0.3684273223901364,77,14,inf
random_addition,42,86,78,0.003213115977741263,0.05668435390600534,0.3680872771951331,78,14,inf
random_addition,42,86,79,0.003162415312449066,0.05623535642679849,0.3780584066765321,79,14,inf
random_addition,42,86,80,0.00312201036400056,0.0558749529216854,0.3860047121213903,80,14,inf
random_addition,42,86,81,0.0029896356398914203,0.05467756066149459,0.4120384043135883,81,14,inf
random_addition,42,86,82,0.003034146455722677,0.05508308683908952,0.4032846117268769,82,14,inf
random_addition,42,86,83,0.002906200800887672,0.053909190319347884,0.42844725374724846,83,14,inf
random_addition,42,86,84,0.0028926948598241155,0.053783778779703785,0.43110342179428973,84,14,inf
random_addition,42,86,85,0.0028640931376362738,0.05351722281318673,0.4367284263910217,85,14,inf
random_addition,42,86,86,0.002979695944348067,0.05458659125048996,0.41399321083727536,86,14,inf
random_addition,42,86,87,0.003010324841620992,0.05486642727224903,0.4079695285281635,87,14,inf
random_addition,42,86,88,0.003014635345845318,0.054905695021967606,0.4071217961462872,88,14,inf
random_addition,42,86,89,0.003031320196669726,0.05505742635348774,0.40384044259817886,89,14,inf
random_addition,42,86,90,0.0030715675184803427,0.05542172424672786,0.395925137054546,90,14,inf
random_addition,42,86,91,0.0029164661593934172,0.0540043161181902,0.42642840018302275,91,14,inf
random_addition,42,86,92,0.002964223255304746,0.05444468068879407,0.4170361726009374,92,14,inf
random_addition,42,86,93,0.003102559832378186,0.05570062685803622,0.3898299828189443,93,14,inf
random_addition,42,86,94,0.0030176815323737375,0.0549334281869768,0.4065227128773732,94,14,inf
random_addition,42,86,95,0.003025527470681604,0.055004794978998,0.4049796785538601,95,14,inf
random_addition,42,86,96,0.0030161250073166873,0.05491925898368156,0.4068288294301924,96,14,inf
random_addition,42,86,97,0.0029905503268247745,0.054685924393986195,0.4118585159078868,97,14,inf
random_addition,42,86,98,0.003029654325068623,0.05504229578304872,0.40416806396839666,98,14,inf
random_addition,42,86,99,0.002968784040858971,0.054486549173708654,0.4161392182308914,99,14,inf
random_addition,42,86,100,0.002612220390942708,0.05110988545225579,0.48626339315414424,100,14,inf
random_addition,42,86,101,0.0025854055258738543,0.05084688314807363,0.4915369825653849,101,14,inf
random_addition,42,86,102,0.002872720140314557,0.05359776245623092,0.43503178276226884,102,14,inf
random_addition,42,86,103,0.0029521013746385168,0.054333243733818405,0.41942014214028067,103,14,inf
random_addition,42,86,104,0.0029840910373841725,0.05462683440749768,0.41312884265801697,104,14,inf
random_addition,42,86,105,0.002945903598881424,0.05427617892668407,0.42063903787299917,105,14,inf
random_addition,42,86,106,0.0029823822002921973,0.05461119116346207,0.4134649139069543,106,14,inf
random_addition,42,86,107,0.003204531759592403,0.05660858379779875,0.3697755065342466,107,14,inf
random_addition,42,86,108,0.003283610892902717,0.05730280004417513,0.3542232791035087,108,14,inf
random_addition,42,86,109,0.003269682978322063,0.0571811418067361,0.3569624352642652,109,14,inf
random_addition,42,86,110,0.002835166526044034,0.05324628180487379,0.44241732589524085,110,14,inf
random_addition,42,86,111,0.0026572304504517866,0.05154833120918452,0.47741141599084713,111,14,inf
random_addition,42,86,112,0.002668077452302349,0.05165343601641956,0.4752781725844025,112,14,inf
random_addition,42,86,113,0.002661243555393258,0.05158724217665893,0.47662217212662483,113,14,inf
random_addition,42,86,114,0.0026787498534798673,0.05175664067035135,0.47317926730564186,114,14,inf
random_addition,42,86,115,0.0026901735376580857,0.051866882860435,0.4709326097235538,115,14,inf
random_addition,42,86,116,0.002767974901991052,0.05261154723053725,0.4556316768241011,116,14,inf
random_addition,42,86,117,0.00272975792800359,0.052247085354147654,0.46314768068361833,117,14,inf
random_addition,42,86,118,0.002718420039948274,0.052138469865812845,0.4653774650305027,118,14,inf
random_addition,42,86,119,0.002709870207905549,0.05205641370576299,0.46705893176966495,119,14,inf
random_addition,42,86,120,0.002679970421756974,0.05176843074458578,0.4729392222438704,120,14,inf
random_addition,42,86,121,0.002699910657290444,0.05196066451933081,0.4690176431235975,121,14,inf
random_addition,42,86,122,0.0026674067944227613,0.05164694370843991,0.47541006861607293,122,14,inf
random_addition,42,86,123,0.0027437885212257098,0.052381184801660506,0.4603883310594601,123,14,inf
random_addition,42,86,124,0.00271635930809691,0.05211870401398053,0.46578274223935134,124,14,inf
random_addition,42,86,125,0.002716599083315691,0.0521210042431618,0.4657355864527535,125,14,inf
random_addition,42,86,126,0.0027267976485305895,0.05221874805594816,0.4637298689006033,126,14,inf
random_addition,42,86,127,0.0027631692808809814,0.05256585660750694,0.456576782180232,127,14,inf
random_addition,42,86,128,0.002672750014045897,0.05169864615293032,0.4743592355667867,128,14,inf
random_addition,42,86,129,0.0025390373258401115,0.05038886112862754,0.500656060662118,129,14,inf
random_addition,42,86,130,0.002473042144537416,0.0497296907746008,0.5136351112155011,130,14,inf
random_addition,42,86,131,0.0024710283486068393,0.04970943923046044,0.5140311576945201,131,14,inf
random_addition,42,86,132,0.002481210205045942,0.04981174766102813,0.5120287262011619,132,14,inf
random_addition,42,86,133,0.002530532022037585,0.050304393665340855,0.5023287701819017,133,14,inf
random_addition,42,86,134,0.00250891083755224,0.05008902911369155,0.5065809358843066,134,14,inf
random_addition,42,86,135,0.0027376177733241373,0.05232224931445644,0.461601911314651,135,14,inf
random_addition,42,86,136,0.0027258618708667273,0.05220978711761548,0.4639139051494059,136,14,inf
random_addition,42,86,137,0.0027174778103299306,0.05212943324389716,0.46556277016351366,137,14,inf
random_addition,42,86,138,0.0027117542415824895,0.05207450663791727,0.46668840519704846,138,14,inf
random_addition,42,86,139,0.0028546311324351894,0.05342874818330661,0.43858928716020384,139,14,inf
random_addition,42,86,140,0.002879099187427605,0.05365723797799888,0.43377723700107274,140,14,inf
random_addition,42,86,141,0.002860270312915432,0.05348149505123648,0.437480248483622,141,14,inf
random_addition,42,86,142,0.0028799632642434857,0.0536652891937003,0.4336073019171174,142,14,inf
random_addition,42,86,143,0.002898145990490572,0.05383443127302983,0.43003136624271043,143,14,inf
random_addition,42,86,144,0.0029294060720462863,0.05412398795401431,0.4238835510415735,144,14,inf
random_addition,42,86,145,0.002910756824751657,0.05395143023823981,0.42755123584282206,145,14,inf
random_addition,42,86,146,0.002871528564718269,0.053586645395268674,0.4352661259309233,146,14,inf
random_addition,42,86,147,0.002721135479217522,0.05216450401582979,0.464843428713691,147,14,inf
random_addition,42,86,148,0.002675605376378298,0.05172625422721326,0.4737976810513066,148,14,inf
random_addition,42,86,149,0.0026921099789031567,0.05188554691725969,0.4705517763306102,149,14,inf
random_addition,42,86,150,0.0026800483819562917,0.05176918370958047,0.47292389007342817,150,14,inf
random_addition,42,87,10,0.00962854819961681,0.0981251659851682,-0.8936142210947935,10,10,inf
random_addition,42,87,11,0.006376499795464981,0.07985298864453967,-0.2540447888063817,11,11,inf
random_addition,42,87,12,0.0067617547078452495,0.08222988938242133,-0.3298115779116113,12,12,inf
random_addition,42,87,13,0.007223291038016176,0.08498994668792408,-0.42058037713705954,13,13,inf
random_addition,42,87,14,0.007284988418575948,0.08535214360855824,-0.4327141936595682,14,14,inf
random_addition,42,87,15,0.011605118271412874,0.10772705450077466,-1.2823396155517002,15,14,inf
random_addition,42,87,16,0.00871091844131182,0.09333230116798696,-0.7131470598985437,16,14,inf
random_addition,42,87,17,0.005256207064742649,0.07249970389417221,-0.033720581801907956,17,14,inf
random_addition,42,87,18,0.007359747300938796,0.08578896957615703,-0.4474167718531401,18,14,inf
random_addition,42,87,19,0.007194290194729211,0.0848191617190904,-0.414876878734868,19,14,inf
random_addition,42,87,20,0.006372228282446804,0.07982623805771386,-0.25320472469400257,20,14,inf
random_addition,42,87,21,0.005755786448975789,0.07586689956084794,-0.13197118063957114,21,14,inf
random_addition,42,87,22,0.006640946448402051,0.08149200235852627,-0.3060526234602585,22,14,inf
random_addition,42,87,23,0.006715256825911578,0.08194667062127405,-0.3206669957113695,23,14,inf
random_addition,42,87,24,0.01194393963289506,0.10928833255611077,-1.3489744742252956,24,14,inf
random_addition,42,87,25,0.011142326576128833,0.1055572194410635,-1.1913239278876655,25,14,inf
random_addition,42,87,26,0.013065133189434813,0.11430281356744816,-1.5694758436163756,26,14,inf
random_addition,42,87,27,0.012974220744549356,0.11390443689580032,-1.5515963985598042,27,14,inf
random_addition,42,87,28,0.009449417688308785,0.09720811534182106,-0.8583852253404431,28,14,inf
random_addition,42,87,29,0.008545203117294568,0.09244026783439438,-0.680556383951687,29,14,inf
random_addition,42,87,30,0.00871428942605951,0.09335035846776117,-0.7138100201418724,30,14,inf
random_addition,42,87,31,0.008777112708993248,0.09368624610364772,-0.726165264101073,31,14,inf
random_addition,42,87,32,0.006386441724254513,0.07991521584938949,-0.2560000345350908,32,14,inf
random_addition,42,87,33,0.006639558586990961,0.08148348659078698,-0.30577967741995593,33,14,inf
random_addition,42,87,34,0.006486038190912381,0.08053594347192054,-0.2755873369740647,34,14,inf
random_addition,42,87,35,0.006068424194305947,0.0779000911058899,-0.19345659550530958,35,14,inf
random_addition,42,87,36,0.007277358425114252,0.08530743475872576,-0.43121362848334543,36,14,inf
random_addition,42,87,37,0.0068904883166725885,0.08300896527889375,-0.35512918419601514,37,14,inf
random_addition,42,87,38,0.00722931865381546,0.08502540005089926,-0.4217658080826381,38,14,inf
random_addition,42,87,39,0.007456094114184087,0.08634867754739552,-0.466364975874771,39,14,inf
random_addition,42,87,40,0.007514818494042752,0.08668805277570117,-0.47791410233910825,40,14,inf
random_addition,42,87,41,0.007506996959706422,0.08664292792667168,-0.47637586746267635,41,14,inf
random_addition,42,87,42,0.0075180145355762135,0.08670648496840483,-0.4785426570883293,42,14,inf
random_addition,42,87,43,0.007513220114402123,0.0866788331393664,-0.477599754385974,43,14,inf
random_addition,42,87,44,0.007662978049535457,0.08753843755479908,-0.5070521442801805,44,14,inf
random_addition,42,87,45,0.0076804276850834085,0.08763804929985268,-0.51048390547008,45,14,inf
random_addition,42,87,46,0.006966290530828591,0.08346430692714456,-0.37003695094760003,46,14,inf
random_addition,42,87,47,0.0070067251603508195,0.08370618352517824,-0.3779890936694943,47,14,inf
random_addition,42,87,48,0.005789672298005755,0.07608989616240618,-0.13863539670690783,48,14,inf
random_addition,42,87,49,0.004923399685186007,0.07016694154077123,0.03173152725424555,49,14,inf
random_addition,42,87,50,0.004914687729765689,0.0701048338544903,0.033444878253320875,50,14,inf
random_addition,42,87,51,0.004950347308519494,0.07035870456823018,0.026431828721186656,51,14,inf
random_addition,42,87,52,0.004840280436924624,0.0695721239931959,0.048078310517035705,52,14,inf
random_addition,42,87,53,0.004644716200665601,0.06815215477639427,0.0865392717377903,53,14,inf
random_addition,42,87,54,0.004816043723582427,0.06939772131404912,0.0528448634911598,54,14,inf
random_addition,42,87,55,0.004096421119640946,0.0640032899126361,0.19437062297160645,55,14,inf
random_addition,42,87,56,0.00443521503422641,0.06659741011650835,0.12774116218696374,56,14,inf
random_addition,42,87,57,0.0044125793029829935,0.0664272481966775,0.1321928553912538,57,14,inf
random_addition,42,87,58,0.004458686724423922,0.06677339832915441,0.12312506374411558,58,14,inf
random_addition,42,87,59,0.004335323206807655,0.06584317129974569,0.14738655223432628,59,14,inf
random_addition,42,87,60,0.004103993031583077,0.06406241512449462,0.19288148049267417,60,14,inf
random_addition,42,87,61,0.004623605427901168,0.06799709867267256,0.09069105648210107,61,14,inf
random_addition,42,87,62,0.004512107438194033,0.0671722222216448,0.1126189914683241,62,14,inf
random_addition,42,87,63,0.004161804121320544,0.06451204632718252,0.1815119677276852,63,14,inf
random_addition,42,87,64,0.004378805270861956,0.06617254166844398,0.13883508080283302,64,14,inf
random_addition,42,87,65,0.004131411108034012,0.06427605392394599,0.18748925952579754,65,14,inf
random_addition,42,87,66,0.0038586747400336414,0.06211823194548957,0.24112740458652415,66,14,inf
random_addition,42,87,67,0.0038880809386283924,0.06235447809603086,0.23534418631800325,67,14,inf
random_addition,42,87,68,0.0038741264583915308,0.06224248113942383,0.23808856705710146,68,14,inf
random_addition,42,87,69,0.003926626924512819,0.06266280335663908,0.22776347679423792,69,14,inf
random_addition,42,87,70,0.0036903394397532568,0.06074816408545411,0.2742333424615493,70,14,inf
random_addition,42,87,71,0.0036905895555132684,0.06075022267871344,0.2741841530354532,71,14,inf
random_addition,42,87,72,0.0038531162300904373,0.062073474448353844,0.24222057805965136,72,14,inf
random_addition,42,87,73,0.003897768927759208,0.06243211455460409,0.23343888204869978,73,14,inf
random_addition,42,87,74,0.003840965053831811,0.061975519794769056,0.24461030906471404,74,14,inf
random_addition,42,87,75,0.0037667431538919564,0.06137379859428579,0.25920728072949495,75,14,inf
random_addition,42,87,76,0.0035006266813107,0.05916609401769479,0.31154351320195683,76,14,inf
random_addition,42,87,77,0.0033761712834470318,0.058104830121488454,0.3360197381115472,77,14,inf
random_addition,42,87,78,0.00338299740236661,0.05816354014644062,0.3346772682403871,78,14,inf
random_addition,42,87,79,0.003451780420188927,0.05875185461063273,0.3211499432462267,79,14,inf
random_addition,42,87,80,0.0032624192913614887,0.057117591785381575,0.35839096017175553,80,14,inf
random_addition,42,87,81,0.0032366353825381755,0.05689143505430475,0.36346179488234887,81,14,inf
random_addition,42,87,82,0.0035620835751291684,0.059683193405926,0.29945699239878987,82,14,inf
random_addition,42,87,83,0.0031548935946371,0.05616843948906806,0.3795376776445445,83,14,inf
random_addition,42,87,84,0.0030700716472100795,0.05540822725200725,0.3962193250309235,84,14,inf
random_addition,42,87,85,0.0030315649648502132,0.055059649152988735,0.4037923048625791,85,14,inf
random_addition,42,87,86,0.003009305552986479,0.05485713766672919,0.40816998859895504,86,14,inf
random_addition,42,87,87,0.003001383475641037,0.054784883641758673,0.4097279969311498,87,14,inf
random_addition,42,87,88,0.0029986276571176344,0.054759726598273245,0.41026997450019587,88,14,inf
random_addition,42,87,89,0.0029472663553073816,0.05428873138421436,0.4203710291457661,89,14,inf
random_addition,42,87,90,0.002953746220621605,0.054348378270391885,0.4190966558077087,90,14,inf
random_addition,42,87,91,0.002975491645519318,0.05454806729407851,0.41482005616086925,91,14,inf
random_addition,42,87,92,0.00297950853623903,0.0545848746104544,0.4140300677603612,92,14,inf
random_addition,42,87,93,0.0027533426384068254,0.05247230353631166,0.4585093549366749,93,14,inf
random_addition,42,87,94,0.0027809114180708536,0.052734347612072095,0.4530874956752641,94,14,inf
random_addition,42,87,95,0.002749327863297014,0.05243403344486302,0.4592989272672926,95,14,inf
random_addition,42,87,96,0.0027795509396207397,0.0527214466760989,0.45335505640064233,96,14,inf
random_addition,42,87,97,0.002752491678989844,0.05246419425655791,0.4586767102658651,97,14,inf
random_addition,42,87,98,0.002728052414484354,0.052230761189976486,0.4634830982966728,98,14,inf
random_addition,42,87,99,0.002570385499014881,0.05069896940781816,0.49449092077826207,99,14,inf
random_addition,42,87,100,0.002611475742036154,0.05110260014946553,0.4864098407524675,100,14,inf
random_addition,42,87,101,0.002607529158519882,0.05106397123726162,0.4871860020715175,101,14,inf
random_addition,42,87,102,0.0027087675187247853,0.05204582133778643,0.46727579394564955,102,14,inf
random_addition,42,87,103,0.002790618137130564,0.052826301565892006,0.4511785078537801,103,14,inf
random_addition,42,87,104,0.0030371707273723946,0.055110531909721164,0.40268983838352,104,14,inf
random_addition,42,87,105,0.0031201178328154468,0.05585801493801446,0.3863769098703861,105,14,inf
random_addition,42,87,106,0.0031145167010442816,0.0558078551912209,0.38747846563520294,106,14,inf
random_addition,42,87,107,0.0031075019110249264,0.055744972069460455,0.3888580408175937,107,14,inf
random_addition,42,87,108,0.003109656480106577,0.05576429395326885,0.3884343089559713,108,14,inf
random_addition,42,87,109,0.003134290077517199,0.0559847307532795,0.3835897021256982,109,14,inf
random_addition,42,87,110,0.0033055539916885756,0.05749394743526118,0.3499078035973008,110,14,inf
random_addition,42,87,111,0.003293324737938064,0.057387496355374,0.3523128898403407,111,14,inf
random_addition,42,87,112,0.0035302084437321816,0.05941555725340108,0.3057257673855528,112,14,inf
random_addition,42,87,113,0.0035448977612084986,0.05953904400650466,0.302836868675731,113,14,inf
random_addition,42,87,114,0.0035516767761956435,0.05959594597114508,0.3015036625766866,114,14,inf
random_addition,42,87,115,0.003536428921529916,0.05946788142796005,0.3045024069187835,115,14,inf
random_addition,42,87,116,0.0033647107780596457,0.05800612707343635,0.33827363719711767,116,14,inf
random_addition,42,87,117,0.003137605950410402,0.056014337007684045,0.38293758054560756,117,14,inf
random_addition,42,87,118,0.003050359652233929,0.05523006112828347,0.4000960168477098,118,14,inf
random_addition,42,87,119,0.00292336672720461,0.05406816741119131,0.4250712886985081,119,14,inf
random_addition,42,87,120,0.002971527309361416,0.05451171717494704,0.41559970883229713,120,14,inf
random_addition,42,87,121,0.0028950449975378824,0.05380562235991591,0.43064122810692806,121,14,inf
random_addition,42,87,122,0.0027505847131260776,0.05244601713310628,0.45905174683460903,122,14,inf
random_addition,42,87,123,0.002784960270527094,0.05277272278864427,0.45229122146742895,123,14,inf
random_addition,42,87,124,0.002759956191706045,0.05253528520628821,0.4572086896318194,124,14,inf
random_addition,42,87,125,0.002790506466484118,0.05282524459464545,0.45120046974458705,125,14,inf
random_addition,42,87,126,0.002842396478959068,0.053314130199779756,0.44099543534913566,126,14,inf
random_addition,42,87,127,0.0028413043920023136,0.05330388721286951,0.4412102124213493,127,14,inf
random_addition,42,87,128,0.002841004536990945,0.05330107444499543,0.4412691838988787,128,14,inf
random_addition,42,87,129,0.002839850237734437,0.05329024523995397,0.44149619605504253,129,14,inf
random_addition,42,87,130,0.0034036317862126244,0.05834065294640286,0.33061917330392554,130,14,inf
random_addition,42,87,131,0.003388271676196456,0.05820886252278476,0.3336399945285994,131,14,inf
random_addition,42,87,132,0.0033483299756354445,0.05786475590232317,0.34149519456800415,132,14,inf
random_addition,42,87,133,0.0032240750456877117,0.056780939105369785,0.36593199412616895,133,14,inf
random_addition,42,87,134,0.003193837519606233,0.05651404709986919,0.3718787067781232,134,14,inf
random_addition,42,87,135,0.003143102328939454,0.056063377787459914,0.38185662624893113,135,14,inf
random_addition,42,87,136,0.0031244788991809337,0.05589703837575774,0.3855192336021037,136,14,inf
random_addition,42,87,137,0.003221261921771372,0.056756161971819166,0.36648524175428954,137,14,inf
random_addition,42,87,138,0.0031640388294980172,0.05624978959514442,0.37773911503376867,138,14,inf
random_addition,42,87,139,0.003116805993858978,0.05582836191273194,0.3870282381096938,139,14,inf
random_addition,42,87,140,0.0029622562401557958,0.05442661334453758,0.4174230188608241,140,14,inf
random_addition,42,87,141,0.0029673843900885678,0.05447370365679727,0.41641448284487625,141,14,inf
random_addition,42,87,142,0.0029865267689686867,0.054649124137251155,0.4126498155117033,142,14,inf
random_addition,42,87,143,0.003118227575828387,0.055841092179759404,0.3867486603604925,143,14,inf
random_addition,42,87,144,0.0031255429596844754,0.05590655560562174,0.3853099683982705,144,14,inf
random_addition,42,87,145,0.0031737427058380376,0.05633598056160945,0.37583068628041416,145,14,inf
random_addition,42,87,146,0.0031836468482566724,0.05642381454897101,0.3738828718703019,146,14,inf
random_addition,42,87,147,0.002626451698462374,0.05124891899798838,0.4834645697235169,147,14,inf
random_addition,42,87,148,0.002634028057501116,0.051322783025680864,0.481974552649037,148,14,inf
random_addition,42,87,149,0.0026783351657174597,0.05175263438432347,0.4732608225544632,149,14,inf
random_addition,42,87,150,0.0026800483819562917,0.05176918370958047,0.47292389007342817,150,14,inf
random_addition,42,88,10,0.00962854819961681,0.0981251659851682,-0.8936142210947935,10,10,inf
random_addition,42,88,11,0.00911088500553071,0.0954509560220887,-0.791807140137583,11,11,inf
random_addition,42,88,12,0.01843282563593932,0.13576754264528515,-2.625121880842273,12,12,inf
random_addition,42,88,13,0.0189087253100546,0.1375090008328713,-2.718715470658331,13,13,inf
random_addition,42,88,14,0.018804008650030464,0.1371277092714323,-2.698121196994608,14,14,inf
random_addition,42,88,15,0.012143897904952898,0.11019935528374428,-1.3882995957020028,15,14,inf
random_addition,42,88,16,0.012297111382166466,0.11089234140447421,-1.4184315754460046,16,14,inf
random_addition,42,88,17,0.006856767703322849,0.08280560188370621,-0.34849746447469254,17,14,inf
random_addition,42,88,18,0.007937693828362798,0.08909373619038993,-0.5610795734171385,18,14,inf
random_addition,42,88,19,0.007564589634968885,0.08697464938112073,-0.4877024253867708,19,14,inf
random_addition,42,88,20,0.007505355043298352,0.08663345221851863,-0.47605295727977937,20,14,inf
random_addition,42,88,21,0.008974938155510181,0.09473615020418648,-0.7650709299452549,21,14,inf
random_addition,42,88,22,0.00764409194864632,0.08743049781767412,-0.5033378782783626,22,14,inf
random_addition,42,88,23,0.00885215797719117,0.09408590743140638,-0.7409241648345306,23,14,inf
random_addition,42,88,24,0.005276009375727213,0.07263614372836166,-0.03761503576459413,24,14,inf
random_addition,42,88,25,0.00572952796631771,0.07569364548175567,-0.1268070130875314,25,14,inf
random_addition,42,88,26,0.005810038643645218,0.07622360948974548,-0.14264077746993453,26,14,inf
random_addition,42,88,27,0.010735791715731269,0.10361366568040757,-1.111372082909598,27,14,inf
random_addition,42,88,28,0.010080199897806296,0.10040019869405785,-0.9824390429622543,28,14,inf
random_addition,42,88,29,0.009586314047175325,0.09790972396639328,-0.885308172247028,29,14,inf
random_addition,42,88,30,0.008797911649031032,0.09379718358794699,-0.7302557217508372,30,14,inf
random_addition,42,88,31,0.008969672644017273,0.0947083557243883,-0.7640353794928301,31,14,inf
random_addition,42,88,32,0.009485869684736595,0.09739542948586753,-0.8655541169938852,32,14,inf
random_addition,42,88,33,0.010916317740647257,0.10448118366790864,-1.1468755296360973,33,14,inf
random_addition,42,88,34,0.01078782946950684,0.10386447645613413,-1.12160617309021,34,14,inf
random_addition,42,88,35,0.010637039056304358,0.10313602210820601,-1.091950729203421,35,14,inf
random_addition,42,88,36,0.00873831663416767,0.09347896359164275,-0.7185353704255864,36,14,inf
random_addition,42,88,37,0.00840898763152752,0.09170053234048055,-0.6537673420697465,37,14,inf
random_addition,42,88,38,0.00710013072271653,0.08426227342480459,-0.39635885176366936,38,14,inf
random_addition,42,88,39,0.006585627655422121,0.08115188017182424,-0.2951732623240946,39,14,inf
random_addition,42,88,40,0.007392186918561079,0.08597782806375769,-0.45379656244907607,40,14,inf
random_addition,42,88,41,0.007137253186868203,0.08448226551690126,-0.4036596020514944,41,14,inf
random_addition,42,88,42,0.006775491836480389,0.08231337580539623,-0.332513212841532,42,14,inf
random_addition,42,88,43,0.00623159929648947,0.07894047945439317,-0.22554769455964174,43,14,inf
random_addition,42,88,44,0.006667259837561941,0.08165329042703631,-0.3112275892895153,44,14,inf
random_addition,42,88,45,0.0032988792387947915,0.05743587066280785,0.3512205048207797,45,14,inf
random_addition,42,88,46,0.002906862098827339,0.05391532341391767,0.42831719850351146,46,14,inf
random_addition,42,88,47,0.003497966376030286,0.05914360807416374,0.31206670650244284,47,14,inf
random_addition,42,88,48,0.0033653553136695725,0.05801168256195964,0.3381468785444469,48,14,inf
random_addition,42,88,49,0.004302912165307167,0.06559658653700791,0.15376072286040876,49,14,inf
random_addition,42,88,50,0.004140969278451799,0.06435036346790746,0.18560948626657559,50,14,inf
random_addition,42,88,51,0.004085883867109668,0.06392091885376545,0.19644294902023007,51,14,inf
random_addition,42,88,52,0.004256599894450695,0.06524262329528677,0.16286880155377814,52,14,inf
random_addition,42,88,53,0.003283479552092359,0.05730165400834743,0.3542491094593576,53,14,inf
random_addition,42,88,54,0.0034220337852784487,0.05849815198173741,0.3270001139810461,54,14,inf
random_addition,42,88,55,0.0032963207579768915,0.05741359384306901,0.35172367264636806,55,14,inf
random_addition,42,88,56,0.0030299662633004347,0.05504512933312478,0.4041067161245041,56,14,inf
random_addition,42,88,57,0.0029706602959976543,0.05450376405348216,0.41577022143725695,57,14,inf
random_addition,42,88,58,0.002972633480865751,0.054521862411932985,0.4153821617994369,58,14,inf
random_addition,42,88,59,0.0029920326086525953,0.05469947539650262,0.4115670005214921,59,14,inf
random_addition,42,88,60,0.003411184645432402,0.05840534774686648,0.32913377785987863,60,14,inf
random_addition,42,88,61,0.0034286090800414483,0.058554325886662276,0.32570697285395467,61,14,inf
random_addition,42,88,62,0.003407990781082623,0.05837799911852601,0.3297619044297003,62,14,inf
random_addition,42,88,63,0.0032458147611101134,0.05697205245653445,0.36165651734265425,63,14,inf
random_addition,42,88,64,0.0030146381468891957,0.05490572052973347,0.40712124527439963,64,14,inf
random_addition,42,88,65,0.003155207590827426,0.05617123454961112,0.37947592506886607,65,14,inf
random_addition,42,88,66,0.0031417809521297607,0.05605159187864124,0.38211649698607497,66,14,inf
random_addition,42,88,67,0.0029251454795333857,0.05408461407399877,0.4247214674548745,67,14,inf
random_addition,42,88,68,0.002901218269345493,0.053862958230545536,0.42942715148361743,68,14,inf
random_addition,42,88,69,0.0026403403778618518,0.051384242505478774,0.4807331298140065,69,14,inf
random_addition,42,88,70,0.0026549228336814573,0.05152594330705123,0.4778652472271394,70,14,inf
random_addition,42,88,71,0.0026653294778781907,0.05162682905116477,0.4758186074808076,71,14,inf
random_addition,42,88,72,0.002732331986105342,0.05227171305883654,0.46264144932595674,72,14,inf
random_addition,42,88,73,0.0023047301965823616,0.04800760561184406,0.5467364564671707,73,14,inf
random_addition,42,88,74,0.002537017976271233,0.0503688194845902,0.5010531993565207,74,14,inf
random_addition,42,88,75,0.0025771840448769166,0.05076597329783914,0.4931538736076795,75,14,inf
random_addition,42,88,76,0.002599554545524288,0.050985826908311375,0.48875434241350024,76,14,inf
random_addition,42,88,77,0.0024039463297985137,0.04903005537217466,0.5272239529282033,77,14,inf
random_addition,42,88,78,0.0023408888474692334,0.04838273294750136,0.5396252560955812,78,14,inf
random_addition,42,88,79,0.002375418382240187,0.04873826404623155,0.532834448516442,79,14,inf
random_addition,42,88,80,0.002436312271579929,0.04935901408638476,0.5208586519123292,80,14,inf
random_addition,42,88,81,0.0023565361700909563,0.04854416720977873,0.5365479497328492,81,14,inf
random_addition,42,88,82,0.00259078854336662,0.05089978922713354,0.4904783226028052,82,14,inf
random_addition,42,88,83,0.002329693728113809,0.04826690095825305,0.5418269626019816,83,14,inf
random_addition,42,88,84,0.002667430454705746,0.05164717276585182,0.4754054154277203,84,14,inf
random_addition,42,88,85,0.002628616160750292,0.05127003179977843,0.48303889219826057,85,14,inf
random_addition,42,88,86,0.002656262454620259,0.051538941147643486,0.4776017884784267,86,14,inf
random_addition,42,88,87,0.0028240997645178657,0.053142259685845745,0.4445937886986624,87,14,inf
random_addition,42,88,88,0.0027889861136040956,0.052810852233268264,0.45149947243689403,88,14,inf
random_addition,42,88,89,0.002770178949214869,0.05263248948334925,0.4551982142625126,89,14,inf
random_addition,42,88,90,0.0032533101172189985,0.057037795515070516,0.3601824308422077,90,14,inf
random_addition,42,88,91,0.0033084165787031486,0.05751883672939804,0.34934482822785384,91,14,inf
random_addition,42,88,92,0.0033020229168661723,0.057463230999189145,0.35060224821769725,92,14,inf
random_addition,42,88,93,0.0032854152648710776,0.057318542068610555,0.35386841933144386,93,14,inf
random_addition,42,88,94,0.00366107355419864,0.06050680585024002,0.27998896583593924,94,14,inf
random_addition,42,88,95,0.0036231269432292516,0.06019241599428662,0.287451798309151,95,14,inf
random_addition,42,88,96,0.003547271620837799,0.059558975988828075,0.30237000967895045,96,14,inf
random_addition,42,88,97,0.003546282543342238,0.05955067206457235,0.3025645282265581,97,14,inf
random_addition,42,88,98,0.003251658636912665,0.05702331660744283,0.36050722192483997,98,14,inf
random_addition,42,88,99,0.0032611950542282856,0.0571068739665225,0.35863172677512756,99,14,inf
random_addition,42,88,100,0.0032036686566671657,0.056600959856412024,0.36994525008640144,100,14,inf
random_addition,42,88,101,0.0034164500411686684,0.058450406680951916,0.3280982501729234,101,14,inf
random_addition,42,88,102,0.003483753545293387,0.059023330516782824,0.3148618961662881,102,14,inf
random_addition,42,88,103,0.002727907390363066,0.052229372869708725,0.46351161970330435,103,14,inf
random_addition,42,88,104,0.0023433600599680063,0.0484082643767364,0.5391392510370814,104,14,inf
random_addition,42,88,105,0.002576346580244243,0.05075772434067787,0.49331857496298437,105,14,inf
random_addition,42,88,106,0.0025496626437471,0.05049418425667554,0.49856641509196564,106,14,inf
random_addition,42,88,107,0.0025895861314308415,0.0508879762952983,0.4907147969179356,107,14,inf
random_addition,42,88,108,0.0026271084839059743,0.051255326395468155,0.4833354019372188,108,14,inf
random_addition,42,88,109,0.0025101344673899703,0.05010124217412149,0.5063402887156947,109,14,inf
random_addition,42,88,110,0.0025093420493869627,0.05009333338266643,0.5064961309017062,110,14,inf
random_addition,42,88,111,0.002544471626016163,0.050442755932008344,0.49958731510653376,111,14,inf
random_addition,42,88,112,0.0024890290506317707,0.0498901698797646,0.5104910201122566,112,14,inf
random_addition,42,88,113,0.002486272480094298,0.04986253583698184,0.5110331455773829,113,14,inf
random_addition,42,88,114,0.0026421250546089614,0.0514016055645051,0.48038214343492625,114,14,inf
random_addition,42,88,115,0.0026105261015839073,0.05109330779646105,0.4865966033492807,115,14,inf
random_addition,42,88,116,0.0024598918443805248,0.04959729674468685,0.5162213365604338,116,14,inf
random_addition,42,88,117,0.002586218886615129,0.05085488065677796,0.49137702164140895,117,14,inf
random_addition,42,88,118,0.0022958039449502412,0.04791454836425197,0.5484919523821548,118,14,inf
random_addition,42,88,119,0.0020635594580514774,0.04542641806318739,0.5941666952452445,119,14,inf
random_addition,42,88,120,0.002060860462271357,0.045396701006475755,0.5946974976763019,120,14,inf
random_addition,42,88,121,0.002054393318447473,0.0453254158110819,0.5959693691216003,121,14,inf
random_addition,42,88,122,0.0020423870637722515,0.0451927766769453,0.5983305988858123,122,14,inf
random_addition,42,88,123,0.0021041079215944032,0.045870556150916716,0.5861921651689984,123,14,inf
random_addition,42,88,124,0.002097096062787564,0.04579406143581899,0.587571163879673,124,14,inf
random_addition,42,88,125,0.00214982668100589,0.04636622349303305,0.5772008103772295,125,14,inf
random_addition,42,88,126,0.002191677686697961,0.0468153573808634,0.5689701137132424,126,14,inf
random_addition,42,88,127,0.002453148426882336,0.04952926838630201,0.5175475418209379,127,14,inf
random_addition,42,88,128,0.0025150158792437696,0.050149933990422856,0.5053802778486625,128,14,inf
random_addition,42,88,129,0.002512697466973935,0.050126813852208234,0.505836232199568,129,14,inf
random_addition,42,88,130,0.0025159858703124,0.05015960396885526,0.5051895129645061,130,14,inf
random_addition,42,88,131,0.0026019179078826784,0.051008998303070784,0.48828954787971723,131,14,inf
random_addition,42,88,132,0.0029170279807938454,0.05400951750195372,0.4263179086560023,132,14,inf
random_addition,42,88,133,0.002920378579840986,0.05404052719802968,0.4256589575999018,133,14,inf
random_addition,42,88,134,0.0029228521344896448,0.054063408461635536,0.4251724919186538,134,14,inf
random_addition,42,88,135,0.002931989638406352,0.05414784980409058,0.4233754497266986,135,14,inf
random_addition,42,88,136,0.0029309127877852324,0.054137905277035166,0.42358723031997925,136,14,inf
random_addition,42,88,137,0.0028338679186877933,0.05323408606041615,0.44267271864048297,137,14,inf
random_addition,42,88,138,0.0029006076726544637,0.05385728987476499,0.4295472354831483,138,14,inf
random_addition,42,88,139,0.003001596465369574,0.05478682748042246,0.4096861089569148,139,14,inf
random_addition,42,88,140,0.002885312223805211,0.053715102381036293,0.4325553400133958,140,14,inf
random_addition,42,88,141,0.0028437357961239133,0.05332668934149122,0.44073203634262614,141,14,inf
random_addition,42,88,142,0.0028421981925994657,0.053312270563158966,0.4410344316612076,142,14,inf
random_addition,42,88,143,0.0028379266646005683,0.05327219410349614,0.4418744987197947,143,14,inf
random_addition,42,88,144,0.0028441049974177457,0.053330150922510484,0.44065942676473824,144,14,inf
random_addition,42,88,145,0.0027088701365873625,0.05204680716996349,0.46725561243542746,145,14,inf
random_addition,42,88,146,0.0027029456843916566,0.05198986136153526,0.46842075454173493,146,14,inf
random_addition,42,88,147,0.002747580365996633,0.05241736702655555,0.4596426016895131,147,14,inf
random_addition,42,88,148,0.0027083655263630845,0.05204195928635935,0.4673548524326724,148,14,inf
random_addition,42,88,149,0.002727254522578556,0.05222312248974161,0.46364001701675306,149,14,inf
random_addition,42,88,150,0.0026800483819562917,0.05176918370958047,0.47292389007342817,150,14,inf
random_addition,42,89,10,0.00962854819961681,0.0981251659851682,-0.8936142210947935,10,10,inf
random_addition,42,89,11,0.005150320799627844,0.07176573555414759,-0.012896285835046761,11,11,inf
random_addition,42,89,12,0.006067382655702613,0.07789340572668917,-0.1932517596079133,12,12,inf
random_addition,42,89,13,0.006429061769513503,0.08018143032843392,-0.2643819756266188,13,13,inf
random_addition,42,89,14,0.005218518509977696,0.07223931415771952,-0.026308500375315846,14,14,inf
random_addition,42,89,15,0.003666679740525869,0.060553115035692995,0.27888641600856545,15,14,inf
random_addition,42,89,16,0.005610918607166955,0.07490606522283062,-0.10348050896806837,16,14,inf
random_addition,42,89,17,0.005042876842890293,0.07101321597343901,0.0082343561091891,17,14,inf
random_addition,42,89,18,0.00485205723951837,0.06965670993894536,0.04576220632269501,18,14,inf
random_addition,42,89,19,0.004749595237238354,0.06891730724018716,0.06591306402385999,19,14,inf
random_addition,42,89,20,0.0045363546210844775,0.06735246559024011,0.10785037948332521,20,14,inf
random_addition,42,89,21,0.004172511363181642,0.06459497939609271,0.1794062104487545,21,14,inf
random_addition,42,89,22,0.005589536558798634,0.07476320324062255,-0.09927537336226644,22,14,inf
random_addition,42,89,23,0.004521702110550463,0.06724360274814596,0.11073203949548105,23,14,inf
random_addition,42,89,24,0.004568353939882803,0.06758959934696168,0.10155718097762856,24,14,inf
random_addition,42,89,25,0.0036446674217114916,0.06037108100499354,0.28321550478519286,25,14,inf
random_addition,42,89,26,0.0036215201302560477,0.06017906720991983,0.28776780481746556,26,14,inf
random_addition,42,89,27,0.0036761314021172067,0.06063110919418518,0.27702758948235606,27,14,inf
random_addition,42,89,28,0.006091392333564452,0.07804737236809739,-0.19797366227698765,28,14,inf
random_addition,42,89,29,0.006085252224152516,0.07800802666490492,-0.19676610759060376,29,14,inf
random_addition,42,89,30,0.0069618022320624695,0.08343741506100527,-0.36915425231060417,30,14,inf
random_addition,42,89,31,0.006210137787430138,0.07880442746083584,-0.22132693168673812,31,14,inf
random_addition,42,89,32,0.006902238773338674,0.08307971336817836,-0.35744010702528906,32,14,inf
random_addition,42,89,33,0.00710770968208136,0.08430723386567347,-0.3978493802355436,33,14,inf
random_addition,42,89,34,0.007643242034686047,0.08742563717060373,-0.5031707285556304,34,14,inf
random_addition,42,89,35,0.00804069041509228,0.08966989692807882,-0.5813355660456985,35,14,inf
random_addition,42,89,36,0.007975162831050257,0.08930376717166111,-0.5684484762743769,36,14,inf
random_addition,42,89,37,0.007867848346613495,0.0887008925919773,-0.5473432972124914,37,14,inf
random_addition,42,89,38,0.007356548471328042,0.08577032395489737,-0.44678766878212617,38,14,inf
random_addition,42,89,39,0.006466385972689226,0.08041384192220408,-0.27172240125043134,39,14,inf
random_addition,42,89,40,0.006326347134092153,0.07953833751149286,-0.24418143341443188,40,14,inf
random_addition,42,89,41,0.006139729006292809,0.07835642287836275,-0.20747987328421558,41,14,inf
random_addition,42,89,42,0.005274182169013604,0.07262356483272908,-0.03725568515990907,42,14,inf
random_addition,42,89,43,0.004425594647930025,0.06652514297564512,0.1296331712339751,43,14,inf
random_addition,42,89,44,0.004562317189544158,0.0675449271932701,0.10274440838236998,44,14,inf
random_addition,42,89,45,0.004703901557393595,0.06858499513299972,0.07489948650151157,45,14,inf
random_addition,42,89,46,0.004738905600197443,0.06883970947205865,0.06801535902195899,46,14,inf
random_addition,42,89,47,0.0047030554796793494,0.06857882675928008,0.07506588176262785,47,14,inf
random_addition,42,89,48,0.004099841444518958,0.06403000425206107,0.19369795917063737,48,14,inf
random_addition,42,89,49,0.0041231659959154975,0.06421188360354722,0.18911079802136865,49,14,inf
random_addition,42,89,50,0.0036314162470054145,0.060261233367774794,0.28582156878876064,50,14,inf
random_addition,42,89,51,0.0035606861659046216,0.05967148536700441,0.29973181617548295,51,14,inf
random_addition,42,89,52,0.00326888880673403,0.05717419703619833,0.35711862232195146,52,14,inf
random_addition,42,89,53,0.004253043795192675,0.06521536471716366,0.16356816764584148,53,14,inf
random_addition,42,89,54,0.004259054265207226,0.06526143014987662,0.16238610870413417,54,14,inf
random_addition,42,89,55,0.004087443496368665,0.06393311736782953,0.19613622197444447,55,14,inf
random_addition,42,89,56,0.0048551386036082035,0.069678824642844,0.04515620480097948,56,14,inf
random_addition,42,89,57,0.004336568664223997,0.06585262837749148,0.14714161230917244,57,14,inf
random_addition,42,89,58,0.003955550171907722,0.06289316474711479,0.2220752389154047,58,14,inf
random_addition,42,89,59,0.0042706295167945505,0.06535005368624076,0.16010964286898577,59,14,inf
random_addition,42,89,60,0.004604884388555838,0.06785929846790223,0.09437286038472925,60,14,inf
random_addition,42,89,61,0.003840870475876146,0.06197475676334798,0.24462890939345894,61,14,inf
random_addition,42,89,62,0.003987930161172322,0.06315006065850073,0.21570717522821425,62,14,inf
random_addition,42,89,63,0.004122159485293878,0.06420404570814738,0.1893087450833002,63,14,inf
random_addition,42,89,64,0.004243352087036564,0.06514101693277873,0.16547420332335339,64,14,inf
random_addition,42,89,65,0.004259743759586332,0.0652667124925588,0.16225050816139686,65,14,inf
random_addition,42,89,66,0.004278038977509195,0.06540671966632476,0.1586524491271034,66,14,inf
random_addition,42,89,67,0.004317664574306377,0.0657089383136448,0.1508594161527762,67,14,inf
random_addition,42,89,68,0.003758432547854351,0.061306056371735015,0.26084169969406445,68,14,inf
random_addition,42,89,69,0.0037797355932748565,0.06147955427030076,0.2566521013325479,69,14,inf
random_addition,42,89,70,0.0034736579217719476,0.058937746154497185,0.31684736852148465,70,14,inf
random_addition,42,89,71,0.0026787655132068525,0.05175679195242739,0.47317618755975466,71,14,inf
random_addition,42,89,72,0.0025110798885335977,0.05011067639269697,0.5061543559161301,72,14,inf
random_addition,42,89,73,0.0024499766422115188,0.049497238733201256,0.5181713260544892,73,14,inf
random_addition,42,89,74,0.002310383726601562,0.04806645115464176,0.5456245957149786,74,14,inf
random_addition,42,89,75,0.002328787139441343,0.04825750863276453,0.5420052583499255,75,14,inf
random_addition,42,89,76,0.0022229267541045406,0.047147924175986164,0.5628244646278067,76,14,inf
random_addition,42,89,77,0.00215861505455475,0.04646089812471074,0.5754724304815899,77,14,inf
random_addition,42,89,78,0.002243573242984082,0.04736637249129473,0.558763989035076,78,14,inf
random_addition,42,89,79,0.0022156696644339367,0.04707090039965176,0.5642516920684464,79,14,inf
random_addition,42,89,80,0.0020593188215639237,0.04537971817413506,0.5950006869740956,80,14,inf
random_addition,42,89,81,0.0020199502808211267,0.04494385698647955,0.6027431655979525,81,14,inf
random_addition,42,89,82,0.002028107890926889,0.04503451888192977,0.60113883582921,82,14,inf
random_addition,42,89,83,0.002006094086970428,0.04478944169076489,0.6054682166837406,83,14,inf
random_addition,42,89,84,0.0020275674658337918,0.04502851836152053,0.6012451194163624,84,14,inf
random_addition,42,89,85,0.0022851201160147675,0.04780292999403664,0.5505931051196735,85,14,inf
random_addition,42,89,86,0.002234358286928005,0.04726899921648442,0.5605762634790307,86,14,inf
random_addition,42,89,87,0.0022317932669930845,0.0472418592668947,0.561080717330791,87,14,inf
random_addition,42,89,88,0.002243243353532987,0.04736289004624809,0.5588288672849462,88,14,inf
random_addition,42,89,89,0.0023313011490449067,0.048283549466095664,0.541510836528631,89,14,inf
random_addition,42,89,90,0.002379972065943107,0.04878495737359117,0.531938890843629,90,14,inf
random_addition,42,89,91,0.002359799265036435,0.04857776513011313,0.535906207814396,91,14,inf
random_addition,42,89,92,0.0024537466063343843,0.04953530666438217,0.5174298998780736,92,14,inf
random_addition,42,89,93,0.0025663860045603273,0.050659510504547194,0.4952774879137555,93,14,inf
random_addition,42,89,94,0.0025465784845645463,0.05046363526901868,0.4991729663151746,94,14,inf
random_addition,42,89,95,0.0025451427374177916,0.05044940770135752,0.4994553298822074,95,14,inf
random_addition,42,89,96,0.0025463220775795584,0.05046109469263978,0.49922339301534735,96,14,inf
random_addition,42,89,97,0.002253379164233114,0.04746977105730671,0.556835491452352,97,14,inf
random_addition,42,89,98,0.002103990318620786,0.04586927423254902,0.5862152937506566,98,14,inf
random_addition,42,89,99,0.0022075798022106177,0.046984889083732204,0.5658426980887916,99,14,inf
random_addition,42,89,100,0.0022315082889557735,0.04723884301034238,0.5611367630038213,100,14,inf
random_addition,42,89,101,0.0025205003748755145,0.05020458519772387,0.5043016605214711,101,14,inf
random_addition,42,89,102,0.0026137274851837236,0.05112462699310112,0.4859669979938198,102,14,inf
random_addition,42,89,103,0.0029772027792530605,0.054563749681020464,0.4144835332391126,103,14,inf
random_addition,42,89,104,0.002932428494716453,0.05415190204153916,0.4232891413308121,104,14,inf
random_addition,42,89,105,0.002909975741566478,0.05394419099000816,0.42770484884829807,105,14,inf
random_addition,42,89,106,0.002187075407842674,0.04676617803330387,0.5698752284313847,106,14,inf
random_addition,42,89,107,0.0023121775038664823,0.04808510688213641,0.5452718195676395,107,14,inf
random_addition,42,89,108,0.002297493589230717,0.04793217697153674,0.5481596557189643,108,14,inf
random_addition,42,89,109,0.0023818415806644015,0.048804114382543624,0.5315712196652337,109,14,inf
random_addition,42,89,110,0.0024690258044091093,0.04968929265353965,0.5144249913330476,110,14,inf
random_addition,42,89,111,0.0024629121379458494,0.049627735571410564,0.5156273455735675,111,14,inf
random_addition,42,89,112,0.0024643833164180993,0.04964255549846421,0.515338013846804,112,14,inf
random_addition,42,89,113,0.00249751881237019,0.049975181964352966,0.5088213671979971,113,14,inf
random_addition,42,89,114,0.0024992541016135438,0.04999254045968802,0.5084800936933312,114,14,inf
random_addition,42,89,115,0.002546198728359755,0.05045987245683202,0.49924765169193486,115,14,inf
random_addition,42,89,116,0.0025802667172583984,0.050796325824397956,0.4925476147886415,116,14,inf
random_addition,42,89,117,0.0025923392248090294,0.05091501963869826,0.49017335529404205,117,14,inf
random_addition,42,89,118,0.002465414412287957,0.04965293961376262,0.5151352316867113,118,14,inf
random_addition,42,89,119,0.0025224933539816823,0.0502244298522311,0.503909708017361,119,14,inf
random_addition,42,89,120,0.002530334713387097,0.050302432479822454,0.5023675742112073,120,14,inf
random_addition,42,89,121,0.0026454338745875833,0.051433781453317076,0.4797314089278475,121,14,inf
random_addition,42,89,122,0.002386492327838629,0.0488517382274022,0.530656572845666,122,14,inf
random_addition,42,89,123,0.002407379451448382,0.04906505326042541,0.5265487724291124,123,14,inf
random_addition,42,89,124,0.002429180151240482,0.049286713739510796,0.5222613020545255,124,14,inf
random_addition,42,89,125,0.0023311201033973444,0.04828167461260374,0.5415464421677973,125,14,inf
random_addition,42,89,126,0.00228082644750262,0.04775799878033647,0.5514375264786062,126,14,inf
random_addition,42,89,127,0.002317030431280227,0.04813554228717307,0.544317410639721,127,14,inf
random_addition,42,89,128,0.0023115868114502707,0.04807896433421035,0.5453879890603233,128,14,inf
random_addition,42,89,129,0.0023553989446097696,0.04853245248913112,0.536771604046991,129,14,inf
random_addition,42,89,130,0.002381007866016783,0.04879557219683752,0.5317351835235782,130,14,inf
random_addition,42,89,131,0.0024522248380319535,0.049519943841163164,0.5177291809367497,131,14,inf
random_addition,42,89,132,0.0024153166880434935,0.04914587152593281,0.5249877827782223,132,14,inf
random_addition,42,89,133,0.002429357350631388,0.04928851134525558,0.5222264528457317,133,14,inf
random_addition,42,89,134,0.002446763016826606,0.04946476540757679,0.5188033389606909,134,14,inf
random_addition,42,89,135,0.002444536374305699,0.04944225292506096,0.5192412452634345,135,14,inf
random_addition,42,89,136,0.0024540204004750393,0.04953807021347359,0.5173760537044192,136,14,inf
random_addition,42,89,137,0.0024625882481240187,0.04962447227048383,0.51569104389651,137,14,inf
random_addition,42,89,138,0.002432046457043306,0.04931578304197659,0.5216975953234888,138,14,inf
random_addition,42,89,139,0.0024525260854080296,0.049522985425032987,0.5176699356275318,139,14,inf
random_addition,42,89,140,0.0024977830813047858,0.049977825896139035,0.5087693943146123,140,14,inf
random_addition,42,89,141,0.0022738567887247386,0.04768497445448344,0.552808225851384,141,14,inf
random_addition,42,89,142,0.0023345418857772743,0.04831709724080364,0.5408734917248235,142,14,inf
random_addition,42,89,143,0.0024247746311253223,0.049242000681586066,0.5231277208923849,143,14,inf
random_addition,42,89,144,0.0023729037167987605,0.04871245956425071,0.5333289993191654,144,14,inf
random_addition,42,89,145,0.0024853456163951727,0.049853240781268904,0.5112154287466929,145,14,inf
random_addition,42,89,146,0.002485679547814006,0.04985658981332364,0.5111497555766091,146,14,inf
random_addition,42,89,147,0.0025040334063033596,0.05004031780777735,0.5075401638991448,147,14,inf
random_addition,42,89,148,0.0025225301019150743,0.050224795688136696,0.5039024809247792,148,14,inf
random_addition,42,89,149,0.0027064633027604735,0.05202368021161588,0.46772895635684963,149,14,inf
random_addition,42,89,150,0.0026800483819562917,0.05176918370958047,0.47292389007342817,150,14,inf
random_addition,42,90,10,0.00962854819961681,0.0981251659851682,-0.8936142210947935,10,10,inf
random_addition,42,90,11,0.013239952738595892,0.115064993541024,-1.6038570169307467,11,11,inf
random_addition,42,90,12,0.00960171969604413,0.09798836510547633,-0.8883379494448327,12,12,inf
random_addition,42,90,13,0.009753817525441664,0.09876141719032622,-0.9182505184815937,13,13,inf
random_addition,42,90,14,0.013411050794537294,0.11580609135333639,-1.637506296678363,14,14,inf
random_addition,42,90,15,0.01433071496767956,0.1197109642751221,-1.8183735594047294,15,14,inf
random_addition,42,90,16,0.014879720174661357,0.12198245847113165,-1.92634456872441,16,14,inf
random_addition,42,90,17,0.009700261317133654,0.09848990464577399,-0.9077177989503151,17,14,inf
random_addition,42,90,18,0.00969841203916827,0.0984805160382919,-0.907354107666706,18,14,inf
random_addition,42,90,19,0.009589551585156234,0.09792625585182063,-0.8859448879631344,19,14,inf
random_addition,42,90,20,0.005596194934535426,0.07480771975227841,-0.10058485374530957,20,14,inf
random_addition,42,90,21,0.005268979510944834,0.07258773664294013,-0.036232495879212845,21,14,inf
random_addition,42,90,22,0.003928977134801279,0.06268155338535636,0.22730126883385526,22,14,inf
random_addition,42,90,23,0.004455218134895486,0.06674742043626469,0.12380721959170726,23,14,inf
random_addition,42,90,24,0.004870457121321294,0.06978866040641053,0.04214356339479575,24,14,inf
random_addition,42,90,25,0.0047016110170550246,0.06856829454678762,0.0753499593733491,25,14,inf
random_addition,42,90,26,0.003813550392183121,0.061753950417630134,0.2500018584539073,26,14,inf
random_addition,42,90,27,0.003943061940070939,0.06279380494977939,0.22453125750846759,27,14,inf
random_addition,42,90,28,0.002923116030954964,0.05406584902648773,0.42512059228754995,28,14,inf
random_addition,42,90,29,0.0029603821251066647,0.0544093937211826,0.4177915947702372,29,14,inf
random_addition,42,90,30,0.003490145371370306,0.059077452309407405,0.3136048372092066,30,14,inf
random_addition,42,90,31,0.003829610540502626,0.061883847169537105,0.24684336304834686,31,14,inf
random_addition,42,90,32,0.003966569232736387,0.06298070524165625,0.21990815724787982,32,14,inf
random_addition,42,90,33,0.004643604173482325,0.06814399587258091,0.08675797038735189,33,14,inf
random_addition,42,90,34,0.0045078204522034536,0.0671403042307931,0.11346209859819423,34,14,inf
random_addition,42,90,35,0.0035536617026075633,0.05961259684502566,0.30111329376889606,35,14,inf
random_addition,42,90,36,0.0032309562545754303,0.05684150116398608,0.3645786898960851,36,14,inf
random_addition,42,90,37,0.0037058896026918005,0.06087601828874652,0.2711751441672374,37,14,inf
random_addition,42,90,38,0.004108955432383722,0.06410113440793168,0.19190554180160047,38,14,inf
random_addition,42,90,39,0.004574428015970455,0.06763451793256499,0.1003626128432501,39,14,inf
random_addition,42,90,40,0.004518717693298336,0.06722140799848167,0.11131897480838038,40,14,inf
random_addition,42,90,41,0.004543476927557242,0.06740531824386888,0.10644965940131323,41,14,inf
random_addition,42,90,42,0.005160990489406528,0.07184003402982579,-0.014994657872109407,42,14,inf
random_addition,42,90,43,0.005275941153570309,0.07263567411107513,-0.03760161874223211,43,14,inf
random_addition,42,90,44,0.004968727899879276,0.07048920413708241,0.022816979579921348,44,14,inf
random_addition,42,90,45,0.004884706939155168,0.06989067848544016,0.03934109960287058,45,14,inf
random_addition,42,90,46,0.004757142958671157,0.06897204476214372,0.06442867901111349,46,14,inf
random_addition,42,90,47,0.004563934595949967,0.06755689895155022,0.10242631849926054,47,14,inf
random_addition,42,90,48,0.0038610968040021327,0.06213772448361891,0.24065106540432857,48,14,inf
random_addition,42,90,49,0.0039501023076201295,0.06284983936033671,0.22314665207922835,49,14,inf
random_addition,42,90,50,0.004054166062952971,0.06367233357552533,0.20268078298728776,50,14,inf
random_addition,42,90,51,0.0041094064705907846,0.06410465248787162,0.19181683763297142,51,14,inf
random_addition,42,90,52,0.004880848930088475,0.06986307272149196,0.040099841282544735,52,14,inf
random_addition,42,90,53,0.0051006033646586865,0.07141850855806699,-0.003118524957482771,53,14,inf
random_addition,42,90,54,0.004271500802041211,0.0653567196395383,0.1599382901271702,54,14,inf
random_addition,42,90,55,0.004257833064057861,0.06525207325486189,0.16262627823076603,55,14,inf
random_addition,42,90,56,0.004364706424618499,0.06606592483738118,0.14160785351935756,56,14,inf
random_addition,42,90,57,0.004301973751274882,0.06558943322879747,0.15394527759493037,57,14,inf
random_addition,42,90,58,0.004189908118792407,0.06472949960251823,0.17598484897841715,58,14,inf
random_addition,42,90,59,0.004245211597526712,0.06515528833123764,0.16510849964348207,59,14,inf
random_addition,42,90,60,0.0040288668839628,0.06347335570113495,0.2076562875103597,60,14,inf
random_addition,42,90,61,0.003917841650669484,0.0625926645116621,0.22949124708120738,61,14,inf
random_addition,42,90,62,0.003424143823278608,0.058516184285021595,0.32658513989758964,62,14,inf
random_addition,42,90,63,0.003469185828234278,0.05889979480638517,0.31772688013065264,63,14,inf
random_addition,42,90,64,0.002794743578740372,0.05286533437651154,0.45036717111446367,64,14,inf
random_addition,42,90,65,0.0022430664883279594,0.04736102288092984,0.5588636507705262,65,14,inf
random_addition,42,90,66,0.0022002612436655654,0.04690694238239757,0.5672820144064248,66,14,inf
random_addition,42,90,67,0.0022236598851082525,0.04715569833125423,0.5626802822167336,67,14,inf
random_addition,42,90,68,0.002172235866844284,0.046607251226008645,0.5727936710965196,68,14,inf
random_addition,42,90,69,0.002106867618075059,0.04590062764358521,0.5856494249351298,69,14,inf
random_addition,42,90,70,0.0020997018284336297,0.04582250351556132,0.5870586967058132,70,14,inf
random_addition,42,90,71,0.002197167972780024,0.04687395836474688,0.5678903575976437,71,14,inf
random_addition,42,90,72,0.0022298656057118914,0.04722145281238064,0.5614598239977406,72,14,inf
random_addition,42,90,73,0.0021206369652783707,0.04605037421431416,0.5829414536876659,73,14,inf
random_addition,42,90,74,0.0023609634219885728,0.048589746058078684,0.5356772569783559,74,14,inf
random_addition,42,90,75,0.002352410688348878,0.048501656552625894,0.5373592943648444,75,14,inf
random_addition,42,90,76,0.0023829358115730554,0.04881532353240174,0.5313560209492039,76,14,inf
random_addition,42,90,77,0.0024626403627512677,0.04962499735769532,0.5156807946878816,77,14,inf
random_addition,42,90,78,0.002476392195055285,0.04976336197500411,0.5129762680368093,78,14,inf
random_addition,42,90,79,0.0029369529980358645,0.05419366197292691,0.42239932246597334,79,14,inf
random_addition,42,90,80,0.002801549604696975,0.05292966658403372,0.44902865285881666,80,14,inf
random_addition,42,90,81,0.0018275564109756395,0.042749928783281495,0.6405806215090497,81,14,inf
random_addition,42,90,82,0.001969399022743912,0.04437791142836616,0.6126849116644111,82,14,inf
random_addition,42,90,83,0.0019917791876676023,0.04462935343098309,0.6082834798294816,83,14,inf
random_addition,42,90,84,0.0019174095333110252,0.04378823510157751,0.6229095098589229,84,14,inf
random_addition,42,90,85,0.0018897995101247247,0.04347182432478219,0.6283394803452748,85,14,inf
random_addition,42,90,86,0.0019377647667079118,0.04402004959910781,0.6189063145033051,86,14,inf
random_addition,42,90,87,0.0019396853101994363,0.044041858614271,0.6185286076681327,87,14,inf
random_addition,42,90,88,0.0018132265588448066,0.04258199806073931,0.6433988253772311,88,14,inf
random_addition,42,90,89,0.002069716249035704,0.045494134226685794,0.5929558598500906,89,14,inf
random_addition,42,90,90,0.002105771137423867,0.04588868201881448,0.5858650661004651,90,14,inf
random_addition,42,90,91,0.002064608526381919,0.04543796349289786,0.5939603785017188,91,14,inf
random_addition,42,90,92,0.002204904597545391,0.04695641167663252,0.5663688216012246,92,14,inf
random_addition,42,90,93,0.002451870840685734,0.049516369421492665,0.517798800405348,93,14,inf
random_addition,42,90,94,0.002339463898566002,0.048368004905784585,0.539905496008344,94,14,inf
random_addition,42,90,95,0.0025452510248108245,0.05045048091753759,0.499434033364481,95,14,inf
random_addition,42,90,96,0.0025322986092672596,0.050321949577368914,0.5019813414074319,96,14,inf
random_addition,42,90,97,0.0025041383503162326,0.05004136639137897,0.5075195249127602,97,14,inf
random_addition,42,90,98,0.0025513614120646843,0.05051100288120089,0.49823232403505524,98,14,inf
random_addition,42,90,99,0.0026500432390600755,0.051478570678099404,0.47882490070517825,99,14,inf
random_addition,42,90,100,0.002993304488861004,0.05471110023442231,0.4113168641146069,100,14,inf
random_addition,42,90,101,0.0030436112563500947,0.055168933797474236,0.40142320119059083,101,14,inf
random_addition,42,90,102,0.003004547816844263,0.054813755726498645,0.4091056765793585,102,14,inf
random_addition,42,90,103,0.003001204139128559,0.05478324688377423,0.409763266440462,103,14,inf
random_addition,42,90,104,0.0030456943465584645,0.05518780976409976,0.4010135268387971,104,14,inf
random_addition,42,90,105,0.0034349833117513703,0.0586087306785548,0.3244533741219109,105,14,inf
random_addition,42,90,106,0.0034126678619723085,0.05841804397591816,0.3288420786467987,106,14,inf
random_addition,42,90,107,0.0033911756445297704,0.05823380156343711,0.3330688808342428,107,14,inf
random_addition,42,90,108,0.0033980979664272335,0.05829320686346938,0.3317074910466782,108,14,inf
random_addition,42,90,109,0.003772378491054011,0.06141969139497536,0.25809899790538693,109,14,inf
random_addition,42,90,110,0.003767046618632758,0.06137627081073563,0.2591475993386072,110,14,inf
random_addition,42,90,111,0.003823286614270441,0.061832730930070044,0.24808706837111782,111,14,inf
random_addition,42,90,112,0.0038067431307874386,0.06169880980041218,0.25134061967920673,112,14,inf
random_addition,42,90,113,0.0038581904773282694,0.06211433391197453,0.24122264290559647,113,14,inf
random_addition,42,90,114,0.003790889938858677,0.061570203336181024,0.2544584136668032,114,14,inf
random_addition,42,90,115,0.0037998006604595875,0.061642523151308366,0.2527059719908741,115,14,inf
random_addition,42,90,116,0.0037872793723608723,0.061540875622311975,0.25516849164789734,116,14,inf
random_addition,42,90,117,0.0036255523652401816,0.06021255986287397,0.2869747987120326,117,14,inf
random_addition,42,90,118,0.003621449381242563,0.06017847938626036,0.2877817187882207,118,14,inf
random_addition,42,90,119,0.003626591878798966,0.06022119127681688,0.2867703610733433,119,14,inf
random_addition,42,90,120,0.0036996877997810393,0.06082505897885377,0.2723948319067361,120,14,inf
random_addition,42,90,121,0.003661677680281516,0.06051179786026454,0.2798701543891716,121,14,inf
random_addition,42,90,122,0.0036616163418961975,0.06051129102817256,0.27988221760330634,122,14,inf
random_addition,42,90,123,0.0036809522370999303,0.060670851626624875,0.27607949206501126,123,14,inf
random_addition,42,90,124,0.003132492123936857,0.05596867091451124,0.3839432996149582,124,14,inf
random_addition,42,90,125,0.003125619746326994,0.05590724234235663,0.38529486702730054,125,14,inf
random_addition,42,90,126,0.0030338708621746443,0.05508058516550677,0.40333881178393405,126,14,inf
random_addition,42,90,127,0.0030981946732640568,0.05566142895456473,0.39068846399435,127,14,inf
random_addition,42,90,128,0.0031090326296251123,0.05575870003528698,0.3885569995339325,128,14,inf
random_addition,42,90,129,0.0029996077424124966,0.05476867482797531,0.4100772244184846,129,14,inf
random_addition,42,90,130,0.0030520557482166654,0.055245413820666285,0.3997624513499145,130,14,inf
random_addition,42,90,131,0.0031584527737371164,0.056200113645233106,0.3788377058503043,131,14,inf
random_addition,42,90,132,0.0031615485504431773,0.05622764934125539,0.3782288698477838,132,14,inf
random_addition,42,90,133,0.0031566409749412055,0.056183992159165815,0.3791940262315884,133,14,inf
random_addition,42,90,134,0.002907366893285507,0.05392000457423485,0.42821792227360655,134,14,inf
random_addition,42,90,135,0.0029498929688253177,0.054312917145236436,0.4198544618909975,135,14,inf
random_addition,42,90,136,0.002937647896526015,0.054200072846132,0.4222626591148755,136,14,inf
random_addition,42,90,137,0.002918985174250164,0.05402763343188524,0.4259329939954031,137,14,inf
random_addition,42,90,138,0.0029576137603028853,0.05438394763441585,0.41833603977408773,138,14,inf
random_addition,42,90,139,0.002960157289019609,0.05440732753057817,0.4178358125279965,139,14,inf
random_addition,42,90,140,0.0029776349623792317,0.054567709887617895,0.4143985372358867,140,14,inf
random_addition,42,90,141,0.002952636118129795,0.05433816447148169,0.41931497593466704,141,14,inf
random_addition,42,90,142,0.0029407660644634242,0.054228830565147025,0.4216494195041235,142,14,inf
random_addition,42,90,143,0.0028839041175233748,0.053701993608462756,0.4328322675444024,143,14,inf
random_addition,42,90,144,0.0029605783034221535,0.05441119648952919,0.4177530130401178,144,14,inf
random_addition,42,90,145,0.00299439103931347,0.05472102922381367,0.4111031758880882,145,14,inf
random_addition,42,90,146,0.0027417847358722027,0.052362054351144424,0.4607824087919238,146,14,inf
random_addition,42,90,147,0.0027185040683045726,0.05213927567874886,0.465360939456017,147,14,inf
random_addition,42,90,148,0.0026725221451580736,0.05169644228724133,0.4744040497752823,148,14,inf
random_addition,42,90,149,0.002682380930388541,0.05179170715846834,0.47246515561096003,149,14,inf
random_addition,42,90,150,0.0026800483819562917,0.05176918370958047,0.47292389007342817,150,14,inf
random_addition,42,91,10,0.00962854819961681,0.0981251659851682,-0.8936142210947935,10,10,inf
random_addition,42,91,11,0.008822752712704945,0.0939295092753334,-0.735141130273995,11,11,inf
random_addition,42,91,12,0.012717585482577096,0.11277227266742963,-1.5011248039195655,12,12,inf
random_addition,42,91,13,0.011908643339710737,0.1091267306378723,-1.342032870845419,13,13,inf
random_addition,42,91,14,0.009933644212326884,0.09966766884164034,-0.9536164287474598,14,14,inf
random_addition,42,91,15,0.009685601849655218,0.09841545533936841,-0.9048347707392761,15,14,inf
random_addition,42,91,16,0.010489293442836545,0.10241725168562446,-1.062894095849479,16,14,inf
random_addition,42,91,17,0.010118832594098993,0.1005924082329228,-0.9900368055306548,17,14,inf
random_addition,42,91,18,0.0070416238533832385,0.0839143840672339,-0.38485250236349033,18,14,inf
random_addition,42,91,19,0.006880479798660845,0.08294865760614119,-0.3531608425887234,19,14,inf
random_addition,42,91,20,0.00710737989818188,0.08430527799718046,-0.39778452274415477,20,14,inf
random_addition,42,91,21,0.007679182259922768,0.08763094350697571,-0.5102389718885467,21,14,inf
random_addition,42,91,22,0.008381165198062781,0.09154870396713861,-0.6482955975676639,22,14,inf
random_addition,42,91,23,0.009796365375670522,0.09897659003860722,-0.9266182612191316,23,14,inf
random_addition,42,91,24,0.011818727077391327,0.1087139690996117,-1.3243493416667937,24,14,inf
random_addition,42,91,25,0.010295030552542054,0.10146442998677938,-1.0246890659668573,25,14,inf
random_addition,42,91,26,0.01052907092924763,0.1026112612204315,-1.0707170004438011,26,14,inf
random_addition,42,91,27,0.012465560425526715,0.1116492741827134,-1.4515598827903533,27,14,inf
random_addition,42,91,28,0.012166002777149725,0.11029960461012417,-1.392646886641364,28,14,inf
random_addition,42,91,29,0.012896092790846855,0.11356096508416462,-1.536231236426433,29,14,inf
random_addition,42,91,30,0.01286154217124417,0.11340873939535775,-1.5294362821642853,30,14,inf
random_addition,42,91,31,0.015434986051371159,0.12423761930820776,-2.0355468429227357,31,14,inf
random_addition,42,91,32,0.014062869433183476,0.11858696991315477,-1.7656972781353781,32,14,inf
random_addition,42,91,33,0.014314549820643011,0.11964342782051596,-1.8151944142542988,33,14,inf
random_addition,42,91,34,0.013484793961767624,0.11612404557957677,-1.652009117589773,34,14,inf
random_addition,42,91,35,0.01005935357516878,0.10029632882199019,-0.9783392667358135,35,14,inf
random_addition,42,91,36,0.010347955826418316,0.10172490268571564,-1.0350977017434757,36,14,inf
random_addition,42,91,37,0.010433692826148795,0.10214544936583712,-1.0519593093916666,37,14,inf
random_addition,42,91,38,0.010618623457860238,0.10304670522564144,-1.088328995336508,38,14,inf
random_addition,42,91,39,0.01060094687185254,0.10296089972340247,-1.084852600562277,39,14,inf
random_addition,42,91,40,0.005998422351351908,0.07744948257639885,-0.17968956826792315,40,14,inf
random_addition,42,91,41,0.0056842796160541265,0.07539416168413922,-0.11790817208223747,41,14,inf
random_addition,42,91,42,0.005512717184050075,0.07424767460365392,-0.08416756505475131,42,14,inf
random_addition,42,91,43,0.007037883176944137,0.0838920924577766,-0.38411683609742986,43,14,inf
random_addition,42,91,44,0.007680895980428056,0.0876407210172763,-0.5105760035419711,44,14,inf
random_addition,42,91,45,0.007355715087393829,0.08576546558722706,-0.4466237699640758,45,14,inf
random_addition,42,91,46,0.006473618267608669,0.0804587985717452,-0.27314475239067426,46,14,inf
random_addition,42,91,47,0.006238101218806215,0.07898165115269631,-0.22682640577427016,47,14,inf
random_addition,42,91,48,0.0064016266882205766,0.08001016615543663,-0.2589864103746067,48,14,inf
random_addition,42,91,49,0.006336729562849296,0.07960357757569252,-0.24622331079162696,49,14,inf
random_addition,42,91,50,0.005371433054929724,0.07329006109241365,-0.05638169011589622,50,14,inf
random_addition,42,91,51,0.005460769170932143,0.07389701733447801,-0.07395112386773528,51,14,inf
random_addition,42,91,52,0.005601547410839654,0.07484348609491447,-0.10163750727496224,52,14,inf
random_addition,42,91,53,0.005570053858175083,0.07463279345016562,-0.09544377609534349,53,14,inf
random_addition,42,91,54,0.004957467542066335,0.0704092859079421,0.025031516314550917,54,14,inf
random_addition,42,91,55,0.005176724977887013,0.07194946127586373,-0.0180891068513942,55,14,inf
random_addition,42,91,56,0.004833430283145047,0.06952287597003627,0.04942550724335104,56,14,inf
random_addition,42,91,57,0.0047594031984166145,0.06898842800366316,0.06398416525510897,57,14,inf
random_addition,42,91,58,0.004764526352890187,0.06902554855189626,0.06297661167933633,58,14,inf
random_addition,42,91,59,0.00440312523521968,0.06635604897234072,0.1340521551312206,59,14,inf
random_addition,42,91,60,0.004288133601454564,0.06548384229300053,0.156667173355174,60,14,inf
random_addition,42,91,61,0.004255390725161864,0.06523335592441848,0.16310660481482753,61,14,inf
random_addition,42,91,62,0.0043381247771569886,0.06586444243411606,0.146835576807407,62,14,inf
random_addition,42,91,63,0.0041859152286198,0.06469864935699818,0.17677011727197145,63,14,inf
random_addition,42,91,64,0.004064320298764445,0.06375202191902972,0.20068378354995586,64,14,inf
random_addition,42,91,65,0.00404710336787406,0.06361684814476476,0.2040697794967734,65,14,inf
random_addition,42,91,66,0.003947705379347254,0.06283076777620383,0.22361804790862672,66,14,inf
random_addition,42,91,67,0.004004848577912503,0.06328387296865215,0.21237988705626643,67,14,inf
random_addition,42,91,68,0.003920601292462286,0.06261470508165223,0.22894851760261514,68,14,inf
random_addition,42,91,69,0.00390854263522371,0.06251833839141688,0.23132005320288196,69,14,inf
random_addition,42,91,70,0.003616352518715337,0.06013611659157363,0.2887841016152499,70,14,inf
random_addition,42,91,71,0.0036015945706547093,0.06001328661767084,0.29168649767147936,71,14,inf
random_addition,42,91,72,0.0038635003936033684,0.06215706229869111,0.24017835951386457,72,14,inf
random_addition,42,91,73,0.003902007343381934,0.06246604952597798,0.23260532708987192,73,14,inf
random_addition,42,91,74,0.0037727408016897364,0.061422640790589074,0.2580277434900754,74,14,inf
random_addition,42,91,75,0.003823987911702595,0.06183840159401434,0.2479491465615976,75,14,inf
random_addition,42,91,76,0.003929120862159776,0.06268269986335764,0.2272730024572044,76,14,inf
random_addition,42,91,77,0.004063777260170907,0.06374776278561395,0.20079058112545833,77,14,inf
random_addition,42,91,78,0.0040846101626061445,0.06391095494988433,0.19669344420510548,78,14,inf
random_addition,42,91,79,0.004085341074521047,0.06391667289933861,0.1965496982147722,79,14,inf
random_addition,42,91,80,0.0040842693417319316,0.06390828852137985,0.19676047230122917,80,14,inf
random_addition,42,91,81,0.004185526594443666,0.06469564586928293,0.1768465486495242,81,14,inf
random_addition,42,91,82,0.004657442689714432,0.06824545911424754,0.08403639589941281,82,14,inf
random_addition,42,91,83,0.004560143177143918,0.0675288321914715,0.10317196409612694,83,14,inf
random_addition,42,91,84,0.004674052634773858,0.06836704348422461,0.08076977381640915,84,14,inf
random_addition,42,91,85,0.004721093373503159,0.06871021302181474,0.07151842979424872,85,14,inf
random_addition,42,91,86,0.004680836557010917,0.06841663947469882,0.07943560262501315,86,14,inf
random_addition,42,91,87,0.004628471361502621,0.06803286971385684,0.08973408967094876,87,14,inf
random_addition,42,91,88,0.004891522422576806,0.06993941966142417,0.03800072137935362,88,14,inf
random_addition,42,91,89,0.004611418477053877,0.06790742578727217,0.0930878231553085,89,14,inf
random_addition,42,91,90,0.004202676419707091,0.06482805272185098,0.1734737501408764,90,14,inf
random_addition,42,91,91,0.004138397260658063,0.06433037587841425,0.18611531636371537,91,14,inf
random_addition,42,91,92,0.004073571494967641,0.06382453677832406,0.19886438187803945,92,14,inf
random_addition,42,91,93,0.003982238829878957,0.0631049826073897,0.21682647022997847,93,14,inf
random_addition,42,91,94,0.003963981415786553,0.06296015736786681,0.220417094511962,94,14,inf
random_addition,42,91,95,0.0039423688965836475,0.06278828630073963,0.2246675560423862,95,14,inf
random_addition,42,91,96,0.0039401961473870305,0.06277098173031094,0.22509486332613116,96,14,inf
random_addition,42,91,97,0.003957911892875971,0.06291193760230224,0.22161076718830552,97,14,inf
random_addition,42,91,98,0.004012893537257828,0.06334740355577194,0.21079771193405605,98,14,inf
random_addition,42,91,99,0.003912816409921456,0.0625525092216248,0.23047954429358142,99,14,inf
random_addition,42,91,100,0.00384275423205991,0.0619899526702506,0.24425843739449316,100,14,inf
random_addition,42,91,101,0.003780875945940321,0.06148882781400472,0.25642783200558206,101,14,inf
random_addition,42,91,102,0.003662096454822349,0.06051525803317994,0.2797877954073694,102,14,inf
random_addition,42,91,103,0.0037679638116160153,0.06138374224186739,0.2589672180764919,103,14,inf
random_addition,42,91,104,0.0036720757433162158,0.060597654602436685,0.27782520227114293,104,14,inf
random_addition,42,91,105,0.003627097992906994,0.06022539325655744,0.28667082531233457,105,14,inf
random_addition,42,91,106,0.003678769337606539,0.06065285926983607,0.2765087955735164,106,14,inf
random_addition,42,91,107,0.0036647435285279534,0.06053712520865154,0.2792672043162413,107,14,inf
random_addition,42,91,108,0.0036318484004739934,0.060264818928409576,0.2857365786181939,108,14,inf
random_addition,42,91,109,0.0033252603800898763,0.057665070710872075,0.34603221440675114,109,14,inf
random_addition,42,91,110,0.003303393991297935,0.05747515977618449,0.3503326036162122,110,14,inf
random_addition,42,91,111,0.003422445800175071,0.058501673481833584,0.32691908439575745,111,14,inf
random_addition,42,91,112,0.003213211705317632,0.05668519829124383,0.36806845077434724,112,14,inf
random_addition,42,91,113,0.0032398509854598056,0.05691968890867031,0.36282939306064577,113,14,inf
random_addition,42,91,114,0.0032536080946915964,0.057040407560707315,0.36012382861391956,114,14,inf
random_addition,42,91,115,0.0032636364193381665,0.057128245372478986,0.3581515917023095,115,14,inf
random_addition,42,91,116,0.0029485705736896494,0.05430074192577528,0.4201145328988891,116,14,inf
random_addition,42,91,117,0.0029877315842158107,0.05466014621473136,0.41241286854540615,117,14,inf
random_addition,42,91,118,0.0029399084258807605,0.054220922399759675,0.42181808840238555,118,14,inf
random_addition,42,91,119,0.0028917221707457598,0.05377473543166679,0.431294717286953,119,14,inf
random_addition,42,91,120,0.0028693731275301016,0.05356652991869178,0.4356900285201374,120,14,inf
random_addition,42,91,121,0.002868187200087448,0.05355545910630818,0.43592326088539524,121,14,inf
random_addition,42,91,122,0.0030600556224521366,0.05531776949997294,0.3981891429647666,122,14,inf
random_addition,42,91,123,0.0031722971303410168,0.05632314915149025,0.37611498275606914,123,14,inf
random_addition,42,91,124,0.003016884279924209,0.05492617117480709,0.4066795058377376,124,14,inf
random_addition,42,91,125,0.0030215596570490693,0.05496871525739954,0.4057600151285392,125,14,inf
random_addition,42,91,126,0.0035898818987309773,0.05991562316066634,0.2939899895024367,126,14,inf
random_addition,42,91,127,0.0035832307039799526,0.05986009274951011,0.29529805762513806,127,14,inf
random_addition,42,91,128,0.0036336405771824265,0.06027968627309225,0.28538411724692103,128,14,inf
random_addition,42,91,129,0.003639971516639658,0.060332176461981364,0.28413903265674567,129,14,inf
random_addition,42,91,130,0.003330236974876842,0.05770820543802105,0.3450534842320817,130,14,inf
random_addition,42,91,131,0.003401221111882259,0.05831998895646551,0.3310932725242618,131,14,inf
random_addition,42,91,132,0.003471448748443256,0.05891900159068597,0.31728183921689435,132,14,inf
random_addition,42,91,133,0.0034719331051189344,0.05892311180783763,0.3171865824169976,133,14,inf
random_addition,42,91,134,0.003442055316490427,0.058669032005739,0.3230625467128463,134,14,inf
random_addition,42,91,135,0.0034540188665291814,0.058770901528981,0.32070971552599437,135,14,inf
random_addition,42,91,136,0.003468386052134035,0.05889300512059165,0.3178841694089234,136,14,inf
random_addition,42,91,137,0.0034838244995551403,0.059023931583342876,0.3148479418300457,137,14,inf
random_addition,42,91,138,0.0035507774529932494,0.059588400322489354,0.30168052944904444,138,14,inf
random_addition,42,91,139,0.0035677645540482224,0.05973076723137099,0.2983397333636958,139,14,inf
random_addition,42,91,140,0.003473754179864038,0.05893856275702724,0.3168284377659544,140,14,inf
random_addition,42,91,141,0.00347968816570133,0.05898888171258487,0.3156614207103905,141,14,inf
random_addition,42,91,142,0.003431781006390449,0.05858140495405047,0.32508316075703103,142,14,inf
random_addition,42,91,143,0.0028757205545564277,0.053625745258750745,0.4344417013751488,143,14,inf
random_addition,42,91,144,0.002908904092241388,0.05393425713070857,0.4279156065201657,144,14,inf
random_addition,42,91,145,0.0030378337151883003,0.05511654665514069,0.40255945079750144,145,14,inf
random_addition,42,91,146,0.0025210552211274405,0.05021011074601848,0.5041925407734689,146,14,inf
random_addition,42,91,147,0.0025040834407866266,0.05004081774698158,0.5075303237854438,147,14,inf
random_addition,42,91,148,0.0025040742156304053,0.05004072557058306,0.50753213806592,148,14,inf
random_addition,42,91,149,0.0024851771758805995,0.04985155138890463,0.5112485553767094,149,14,inf
random_addition,42,91,150,0.0026800483819562917,0.05176918370958047,0.47292389007342817,150,14,inf
random_addition,42,92,10,0.00962854819961681,0.0981251659851682,-0.8936142210947935,10,10,inf
random_addition,42,92,11,0.014948321511401599,0.12226332856339876,-1.939836163110634,11,11,inf
random_addition,42,92,12,0.013813493807245197,0.11753082066949587,-1.7166534117205088,12,12,inf
random_addition,42,92,13,0.010493852904138859,0.1024395085117986,-1.0637907897833512,13,13,inf
random_addition,42,92,14,0.011381399000710123,0.10668363979875323,-1.2383414983119128,14,14,inf
random_addition,42,92,15,0.013052596149082196,0.11424795905871665,-1.5670102260165075,15,14,inf
random_addition,42,92,16,0.01422862378119297,0.11928379513241927,-1.7982956287996625,16,14,inf
random_addition,42,92,17,0.013661055000315406,0.11688051591396834,-1.6866737837782124,17,14,inf
random_addition,42,92,18,0.013581657300807713,0.1165403676878004,-1.6710589050038651,18,14,inf
random_addition,42,92,19,0.006340858745083319,0.07962950926059584,-0.24703538318693896,19,14,inf
random_addition,42,92,20,0.006162229078582212,0.07849986674244876,-0.2119048868978537,20,14,inf
random_addition,42,92,21,0.0071459328069423175,0.08453361938863328,-0.40536659376668327,21,14,inf
random_addition,42,92,22,0.008530357402578606,0.09235993396802862,-0.6776367271222621,22,14,inf
random_addition,42,92,23,0.007969772968535377,0.08927358494277787,-0.5673884701242982,23,14,inf
random_addition,42,92,24,0.008735296273972432,0.09346280690184963,-0.7179413663348391,24,14,inf
random_addition,42,92,25,0.007305889037344827,0.08547449348984074,-0.43682464812372146,25,14,inf
random_addition,42,92,26,0.0073451810793626225,0.08570403187343419,-0.4445520820003792,26,14,inf
random_addition,42,92,27,0.00639995560875499,0.07999972255423758,-0.2586577647911801,27,14,inf
random_addition,42,92,28,0.007948047778983839,0.08915182431663325,-0.5631158500949973,28,14,inf
random_addition,42,92,29,0.008718727733050095,0.09337412774987564,-0.7146828870643531,29,14,inf
random_addition,42,92,30,0.008896461736460666,0.0943210566971165,-0.7496372363029808,30,14,inf
random_addition,42,92,31,0.009186052856130429,0.09584389837715507,-0.8065901487401073,31,14,inf
random_addition,42,92,32,0.007295849072119422,0.08541574253098443,-0.43485012189858585,32,14,inf
random_addition,42,92,33,0.007243086701987017,0.08510632586351627,-0.4244735238538917,33,14,inf
random_addition,42,92,34,0.006688020476241885,0.08178031839166368,-0.3153105143399313,34,14,inf
random_addition,42,92,35,0.006932913452426165,0.08326411863717867,-0.3634727930900379,35,14,inf
random_addition,42,92,36,0.0067385126823237785,0.0820884442678979,-0.3252406468488933,36,14,inf
random_addition,42,92,37,0.006762817174118528,0.08223634946979667,-0.33002052958353567,37,14,inf
random_addition,42,92,38,0.007235756447622742,0.08506324968882122,-0.4230319073587916,38,14,inf
random_addition,42,92,39,0.006774513575454511,0.08230743329405012,-0.33232082153267184,39,14,inf
random_addition,42,92,40,0.006575098200575657,0.08108697922956347,-0.2931024698199418,40,14,inf
random_addition,42,92,41,0.0054770369907960505,0.07400700636288465,-0.07715046133812642,41,14,inf
random_addition,42,92,42,0.005648214302737806,0.0751546026716781,-0.11081532809702033,42,14,inf
random_addition,42,92,43,0.005602211778523439,0.07484792434345416,-0.1017681662349601,43,14,inf
random_addition,42,92,44,0.00571762739111571,0.07561499448598612,-0.12446656695021963,44,14,inf
random_addition,42,92,45,0.005600899251021847,0.07483915586791347,-0.10151003586150553,45,14,inf
random_addition,42,92,46,0.005742475139676253,0.07577912073702263,-0.12935329016756847,46,14,inf
random_addition,42,92,47,0.006077167222821992,0.07795618784177426,-0.19517605754571132,47,14,inf
random_addition,42,92,48,0.005733241562720442,0.07571817194518396,-0.12753735361383223,48,14,inf
random_addition,42,92,49,0.006155461029970781,0.07845674623619553,-0.21057383751907222,49,14,inf
random_addition,42,92,50,0.006360891069018426,0.07975519462090495,-0.25097507302373123,50,14,inf
random_addition,42,92,51,0.0062403677318575235,0.07899599820153881,-0.2272721532802573,51,14,inf
random_addition,42,92,52,0.0050183155366417195,0.07084007013436477,0.013064745679530976,52,14,inf
random_addition,42,92,53,0.005261898248110479,0.07253894297624193,-0.03483984771165427,53,14,inf
random_addition,42,92,54,0.005306194747009596,0.07284363216513573,-0.043551491307457946,54,14,inf
random_addition,42,92,55,0.005635006046362559,0.07506667733663559,-0.10821770469736514,55,14,inf
random_addition,42,92,56,0.0049284493392431055,0.07020291546113384,0.03073842875840882,56,14,inf
random_addition,42,92,57,0.004993568687582585,0.07066518723942211,0.017931625330975143,57,14,inf
random_addition,42,92,58,0.0047237129571446315,0.06872927292751344,0.07100324508166278,58,14,inf
random_addition,42,92,59,0.0035036748542202163,0.05919184786961982,0.31094403927814707,59,14,inf
random_addition,42,92,60,0.003620539623379133,0.06017092008087572,0.28796063781030246,60,14,inf
random_addition,42,92,61,0.003608664127565287,0.06007215767362853,0.29029615166861655,61,14,inf
random_addition,42,92,62,0.003789931930523313,0.06156242303973515,0.25464682194707167,62,14,inf
random_addition,42,92,63,0.003971503446087338,0.06301986548769632,0.21893776208782367,63,14,inf
random_addition,42,92,64,0.003995498246516787,0.06320995369810666,0.2142187853133869,64,14,inf
random_addition,42,92,65,0.003994211290153647,0.06319977286473145,0.21447188669696493,65,14,inf
random_addition,42,92,66,0.004167989685199578,0.06455996968090659,0.18029547366399068,66,14,inf
random_addition,42,92,67,0.00402865419537701,0.0634716802627519,0.20769811625986245,67,14,inf
random_addition,42,92,68,0.0034241093431650604,0.058515889663962734,0.3265919209856628,68,14,inf
random_addition,42,92,69,0.0036801737558020526,0.06066443567529539,0.27623259336605444,69,14,inf
random_addition,42,92,70,0.00374034965973912,0.061158398112925755,0.26439800053855,70,14,inf
random_addition,42,92,71,0.003926927585061496,0.06266520234597105,0.22770434689439278,71,14,inf
random_addition,42,92,72,0.003938552224616457,0.06275788575642473,0.22541816809360005,72,14,inf
random_addition,42,92,73,0.0038313977776074765,0.061898285740458726,0.2464918731323128,73,14,inf
random_addition,42,92,74,0.0032698031985525754,0.05718219301979048,0.3569387919554877,74,14,inf
random_addition,42,92,75,0.0033825188738584736,0.05815942635427617,0.334771378834157,75,14,inf
random_addition,42,92,76,0.0033100799531027717,0.05753329430080266,0.3490176979738602,76,14,inf
random_addition,42,92,77,0.0031891701771134496,0.056472738353239516,0.37279661734322855,77,14,inf
random_addition,42,92,78,0.0030412902887353224,0.055147894689963665,0.40187965809259896,78,14,inf
random_addition,42,92,79,0.002829101370554654,0.05318929751890557,0.44361013964553175,79,14,inf
random_addition,42,92,80,0.002826330178032391,0.05316324085336024,0.4441551407672748,80,14,inf
random_addition,42,92,81,0.002914818170129673,0.05398905602184273,0.42675250469403947,81,14,inf
random_addition,42,92,82,0.0032082312741887956,0.05664125064110781,0.3690479354294818,82,14,inf
random_addition,42,92,83,0.0032540130629453295,0.05704395728686194,0.3600441848682101,83,14,inf
random_addition,42,92,84,0.0032411021372820877,0.05693067834904207,0.36258333323580993,84,14,inf
random_addition,42,92,85,0.003250969147637102,0.057017270608449,0.3606428214638806,85,14,inf
random_addition,42,92,86,0.0031790072701183025,0.0563826859072739,0.37479532211311695,86,14,inf
random_addition,42,92,87,0.0032735584285845257,0.05721501925704933,0.35620026348322376,87,14,inf
random_addition,42,92,88,0.0033454147582183125,0.05783956049468489,0.34206852058187653,88,14,inf
random_addition,42,92,89,0.003391112250894661,0.05823325725815671,0.33308134824744795,89,14,inf
random_addition,42,92,90,0.0030671725336412327,0.05538205967315799,0.39678948395506486,90,14,inf
random_addition,42,92,91,0.002793937105361104,0.05285770620601223,0.4505257775240963,91,14,inf
random_addition,42,92,92,0.0028113621080387333,0.05302227935536847,0.44709886079803296,92,14,inf
random_addition,42,92,93,0.002809456831851225,0.05300430955923514,0.44747356506382485,93,14,inf
random_addition,42,92,94,0.002710485512832173,0.05206232335223019,0.4669379218172599,94,14,inf
random_addition,42,92,95,0.0026537114160895773,0.05151418655176045,0.478103492654395,95,14,inf
random_addition,42,92,96,0.0025800574799792033,0.050794266211642465,0.4925887647812731,96,14,inf
random_addition,42,92,97,0.0026390603015633662,0.05137178507277478,0.48098487811838697,97,14,inf
random_addition,42,92,98,0.002643281389715031,0.051412852378710044,0.48015473089506977,98,14,inf
random_addition,42,92,99,0.002936090452141247,0.054185703392511636,0.422568956468788,99,14,inf
random_addition,42,92,100,0.003057067596447651,0.0552907550721425,0.3987767879988664,100,14,inf
random_addition,42,92,101,0.003068305737317812,0.0553922895114276,0.39656662059572134,101,14,inf
random_addition,42,92,102,0.0028651529021294455,0.05352712305111723,0.43652000606911256,102,14,inf
random_addition,42,92,103,0.0029049091836016194,0.05389720942313822,0.4287012717788743,103,14,inf
random_addition,42,92,104,0.002902568127919294,0.05387548726386884,0.42916167933362936,104,14,inf
random_addition,42,92,105,0.002559746867515992,0.05059394101585675,0.49658318468779783,105,14,inf
random_addition,42,92,106,0.002557674592826347,0.05057345739443119,0.4969907319878656,106,14,inf
random_addition,42,92,107,0.002574063224824124,0.050735226665741075,0.49376763480105246,107,14,inf
random_addition,42,92,108,0.0023488482647484993,0.04846491787621743,0.538059904244069,108,14,inf
random_addition,42,92,109,0.0027210362415016885,0.052163552807508125,0.46486294546181084,109,14,inf
random_addition,42,92,110,0.0027533160174186048,0.052472049868654884,0.45851459039697784,110,14,inf
random_addition,42,92,111,0.002757083997609439,0.05250794223362252,0.4577735543938085,111,14,inf
random_addition,42,92,112,0.002741663114571821,0.052360892988678305,0.46080632764440466,112,14,inf
random_addition,42,92,113,0.002682306606138769,0.05179098962308762,0.4724797727114224,113,14,inf
random_addition,42,92,114,0.002732747209062151,0.052275684682863324,0.4625597888222507,114,14,inf
random_addition,42,92,115,0.002580862359734295,0.05080218853291948,0.4924304717843524,115,14,inf
random_addition,42,92,116,0.0024383590018565203,0.04937974282898323,0.5204561283461437,116,14,inf
random_addition,42,92,117,0.0023813403082416813,0.048798978557360005,0.5316698032282617,117,14,inf
random_addition,42,92,118,0.002406574702876976,0.049056851742411846,0.5267070396265784,118,14,inf
random_addition,42,92,119,0.0023970059809904046,0.04895922774095201,0.5285888880077116,119,14,inf
random_addition,42,92,120,0.0026769294549697144,0.05173905154687042,0.4735372789638296,120,14,inf
random_addition,42,92,121,0.0026534278617847884,0.05151143428196101,0.4781592583267341,121,14,inf
random_addition,42,92,122,0.002552650974625107,0.050523766433482636,0.49797871009941497,122,14,inf
random_addition,42,92,123,0.002536146174201152,0.05036016455693083,0.5012246537402616,123,14,inf
random_addition,42,92,124,0.0026669364704582682,0.051642390247337196,0.47550256564981275,124,14,inf
random_addition,42,92,125,0.002653785442819455,0.051514905054939726,0.4780889340661706,125,14,inf
random_addition,42,92,126,0.0026543309705548968,0.05152019963620965,0.47798164695949386,126,14,inf
random_addition,42,92,127,0.0026120293404750484,0.051108016401295094,0.4863009664076615,127,14,inf
random_addition,42,92,128,0.0025501474515777656,0.050498984658879684,0.4984710695649336,128,14,inf
random_addition,42,92,129,0.0025956238803393986,0.05094726568069575,0.48952737312780514,129,14,inf
random_addition,42,92,130,0.0026059740119028585,0.05104874153103932,0.4874918475311685,130,14,inf
random_addition,42,92,131,0.002596115017495044,0.05095208550682733,0.4894307828336967,131,14,inf
random_addition,42,92,132,0.0025794883326128817,0.05078866342613164,0.4927006970813895,132,14,inf
random_addition,42,92,133,0.0028678896230249383,0.053552680820150717,0.4359817843663767,133,14,inf
random_addition,42,92,134,0.003078425555194623,0.05548356112574807,0.3945763900179504,134,14,inf
random_addition,42,92,135,0.00256191626189796,0.05061537574589326,0.4961565371841772,135,14,inf
random_addition,42,92,136,0.0025718816252103863,0.05071372225749542,0.4941966826665939,136,14,inf
random_addition,42,92,137,0.002636983743699472,0.05135157002175758,0.48139326777594227,137,14,inf
random_addition,42,92,138,0.00276536843934788,0.05258677057348055,0.4561442810740398,138,14,inf
random_addition,42,92,139,0.0027235835063248058,0.05218796323219374,0.464361983448229,139,14,inf
random_addition,42,92,140,0.002718756784297511,0.0521416990929286,0.4653112386508482,140,14,inf
random_addition,42,92,141,0.002732664407554812,0.05227489270725299,0.462576073116474,141,14,inf
random_addition,42,92,142,0.002717668143963306,0.05213125879895196,0.46552533788738637,142,14,inf
random_addition,42,92,143,0.0027270111549642564,0.05222079236247049,0.4636878793077067,143,14,inf
random_addition,42,92,144,0.0027446144436190437,0.0523890679781483,0.46022589967758265,144,14,inf
random_addition,42,92,145,0.002708496520644943,0.05204321781601271,0.4673290902274192,145,14,inf
random_addition,42,92,146,0.002573443678514922,0.050729120616416386,0.49388947889191737,146,14,inf
random_addition,42,92,147,0.002623346275880942,0.0512186125923081,0.4840753027479351,147,14,inf
random_addition,42,92,148,0.002625051619874826,0.051235257585717536,0.4837399184748621,148,14,inf
random_addition,42,92,149,0.002702365125487979,0.05198427767592793,0.46853493111055877,149,14,inf
random_addition,42,92,150,0.0026800483819562917,0.05176918370958047,0.47292389007342817,150,14,inf
random_addition,42,93,10,0.00962854819961681,0.0981251659851682,-0.8936142210947935,10,10,inf
random_addition,42,93,11,0.009495868656771494,0.09744674779987013,-0.867520581225987,11,11,inf
random_addition,42,93,12,0.006248162825051014,0.07904532133561742,-0.22880518806597316,12,12,inf
random_addition,42,93,13,0.011347279533418493,0.1065236102158507,-1.231631337326046,13,13,inf
random_addition,42,93,14,0.0045176772839240365,0.06721366887712675,0.11152358862409684,14,14,inf
random_addition,42,93,15,0.004175493169322819,0.06461805606270449,0.17881978865427195,15,14,inf
random_addition,42,93,16,0.003291201819287066,0.057368997021797985,0.3527303971181168,16,14,inf
random_addition,42,93,17,0.0025955082605790634,0.050946130967710036,0.489550111677571,17,14,inf
random_addition,42,93,18,0.0027835282156365606,0.0527591529086334,0.4525728588908373,18,14,inf
random_addition,42,93,19,0.00458058669913885,0.0676800317607701,0.09915140531859401,19,14,inf
random_addition,42,93,20,0.005233408474430082,0.07234230072668467,-0.029236859651718294,20,14,inf
random_addition,42,93,21,0.005538536640218397,0.07442134532658219,-0.08924539074224302,21,14,inf
random_addition,42,93,22,0.003113824283770494,0.055801651263833525,0.38761464101381593,22,14,inf
random_addition,42,93,23,0.00337846659326329,0.058124578220089394,0.3355683272425588,23,14,inf
random_addition,42,93,24,0.0033469644785791798,0.05785295565983798,0.3417637422857909,24,14,inf
random_addition,42,93,25,0.00364665569416387,0.06038754585312993,0.2828244779228686,25,14,inf
random_addition,42,93,26,0.0040776187341622135,0.06385623488871085,0.1980684249449559,26,14,inf
random_addition,42,93,27,0.004000498822008767,0.06324949661466696,0.2132353389340409,27,14,inf
random_addition,42,93,28,0.0039808391545289165,0.06309389157857452,0.21710173967795798,28,14,inf
random_addition,42,93,29,0.004029318050113301,0.06347690958225126,0.20756755817952466,29,14,inf
random_addition,42,93,30,0.004041710026612818,0.06357444476055468,0.20513046980020988,30,14,inf
random_addition,42,93,31,0.00508615292304373,0.07131726945869234,-0.00027660516065708407,31,14,inf
random_addition,42,93,32,0.004937715617616697,0.0702688808621334,0.028916060926719167,32,14,inf
random_addition,42,93,33,0.004912977753073555,0.07009263693907909,0.03378117362359223,33,14,inf
random_addition,42,93,34,0.004907463830601382,0.0700532927891429,0.03486557822861214,34,14,inf
random_addition,42,93,35,0.004908564887590207,0.07006115105813068,0.03464903705033173,35,14,inf
random_addition,42,93,36,0.003846208214145716,0.06201780562181893,0.24357915434356037,36,14,inf
random_addition,42,93,37,0.0027114243703296095,0.05207133924079166,0.466753279867937,37,14,inf
random_addition,42,93,38,0.0021361090409987966,0.04621805968448694,0.5798986125441569,38,14,inf
random_addition,42,93,39,0.00167968517933616,0.0409839624650443,0.6696619597667182,39,14,inf
random_addition,42,93,40,0.0018713132098133894,0.043258677855586264,0.6319751189108445,40,14,inf
random_addition,42,93,41,0.00212398894878479,0.04608675459158293,0.582282230354611,41,14,inf
random_addition,42,93,42,0.0021333764797781514,0.046188488606774644,0.5804360161776176,42,14,inf
random_addition,42,93,43,0.002359256971840929,0.048572183107627856,0.5360128587949722,43,14,inf
random_addition,42,93,44,0.0024575735315585626,0.049573919872838004,0.5166772713532604,44,14,inf
random_addition,42,93,45,0.0026506259627164745,0.05148423023331003,0.47871029840171053,45,14,inf
random_addition,42,93,46,0.0027820950131316347,0.05274556865871895,0.45285472201171195,46,14,inf
random_addition,42,93,47,0.002598438004675617,0.05097487621049822,0.4889739287504685,47,14,inf
random_addition,42,93,48,0.002267748640638307,0.04762088450079762,0.5540094948112755,48,14,inf
random_addition,42,93,49,0.0027710793115343804,0.05264104208252702,0.4550211430304828,49,14,inf
random_addition,42,93,50,0.0026965488971385575,0.051928305355928545,0.4696787891966654,50,14,inf
random_addition,42,93,51,0.0030785928073103815,0.05548506832752738,0.3945434971063356,51,14,inf
random_addition,42,93,52,0.0026984475723136527,0.051946583836799634,0.4693053831298045,52,14,inf
random_addition,42,93,53,0.002900086498548423,0.05385245118421652,0.4296497330433625,53,14,inf
random_addition,42,93,54,0.003149368863518424,0.05611923790928049,0.3806242079497536,54,14,inf
random_addition,42,93,55,0.0031448752343567698,0.05607918717632032,0.38150795489772793,55,14,inf
random_addition,42,93,56,0.003172873223038754,0.05632826309268513,0.3760016845409605,56,14,inf
random_addition,42,93,57,0.0033783959350603666,0.0581239704000025,0.335582223353906,57,14,inf
random_addition,42,93,58,0.0036077990951644996,0.06006495729761655,0.2904662746842447,58,14,inf
random_addition,42,93,59,0.002945202928728452,0.0542697238681795,0.4207768363176305,59,14,inf
random_addition,42,93,60,0.0031221871542446104,0.055876534916229466,0.38596994337813384,60,14,inf
random_addition,42,93,61,0.002786810895397589,0.05279025379175203,0.4519272652925177,61,14,inf
random_addition,42,93,62,0.0027804416339993338,0.0527298931726524,0.453179886530067,62,14,inf
random_addition,42,93,63,0.00256586102025395,0.05065432874151971,0.49538073481326705,63,14,inf
random_addition,42,93,64,0.0024653461741379777,0.04965225245784906,0.5151486518543776,64,14,inf
random_addition,42,93,65,0.0024332004145889196,0.04932748133230522,0.5214706503704585,65,14,inf
random_addition,42,93,66,0.002493142491349744,0.04993137782346632,0.5096820435480124,66,14,inf
random_addition,42,93,67,0.002483957237009469,0.049839314170737434,0.5114884766553224,67,14,inf
random_addition,42,93,68,0.0031166728896726012,0.055827169816072546,0.38705441526277906,68,14,inf
random_addition,42,93,69,0.0031085539843229734,0.05575440775690271,0.38865113309718624,69,14,inf
random_addition,42,93,70,0.003061984132427278,0.05533519795236372,0.39780986938802987,70,14,inf
random_addition,42,93,71,0.0031533983641782526,0.05615512767484598,0.3798317395946941,71,14,inf
random_addition,42,93,72,0.0031507790822109284,0.05613180098848538,0.38034686497803893,72,14,inf
random_addition,42,93,73,0.0027271986039491044,0.052222587105093754,0.46365101434571254,73,14,inf
random_addition,42,93,74,0.002811404640329062,0.05302268043327366,0.44709049611540874,74,14,inf
random_addition,42,93,75,0.002676402236370665,0.05173395631855991,0.47364096527417343,75,14,inf
random_addition,42,93,76,0.0026891462620397205,0.051856978913543746,0.471134640567622,76,14,inf
random_addition,42,93,77,0.0026717268293633386,0.051688749543429065,0.474560461860256,77,14,inf
random_addition,42,93,78,0.002922933449754944,0.05406416049246436,0.42515649991865856,78,14,inf
random_addition,42,93,79,0.002890391945445229,0.05376236551199388,0.4315563282270577,79,14,inf
random_addition,42,93,80,0.002805450757599422,0.0529665059976531,0.44826142622593423,80,14,inf
random_addition,42,93,81,0.002825864069610111,0.053158856925352625,0.4442468087444925,81,14,inf
random_addition,42,93,82,0.003156548664002233,0.05618317064746554,0.37921218071377794,82,14,inf
random_addition,42,93,83,0.003128090459107457,0.055929334513361205,0.3848089602467216,83,14,inf
random_addition,42,93,84,0.0031285848523008057,0.05593375414095505,0.3847117295986189,84,14,inf
random_addition,42,93,85,0.0031270247911441137,0.055919806787435467,0.38501854158427284,85,14,inf
random_addition,42,93,86,0.0023393304870107908,0.04836662575589485,0.5399317336106251,86,14,inf
random_addition,42,93,87,0.00231762496312163,0.04814171749243716,0.5442004860601859,87,14,inf
random_addition,42,93,88,0.0023813212033858126,0.048798782806396025,0.5316735605160703,88,14,inf
random_addition,42,93,89,0.0022777812820382734,0.04772610692313247,0.55203640893828,89,14,inf
random_addition,42,93,90,0.0023259492057582597,0.0482280956057593,0.542563385231507,90,14,inf
random_addition,42,93,91,0.00232100395488802,0.048176798927367724,0.5435359511033941,91,14,inf
random_addition,42,93,92,0.0023358458322138304,0.04833058899096752,0.5406170489605959,92,14,inf
random_addition,42,93,93,0.0024966373074901326,0.04996636175958915,0.5089947298007733,93,14,inf
random_addition,42,93,94,0.0026279211775039036,0.05126325367652646,0.4831755722180828,94,14,inf
random_addition,42,93,95,0.002662254557057921,0.05159704019668106,0.4764233418263484,95,14,inf
random_addition,42,93,96,0.002536873453151105,0.05036738481548456,0.5010816222329375,96,14,inf
random_addition,42,93,97,0.002698522636710192,0.051947306347010835,0.4692906204671644,97,14,inf
random_addition,42,93,98,0.0027347203907673633,0.052294554121508324,0.4621717298064645,98,14,inf
random_addition,42,93,99,0.002543507552870575,0.05043319891570011,0.4997769161326504,99,14,inf
random_addition,42,93,100,0.002568945680537151,0.050684767736837374,0.49477408504027753,100,14,inf
random_addition,42,93,101,0.002573902701855187,0.05073364467348258,0.49379920431397273,101,14,inf
random_addition,42,93,102,0.0024636535944651547,0.04963520519213308,0.5154815258113176,102,14,inf
random_addition,42,93,103,0.002465243342301488,0.04965121692669262,0.5151688754461301,103,14,inf
random_addition,42,93,104,0.0024081579764702265,0.04907298621920442,0.5263956625290236,104,14,inf
random_addition,42,93,105,0.0022562748980775984,0.047500262084304315,0.5562659972072446,105,14,inf
random_addition,42,93,106,0.0022544327479884557,0.04748086717814298,0.5566282866753838,106,14,inf
random_addition,42,93,107,0.0022621347504956533,0.0475619044035839,0.555113559722143,107,14,inf
random_addition,42,93,108,0.0022649535010635107,0.04759152761851116,0.5545592055193749,108,14,inf
random_addition,42,93,109,0.00223313675652853,0.047256076397946226,0.5608164977581753,109,14,inf
random_addition,42,93,110,0.0022873356245824736,0.04782609773525824,0.5501573884940942,110,14,inf
random_addition,42,93,111,0.002601649147319985,0.05100636379237384,0.48834240411650753,111,14,inf
random_addition,42,93,112,0.0025462642799824126,0.05046052199474766,0.49923475987456967,112,14,inf
random_addition,42,93,113,0.0025712237438038745,0.050707235615875125,0.4943260659922353,113,14,inf
random_addition,42,93,114,0.002680021184621977,0.05176892103011204,0.47292923888178084,114,14,inf
random_addition,42,93,115,0.002492265184859301,0.04992259192849768,0.5098545804676102,115,14,inf
random_addition,42,93,116,0.002390270403937813,0.048890391734346055,0.5299135513141252,116,14,inf
random_addition,42,93,117,0.002408159763110275,0.049073004423106956,0.5263953111565286,117,14,inf
random_addition,42,93,118,0.0023410117394464325,0.04838400292913385,0.5396010873433604,118,14,inf
random_addition,42,93,119,0.0026194906238568546,0.05118095958319709,0.4848335808759602,119,14,inf
random_addition,42,93,120,0.0026150142000268793,0.051137209544781376,0.4857139441091656,120,14,inf
random_addition,42,93,121,0.0026249845149952664,0.051234602711402635,0.48375311576604285,121,14,inf
random_addition,42,93,122,0.002722029463394762,0.05217307220583011,0.46466761184947014,122,14,inf
random_addition,42,93,123,0.002691572778090763,0.051880369872339606,0.4706574258093107,123,14,inf
random_addition,42,93,124,0.0026794451582804624,0.051763357293364023,0.4730425240468341,124,14,inf
random_addition,42,93,125,0.002677444586807164,0.05174402947980727,0.47343596971627633,125,14,inf
random_addition,42,93,126,0.002854986780091314,0.05343207632210556,0.43851934313070173,126,14,inf
random_addition,42,93,127,0.0028241229119315803,0.0531424774726544,0.4445892363745858,127,14,inf
random_addition,42,93,128,0.0028143648818433355,0.05305058795002498,0.4465083153636391,128,14,inf
random_addition,42,93,129,0.002731223909677053,0.05226111278644048,0.46285937099381025,129,14,inf
random_addition,42,93,130,0.002684027983786385,0.05180760546277337,0.47214123515354534,130,14,inf
random_addition,42,93,131,0.0026772716865979223,0.05174235872665569,0.47346997341945796,131,14,inf
random_addition,42,93,132,0.002845829941794556,0.05334632078967167,0.4403201877502152,132,14,inf
random_addition,42,93,133,0.0028528430200282485,0.0534120119451444,0.4389409492189589,133,14,inf
random_addition,42,93,134,0.0028648987556896153,0.053524749001649836,0.436569988195465,134,14,inf
random_addition,42,93,135,0.002875582700501229,0.05362445990871357,0.4344688126689751,135,14,inf
random_addition,42,93,136,0.0028510531737316372,0.05339525422480576,0.4392929522759692,136,14,inf
random_addition,42,93,137,0.002842461532405447,0.053314740292019124,0.4409826415064253,137,14,inf
random_addition,42,93,138,0.0028757900509480835,0.053626393230834415,0.43442803375331984,138,14,inf
random_addition,42,93,139,0.0028918534214649556,0.053775955793132636,0.43126890464903034,139,14,inf
random_addition,42,93,140,0.002886179819282233,0.0537231776729768,0.432384712926177,140,14,inf
random_addition,42,93,141,0.0029115078443251994,0.05395838993451527,0.4274035353468286,141,14,inf
random_addition,42,93,142,0.002894967253624486,0.05380489990348914,0.4306565177411449,142,14,inf
random_addition,42,93,143,0.002835388145507988,0.05324836284345264,0.44237374073993874,143,14,inf
random_addition,42,93,144,0.0028841153067507607,0.05370395987961,0.43279073366867893,144,14,inf
random_addition,42,93,145,0.0028808769779195787,0.05367380159742347,0.4334276049186512,145,14,inf
random_addition,42,93,146,0.002887549373368119,0.05373592255994233,0.43211536732600686,146,14,inf
random_addition,42,93,147,0.00261531105819003,0.05114011202754673,0.48565556201170546,147,14,inf
random_addition,42,93,148,0.0026978272640045898,0.051940612857421985,0.46942737708062166,148,14,inf
random_addition,42,93,149,0.0026312850572848983,0.051296053038073976,0.48251400928468047,149,14,inf
random_addition,42,93,150,0.0026800483819562917,0.05176918370958047,0.47292389007342817,150,14,inf
random_addition,42,94,10,0.00962854819961681,0.0981251659851682,-0.8936142210947935,10,10,inf
random_addition,42,94,11,0.020393787085013035,0.14280681736182288,-3.0107775799156204,11,11,inf
random_addition,42,94,12,0.016273096120133987,0.12756604610998173,-2.2003751339744633,12,12,inf
random_addition,42,94,13,0.017772568810444266,0.13331379827476325,-2.4952713895312266,13,13,inf
random_addition,42,94,14,0.012745679277801264,0.11289676380570554,-1.5066499162270603,14,14,inf
random_addition,42,94,15,0.009796492212475302,0.09897723077796884,-0.9266432057873375,15,14,inf
random_addition,42,94,16,0.013783450717772466,0.11740294169130715,-1.710744938263061,16,14,inf
random_addition,42,94,17,0.016676144349718317,0.12913614656523678,-2.279641274986079,17,14,inf
random_addition,42,94,18,0.0077158825904756895,0.0878400967125816,-0.5174567025799355,18,14,inf
random_addition,42,94,19,0.011442001062349164,0.10696728968403922,-1.2502599021427123,19,14,inf
random_addition,42,94,20,0.01231473490099198,0.11097177524484314,-1.4218975336758288,20,14,inf
random_addition,42,94,21,0.013596385260462085,0.11660353879905226,-1.6739554033410013,21,14,inf
random_addition,42,94,22,0.01461605792516948,0.12089688964224629,-1.8744910000603894,22,14,inf
random_addition,42,94,23,0.008570260368534378,0.09257570074557567,-0.6854843093570082,23,14,inf
random_addition,42,94,24,0.008571172247573642,0.09258062565987359,-0.685663645543614,24,14,inf
random_addition,42,94,25,0.0062199353153360405,0.07886656652432665,-0.22325377857887174,25,14,inf
random_addition,42,94,26,0.006292854619751792,0.07932751489711368,-0.2375945731588378,26,14,inf
random_addition,42,94,27,0.007028374441991367,0.08383540088764034,-0.3822467851450022,27,14,inf
random_addition,42,94,28,0.0069101407127191376,0.08312725613611421,-0.3589941548915778,28,14,inf
random_addition,42,94,29,0.007958680406406491,0.08921143652249128,-0.5652069332030341,29,14,inf
random_addition,42,94,30,0.008021842940401236,0.08956474161410413,-0.5776288965284699,30,14,inf
random_addition,42,94,31,0.010962627839970528,0.10470256844973062,-1.1559831812613286,31,14,inf
random_addition,42,94,32,0.010418626335249192,0.10207167254066718,-1.0489962332520446,32,14,inf
random_addition,42,94,33,0.010666085424799212,0.10327674193543875,-1.0976631808952768,33,14,inf
random_addition,42,94,34,0.010858593361253398,0.1042045745697059,-1.1355230699030265,34,14,inf
random_addition,42,94,35,0.009399359233537342,0.0969502925912931,-0.8485403972442398,35,14,inf
random_addition,42,94,36,0.011393365642018757,0.10673970977110045,-1.2406949374484246,36,14,inf
random_addition,42,94,37,0.010136548091840853,0.10068042556446041,-0.9935208529448945,37,14,inf
random_addition,42,94,38,0.010477636047884742,0.10236032457883641,-1.060601475154852,38,14,inf
random_addition,42,94,39,0.010071955380145844,0.10035913202168423,-0.980817621376753,39,14,inf
random_addition,42,94,40,0.007888210674767668,0.08881559927607126,-0.5513478878701854,40,14,inf
random_addition,42,94,41,0.007017733272667413,0.08377191219416812,-0.38015402212993865,41,14,inf
random_addition,42,94,42,0.0070034200183967275,0.08368643867674576,-0.3773390825071412,42,14,inf
random_addition,42,94,43,0.006682940603011496,0.08174925444927003,-0.3143114727408245,43,14,inf
random_addition,42,94,44,0.006578185000441448,0.08110601087737855,-0.2937095403774499,44,14,inf
random_addition,42,94,45,0.00659664381716016,0.08121972554226073,-0.2973397738372072,45,14,inf
random_addition,42,94,46,0.0066989839923765285,0.08184732122908195,-0.3174666722191213,46,14,inf
random_addition,42,94,47,0.007104145460469414,0.08428609292445234,-0.39714841674742574,47,14,inf
random_addition,42,94,48,0.007124155508487946,0.08440471259644183,-0.40108372565455563,48,14,inf
random_addition,42,94,49,0.0077749827240598144,0.08817586247981822,-0.5290797272668717,49,14,inf
random_addition,42,94,50,0.008013454726673683,0.08951790171062815,-0.5759792147202916,50,14,inf
random_addition,42,94,51,0.007443940194294338,0.08627827185505246,-0.4639747052889944,51,14,inf
random_addition,42,94,52,0.006394136648903521,0.07996334565851733,-0.257513369509744,52,14,inf
random_addition,42,94,53,0.006919818929471941,0.0831854490248862,-0.3608975372601342,53,14,inf
random_addition,42,94,54,0.006854784513559151,0.0827936260442744,-0.34810743720767223,54,14,inf
random_addition,42,94,55,0.006806589436230431,0.08250205716362732,-0.3386290732919097,55,14,inf
random_addition,42,94,56,0.006842296314268402,0.08271817402643994,-0.34565142501532864,56,14,inf
random_addition,42,94,57,0.006779444982134416,0.08233738508195665,-0.33329066471416446,57,14,inf
random_addition,42,94,58,0.006762603979515726,0.08223505322863071,-0.32997860131736756,58,14,inf
random_addition,42,94,59,0.0065409753519374446,0.08087629660127524,-0.28639164383600413,59,14,inf
random_addition,42,94,60,0.006514159980051473,0.08071034617724962,-0.2811179547507441,60,14,inf
random_addition,42,94,61,0.006311420860865798,0.07944445141648218,-0.24124593341345602,61,14,inf
random_addition,42,94,62,0.0063107179084713,0.07944002711776539,-0.24110768612805256,62,14,inf
random_addition,42,94,63,0.006347807563527212,0.07967312949500109,-0.24840198396125768,63,14,inf
random_addition,42,94,64,0.006111347755880281,0.0781751095674338,-0.20189822813071734,64,14,inf
random_addition,42,94,65,0.005692553583655716,0.07544901313904455,-0.11953538548870624,65,14,inf
random_addition,42,94,66,0.005756476342344719,0.07587144615957125,-0.13210685965029634,66,14,inf
random_addition,42,94,67,0.005785895886760816,0.07606507665651048,-0.13789270259665742,67,14,inf
random_addition,42,94,68,0.005705715633087674,0.07553618757316041,-0.12212392152408702,68,14,inf
random_addition,42,94,69,0.005673445681101027,0.07532227878324597,-0.11577749849861019,69,14,inf
random_addition,42,94,70,0.005348065623189986,0.0731304698685164,-0.05178609583361493,70,14,inf
random_addition,42,94,71,0.004132299718366858,0.06428296600474233,0.1873144995174968,71,14,inf
random_addition,42,94,72,0.004132017328650598,0.06428076950885543,0.18737003615412307,72,14,inf
random_addition,42,94,73,0.004118761249979671,0.064177575912305,0.18997706460398,73,14,inf
random_addition,42,94,74,0.004076142131369222,0.06384467191057702,0.19835882345465305,74,14,inf
random_addition,42,94,75,0.004231273776643915,0.06504824191816344,0.16784960404339422,75,14,inf
random_addition,42,94,76,0.004235012372908743,0.06507697267781241,0.16711434687821836,76,14,inf
random_addition,42,94,77,0.0042816427623565325,0.06543426290833063,0.1579437048704193,77,14,inf
random_addition,42,94,78,0.004333582117130405,0.06582994848190606,0.1477289664908361,78,14,inf
random_addition,42,94,79,0.004058890646486814,0.06370942352970095,0.20175161501897543,79,14,inf
random_addition,42,94,80,0.00401014640188059,0.06332571674983703,0.21133798181792263,80,14,inf
random_addition,42,94,81,0.004500848333598549,0.06708836213232924,0.11483328173688712,81,14,inf
random_addition,42,94,82,0.004461099632048124,0.06679146376632364,0.12265052530938458,82,14,inf
random_addition,42,94,83,0.004616817527147375,0.06794716717529418,0.09202601011501477,83,14,inf
random_addition,42,94,84,0.004194635684711274,0.06476600716974355,0.17505509447446344,84,14,inf
random_addition,42,94,85,0.004166920897275113,0.06455169166857762,0.18050566859381223,85,14,inf
random_addition,42,94,86,0.004020685487585662,0.06340887546381549,0.20926529524516835,86,14,inf
random_addition,42,94,87,0.00323778028739839,0.056901496354651256,0.36323663029053754,87,14,inf
random_addition,42,94,88,0.0032078691360636945,0.056638053780684365,0.3691191559177085,88,14,inf
random_addition,42,94,89,0.003250071552829367,0.05700939881133081,0.3608193484186686,89,14,inf
random_addition,42,94,90,0.00343321417132257,0.05859363592850823,0.32480130502547366,90,14,inf
random_addition,42,94,91,0.004036796388695767,0.06353578825115627,0.20609681845881755,91,14,inf
random_addition,42,94,92,0.0040069726224603395,0.06330065262270476,0.21196215835214227,92,14,inf
random_addition,42,94,93,0.005775908192645832,0.07599939600184881,-0.13592845635516992,93,14,inf
random_addition,42,94,94,0.00564446381588211,0.07512964671740517,-0.11007773244929253,94,14,inf
random_addition,42,94,95,0.005569980783408858,0.07463230388651323,-0.09542940472661177,95,14,inf
random_addition,42,94,96,0.0055973979320440926,0.07481575991757414,-0.10082144322309206,96,14,inf
random_addition,42,94,97,0.004423245867473033,0.0665074873038595,0.1300950979942075,97,14,inf
random_addition,42,94,98,0.004454312727522789,0.06674063775184343,0.12398528301739498,98,14,inf
random_addition,42,94,99,0.004108867256911812,0.06410044662022107,0.19192288297537863,99,14,inf
random_addition,42,94,100,0.004155861102356985,0.06446596855982996,0.18268076129783917,100,14,inf
random_addition,42,94,101,0.00452393635659315,0.06726021377153919,0.11029263783365773,101,14,inf
random_addition,42,94,102,0.004531356003614281,0.06731534745965649,0.10883344078510626,102,14,inf
random_addition,42,94,103,0.004543481168071942,0.06740534969920371,0.10644882543353595,103,14,inf
random_addition,42,94,104,0.004635041098492631,0.0680811361427865,0.08844204157239621,104,14,inf
random_addition,42,94,105,0.004598922835316165,0.0678153584029176,0.09554529902868869,105,14,inf
random_addition,42,94,106,0.004896730196509557,0.06997664036312087,0.036976525978878017,106,14,inf
random_addition,42,94,107,0.004788931489126494,0.06920210610325739,0.05817693554055292,107,14,inf
random_addition,42,94,108,0.00483828996889365,0.0695578174534944,0.04846976917642487,108,14,inf
random_addition,42,94,109,0.004823627428142428,0.06945233925608574,0.051353401797695986,109,14,inf
random_addition,42,94,110,0.004841502163042231,0.06958090372395453,0.04783803774666351,110,14,inf
random_addition,42,94,111,0.0051138469620285116,0.07151116669463946,-0.005723098751790889,111,14,inf
random_addition,42,94,112,0.005134500369533174,0.07165542805351995,-0.00978493500727673,112,14,inf
random_addition,42,94,113,0.004451678160051658,0.06672089747636537,0.12450341454941194,113,14,inf
random_addition,42,94,114,0.004362997570767734,0.06605299062697868,0.14194392806418965,114,14,inf
random_addition,42,94,115,0.0043755406173645005,0.06614786933352049,0.13947712923646638,115,14,inf
random_addition,42,94,116,0.0046114480717097915,0.06790764369133855,0.09308200287377222,116,14,inf
random_addition,42,94,117,0.004111100963611681,0.06411786774068272,0.19148358738429494,117,14,inf
random_addition,42,94,118,0.003771300988069403,0.061410919127378345,0.2583109067968029,118,14,inf
random_addition,42,94,119,0.0038846749011937935,0.06232716022083626,0.23601404025548411,119,14,inf
random_addition,42,94,120,0.003952069651711028,0.0628654885585965,0.2227597411274339,120,14,inf
random_addition,42,94,121,0.00392832629441826,0.06267636152823694,0.22742926742506508,121,14,inf
random_addition,42,94,122,0.004011936372376264,0.06333984821876561,0.2109859543350998,122,14,inf
random_addition,42,94,123,0.0032505084708905974,0.05701323066526398,0.36073342121167473,123,14,inf
random_addition,42,94,124,0.0031357286036256425,0.05599757676565695,0.3833067920296077,124,14,inf
random_addition,42,94,125,0.003136114816865137,0.05600102514119842,0.38323083676952907,125,14,inf
random_addition,42,94,126,0.0031148388334137234,0.05581074120107816,0.38741511294451647,126,14,inf
random_addition,42,94,127,0.0031866662153205174,0.05645056434899936,0.37328906309536836,127,14,inf
random_addition,42,94,128,0.003123517346530673,0.05588843660839578,0.38570833893087364,128,14,inf
random_addition,42,94,129,0.003113956062279399,0.05580283202741057,0.38758872457726457,129,14,inf
random_addition,42,94,130,0.003094453004046124,0.05562780783067156,0.39142432550688744,130,14,inf
random_addition,42,94,131,0.003073213906659476,0.05543657553149794,0.39560134742345987,131,14,inf
random_addition,42,94,132,0.0030947239028439044,0.05563024269984722,0.39137104875058737,132,14,inf
random_addition,42,94,133,0.0030855100076462843,0.055547367243158195,0.39318311455907395,133,14,inf
random_addition,42,94,134,0.003123796274015654,0.0558909319479972,0.3856534831996393,134,14,inf
random_addition,42,94,135,0.003141371872543547,0.05604794262543048,0.3821969492937287,135,14,inf
random_addition,42,94,136,0.0031679801666445627,0.05628481293070594,0.37696398550062427,136,14,inf
random_addition,42,94,137,0.003013213911360133,0.05489274916926764,0.4074013448902616,137,14,inf
random_addition,42,94,138,0.00296182927233717,0.05442269078552778,0.4175069891870391,138,14,inf
random_addition,42,94,139,0.0026195566928512676,0.05118160502418098,0.4848205873088305,139,14,inf
random_addition,42,94,140,0.0026931340958154175,0.05189541497873793,0.4703503666986577,140,14,inf
random_addition,42,94,141,0.002663974812006483,0.051613707597948075,0.47608502506592176,141,14,inf
random_addition,42,94,142,0.002634370164943952,0.05132611581781688,0.48190727152778523,142,14,inf
random_addition,42,94,143,0.002679829424853679,0.05176706892275899,0.4729669516310713,143,14,inf
random_addition,42,94,144,0.0026692205071815866,0.05166449948641317,0.4750533718221337,144,14,inf
random_addition,42,94,145,0.00269104545633796,0.051875287530171434,0.4707611324065566,145,14,inf
random_addition,42,94,146,0.002726027300638444,0.05221137137289581,0.46388137063207047,146,14,inf
random_addition,42,94,147,0.0025692454547383064,0.05068772489211078,0.4947151294554213,147,14,inf
random_addition,42,94,148,0.002664223307951577,0.051616114808764685,0.47603615420338274,148,14,inf
random_addition,42,94,149,0.0026961316935419405,0.051924288088927524,0.4697608392261473,149,14,inf
random_addition,42,94,150,0.0026800483819562917,0.05176918370958047,0.47292389007342817,150,14,inf
random_addition,42,95,10,0.00962854819961681,0.0981251659851682,-0.8936142210947935,10,10,inf
random_addition,42,95,11,0.009825561493861391,0.099123970329388,-0.9323601636805219,11,11,inf
random_addition,42,95,12,0.00451158018154085,0.0671682974441131,0.1127226852626464,12,12,inf
random_addition,42,95,13,0.0050570315466541465,0.07111280859770726,0.005450598081817581,13,13,inf
random_addition,42,95,14,0.0060439663629710955,0.07774295056769517,-0.18864655599855862,14,14,inf
random_addition,42,95,15,0.004512997240421789,0.06717884518523512,0.11244399705405639,15,14,inf
random_addition,42,95,16,0.0046242904864565474,0.06800213589628305,0.09055632831791105,16,14,inf
random_addition,42,95,17,0.004423067040732259,0.06650614287967886,0.13013026724843157,17,14,inf
random_addition,42,95,18,0.004459485216471758,0.06677937717942388,0.1229680269961172,18,14,inf
random_addition,42,95,19,0.005449470166044845,0.07382052672559879,-0.07172898654285187,19,14,inf
random_addition,42,95,20,0.006168449162218581,0.07853947518425738,-0.21312816984623173,20,14,inf
random_addition,42,95,21,0.007782908644671313,0.08822079485399864,-0.5306384914412878,21,14,inf
random_addition,42,95,22,0.006726544001512599,0.08201551073737576,-0.3228868066102688,22,14,inf
random_addition,42,95,23,0.006705713014742719,0.08188841807449157,-0.31879004643738496,23,14,inf
random_addition,42,95,24,0.0061242307037260866,0.07825746420454784,-0.20443187419497133,24,14,inf
random_addition,42,95,25,0.0055860622795557615,0.07473996440697414,-0.09859209853765494,25,14,inf
random_addition,42,95,26,0.007021502758118653,0.08379440767807034,-0.3808953541676139,26,14,inf
random_addition,42,95,27,0.006822058654367032,0.08259575445727844,-0.3416713524440098,27,14,inf
random_addition,42,95,28,0.007884721373390033,0.08879595358680503,-0.5506616586928064,28,14,inf
random_addition,42,95,29,0.009483590959199135,0.097383730464586,-0.8651059676992825,29,14,inf
random_addition,42,95,30,0.00465948830962396,0.06826044469254475,0.08363409070538663,30,14,inf
random_addition,42,95,31,0.004625875352514279,0.0680137879588711,0.0902446380357177,31,14,inf
random_addition,42,95,32,0.005192878712158738,0.07206163134538891,-0.021266007491715255,32,14,inf
random_addition,42,95,33,0.005180341602223302,0.07197458997606934,-0.018800376207227965,33,14,inf
random_addition,42,95,34,0.003254755887943027,0.05705046790292808,0.35989809597191313,34,14,inf
random_addition,42,95,35,0.0038224137714085228,0.06182567242989374,0.2482587274438922,35,14,inf
random_addition,42,95,36,0.003328647275804845,0.057694430197418926,0.3453661250069511,36,14,inf
random_addition,42,95,37,0.0035397394174184597,0.05949570923535965,0.3038513428161318,37,14,inf
random_addition,42,95,38,0.0036354788174820913,0.060294931938613974,0.2850225967039409,38,14,inf
random_addition,42,95,39,0.003844615133684845,0.062004960557078374,0.24389246012481758,39,14,inf
random_addition,42,95,40,0.0037527968100749486,0.06126007517196619,0.2619500613062401,40,14,inf
random_addition,42,95,41,0.0039378445559679065,0.0627522474176655,0.22555734290884077,41,14,inf
random_addition,42,95,42,0.004001020120351037,0.06325361744873599,0.21313281694070496,42,14,inf
random_addition,42,95,43,0.00397474915190617,0.06304561167842032,0.21829944003047808,43,14,inf
random_addition,42,95,44,0.004315441023476588,0.06569201643637214,0.1512967144230164,44,14,inf
random_addition,42,95,45,0.004671006994291559,0.06834476566856865,0.0813687496962675,45,14,inf
random_addition,42,95,46,0.004600232751286108,0.06782501567479442,0.0952876822563885,46,14,inf
random_addition,42,95,47,0.004896719827242201,0.06997656627216144,0.03697856526784671,47,14,inf
random_addition,42,95,48,0.004709747338575091,0.06862759895679792,0.07374981635922251,48,14,inf
random_addition,42,95,49,0.004709754625218087,0.0686276520450619,0.07374838331962863,49,14,inf
random_addition,42,95,50,0.0040844481845198925,0.06390968772040662,0.1967252998910587,50,14,inf
random_addition,42,95,51,0.004146772203024355,0.06439543619717437,0.18446824458956246,51,14,inf
random_addition,42,95,52,0.00488022017864294,0.06985857269256895,0.040223495716641744,52,14,inf
random_addition,42,95,53,0.003891619775588828,0.062382848408747964,0.2346482151440018,53,14,inf
random_addition,42,95,54,0.003822626062385007,0.06182738925739147,0.24821697689087563,54,14,inf
random_addition,42,95,55,0.003418228901045871,0.058465621531339856,0.3277484077781021,55,14,inf
random_addition,42,95,56,0.003390122217572357,0.0582247560542108,0.33327605477428934,56,14,inf
random_addition,42,95,57,0.002923710751020922,0.054071348707249035,0.42500363069052405,57,14,inf
random_addition,42,95,58,0.002502063546227858,0.05002063120581205,0.5079275696611769,58,14,inf
random_addition,42,95,59,0.002462714027520351,0.049625739566482543,0.5156663072852704,59,14,inf
random_addition,42,95,60,0.0024534657494915384,0.04953247166749847,0.5174851350496362,60,14,inf
random_addition,42,95,61,0.0025199512268627923,0.050199115797619306,0.5044096596159158,61,14,inf
random_addition,42,95,62,0.0025648749027287338,0.05064459401287302,0.4955746712334528,62,14,inf
random_addition,42,95,63,0.0037751477131739847,0.061442230698225665,0.25755438429604127,63,14,inf
random_addition,42,95,64,0.003836494629522187,0.061939443245174454,0.24548949239241125,64,14,inf
random_addition,42,95,65,0.0037102872619985184,0.060912127380337966,0.27031027128816076,65,14,inf
random_addition,42,95,66,0.003679000158379539,0.06065476204206508,0.27646340082768195,66,14,inf
random_addition,42,95,67,0.0036916456595646554,0.060758914239514315,0.2739764526003302,67,14,inf
random_addition,42,95,68,0.0035865938362207943,0.05988817776674119,0.2946366417079457,68,14,inf
random_addition,42,95,69,0.0037318985305479536,0.06108926690137928,0.26606005571955216,69,14,inf
random_addition,42,95,70,0.003672474362098956,0.060600943574328575,0.2777468072545586,70,14,inf
random_addition,42,95,71,0.003696668529416977,0.06080023461646326,0.27298862166404814,71,14,inf
random_addition,42,95,72,0.0037483552556975136,0.06122381281574608,0.26282356688138087,72,14,inf
random_addition,42,95,73,0.004174879391962726,0.06461330661684733,0.1789404981853001,73,14,inf
random_addition,42,95,74,0.004191215796496603,0.06473959990992069,0.17572767239832043,74,14,inf
random_addition,42,95,75,0.0041471253412938515,0.06439817808986409,0.18439879407269666,75,14,inf
random_addition,42,95,76,0.004285404061684388,0.06546299765275333,0.15720398277012337,76,14,inf
random_addition,42,95,77,0.004565321021181393,0.06756715933929289,0.10215365490758654,77,14,inf
random_addition,42,95,78,0.004559040087140688,0.06752066414913799,0.10338890510051912,78,14,inf
random_addition,42,95,79,0.004634013633845852,0.06807358984103785,0.0886441095920475,79,14,inf
random_addition,42,95,80,0.004606485961545413,0.06787109813127686,0.09405788440638785,80,14,inf
random_addition,42,95,81,0.004619080401827314,0.06796381685740813,0.09158097815529953,81,14,inf
random_addition,42,95,82,0.004480887254004874,0.06693942974066087,0.11875896018844156,82,14,inf
random_addition,42,95,83,0.004620092851469811,0.06797126489532036,0.09138186308608787,83,14,inf
random_addition,42,95,84,0.003980390937469044,0.06309033949400687,0.21718988902104863,84,14,inf
random_addition,42,95,85,0.0037690460818424277,0.061392557218627304,0.2587543716276489,85,14,inf
random_addition,42,95,86,0.00392255211053348,0.06263028109894989,0.2285648567675862,86,14,inf
random_addition,42,95,87,0.003831530212928872,0.06189935551303319,0.2464658275226559,87,14,inf
random_addition,42,95,88,0.002939714998837994,0.054219138676651756,0.4218561290489433,88,14,inf
random_addition,42,95,89,0.00293191910970892,0.0541471985398037,0.42338932036863575,89,14,inf
random_addition,42,95,90,0.0020770362510968508,0.04557451317454582,0.5915162596409976,90,14,inf
random_addition,42,95,91,0.002100347987741081,0.04582955364981292,0.5869316187260061,91,14,inf
random_addition,42,95,92,0.0021236460248632793,0.04608303402406659,0.5823496720499802,92,14,inf
random_addition,42,95,93,0.0023100309623487604,0.04806278146704329,0.5456939726752379,93,14,inf
random_addition,42,95,94,0.0022411743523935287,0.04734104300069369,0.5592357707868985,94,14,inf
random_addition,42,95,95,0.002259562142336436,0.047534851870353355,0.5556195059244783,95,14,inf
random_addition,42,95,96,0.002687421836958967,0.0518403495065279,0.4714737774539344,96,14,inf
random_addition,42,95,97,0.002723292990926193,0.05218517980160836,0.4644191181355002,97,14,inf
random_addition,42,95,98,0.002698665262665923,0.051948679123399503,0.4692625706996948,98,14,inf
random_addition,42,95,99,0.0026969989550926377,0.05193263863017782,0.46959027781109675,99,14,inf
random_addition,42,95,100,0.0027541457275252375,0.05247995548326272,0.4583514140982531,100,14,inf
random_addition,42,95,101,0.002755474658163173,0.05249261527265691,0.4580900577750907,101,14,inf
random_addition,42,95,102,0.0025637835050601743,0.05063381780055869,0.4957893127456734,102,14,inf
random_addition,42,95,103,0.002576765372789615,0.05076184958006963,0.4932362124402899,103,14,inf
random_addition,42,95,104,0.0026519148981478274,0.051496746481188765,0.47845680780143707,104,14,inf
random_addition,42,95,105,0.0026638571824010374,0.05161256806632506,0.4761081588851721,105,14,inf
random_addition,42,95,106,0.0027583783747324626,0.05252026632389122,0.457518993594319,106,14,inf
random_addition,42,95,107,0.0026989368787707912,0.05195129333106916,0.46920915287302,107,14,inf
random_addition,42,95,108,0.002668857203891698,0.051660983380997484,0.47512482145940416,108,14,inf
random_addition,42,95,109,0.002608134976308373,0.05106990284216696,0.487066857922691,109,14,inf
random_addition,42,95,110,0.0025151996414970955,0.050151766085523804,0.5053441379437688,110,14,inf
random_addition,42,95,111,0.0024867842450465192,0.04986766733111264,0.5109324984838344,111,14,inf
random_addition,42,95,112,0.002317084834191236,0.0481361073851141,0.5443067114020146,112,14,inf
random_addition,42,95,113,0.002463155171635678,0.04963018407819659,0.5155795489544175,113,14,inf
random_addition,42,95,114,0.0025810159971936426,0.05080370062499033,0.4924002564214667,114,14,inf
random_addition,42,95,115,0.0025817917771077383,0.05081133512423914,0.49224768639249494,115,14,inf
random_addition,42,95,116,0.0024152443055550647,0.04914513511584911,0.5250020179990059,116,14,inf
random_addition,42,95,117,0.0023431373166352487,0.04840596364741899,0.5391830572198848,117,14,inf
random_addition,42,95,118,0.0023382874609175187,0.04835584205571772,0.5401368620476694,118,14,inf
random_addition,42,95,119,0.0023930291918762723,0.048918597607415855,0.5293709897601977,119,14,inf
random_addition,42,95,120,0.002365397948214683,0.04863535697632621,0.5348051336061206,120,14,inf
random_addition,42,95,121,0.0023490693457728366,0.04846719865819394,0.538016424981877,121,14,inf
random_addition,42,95,122,0.002350016430952831,0.04847696804620552,0.5378301649218715,122,14,inf
random_addition,42,95,123,0.0023491274951308355,0.04846779853811018,0.5380049889430296,123,14,inf
random_addition,42,95,124,0.0026674142627431162,0.05164701601005731,0.47540859984660333,124,14,inf
random_addition,42,95,125,0.002365824833153898,0.048639745405932154,0.5347211795795208,125,14,inf
random_addition,42,95,126,0.002355528340371835,0.04853378555575317,0.5367461562172542,126,14,inf
random_addition,42,95,127,0.0023114988882339126,0.04807804996288756,0.5454052806238496,127,14,inf
random_addition,42,95,128,0.002436580657129061,0.049361732720084504,0.5208058694281958,128,14,inf
random_addition,42,95,129,0.002450293130487197,0.04950043565956967,0.5181090833687583,129,14,inf
random_addition,42,95,130,0.002422963475762996,0.04922360689509654,0.5234839147317478,130,14,inf
random_addition,42,95,131,0.002316940320386193,0.04813460626603476,0.5443351324464649,131,14,inf
random_addition,42,95,132,0.002482267820234865,0.049822362652074875,0.5118207285756974,132,14,inf
random_addition,42,95,133,0.002493026182419595,0.049930213122112696,0.5097049176344899,133,14,inf
random_addition,42,95,134,0.002567583048149497,0.05067132372604348,0.4950420693733142,134,14,inf
random_addition,42,95,135,0.002597782868676397,0.05096844973781719,0.4891027721460828,135,14,inf
random_addition,42,95,136,0.0025857831687481907,0.05085059654269742,0.49146271281022424,136,14,inf
random_addition,42,95,137,0.002571123207570509,0.0507062442660715,0.49434583811543487,137,14,inf
random_addition,42,95,138,0.002544788213502072,0.0504458939211317,0.49952505290946003,138,14,inf
random_addition,42,95,139,0.002516568765354221,0.050165414035510766,0.5050748769552434,139,14,inf
random_addition,42,95,140,0.002559554823425841,0.05059204308412382,0.4966209533537117,140,14,inf
random_addition,42,95,141,0.002599949758206226,0.050989702472226936,0.4886766172633157,141,14,inf
random_addition,42,95,142,0.002616081403335499,0.05114764318456422,0.48550406082041797,142,14,inf
random_addition,42,95,143,0.002628224408163105,0.05126621117425302,0.48311593686323684,143,14,inf
random_addition,42,95,144,0.0026065262891566384,0.051054150557585797,0.48738323301939956,144,14,inf
random_addition,42,95,145,0.0026303842795609767,0.0512872721009899,0.48269116221289976,145,14,inf
random_addition,42,95,146,0.0026184116449836712,0.05117041767450869,0.4850457800254231,146,14,inf
random_addition,42,95,147,0.0026353331488590667,0.05133549599311442,0.48171788471696575,147,14,inf
random_addition,42,95,148,0.00272331211466517,0.05218536303088415,0.46441535713401405,148,14,inf
random_addition,42,95,149,0.0027592494512326685,0.052528558434747366,0.4573476819059674,149,14,inf
random_addition,42,95,150,0.0026800483819562917,0.05176918370958047,0.47292389007342817,150,14,inf
random_addition,42,96,10,0.00962854819961681,0.0981251659851682,-0.8936142210947935,10,10,inf
random_addition,42,96,11,0.00602613581656137,0.07762818957415772,-0.18513988234938994,11,11,inf
random_addition,42,96,12,0.004676540171743762,0.06838523357965345,0.08028055827902447,12,12,inf
random_addition,42,96,13,0.004829998293820059,0.06949818914058163,0.05010046505191257,13,13,inf
random_addition,42,96,14,0.00909522287415043,0.09536887791177177,-0.7887269213860648,14,14,inf
random_addition,42,96,15,0.008980202609776297,0.09476393095358748,-0.7661062724764391,15,14,inf
random_addition,42,96,16,0.008524569839165694,0.09232859708219168,-0.6764985064729003,16,14,inf
random_addition,42,96,17,0.009286299964155552,0.09636545005423651,-0.8263054106305294,17,14,inf
random_addition,42,96,18,0.006225892919076119,0.07890432763211483,-0.22442544048801705,18,14,inf
random_addition,42,96,19,0.00863370303247045,0.09291772184287801,-0.6979613648967273,19,14,inf
random_addition,42,96,20,0.007757014279334615,0.08807391372781509,-0.5255459336193573,20,14,inf
random_addition,42,96,21,0.009524561122511292,0.09759385801632853,-0.8731634320521706,21,14,inf
random_addition,42,96,22,0.010693460477843345,0.10340918952319153,-1.1030469405933023,22,14,inf
random_addition,42,96,23,0.008895707139160066,0.09431705645937041,-0.7494888321874287,23,14,inf
random_addition,42,96,24,0.009772008541003904,0.09885347005039279,-0.9218280843877587,24,14,inf
random_addition,42,96,25,0.009781746391153439,0.09890271174822983,-0.9237431946560732,25,14,inf
random_addition,42,96,26,0.009691109593756495,0.09844343347200206,-0.9059179602648522,26,14,inf
random_addition,42,96,27,0.006676357958548214,0.08170898334056186,-0.3130168861728746,27,14,inf
random_addition,42,96,28,0.005482376872174599,0.07404307443761772,-0.07820063786606668,28,14,inf
random_addition,42,96,29,0.0050612675396146676,0.07114258597784219,0.004617519579825036,29,14,inf
random_addition,42,96,30,0.0048457807700675575,0.06961164248936781,0.04699657847973515,30,14,inf
random_addition,42,96,31,0.005526166911763802,0.07433819282013655,-0.08681267781116664,31,14,inf
random_addition,42,96,32,0.005488671942979915,0.07408557175982322,-0.07943866828899382,32,14,inf
random_addition,42,96,33,0.006983592532706233,0.08356789175697944,-0.37343967751963025,33,14,inf
random_addition,42,96,34,0.006831933453384518,0.08265551072605212,-0.3436133959860166,34,14,inf
random_addition,42,96,35,0.008007618614979175,0.08948529831754026,-0.5748314462435176,35,14,inf
random_addition,42,96,36,0.008220311580532283,0.09066593395830809,-0.6166610570995155,36,14,inf
random_addition,42,96,37,0.008617603647142882,0.0928310489391501,-0.6947951528806335,37,14,inf
random_addition,42,96,38,0.008609481443587596,0.09278729139051099,-0.6931977863992018,38,14,inf
random_addition,42,96,39,0.008426813307491083,0.09179767593730837,-0.657273057864634,39,14,inf
random_addition,42,96,40,0.008218157231084473,0.09065405248020891,-0.6162373684325426,40,14,inf
random_addition,42,96,41,0.006884166110012825,0.08297087507079111,-0.3538858170557744,41,14,inf
random_addition,42,96,42,0.005789539462029427,0.07608902326899344,-0.13860927230179176,42,14,inf
random_addition,42,96,43,0.005546399686065883,0.07447415448372599,-0.09079178954808942,43,14,inf
random_addition,42,96,44,0.0054858557905633504,0.07406656324255467,-0.07888482505591021,44,14,inf
random_addition,42,96,45,0.005653817756057152,0.07519187293888317,-0.11191734043291723,45,14,inf
random_addition,42,96,46,0.005533667999030923,0.07438862815666736,-0.08828789143924598,46,14,inf
random_addition,42,96,47,0.0058600339794332434,0.0765508587765888,-0.152473192167758,47,14,inf
random_addition,42,96,48,0.006051906013085546,0.0777939972818311,-0.19020802030818706,48,14,inf
random_addition,42,96,49,0.0057960863438516405,0.07613203231131847,-0.13989682555129024,49,14,inf
random_addition,42,96,50,0.005593552444063685,0.07479005578326363,-0.10006516402338494,50,14,inf
random_addition,42,96,51,0.005573741964285744,0.07465749770977959,-0.09616910353155372,51,14,inf
random_addition,42,96,52,0.0062551876117674515,0.07908974403655288,-0.23018672926518868,52,14,inf
random_addition,42,96,53,0.006018103346521199,0.07757643551054147,-0.18356016345685822,53,14,inf
random_addition,42,96,54,0.005993346609933675,0.07741670756324939,-0.17869133925842928,54,14,inf
random_addition,42,96,55,0.005993949189253734,0.07742059925661732,-0.17880984650855125,55,14,inf
random_addition,42,96,56,0.0059510852661957435,0.0771432775178482,-0.17037994278975854,56,14,inf
random_addition,42,96,57,0.005871730548939296,0.07662721806864253,-0.15477351719033683,57,14,inf
random_addition,42,96,58,0.005938854627939578,0.07706396452259369,-0.1679745842606437,58,14,inf
random_addition,42,96,59,0.005909234271444842,0.07687154396423193,-0.1621492482775344,59,14,inf
random_addition,42,96,60,0.005546235400760974,0.07447305150697783,-0.09075948010919532,60,14,inf
random_addition,42,96,61,0.00547784517880272,0.07401246637427185,-0.07730940495776895,61,14,inf
random_addition,42,96,62,0.005689838955534142,0.07543102117520445,-0.11900150869758197,62,14,inf
random_addition,42,96,63,0.004608644611598453,0.0678869988407092,0.09363334995383499,63,14,inf
random_addition,42,96,64,0.005111528438390278,0.0714949539365561,-0.005267122498436416,64,14,inf
random_addition,42,96,65,0.005318406466082197,0.07292740545283506,-0.04595312906431226,65,14,inf
random_addition,42,96,66,0.0049205018048904545,0.07014628860382033,0.03230144363467213,66,14,inf
random_addition,42,96,67,0.0046112100454449995,0.06790589109528715,0.09312881469946599,67,14,inf
random_addition,42,96,68,0.004613399737702201,0.06792201217353769,0.09269817528092683,68,14,inf
random_addition,42,96,69,0.004537200979871934,0.06735874835440409,0.10768392894448475,69,14,inf
random_addition,42,96,70,0.004455624245270043,0.06675046250978373,0.12372735122893308,70,14,inf
random_addition,42,96,71,0.0043494408245923185,0.06595029055730019,0.14461008778186768,71,14,inf
random_addition,42,96,72,0.00425722295984775,0.06524739810787668,0.16274626537572978,72,14,inf
random_addition,42,96,73,0.00477069036098376,0.0690701843126523,0.061764356919537966,73,14,inf
random_addition,42,96,74,0.003925264952000634,0.0626519349421918,0.22803133135178333,74,14,inf
random_addition,42,96,75,0.003935156573187335,0.06273082633910806,0.2260859794502823,75,14,inf
random_addition,42,96,76,0.0039004131170738638,0.0624532874801148,0.23291885822104752,76,14,inf
random_addition,42,96,77,0.003905612375895732,0.06249489879898784,0.23189633745881733,77,14,inf
random_addition,42,96,78,0.003928502362135872,0.06267776609082261,0.22739464077865545,78,14,inf
random_addition,42,96,79,0.0038398444086772273,0.06196647810451412,0.24483070258173512,79,14,inf
random_addition,42,96,80,0.0039011637602215828,0.06245929682778684,0.2327712317554559,80,14,inf
random_addition,42,96,81,0.0040317124784865635,0.06349576740607647,0.20709665399698307,81,14,inf
random_addition,42,96,82,0.0040181656813046505,0.06338900284201235,0.20976085707953895,82,14,inf
random_addition,42,96,83,0.00400205135526256,0.0632617685119738,0.2129300074357552,83,14,inf
random_addition,42,96,84,0.004350210121751152,0.06595612270101353,0.1444587926945904,84,14,inf
random_addition,42,96,85,0.0046669677167133,0.06831520853158028,0.08216314084502296,85,14,inf
random_addition,42,96,86,0.00487416721829639,0.06981523629048597,0.0414139110891697,86,14,inf
random_addition,42,96,87,0.0047307683381095,0.068780581112037,0.06961568701440934,87,14,inf
random_addition,42,96,88,0.004609604582197997,0.067894068829302,0.09344455576166366,88,14,inf
random_addition,42,96,89,0.004623879872962134,0.06799911670722006,0.09063708229413625,89,14,inf
random_addition,42,96,90,0.004595867506814638,0.06779282784199696,0.09614618021873544,90,14,inf
random_addition,42,96,91,0.004531754704049451,0.06731830883236337,0.10875502971021278,91,14,inf
random_addition,42,96,92,0.004537150109808032,0.06735837074787387,0.10769393338902167,92,14,inf
random_addition,42,96,93,0.0045007231632285104,0.06708742924891749,0.1148578985729719,93,14,inf
random_addition,42,96,94,0.004474201320740204,0.06688947092585054,0.1200738602178949,94,14,inf
random_addition,42,96,95,0.0043016545584033325,0.06558699991921671,0.15400805218444358,95,14,inf
random_addition,42,96,96,0.0043019804108340946,0.06558948399579077,0.1539439678817972,96,14,inf
random_addition,42,96,97,0.004270060660961076,0.06534570116664963,0.16022151783431682,97,14,inf
random_addition,42,96,98,0.00435186481526566,0.06596866540461206,0.14413336968110313,98,14,inf
random_addition,42,96,99,0.004363916465149102,0.06605994599717065,0.14176321219382493,99,14,inf
random_addition,42,96,100,0.004377174552394067,0.06616021880551838,0.1391557887244611,100,14,inf
random_addition,42,96,101,0.004351475109536633,0.06596571162002751,0.14421001179736292,101,14,inf
random_addition,42,96,102,0.0033741513168745454,0.05808744543250758,0.3364169981499763,102,14,inf
random_addition,42,96,103,0.003343909081395395,0.05782654305243739,0.3423646369833464,103,14,inf
random_addition,42,96,104,0.0030977552179677686,0.05565748123988157,0.3907748901908371,104,14,inf
random_addition,42,96,105,0.003007618373547002,0.05484175757164427,0.4085018005101484,105,14,inf
random_addition,42,96,106,0.0031147362496514444,0.05580982216108061,0.38743528774834746,106,14,inf
random_addition,42,96,107,0.0034550172777252815,0.058779395009861075,0.3205133613508644,107,14,inf
random_addition,42,96,108,0.003458300256105404,0.05880731464797048,0.3198677090241311,108,14,inf
random_addition,42,96,109,0.0032852389533783105,0.05731700405096476,0.35390309392029407,109,14,inf
random_addition,42,96,110,0.0022902224784361993,0.04785626895649304,0.5495896406469312,110,14,inf
random_addition,42,96,111,0.0022172959471360794,0.0470881720513345,0.5639318565139627,111,14,inf
random_addition,42,96,112,0.0022324875628085016,0.047249207007192214,0.5609441725057079,112,14,inf
random_addition,42,96,113,0.00221590437894646,0.04707339353548308,0.5642055315539434,113,14,inf
random_addition,42,96,114,0.002212977313201544,0.047042292814036435,0.5647811877386288,114,14,inf
random_addition,42,96,115,0.0018092377618683965,0.04253513561596338,0.6441832886756431,115,14,inf
random_addition,42,96,116,0.0018694922214290005,0.04323762506693679,0.6323332465776161,116,14,inf
random_addition,42,96,117,0.0018563237748608161,0.04308507601085109,0.6349230407162831,117,14,inf
random_addition,42,96,118,0.001813464561154857,0.04258479260434242,0.6433520182626359,118,14,inf
random_addition,42,96,119,0.0018268804156747614,0.0427420216610628,0.6407135672334308,119,14,inf
random_addition,42,96,120,0.001795757578735274,0.0423763799626074,0.6468343909970563,120,14,inf
random_addition,42,96,121,0.0020433532930010526,0.04520346549769224,0.5981405738300549,121,14,inf
random_addition,42,96,122,0.0020371780957277805,0.04513510934658052,0.5993550291282274,122,14,inf
random_addition,42,96,123,0.002125248205128447,0.046100414370463604,0.5820345766407886,123,14,inf
random_addition,42,96,124,0.0021177437149127254,0.046018949519874154,0.5835104595153349,124,14,inf
random_addition,42,96,125,0.002217934376552409,0.0470949506481577,0.563806298745869,125,14,inf
random_addition,42,96,126,0.0022056946964249353,0.046964824032726185,0.5662134355094319,126,14,inf
random_addition,42,96,127,0.0021932563200028855,0.04683221455369034,0.5686596492056006,127,14,inf
random_addition,42,96,128,0.0021660667985566122,0.046541022749361796,0.5740069210276884,128,14,inf
random_addition,42,96,129,0.0023273023118379086,0.048242121759287375,0.5422972744054559,129,14,inf
random_addition,42,96,130,0.0022073903807706317,0.046982873270699735,0.5658799509669101,130,14,inf
random_addition,42,96,131,0.0022507997076322544,0.04744259381223011,0.5573427845146932,131,14,inf
random_addition,42,96,132,0.002269889331920156,0.04764335559047196,0.5535884922499087,132,14,inf
random_addition,42,96,133,0.002270388629131898,0.04764859524825363,0.5534902971449867,133,14,inf
random_addition,42,96,134,0.0025428234261221944,0.05042641595555047,0.49991146104148887,134,14,inf
random_addition,42,96,135,0.00255486076487106,0.050545630522044735,0.4975441180769603,135,14,inf
random_addition,42,96,136,0.0025740333919870117,0.050734932659726784,0.4937735019248847,136,14,inf
random_addition,42,96,137,0.0025229271366312344,0.05022874810933709,0.5038243974412464,137,14,inf
random_addition,42,96,138,0.002544712654394629,0.05044514500320749,0.49953991286523125,138,14,inf
random_addition,42,96,139,0.0025227517281040807,0.050227001982042295,0.5038588944468836,139,14,inf
random_addition,42,96,140,0.0025277464829559495,0.05027669920505869,0.5028765927932701,140,14,inf
random_addition,42,96,141,0.0026025543194450407,0.051015236150046786,0.4881643869561829,141,14,inf
random_addition,42,96,142,0.0026105612347626706,0.05109365160920357,0.4865896938250659,142,14,inf
random_addition,42,96,143,0.0025862230918359337,0.05085492200206322,0.49137619461476345,143,14,inf
random_addition,42,96,144,0.0025869628842219478,0.0508621950393605,0.49123070213201625,144,14,inf
random_addition,42,96,145,0.002531074226478099,0.050309782612113316,0.5022221366564716,145,14,inf
random_addition,42,96,146,0.0024743362732233937,0.04974270070295132,0.5133805992752907,146,14,inf
random_addition,42,96,147,0.0025026206602483062,0.050026199738220235,0.5078180039187596,147,14,inf
random_addition,42,96,148,0.002608907614637634,0.05107746679933955,0.4869149057386525,148,14,inf
random_addition,42,96,149,0.0026473363314678316,0.05145227236447222,0.47935725912574123,149,14,inf
random_addition,42,96,150,0.0026800483819562917,0.05176918370958047,0.47292389007342817,150,14,inf
random_addition,42,97,10,0.00962854819961681,0.0981251659851682,-0.8936142210947935,10,10,inf
random_addition,42,97,11,0.009311938493919644,0.09649838596536028,-0.8313476541300404,11,11,inf
random_addition,42,97,12,0.010782184540508888,0.1038372984072144,-1.1204960038719665,12,12,inf
random_addition,42,97,13,0.012264030153118267,0.11074308173930444,-1.4119256012868413,13,13,inf
random_addition,42,97,14,0.012927091323078805,0.11369736726538045,-1.542327613600909,14,14,inf
random_addition,42,97,15,0.012947378622596591,0.11378654851341871,-1.546317448628792,15,14,inf
random_addition,42,97,16,0.014275983986410997,0.11948214923749488,-1.807609801222707,16,14,inf
random_addition,42,97,17,0.01059760754742701,0.10294468197739508,-1.0841958668481242,17,14,inf
random_addition,42,97,18,0.008422562428989585,0.09177451949745956,-0.6564370518733151,18,14,inf
random_addition,42,97,19,0.008580932205637024,0.09263332124908955,-0.6875831037010591,19,14,inf
random_addition,42,97,20,0.00807882959375175,0.08988230968189319,-0.5888362701594632,20,14,inf
random_addition,42,97,21,0.007720143504689825,0.0878643471761432,-0.5182946822611374,21,14,inf
random_addition,42,97,22,0.007957793941306784,0.08920646804636301,-0.5650325950905264,22,14,inf
random_addition,42,97,23,0.00888702826119644,0.09427103617334669,-0.7477819864206159,23,14,inf
random_addition,42,97,24,0.008746397468664308,0.09352217634691949,-0.72012460099326,24,14,inf
random_addition,42,97,25,0.011630884533436948,0.10784657868211188,-1.2874069797255832,25,14,inf
random_addition,42,97,26,0.012508242416013556,0.11184025400549462,-1.4599540064416976,26,14,inf
random_addition,42,97,27,0.009766017136940551,0.09882316093376366,-0.920649775082609,27,14,inf
random_addition,42,97,28,0.008436635567294255,0.09185115985818718,-0.6592047686959008,28,14,inf
random_addition,42,97,29,0.010760166531638917,0.1037312225496206,-1.1161657960512246,29,14,inf
random_addition,42,97,30,0.007519126214276839,0.08671289531711439,-0.47876128720297895,30,14,inf
random_addition,42,97,31,0.004489293856773354,0.06700219292510771,0.11710566186937388,31,14,inf
random_addition,42,97,32,0.003655580312845765,0.06046139522741569,0.28106930315471834,32,14,inf
random_addition,42,97,33,0.0037746694894499624,0.06143833892163721,0.2576484349489434,33,14,inf
random_addition,42,97,34,0.002910369484548957,0.05394784040672024,0.42762741273896765,34,14,inf
random_addition,42,97,35,0.003377722217278676,0.05811817458660136,0.33571472116624124,35,14,inf
random_addition,42,97,36,0.003376347373965979,0.058106345384699415,0.3359851069808757,36,14,inf
random_addition,42,97,37,0.0029532968235373054,0.05434424370195343,0.4191850372222383,37,14,inf
random_addition,42,97,38,0.0029095837884632286,0.05394055791761176,0.42778193294809463,38,14,inf
random_addition,42,97,39,0.0027190720948569265,0.05214472259833133,0.46524922758261744,39,14,inf
random_addition,42,97,40,0.002888320264654627,0.05374309504163886,0.4319637587269963,40,14,inf
random_addition,42,97,41,0.002896836235603183,0.05382226524035553,0.4302889513354461,41,14,inf
random_addition,42,97,42,0.0029563278156122964,0.05437212351575296,0.41858894219542453,42,14,inf
random_addition,42,97,43,0.0029221581544034447,0.0540569898755327,0.4253089746503327,43,14,inf
random_addition,42,97,44,0.0026615231033601605,0.05158995157353959,0.476567194367296,44,14,inf
random_addition,42,97,45,0.0026691536263066056,0.051663852220934954,0.47506652505908675,45,14,inf
random_addition,42,97,46,0.0024633542843004713,0.04963219000105145,0.5155403901356801,46,14,inf
random_addition,42,97,47,0.00249199082717673,0.04991984402195914,0.5099085374711598,47,14,inf
random_addition,42,97,48,0.002826504503476693,0.05316488035796463,0.4441208567679028,48,14,inf
random_addition,42,97,49,0.002939052045289631,0.05421302468309282,0.42198650989567943,49,14,inf
random_addition,42,97,50,0.0028798629093041298,0.053664354177648775,0.4336270383858333,50,14,inf
random_addition,42,97,51,0.0028857164706390295,0.053718865127988596,0.4324758381469169,51,14,inf
random_addition,42,97,52,0.0027976978073398053,0.05289326807203167,0.4497861729024514,52,14,inf
random_addition,42,97,53,0.0029975320447031407,0.05474972186872862,0.41048544491233707,53,14,inf
random_addition,42,97,54,0.0034049163847527193,0.05835166137097314,0.33036653562548324,54,14,inf
random_addition,42,97,55,0.0034317142334748937,0.0585808350356573,0.3250962927619666,55,14,inf
random_addition,42,97,56,0.0036028775175817886,0.060023974523366816,0.2914341848102192,56,14,inf
random_addition,42,97,57,0.0038715017877998955,0.06222139332898208,0.23860475220308308,57,14,inf
random_addition,42,97,58,0.0035398469962887196,0.05949661331780759,0.30383018564119835,58,14,inf
random_addition,42,97,59,0.0035368360807586084,0.05947130468350773,0.3044223322813908,59,14,inf
random_addition,42,97,60,0.00345629792844786,0.05879028770509513,0.32026150007642773,60,14,inf
random_addition,42,97,61,0.0034279550126075074,0.05854874048694393,0.325835606098426,61,14,inf
random_addition,42,97,62,0.0033703458834675078,0.05805468011683044,0.3371653999513281,62,14,inf
random_addition,42,97,63,0.003856350944702827,0.06209952451269516,0.24158441760594485,63,14,inf
random_addition,42,97,64,0.00414340889469222,0.06436931640690477,0.1851296951380378,64,14,inf
random_addition,42,97,65,0.004477481646417264,0.06691398692663039,0.11942872958935946,65,14,inf
random_addition,42,97,66,0.0036078792647452236,0.0600656246512531,0.2904505080021851,66,14,inf
random_addition,42,97,67,0.0035527509106630466,0.05960495709807236,0.3012924161602306,67,14,inf
random_addition,42,97,68,0.004115968096711966,0.06415581109074973,0.19052638467173788,68,14,inf
random_addition,42,97,69,0.003994903996084108,0.06320525291527682,0.214335654549214,69,14,inf
random_addition,42,97,70,0.003907482354342413,0.06250985805728895,0.23152857508110836,70,14,inf
random_addition,42,97,71,0.003315213313802215,0.05757788910512624,0.34800813717393997,71,14,inf
random_addition,42,97,72,0.0031009949084515316,0.055686577453202595,0.3901377511492272,72,14,inf
random_addition,42,97,73,0.0030884487056032127,0.055573813128156076,0.3926051707063378,73,14,inf
random_addition,42,97,74,0.0032099582952701067,0.05665649384907353,0.3687082879964626,74,14,inf
random_addition,42,97,75,0.003707304898724593,0.060887641592728754,0.27089680265206884,75,14,inf
random_addition,42,97,76,0.003876617486432738,0.06226248859813377,0.23759866494245419,76,14,inf
random_addition,42,97,77,0.003887646672688009,0.06235099576340388,0.23542959194130175,77,14,inf
random_addition,42,97,78,0.004018653806695961,0.06339285296226982,0.20966485909900223,78,14,inf
random_addition,42,97,79,0.003738545429691916,0.06114364586522394,0.264752832399458,79,14,inf
random_addition,42,97,80,0.003743040389054493,0.061180392194350085,0.26386882384533794,80,14,inf
random_addition,42,97,81,0.004073565152837205,0.06382448709419611,0.1988656291635219,81,14,inf
random_addition,42,97,82,0.0043763420827266,0.06615392719050472,0.13931950773674262,82,14,inf
random_addition,42,97,83,0.004283292615152831,0.06544686864283754,0.157619233864717,83,14,inf
random_addition,42,97,84,0.004283329152795718,0.06544714778197533,0.15761204812926222,84,14,inf
random_addition,42,97,85,0.0041379897438596335,0.0643272084258258,0.1861954613231468,85,14,inf
random_addition,42,97,86,0.004077577788209675,0.06385591427745495,0.1980764776478573,86,14,inf
random_addition,42,97,87,0.004053966777997628,0.06367076863049187,0.20271997568982858,87,14,inf
random_addition,42,97,88,0.0040076436173330865,0.06330595246367506,0.2118301960451595,88,14,inf
random_addition,42,97,89,0.004071506714385309,0.06380835928297568,0.19927045533720344,89,14,inf
random_addition,42,97,90,0.00408735764601823,0.06393244595679279,0.19615310587439494,90,14,inf
random_addition,42,97,91,0.004531989971568293,0.06732005623562931,0.1087087604378153,91,14,inf
random_addition,42,97,92,0.004408275606215922,0.06639484623233886,0.13303924897338604,92,14,inf
random_addition,42,97,93,0.004327351491162839,0.0657826078166778,0.14895432276406695,93,14,inf
random_addition,42,97,94,0.004488899573623951,0.06699925054524081,0.11718320421151818,94,14,inf
random_addition,42,97,95,0.004497280233012519,0.06706176431479058,0.1155350080898041,95,14,inf
random_addition,42,97,96,0.003864696926292225,0.062166686627905664,0.23994304145047118,96,14,inf
random_addition,42,97,97,0.004185721377241177,0.06469715122971936,0.1768082413712363,97,14,inf
random_addition,42,97,98,0.0040726567355741875,0.06381737017124874,0.1990442845342253,98,14,inf
random_addition,42,97,99,0.004058340335840482,0.0637051044724085,0.20185984276466562,99,14,inf
random_addition,42,97,100,0.003995677117450009,0.06321136857757478,0.21418360736798248,100,14,inf
random_addition,42,97,101,0.0042904454428800655,0.0655014919133913,0.15621251127014435,101,14,inf
random_addition,42,97,102,0.004377552634399285,0.06616307606512324,0.13908143260690553,102,14,inf
random_addition,42,97,103,0.004558108090995068,0.06751376223404432,0.10357219765083547,103,14,inf
random_addition,42,97,104,0.004407965787710257,0.06639251303957591,0.13310017993785983,104,14,inf
random_addition,42,97,105,0.004388176243398887,0.06624331093324734,0.13699212312182685,105,14,inf
random_addition,42,97,106,0.004200098110333303,0.06480816391731294,0.1739808175819244,106,14,inf
random_addition,42,97,107,0.004217927017205042,0.06494556965032366,0.17047446637518238,107,14,inf
random_addition,42,97,108,0.004069112073614303,0.0637895922044835,0.19974140129129547,108,14,inf
random_addition,42,97,109,0.004044487599519321,0.0635962860513043,0.20458421386973746,109,14,inf
random_addition,42,97,110,0.0036928528423487788,0.060768847630581074,0.2737390400184866,110,14,inf
random_addition,42,97,111,0.0036870760668780444,0.060721298297039435,0.27487513903950933,111,14,inf
random_addition,42,97,112,0.0036654634823942026,0.06054307129964751,0.2791256134085158,112,14,inf
random_addition,42,97,113,0.003554079392111832,0.059616100108207615,0.301031148177589,113,14,inf
random_addition,42,97,114,0.0035160475361789316,0.05929626915901987,0.3085107454913393,114,14,inf
random_addition,42,97,115,0.003487084132667343,0.05905153793651223,0.3142068807387106,115,14,inf
random_addition,42,97,116,0.0034373858464823567,0.05862922348524119,0.3239808756892344,116,14,inf
random_addition,42,97,117,0.0032765835591591435,0.05724144965983254,0.3556053212179928,117,14,inf
random_addition,42,97,118,0.003211544856691142,0.05667049370431796,0.368396264292865,118,14,inf
random_addition,42,97,119,0.003147274965624817,0.05610057901327594,0.38103600781268754,119,14,inf
random_addition,42,97,120,0.0031177456886900784,0.0558367772054412,0.38684343148477274,120,14,inf
random_addition,42,97,121,0.0031418771677353408,0.056052450149260566,0.38209757458622406,121,14,inf
random_addition,42,97,122,0.0031013578183738824,0.05568983586233562,0.3900663788742287,122,14,inf
random_addition,42,97,123,0.003493804116266037,0.05910840986074686,0.3128852841444788,123,14,inf
random_addition,42,97,124,0.0033317862699734067,0.05772162740232994,0.3447487895712974,124,14,inf
random_addition,42,97,125,0.003339157327816118,0.05778544217894433,0.34329914839319897,125,14,inf
random_addition,42,97,126,0.0033349173268157526,0.05774874307563544,0.34413301514292016,126,14,inf
random_addition,42,97,127,0.0029003594392681634,0.053854985277763875,0.42959605470913176,127,14,inf
random_addition,42,97,128,0.0028991985688161703,0.05384420645544115,0.42982435920023143,128,14,inf
random_addition,42,97,129,0.00290785633492419,0.053924542973716426,0.42812166543112196,129,14,inf
random_addition,42,97,130,0.002929837822867955,0.05412797634188771,0.42379864005822154,130,14,inf
random_addition,42,97,131,0.0029654109339113384,0.05445558680164358,0.4168025958401519,131,14,inf
random_addition,42,97,132,0.002951182016714551,0.05432478271207857,0.4196009491740106,132,14,inf
random_addition,42,97,133,0.002947303467859022,0.05428907319027487,0.42036373034493857,133,14,inf
random_addition,42,97,134,0.002876932278624244,0.053637042038354836,0.43420339567430066,134,14,inf
random_addition,42,97,135,0.0028846424437509416,0.05370886745920958,0.4326870634061104,135,14,inf
random_addition,42,97,136,0.0028815801542168896,0.05368035165884152,0.4332893135990338,136,14,inf
random_addition,42,97,137,0.0028943659703161134,0.05379931198738617,0.4307747701090031,137,14,inf
random_addition,42,97,138,0.0028848252986171828,0.05371056971041345,0.4326511019539858,138,14,inf
random_addition,42,97,139,0.002799762752096201,0.05291278439182918,0.449380067155726,139,14,inf
random_addition,42,97,140,0.0028243029167982847,0.05314417105194402,0.44455383542229365,140,14,inf
random_addition,42,97,141,0.002555591807731387,0.050552861518725,0.4974003463340303,141,14,inf
random_addition,42,97,142,0.002559355173735096,0.05059006991233651,0.49666021778753855,142,14,inf
random_addition,42,97,143,0.0025466211327772508,0.050464057831066764,0.4991645788344863,143,14,inf
random_addition,42,97,144,0.0025623941780672935,0.05062009658295106,0.49606254701702224,144,14,inf
random_addition,42,97,145,0.0025873999567304776,0.050866491492243475,0.4911447445503909,145,14,inf
random_addition,42,97,146,0.0026009029149985648,0.050999048177378416,0.488489163119712,146,14,inf
random_addition,42,97,147,0.002600983291403821,0.05099983618997046,0.48847335576216666,147,14,inf
random_addition,42,97,148,0.0026456683110689543,0.051436060415519326,0.479685303092797,148,14,inf
random_addition,42,97,149,0.002678858259666533,0.051757687928138105,0.4731579474251708,149,14,inf
random_addition,42,97,150,0.0026800483819562917,0.05176918370958047,0.47292389007342817,150,14,inf
random_addition,42,98,10,0.00962854819961681,0.0981251659851682,-0.8936142210947935,10,10,inf
random_addition,42,98,11,0.009810639653811749,0.09904867315523086,-0.9294255355375138,11,11,inf
random_addition,42,98,12,0.014016494186829657,0.11839127580539732,-1.7565768142625524,12,12,inf
random_addition,42,98,13,0.007188304773572877,0.08478387095180827,-0.41369974606793836,13,13,inf
random_addition,42,98,14,0.013537584097205485,0.1163511241768015,-1.662391176143796,14,14,inf
random_addition,42,98,15,0.0024984724464160606,0.0499847221300275,0.508633819194545,15,14,inf
random_addition,42,98,16,0.0027625523400542653,0.052559988014213486,0.45669811385961134,16,14,inf
random_addition,42,98,17,0.003312622448315926,0.05755538591926846,0.34851767398344324,17,14,inf
random_addition,42,98,18,0.004194500557335029,0.064764963964593,0.17508166952150184,18,14,inf
random_addition,42,98,19,0.0034132781477014145,0.058423267177567316,0.3287220558031043,19,14,inf
random_addition,42,98,20,0.0043956662009837786,0.06629982051999672,0.1355190983309542,20,14,inf
random_addition,42,98,21,0.004138532191075732,0.06433142460007964,0.18608878005185836,21,14,inf
random_addition,42,98,22,0.003846489871889007,0.062020076361521896,0.2435237616615984,22,14,inf
random_addition,42,98,23,0.004514286455223435,0.06718843989276306,0.11219045151096607,23,14,inf
random_addition,42,98,24,0.0038646107096245255,0.06216599319261718,0.23995999739280716,24,14,inf
random_addition,42,98,25,0.004342826722423334,0.06590012687714139,0.14591086103109552,25,14,inf
random_addition,42,98,26,0.006334175270000729,0.07958753212658833,-0.24572096659989517,26,14,inf
random_addition,42,98,27,0.006280041977358644,0.07924671587743333,-0.23507475383172127,27,14,inf
random_addition,42,98,28,0.006010315346708184,0.07752622360664928,-0.18202852370244593,28,14,inf
random_addition,42,98,29,0.006076881544549901,0.07795435552007278,-0.19511987415985965,29,14,inf
random_addition,42,98,30,0.00601897071912125,0.07758202574772877,-0.18373074671161205,30,14,inf
random_addition,42,98,31,0.006175307771692898,0.07858312650749458,-0.2144770295256191,31,14,inf
random_addition,42,98,32,0.005946741596703737,0.0771151191187807,-0.16952568790612754,32,14,inf
random_addition,42,98,33,0.006200330093815883,0.07874217481004625,-0.21939808553890106,33,14,inf
random_addition,42,98,34,0.005484018092316382,0.07405415648237702,-0.07852341111661265,34,14,inf
random_addition,42,98,35,0.00527795099432082,0.07264950787390662,-0.03799688736927753,35,14,inf
random_addition,42,98,36,0.004936180742721183,0.07025795857211611,0.02921791961501663,36,14,inf
random_addition,42,98,37,0.004933488100725746,0.0702387934173541,0.02974747246859022,37,14,inf
random_addition,42,98,38,0.004851533498653057,0.06965295039445965,0.045865208678830593,38,14,inf
random_addition,42,98,39,0.005681283636238171,0.07537429028679588,-0.11731896279876186,39,14,inf
random_addition,42,98,40,0.005532418125518685,0.07438022671058946,-0.08804208301535099,40,14,inf
random_addition,42,98,41,0.004157242374697971,0.06447668085981141,0.18240911110781377,41,14,inf
random_addition,42,98,42,0.0039901686557045745,0.0631677817855319,0.21526693803022368,42,14,inf
random_addition,42,98,43,0.003981464541596215,0.06309884738722424,0.2169787469048241,43,14,inf
random_addition,42,98,44,0.004018720494122298,0.0633933789454569,0.2096517439069442,44,14,inf
random_addition,42,98,45,0.004044218311705035,0.06359416884986417,0.20463717379932678,45,14,inf
random_addition,42,98,46,0.003966784812709762,0.06298241669473918,0.21986575985889634,46,14,inf
random_addition,42,98,47,0.003690898188099008,0.06075276280218874,0.2741234553018662,47,14,inf
random_addition,42,98,48,0.004370395411701474,0.06610896619749453,0.1404890195455737,48,14,inf
random_addition,42,98,49,0.004250424605131698,0.06519528054339285,0.16408327495427388,49,14,inf
random_addition,42,98,50,0.004050457493245533,0.06364320461169073,0.20341013493031534,50,14,inf
random_addition,42,98,51,0.004324431281727288,0.06576040816271815,0.14952863054142784,51,14,inf
random_addition,42,98,52,0.004294433259462374,0.06553192549790043,0.15542824078254613,52,14,inf
random_addition,42,98,53,0.0040970316981864,0.06400805963459914,0.19425054254070473,53,14,inf
random_addition,42,98,54,0.004270080437430043,0.06534585248835646,0.1602176284626169,54,14,inf
random_addition,42,98,55,0.004509296605759,0.06715129638181976,0.11317178843851583,55,14,inf
random_addition,42,98,56,0.004784550744814528,0.0691704470479592,0.059038481804448595,56,14,inf
random_addition,42,98,57,0.004838981257884909,0.0695627864442254,0.048333815693345716,57,14,inf
random_addition,42,98,58,0.005823217047768841,0.07631000620999084,-0.14523252992757096,58,14,inf
random_addition,42,98,59,0.005403735558697885,0.0735101051468292,-0.06273451499086469,59,14,inf
random_addition,42,98,60,0.005058337688240125,0.07112199159360011,0.00519372360492909,60,14,inf
random_addition,42,98,61,0.004546699382623989,0.0674292175738677,0.10581590999125434,61,14,inf
random_addition,42,98,62,0.004428387122551166,0.06654612778029362,0.12908398463335669,62,14,inf
random_addition,42,98,63,0.003496227796316436,0.05912890829633536,0.31240862713288464,63,14,inf
random_addition,42,98,64,0.003414242943465938,0.058431523542227935,0.3285323126619497,64,14,inf
random_addition,42,98,65,0.0032092652940411506,0.05665037770431147,0.3688445782195764,65,14,inf
random_addition,42,98,66,0.003262824242136976,0.05712113656202033,0.358311319863434,66,14,inf
random_addition,42,98,67,0.003347053768370309,0.05785372735071016,0.3417461819625962,67,14,inf
random_addition,42,98,68,0.0036288810884725943,0.060240194957126375,0.28632014989890864,68,14,inf
random_addition,42,98,69,0.003491418494674774,0.0590882263625739,0.3133544563267966,69,14,inf
random_addition,42,98,70,0.0037787117516518724,0.06147122702250112,0.2568534568242833,70,14,inf
random_addition,42,98,71,0.0036993141855834652,0.060821987681951545,0.27246830935557487,71,14,inf
random_addition,42,98,72,0.003822847169677657,0.061829177333016946,0.2481734924625829,72,14,inf
random_addition,42,98,73,0.003822548971844913,0.06182676582067764,0.24823213802836042,73,14,inf
random_addition,42,98,74,0.0037151065910795145,0.06095167422704248,0.26936247003144864,74,14,inf
random_addition,42,98,75,0.0038323044113258015,0.06190560888421825,0.24631356852535113,75,14,inf
random_addition,42,98,76,0.0038054021918172607,0.0616879420293566,0.25160433764072143,76,14,inf
random_addition,42,98,77,0.0037936562647467873,0.06159266404976154,0.2539143696496463,77,14,inf
random_addition,42,98,78,0.0034359152824720456,0.058616680923368955,0.324270086571833,78,14,inf
random_addition,42,98,79,0.003083235183319301,0.055526887030692626,0.3936304966157208,79,14,inf
random_addition,42,98,80,0.0031024297492812237,0.05569945914711582,0.38985556582452574,80,14,inf
random_addition,42,98,81,0.0032119796602544603,0.05667432981742669,0.3683107529370704,81,14,inf
random_addition,42,98,82,0.003202233410918932,0.05658827980173043,0.3702275150450719,82,14,inf
random_addition,42,98,83,0.002894875507936311,0.05380404731928919,0.43067456105735946,83,14,inf
random_addition,42,98,84,0.0028985268307537048,0.05383796830076062,0.4299564676678389,84,14,inf
random_addition,42,98,85,0.0027837840120430437,0.05276157704279738,0.4525225522710874,85,14,inf
random_addition,42,98,86,0.0028879383592919712,0.05373954185971417,0.43203886677141223,86,14,inf
random_addition,42,98,87,0.003400117579893513,0.05831052717900528,0.33131030045246035,87,14,inf
random_addition,42,98,88,0.0034395804231962474,0.05864793622282243,0.32354927566101077,88,14,inf
random_addition,42,98,89,0.0034690287564857142,0.058898461410173644,0.31775777090365875,89,14,inf
random_addition,42,98,90,0.003422842785754463,0.05850506632552828,0.32684101057578774,90,14,inf
random_addition,42,98,91,0.0033686285538265678,0.058039887610388835,0.3375031414013341,91,14,inf
random_addition,42,98,92,0.002946774294331091,0.054284199306345954,0.4204678011245767,92,14,inf
random_addition,42,98,93,0.002937468239333716,0.05419841546884665,0.42229799169121063,93,14,inf
random_addition,42,98,94,0.0029342986614626448,0.05416916707373896,0.42292134192087116,94,14,inf
random_addition,42,98,95,0.0027637755519220606,0.05257162306722193,0.45645754889174195,95,14,inf
random_addition,42,98,96,0.0027721270997909503,0.052650993340970786,0.45481507803478427,96,14,inf
random_addition,42,98,97,0.002752387379128986,0.05246320023720423,0.45869722256903733,97,14,inf
random_addition,42,98,98,0.002781679946188108,0.052741633897596576,0.45293635183281,98,14,inf
random_addition,42,98,99,0.0026318650826265178,0.051301706429967,0.4823999376497137,99,14,inf
random_addition,42,98,100,0.0026666586445562115,0.05163970027562332,0.4755572047364348,100,14,inf
random_addition,42,98,101,0.0026757726408713858,0.051727871025892665,0.4737647857054841,101,14,inf
random_addition,42,98,102,0.002599631406712547,0.05098658065327138,0.48873922638187006,102,14,inf
random_addition,42,98,103,0.0024687945069226886,0.04968696516112338,0.5144704798325088,103,14,inf
random_addition,42,98,104,0.0025064143715856657,0.050064102624392114,0.5070719074574637,104,14,inf
random_addition,42,98,105,0.0025049596642598175,0.05004957206869822,0.5073579998592098,105,14,inf
random_addition,42,98,106,0.0025925885449111,0.05091746797427284,0.4901243223473196,106,14,inf
random_addition,42,98,107,0.002180687201045742,0.0466978286545075,0.5711315755968324,107,14,inf
random_addition,42,98,108,0.002204060626848815,0.04694742407043026,0.5665348024822559,108,14,inf
random_addition,42,98,109,0.0022231880561945356,0.04715069518251598,0.5627730752237804,109,14,inf
random_addition,42,98,110,0.0022776684903831872,0.04772492525277737,0.5520585912940894,110,14,inf
random_addition,42,98,111,0.0024605301513298634,0.049603731223869275,0.5160958028775116,111,14,inf
random_addition,42,98,112,0.0024568193814742526,0.049566312970345625,0.5168255875162876,112,14,inf
random_addition,42,98,113,0.0024127172175913074,0.04911941792805883,0.5254990118974546,113,14,inf
random_addition,42,98,114,0.0023780210876729073,0.04876495757891016,0.5323225831844582,114,14,inf
random_addition,42,98,115,0.0024293372294309614,0.04928830722829666,0.5222304100146095,115,14,inf
random_addition,42,98,116,0.002503956153386993,0.05003954589509174,0.5075553569706255,116,14,inf
random_addition,42,98,117,0.0024932920580842113,0.049932875523889184,0.5096526287609108,117,14,inf
random_addition,42,98,118,0.0021077347143656127,0.04591007203616231,0.5854788960212365,118,14,inf
random_addition,42,98,119,0.0022682074504220794,0.04762570157406691,0.5539192622327687,119,14,inf
random_addition,42,98,120,0.002515327029379457,0.050153036093335934,0.5053190849969866,120,14,inf
random_addition,42,98,121,0.0025836877013247573,0.05082998820897716,0.4918748213473153,121,14,inf
random_addition,42,98,122,0.002614511309960978,0.05113229224238806,0.4858128458086426,122,14,inf
random_addition,42,98,123,0.0027318591408191165,0.05226718990742774,0.4627344422195697,123,14,inf
random_addition,42,98,124,0.002723567988003577,0.05218781455477492,0.4643650353843213,124,14,inf
random_addition,42,98,125,0.002803449174031559,0.052947607821615124,0.44865507094061363,125,14,inf
random_addition,42,98,126,0.0027701519690610504,0.05263223317569805,0.4552035203587068,126,14,inf
random_addition,42,98,127,0.0027189207723849044,0.05214327159265042,0.46527898766472453,127,14,inf
random_addition,42,98,128,0.002581017169897694,0.050803712166510966,0.4924000257897013,128,14,inf
random_addition,42,98,129,0.0026487506797626737,0.051466014803583475,0.47907910399901077,129,14,inf
random_addition,42,98,130,0.0026120182540022904,0.05110790793998802,0.4863031467470067,130,14,inf
random_addition,42,98,131,0.0025211345586489257,0.05021090079503579,0.5041769377297041,131,14,inf
random_addition,42,98,132,0.0025190676224311577,0.05019031403001138,0.5045834351304459,132,14,inf
random_addition,42,98,133,0.002504315767079646,0.050043139061010614,0.5074846329540459,133,14,inf
random_addition,42,98,134,0.002504343931281912,0.050043420459456124,0.507479093995022,134,14,inf
random_addition,42,98,135,0.002520658807695362,0.05020616304494262,0.504270502071149,135,14,inf
random_addition,42,98,136,0.0024513198028307025,0.049510804909945694,0.5179071711687296,136,14,inf
random_addition,42,98,137,0.0024035678552442393,0.049026195602394435,0.5272983862470628,137,14,inf
random_addition,42,98,138,0.0024418497122758896,0.04941507575908277,0.5197696220572616,138,14,inf
random_addition,42,98,139,0.0024354796724588815,0.04935057925150303,0.5210223963838113,139,14,inf
random_addition,42,98,140,0.00243695653693979,0.04936553997415393,0.5207319464088307,140,14,inf
random_addition,42,98,141,0.002464527718187784,0.04964400989231011,0.515309614835971,141,14,inf
random_addition,42,98,142,0.002479645697933662,0.04979604098654493,0.5123364125579623,142,14,inf
random_addition,42,98,143,0.0024779580077655084,0.049779092074539774,0.5126683249124484,143,14,inf
random_addition,42,98,144,0.002547203805112119,0.050469830642792125,0.4990499866242516,144,14,inf
random_addition,42,98,145,0.002590766471594637,0.05089957241072499,0.4904826633840368,145,14,inf
random_addition,42,98,146,0.0026573582241672432,0.05154957055269465,0.47738628716356657,146,14,inf
random_addition,42,98,147,0.0026595609682405433,0.05157093142692445,0.4769530808882114,147,14,inf
random_addition,42,98,148,0.002609302370478181,0.051081330938789964,0.4868372704339292,148,14,inf
random_addition,42,98,149,0.002703362295960678,0.05199386786882351,0.4683388209443311,149,14,inf
random_addition,42,98,150,0.0026800483819562917,0.05176918370958047,0.47292389007342817,150,14,inf
random_addition,42,99,10,0.00962854819961681,0.0981251659851682,-0.8936142210947935,10,10,inf
random_addition,42,99,11,0.009611812293248001,0.09803985053664659,-0.8903228266243219,11,11,inf
random_addition,42,99,12,0.01922042016568934,0.13863772995000076,-2.780015450575918,12,12,inf
random_addition,42,99,13,0.011643557129354238,0.10790531557506441,-1.2898992565828689,13,13,inf
random_addition,42,99,14,0.010840652217496303,0.10411845281935524,-1.131994645445174,14,14,inf
random_addition,42,99,15,0.013515022298020074,0.11625412809023201,-1.6579540229089313,15,14,inf
random_addition,42,99,16,0.007690457704225604,0.08769525474177953,-0.512456475632451,16,14,inf
random_addition,42,99,17,0.006810720941055649,0.0825270921640624,-0.3394416024634277,17,14,inf
random_addition,42,99,18,0.0068086983620950624,0.08251483722395059,-0.33904382865540894,18,14,inf
random_addition,42,99,19,0.005827310100599659,0.0763368200844105,-0.14603749687455436,19,14,inf
random_addition,42,99,20,0.007669339551648595,0.08757476549582416,-0.5083032395251978,20,14,inf
random_addition,42,99,21,0.007767374579325481,0.08813271004187652,-0.5275834590064445,21,14,inf
random_addition,42,99,22,0.008126071949750773,0.09014472779786277,-0.5981272655725964,22,14,inf
random_addition,42,99,23,0.006459398168616658,0.08037038116505768,-0.2703481333035185,23,14,inf
random_addition,42,99,24,0.006822118504391404,0.08259611676338909,-0.3416831229471984,24,14,inf
random_addition,42,99,25,0.00692451897441366,0.0832136946326364,-0.36182187930598686,25,14,inf
random_addition,42,99,26,0.007023056313138515,0.08380367720535009,-0.38120088661319906,26,14,inf
random_addition,42,99,27,0.007107197706908222,0.08430419744537174,-0.39774869179855354,27,14,inf
random_addition,42,99,28,0.005483790696627332,0.07405262113272786,-0.07847868997052965,28,14,inf
random_addition,42,99,29,0.005204734464549972,0.07214384564569574,-0.023597638477445004,29,14,inf
random_addition,42,99,30,0.00430106102068486,0.06558247495089568,0.1541247812531623,30,14,inf
random_addition,42,99,31,0.0034707046667677294,0.05891268680655916,0.3174281752597974,31,14,inf
random_addition,42,99,32,0.004299433691185261,0.06557006703660795,0.15444482267778448,32,14,inf
random_addition,42,99,33,0.004717638736409186,0.06868506923931275,0.07219784166343679,33,14,inf
random_addition,42,99,34,0.0053630623114397785,0.07323293187794531,-0.05473544412064557,34,14,inf
random_addition,42,99,35,0.0053661095818575725,0.07325373425196542,-0.055334740554440875,35,14,inf
random_addition,42,99,36,0.005133066652551155,0.0716454231095829,-0.009502970705920655,36,14,inf
random_addition,42,99,37,0.00520296384970639,0.07213157318197344,-0.023249417605681444,37,14,inf
random_addition,42,99,38,0.0051339693932795655,0.07165172289121571,-0.00968050969163703,38,14,inf
random_addition,42,99,39,0.005117316327853744,0.07153542009280259,-0.006405407271065089,39,14,inf
random_addition,42,99,40,0.004628597329278636,0.06803379549370031,0.08970931601170984,40,14,inf
random_addition,42,99,41,0.004330995191918095,0.06581029700524148,0.1482377283798958,41,14,inf
random_addition,42,99,42,0.004279558712721678,0.06541833621181203,0.15835356790939603,42,14,inf
random_addition,42,99,43,0.004847954177698269,0.06962725168853262,0.0465691417039692,43,14,inf
random_addition,42,99,44,0.0049311415547210555,0.07022208737086257,0.030208959786596434,44,14,inf
random_addition,42,99,45,0.004968738802754212,0.07048928147423701,0.02281483534814288,45,14,inf
random_addition,42,99,46,0.004829300462026908,0.06949316845580512,0.05023770528585514,46,14,inf
random_addition,42,99,47,0.004631834889656897,0.06805758510009664,0.08907259589079153,47,14,inf
random_addition,42,99,48,0.005257503396211959,0.07250864359655308,-0.03397552695611461,48,14,inf
random_addition,42,99,49,0.00520762077937583,0.07216384676121299,-0.024165280315808557,49,14,inf
random_addition,42,99,50,0.00491671118666565,0.07011926401970894,0.03304693178391538,50,14,inf
random_addition,42,99,51,0.004690706187594826,0.06848873036927189,0.07749457554147154,51,14,inf
random_addition,42,99,52,0.004849393635833794,0.06963758780883923,0.04628604830924443,52,14,inf
random_addition,42,99,53,0.005099112943427152,0.07140807337708498,-0.002825408821909292,53,14,inf
random_addition,42,99,54,0.005020843981137929,0.07085791403321107,0.012567484996403144,54,14,inf
random_addition,42,99,55,0.006187019376854904,0.07865760851217703,-0.21678031156013233,55,14,inf
random_addition,42,99,56,0.005666785124765867,0.07527805207871592,-0.1144675892646132,56,14,inf
random_addition,42,99,57,0.005618362556227382,0.07495573731361317,-0.10494448541703005,57,14,inf
random_addition,42,99,58,0.005891757533196102,0.07675778483773553,-0.15871215689053986,58,14,inf
random_addition,42,99,59,0.005610956929379031,0.07490632102419015,-0.10348804566874925,59,14,inf
random_addition,42,99,60,0.005269951869247786,0.07259443414785866,-0.03642372631938873,60,14,inf
random_addition,42,99,61,0.005106435751349836,0.07145932935138585,-0.004265560850362782,61,14,inf
random_addition,42,99,62,0.005092765088058169,0.07136361179241259,-0.0015769974362096484,62,14,inf
random_addition,42,99,63,0.005150047104450582,0.07176382866354458,-0.012842459124190464,63,14,inf
random_addition,42,99,64,0.004924515300355042,0.0701748908111373,0.03151212296758088,64,14,inf
random_addition,42,99,65,0.003959620715011542,0.06292551720098566,0.22127469888079399,65,14,inf
random_addition,42,99,66,0.0039524856638668325,0.06286879721981989,0.22267792541461318,66,14,inf
random_addition,42,99,67,0.0037395568130237484,0.06115191585734456,0.26455392703798175,67,14,inf
random_addition,42,99,68,0.004264112467587201,0.06530017203336605,0.16139132903836095,68,14,inf
random_addition,42,99,69,0.0042792962721037945,0.06541633031670147,0.15840518122387648,69,14,inf
random_addition,42,99,70,0.00455296758656453,0.06747568144572184,0.10458316338434603,70,14,inf
random_addition,42,99,71,0.004487197695451239,0.06698654861575747,0.11751790687318686,71,14,inf
random_addition,42,99,72,0.004534260296329484,0.0673369162965567,0.10826226329565358,72,14,inf
random_addition,42,99,73,0.004432881342487658,0.06657988692155956,0.1282001214996802,73,14,inf
random_addition,42,99,74,0.004225926556253493,0.06500712696507586,0.1689012239101394,74,14,inf
random_addition,42,99,75,0.00413138574179562,0.06427585660102571,0.18749424821866778,75,14,inf
random_addition,42,99,76,0.003948762759027797,0.06283918171831805,0.22341009659980404,76,14,inf
random_addition,42,99,77,0.003953249800188982,0.06287487415644648,0.2225276452917454,77,14,inf
random_addition,42,99,78,0.003865155403230955,0.06217037399944571,0.2398528743314804,78,14,inf
random_addition,42,99,79,0.0038156157729841247,0.06177067081539689,0.24959566695175406,79,14,inf
random_addition,42,99,80,0.0038142279065793935,0.06175943576960037,0.2498686139741394,80,14,inf
random_addition,42,99,81,0.0038014932781528267,0.061656250925212985,0.25237309055658663,81,14,inf
random_addition,42,99,82,0.0033280188132739476,0.05768898346542386,0.34548972262117694,82,14,inf
random_addition,42,99,83,0.0033819973293174274,0.058154942432414355,0.3348739492465789,83,14,inf
random_addition,42,99,84,0.0033698219067182468,0.058050167154955264,0.3372684486979671,84,14,inf
random_addition,42,99,85,0.003316232340827182,0.05758673754283344,0.3478077285530189,85,14,inf
random_addition,42,99,86,0.003122911221599832,0.05588301371257488,0.3858275434843541,86,14,inf
random_addition,42,99,87,0.003096268137703296,0.05564412042348496,0.3910673492696448,87,14,inf
random_addition,42,99,88,0.0032636107903700083,0.05712802106120961,0.3581566320653601,88,14,inf
random_addition,42,99,89,0.003263790320642876,0.05712959233744694,0.3581213244498431,89,14,inf
random_addition,42,99,90,0.0032794446370966734,0.05726643551939193,0.35504264263365726,90,14,inf
random_addition,42,99,91,0.003294769003661699,0.05740007842905529,0.3520288509534165,91,14,inf
random_addition,42,99,92,0.0032920283947422183,0.05737620059521385,0.3525678373007658,92,14,inf
random_addition,42,99,93,0.0035758797228784404,0.05979865987527179,0.2967437503780056,93,14,inf
random_addition,42,99,94,0.0035690274087393677,0.059741337520508926,0.29809137197496394,94,14,inf
random_addition,42,99,95,0.003575076408680314,0.059791942673576966,0.2969017354820985,95,14,inf
random_addition,42,99,96,0.003575229333720549,0.05979322146966618,0.2968716602282858,96,14,inf
random_addition,42,99,97,0.00355968517923917,0.05966309729840691,0.2999286768595164,97,14,inf
random_addition,42,99,98,0.0035430151485670363,0.05952323200706625,0.3032071157780748,98,14,inf
random_addition,42,99,99,0.003046304318203379,0.05519333581333329,0.40089356576498525,99,14,inf
random_addition,42,99,100,0.003138824315526202,0.05602521142776885,0.38269796877216744,100,14,inf
random_addition,42,99,101,0.003064958655922577,0.05536206874677442,0.39722487984704136,101,14,inf
random_addition,42,99,102,0.003044862704779115,0.055180274598620065,0.4011770830331043,102,14,inf
random_addition,42,99,103,0.0032393759265493516,0.056915515692553924,0.36292282130029774,103,14,inf
random_addition,42,99,104,0.0032417077386958206,0.05693599686222962,0.36246423164068,104,14,inf
random_addition,42,99,105,0.0032759920046796015,0.05723628224019797,0.35572166024977525,105,14,inf
random_addition,42,99,106,0.0032474841151873823,0.05698670121341805,0.3613282110855506,106,14,inf
random_addition,42,99,107,0.0032135243803399238,0.0566879562194645,0.3680069580283467,107,14,inf
random_addition,42,99,108,0.00320800960650647,0.05663929383834574,0.369091530067729,108,14,inf
random_addition,42,99,109,0.003156763110445622,0.056185079073056594,0.3791700062523278,109,14,inf
random_addition,42,99,110,0.003194497253812022,0.05651988370310065,0.37174895906867367,110,14,inf
random_addition,42,99,111,0.003176843997924994,0.05636349880840431,0.37522076558646544,111,14,inf
random_addition,42,99,112,0.0030995184634708722,0.05567331913467054,0.3904281186225034,112,14,inf
random_addition,42,99,113,0.0029737694391921794,0.05453227887400433,0.4151587566923636,113,14,inf
random_addition,42,99,114,0.0029811948578628853,0.05460031921026548,0.41369842455288375,114,14,inf
random_addition,42,99,115,0.003108442646809337,0.05575340928418043,0.38867302947188287,115,14,inf
random_addition,42,99,116,0.003231725783835513,0.056848269840299566,0.36442734916223496,116,14,inf
random_addition,42,99,117,0.003351613208773265,0.05789311883784864,0.34084949213893045,117,14,inf
random_addition,42,99,118,0.0033906752743577905,0.05822950518729994,0.3331672869546495,118,14,inf
random_addition,42,99,119,0.00323955369186735,0.05691707733068652,0.36288786079252433,119,14,inf
random_addition,42,99,120,0.0031981037798116847,0.056551779634346475,0.3710396757187725,120,14,inf
random_addition,42,99,121,0.003185903376181666,0.05644380724385684,0.3734390881055557,121,14,inf
random_addition,42,99,122,0.0030663901862741667,0.055374996038592784,0.39694334558294464,122,14,inf
random_addition,42,99,123,0.0033527930028190655,0.057903307356480645,0.3406174660082226,123,14,inf
random_addition,42,99,124,0.0034514735760434365,0.058749243195495175,0.3212102892532792,124,14,inf
random_addition,42,99,125,0.0035802191049028403,0.05983493214588649,0.2958903386962223,125,14,inf
random_addition,42,99,126,0.0035867672696056085,0.05988962572604381,0.29460253314691565,126,14,inf
random_addition,42,99,127,0.0036054998094496547,0.06004581425419806,0.2909184674798484,127,14,inf
random_addition,42,99,128,0.003674066667154074,0.06061407977651788,0.2774336539697454,128,14,inf
random_addition,42,99,129,0.003469716480961286,0.05890429934190955,0.3176225184419025,129,14,inf
random_addition,42,99,130,0.0033607866632792993,0.057972292203080075,0.3390453796653714,130,14,inf
random_addition,42,99,131,0.0033077856273394817,0.057513351731050086,0.3494689153124577,131,14,inf
random_addition,42,99,132,0.0033545085199364355,0.05791811909874522,0.3402800810211367,132,14,inf
random_addition,42,99,133,0.003333100362925878,0.057733009300796695,0.3444903513258786,133,14,inf
random_addition,42,99,134,0.003255145201132645,0.0570538798078855,0.35982153105506,134,14,inf
random_addition,42,99,135,0.0032751197868296318,0.05722866228411801,0.35589319640354977,135,14,inf
random_addition,42,99,136,0.0032968183303596563,0.05741792690754044,0.3516258167577654,136,14,inf
random_addition,42,99,137,0.0033064597138586864,0.0575018235698546,0.3497296782614634,137,14,inf
random_addition,42,99,138,0.003326818946257076,0.05767858308121894,0.3457256964356573,138,14,inf
random_addition,42,99,139,0.0032758508204442072,0.05723504888129482,0.3557494264789506,139,14,inf
random_addition,42,99,140,0.00332385454251971,0.057652879741776214,0.34630869575785683,140,14,inf
random_addition,42,99,141,0.0031698506716766653,0.05630142690622206,0.3765961195611298,141,14,inf
random_addition,42,99,142,0.002870802662714114,0.05357987180568944,0.43540888663894395,142,14,inf
random_addition,42,99,143,0.002947668449961157,0.05429243455548072,0.42029195054130464,143,14,inf
random_addition,42,99,144,0.002950135528899681,0.05431515008632196,0.4198067584162096,144,14,inf
random_addition,42,99,145,0.0026682147669081224,0.051654765190717135,0.4752511673822821,145,14,inf
random_addition,42,99,146,0.002604965785182537,0.05103886543784586,0.4876901320924656,146,14,inf
random_addition,42,99,147,0.0026064241589375493,0.0510531503331337,0.4874033186264154,147,14,inf
random_addition,42,99,148,0.002607719658126821,0.05106583650667852,0.48714853715392725,148,14,inf
random_addition,42,99,149,0.0025703055397687845,0.05069818083293309,0.4945066460945172,149,14,inf
random_addition,42,99,150,0.0026800483819562917,0.05176918370958047,0.47292389007342817,150,14,inf
random_addition,42,100,10,0.00962854819961681,0.0981251659851682,-0.8936142210947935,10,10,inf
random_addition,42,100,11,0.018019298190678178,0.1342359794938681,-2.5437948276951894,11,11,inf
random_addition,42,100,12,0.026585794658455876,0.16305150921857753,-4.228538903337636,12,12,inf
random_addition,42,100,13,0.017579286363065202,0.13258690117453234,-2.457259180062351,13,13,inf
random_addition,42,100,14,0.011958670143521739,0.10935570466839734,-1.351871474253584,14,14,inf
random_addition,42,100,15,0.008059903074636348,0.08977696293947768,-0.5851140552408969,15,14,inf
random_addition,42,100,16,0.007602222789517764,0.08719072651101013,-0.49510361143902015,16,14,inf
random_addition,42,100,17,0.008072621066180103,0.08984776606115537,-0.587615259903504,17,14,inf
random_addition,42,100,18,0.007877121484763943,0.08875314915406632,-0.5491670141334457,18,14,inf
random_addition,42,100,19,0.008094007429206119,0.08996670178019264,-0.5918212440585369,19,14,inf
random_addition,42,100,20,0.0056238097146227425,0.07499206434432075,-0.10601575975540034,20,14,inf
random_addition,42,100,21,0.0066043875015601924,0.08126738276553634,-0.2988626982282545,21,14,inf
random_addition,42,100,22,0.004529912137326406,0.06730462196109867,0.1091174011163416,22,14,inf
random_addition,42,100,23,0.0040778403786442315,0.06385797036113998,0.19802483486943512,23,14,inf
random_addition,42,100,24,0.005784565983840055,0.0760563342782181,-0.1376311550578988,24,14,inf
random_addition,42,100,25,0.006173436833048095,0.07857122140483815,-0.21410907830897208,25,14,inf
random_addition,42,100,26,0.005990929250406147,0.07740109334115473,-0.17821592528283037,26,14,inf
random_addition,42,100,27,0.005929856850264705,0.07700556376174844,-0.1662050215591695,27,14,inf
random_addition,42,100,28,0.00717590094893535,0.08471068969696416,-0.41126032755513275,28,14,inf
random_addition,42,100,29,0.006902577288865605,0.08308175063674095,-0.3575066817365091,29,14,inf
random_addition,42,100,30,0.007009905600376172,0.0837251790107144,-0.3786145801225387,30,14,inf
random_addition,42,100,31,0.006844775333474562,0.08273315740061274,-0.3461389653927385,31,14,inf
random_addition,42,100,32,0.005732252852031358,0.07571164277725954,-0.12734290720482178,32,14,inf
random_addition,42,100,33,0.005239844200612896,0.07238676813211718,-0.030502552295115226,33,14,inf
random_addition,42,100,34,0.005625319582812671,0.07500213052182365,-0.10631270045893637,34,14,inf
random_addition,42,100,35,0.004595619400044522,0.06779099792778184,0.09619497454353931,35,14,inf
random_addition,42,100,36,0.004307498685771948,0.06563153728027363,0.15285870729197681,36,14,inf
random_addition,42,100,37,0.004481559863339406,0.0669444535666653,0.11862668037068447,37,14,inf
random_addition,42,100,38,0.00514386853523534,0.07172076780985644,-0.011627340677520692,38,14,inf
random_addition,42,100,39,0.005870128833712783,0.07661676600922793,-0.15445851323873483,39,14,inf
random_addition,42,100,40,0.005972109605557256,0.07727942549965842,-0.17451472896714582,40,14,inf
random_addition,42,100,41,0.005987523208628276,0.07737908766991425,-0.17754607049117288,41,14,inf
random_addition,42,100,42,0.005141610082323415,0.07170502131875714,-0.01118317833206306,42,14,inf
random_addition,42,100,43,0.006027382822813131,0.07763622107504416,-0.18538512687880115,43,14,inf
random_addition,42,100,44,0.005164310387147548,0.0718631364967293,-0.015647571005495964,44,14,inf
random_addition,42,100,45,0.00506990535328936,0.07120326785541069,0.0029187497887348535,45,14,inf
random_addition,42,100,46,0.005425112596750508,0.07365536366586284,-0.0669386652347137,46,14,inf
random_addition,42,100,47,0.005253843847295539,0.07248340394390662,-0.03325581576733949,47,14,inf
random_addition,42,100,48,0.004669016091401612,0.06833019897089143,0.08176029387790984,48,14,inf
random_addition,42,100,49,0.0047550568244246975,0.06895692006191037,0.06483895202364987,49,14,inf
random_addition,42,100,50,0.003502295748099431,0.05918019726310002,0.31121526344492456,50,14,inf
random_addition,42,100,51,0.003074047692923974,0.05544409520340263,0.39543736948046426,51,14,inf
random_addition,42,100,52,0.0031246753238959066,0.05589879537070461,0.3854806034134257,52,14,inf
random_addition,42,100,53,0.0031805075286329464,0.05639598858636088,0.37450027131212904,53,14,inf
random_addition,42,100,54,0.003100909592123349,0.05568581140760498,0.3901545300248156,54,14,inf
random_addition,42,100,55,0.002978290892869773,0.054573719800557606,0.4142695375903339,55,14,inf
random_addition,42,100,56,0.003160009392940355,0.05621396083661384,0.37853157078207056,56,14,inf
random_addition,42,100,57,0.0031515518396563053,0.0561386839857892,0.3801948893678342,57,14,inf
random_addition,42,100,58,0.0031291079213727284,0.055938429736387206,0.384608859361832,58,14,inf
random_addition,42,100,59,0.0029997276859796288,0.05476976981857445,0.4100536355201646,59,14,inf
random_addition,42,100,60,0.003163325745592753,0.056243450690660446,0.3778793548493512,60,14,inf
random_addition,42,100,61,0.003091435346060463,0.05560067756835759,0.3920177981631572,61,14,inf
random_addition,42,100,62,0.0030315502491256594,0.055059515518442945,0.4037951989546802,62,14,inf
random_addition,42,100,63,0.0025348077060785125,0.05034687384613381,0.5014878857684935,63,14,inf
random_addition,42,100,64,0.002646821505374659,0.05144726917315105,0.4794585082435948,64,14,inf
random_addition,42,100,65,0.0027351601417849782,0.05229875851093387,0.46208524545145757,65,14,inf
random_addition,42,100,66,0.0031118847184329742,0.05578426945325155,0.3879960888115239,66,14,inf
random_addition,42,100,67,0.0030747547356385916,0.055450471013676624,0.3952983177655469,67,14,inf
random_addition,42,100,68,0.0030602580150035086,0.05531959883263353,0.39814933910175676,68,14,inf
random_addition,42,100,69,0.0030541711143503465,0.05526455567857527,0.3993464294003417,69,14,inf
random_addition,42,100,70,0.002989556460692814,0.0546768366010033,0.41205397622052453,70,14,inf
random_addition,42,100,71,0.0029610100524611457,0.0544151638099266,0.41766810240735885,71,14,inf
random_addition,42,100,72,0.002733559536886998,0.0522834537582111,0.4624000310384778,72,14,inf
random_addition,42,100,73,0.002697896662890051,0.05194128091306616,0.4694137286350084,73,14,inf
random_addition,42,100,74,0.0027606027976541697,0.052541438861665846,0.45708152381269185,74,14,inf
random_addition,42,100,75,0.002723463984953662,0.05218681811486174,0.4643854893146827,75,14,inf
random_addition,42,100,76,0.002862815525996429,0.053505285028643934,0.43697968997926884,76,14,inf
random_addition,42,100,77,0.0028894344440053175,0.05375345983288255,0.4317446368179009,77,14,inf
random_addition,42,100,78,0.0027232076523446185,0.052184362143697975,0.4644359013875884,78,14,inf
random_addition,42,100,79,0.002781125798165124,0.05273638021484907,0.4530453342624723,79,14,inf
random_addition,42,100,80,0.0028459906602499433,0.05334782713710037,0.4402885797916316,80,14,inf
random_addition,42,100,81,0.002897737630649904,0.053830638400913504,0.4301116770004262,81,14,inf
random_addition,42,100,82,0.00289290521917708,0.05378573434635879,0.4310620511271803,82,14,inf
random_addition,42,100,83,0.002639646397935535,0.05137748921400826,0.48086961251424165,83,14,inf
random_addition,42,100,84,0.002641804595022323,0.05139848825619604,0.4804451671450396,84,14,inf
random_addition,42,100,85,0.0027416887905777256,0.052361138171144885,0.46080127803059845,85,14,inf
random_addition,42,100,86,0.0023570884474317638,0.04854985527714541,0.5364393352039649,86,14,inf
random_addition,42,100,87,0.0024333631529947887,0.049329130876134324,0.5214386451550008,87,14,inf
random_addition,42,100,88,0.00244546265122396,0.04945161929829962,0.5190590774943455,88,14,inf
random_addition,42,100,89,0.0024457220518402057,0.04945424200046145,0.5190080620467723,89,14,inf
random_addition,42,100,90,0.0023886811571583308,0.04887413587121854,0.5302261031381454,90,14,inf
random_addition,42,100,91,0.0023719840923318966,0.048703019334861535,0.5335098587729914,91,14,inf
random_addition,42,100,92,0.0023557258420513916,0.048535820195515306,0.5367073142255703,92,14,inf
random_addition,42,100,93,0.0023808139674894257,0.04879358531087284,0.5317733168954263,93,14,inf
random_addition,42,100,94,0.0024154613274079187,0.049147343035080934,0.5249593370404302,94,14,inf
random_addition,42,100,95,0.0024479586023795686,0.049476849155737156,0.5185682071673312,95,14,inf
random_addition,42,100,96,0.0024819802092263697,0.04981947620385395,0.5118772920663233,96,14,inf
random_addition,42,100,97,0.002483140328318585,0.04983111807213024,0.5116491353426265,97,14,inf
random_addition,42,100,98,0.00228264176690821,0.04777700039672028,0.5510805137108464,98,14,inf
random_addition,42,100,99,0.0022144287596313076,0.04705771732278679,0.5644957366463588,99,14,inf
random_addition,42,100,100,0.0021369933345988692,0.046227625232093304,0.5797247014931859,100,14,inf
random_addition,42,100,101,0.0020118720786289407,0.04485389702834014,0.6043318784791543,101,14,inf
random_addition,42,100,102,0.002072263786345086,0.04552212414140058,0.5924548442475508,102,14,inf
random_addition,42,100,103,0.002264454588433224,0.047586285717979966,0.5546573249899542,103,14,inf
random_addition,42,100,104,0.00223896503980106,0.047317703238862516,0.5596702688708473,104,14,inf
random_addition,42,100,105,0.002120670590229831,0.046050739301664104,0.582934840781447,105,14,inf
random_addition,42,100,106,0.0022393970365081114,0.04732226787156456,0.5595853095300434,106,14,inf
random_addition,42,100,107,0.00226500378481169,0.04759205590024127,0.5545493163835811,107,14,inf
random_addition,42,100,108,0.0022900477827000466,0.047854443709022955,0.5496239974703572,108,14,inf
random_addition,42,100,109,0.003154292371739797,0.05616308727037534,0.37965591813156074,109,14,inf
random_addition,42,100,110,0.0031328122830205163,0.05597153100479311,0.38388033500375607,110,14,inf
random_addition,42,100,111,0.0032177145062372444,0.056724901994073505,0.3671829000475537,111,14,inf
random_addition,42,100,112,0.0032270122847993126,0.05680679787489621,0.3653543371796415,112,14,inf
random_addition,42,100,113,0.0033118434627472243,0.057548618252284946,0.3486708744577348,113,14,inf
random_addition,42,100,114,0.00328500399987309,0.05731495441743882,0.3539493014366878,114,14,inf
random_addition,42,100,115,0.003267193148690387,0.057159366237655114,0.3574521016917368,115,14,inf
random_addition,42,100,116,0.0033544916205552376,0.05791797320828171,0.34028340456565254,116,14,inf
random_addition,42,100,117,0.0033987195673659694,0.05829853829527778,0.3315852428787267,117,14,inf
random_addition,42,100,118,0.0033181844858581368,0.05760368465522094,0.34742380674927253,118,14,inf
random_addition,42,100,119,0.0033491776533501904,0.057872080084875044,0.34132848464016563,119,14,inf
random_addition,42,100,120,0.0036212290027539174,0.060176648317714715,0.28782505988507867,120,14,inf
random_addition,42,100,121,0.0038116722830311817,0.06173874215621162,0.2503712198700989,121,14,inf
random_addition,42,100,122,0.003686682883727537,0.060718060605783,0.27495246504856696,122,14,inf
random_addition,42,100,123,0.0038912538410438118,0.06237991536579552,0.2347201822613768,123,14,inf
random_addition,42,100,124,0.003838102005605351,0.0619524172700739,0.24517337513915305,124,14,inf
random_addition,42,100,125,0.0038604601516155383,0.06213260135883205,0.24077627368995536,125,14,inf
random_addition,42,100,126,0.0037063439419216916,0.06087974985101115,0.2710857907975407,126,14,inf
random_addition,42,100,127,0.0036523571306599154,0.06043473447165889,0.281703195564848,127,14,inf
random_addition,42,100,128,0.0035662520703690025,0.059718105046702566,0.2986371884467226,128,14,inf
random_addition,42,100,129,0.0035282187380253115,0.05939881091423726,0.3061170761212221,129,14,inf
random_addition,42,100,130,0.0034612004748781886,0.05883196813704424,0.3192973327432448,130,14,inf
random_addition,42,100,131,0.003431166883794777,0.058576163102364236,0.32520393818438054,131,14,inf
random_addition,42,100,132,0.003432680892456267,0.05858908509659685,0.32490618318821485,132,14,inf
random_addition,42,100,133,0.0034313275871982658,0.05857753483374207,0.32517233318600325,133,14,inf
random_addition,42,100,134,0.0034351190111417762,0.05860988833927067,0.3244266865787695,134,14,inf
random_addition,42,100,135,0.003523921959322127,0.05936263100067354,0.3069621091509753,135,14,inf
random_addition,42,100,136,0.0035845437288386044,0.0598710591925565,0.29503982943814167,136,14,inf
random_addition,42,100,137,0.003547695374952601,0.05956253331543749,0.3022866713810678,137,14,inf
random_addition,42,100,138,0.003617300996065352,0.06014400216202238,0.2885975677618444,138,14,inf
random_addition,42,100,139,0.0035842512087516736,0.05986861622546218,0.29509735838072826,139,14,inf
random_addition,42,100,140,0.003575516243304906,0.05979562060305843,0.2968152346843883,140,14,inf
random_addition,42,100,141,0.002938215211420293,0.05420530611868448,0.42215108720087857,141,14,inf
random_addition,42,100,142,0.002971226616307293,0.054508959046264065,0.41565884512487905,142,14,inf
random_addition,42,100,143,0.002965150229319229,0.05445319301307527,0.41685386773627664,143,14,inf
random_addition,42,100,144,0.002681503655459632,0.05178323720529291,0.47263768632345715,144,14,inf
random_addition,42,100,145,0.0026718459243873214,0.051689901570687105,0.47453703984206586,145,14,inf
random_addition,42,100,146,0.0027199779785044634,0.05215340811974289,0.4650710704895573,146,14,inf
random_addition,42,100,147,0.002832156903993262,0.05321801296547309,0.443009218151198,147,14,inf
random_addition,42,100,148,0.0027009335450548875,0.0519705064921912,0.46881647522401615,148,14,inf
random_addition,42,100,149,0.0027193729047158216,0.05214760689346944,0.46519006831843346,149,14,inf
random_addition,42,100,150,0.0026800483819562917,0.05176918370958047,0.47292389007342817,150,14,inf
random_addition,42,101,10,0.00962854819961681,0.0981251659851682,-0.8936142210947935,10,10,inf
random_addition,42,101,11,0.011643278210139765,0.10790402314158525,-1.2898444024781677,11,11,inf
random_addition,42,101,12,0.01756565918997339,0.13253550162116334,-2.4545791697196697,12,12,inf
random_addition,42,101,13,0.0038582901024924953,0.06211513585666939,0.2412030499593032,13,13,inf
random_addition,42,101,14,0.0043231614338215905,0.06575075234414882,0.14977836726216753,14,14,inf
random_addition,42,101,15,0.0045399458767297176,0.06737912048052956,0.10714409930271762,15,14,inf
random_addition,42,101,16,0.010010292696183719,0.1000514502452799,-0.9686906285175179,16,14,inf
random_addition,42,101,17,0.011053211402634884,0.10513425418309146,-1.1737979461565682,17,14,inf
random_addition,42,101,18,0.00782351071832332,0.08845061174646177,-0.538623564837549,18,14,inf
random_addition,42,101,19,0.005106760843046661,0.07146160397756729,-0.004329495542021888,19,14,inf
random_addition,42,101,20,0.007258799886414991,0.08519859087106424,-0.4275637830367538,20,14,inf
random_addition,42,101,21,0.009160991910288997,0.09571307073900094,-0.8016614967298998,21,14,inf
random_addition,42,101,22,0.008552526984175945,0.09247987340051858,-0.6819967442419885,22,14,inf
random_addition,42,101,23,0.004224519944420935,0.0649963071598759,0.1691778575328281,23,14,inf
random_addition,42,101,24,0.005640741172729891,0.07510486783644513,-0.10934561272916854,24,14,inf
random_addition,42,101,25,0.008736845440744555,0.09347109414543384,-0.7182460357584868,25,14,inf
random_addition,42,101,26,0.008696074075155212,0.09325274298997972,-0.7102276682857551,26,14,inf
random_addition,42,101,27,0.007902730332923654,0.08889730216898403,-0.5542034202515576,27,14,inf
random_addition,42,101,28,0.0074058573993027125,0.08605729137791122,-0.45648508996172743,28,14,inf
random_addition,42,101,29,0.006934561494473664,0.0832740145211798,-0.3637969079818584,29,14,inf
random_addition,42,101,30,0.0034200710602703714,0.058481373618190356,0.3273861165133428,30,14,inf
random_addition,42,101,31,0.004113902440296824,0.06413971032283218,0.19093263037799746,31,14,inf
random_addition,42,101,32,0.016171628480800476,0.12716771791929143,-2.1804198342927834,32,14,inf
random_addition,42,101,33,0.015415217086909965,0.1241580327119835,-2.0316589471087516,33,14,inf
random_addition,42,101,34,0.011281601359927626,0.10621488294927235,-1.2187146316338224,34,14,inf
random_addition,42,101,35,0.00951560215616105,0.09754794798539358,-0.8714015022435,35,14,inf
random_addition,42,101,36,0.009281099082508652,0.0963384610760866,-0.8252825707127533,36,14,inf
random_addition,42,101,37,0.008370722674472962,0.09149165357819784,-0.6462419015416538,37,14,inf
random_addition,42,101,38,0.008124683346529733,0.09013702539206479,-0.5978541736430234,38,14,inf
random_addition,42,101,39,0.008090136090290783,0.08994518380819944,-0.5910598808423202,39,14,inf
random_addition,42,101,40,0.007925660259989638,0.08902617738614658,-0.5587129719597312,40,14,inf
random_addition,42,101,41,0.008205347662216624,0.09058337409379617,-0.6137181535653191,41,14,inf
random_addition,42,101,42,0.008364675011145418,0.09145859725113555,-0.645052527916055,42,14,inf
random_addition,42,101,43,0.008501633978744571,0.0922043056410305,-0.6719877878717084,43,14,inf
random_addition,42,101,44,0.008229266401434543,0.09071530411917574,-0.618422171636861,44,14,inf
random_addition,42,101,45,0.00883688267493325,0.09400469496218394,-0.7379200224667053,45,14,inf
random_addition,42,101,46,0.008811068464965847,0.09386729177389666,-0.7328432285319202,46,14,inf
random_addition,42,101,47,0.008513512043085373,0.09226869481620173,-0.6743238068735884,47,14,inf
random_addition,42,101,48,0.008603965266685928,0.0927575617763098,-0.6921129384231084,48,14,inf
random_addition,42,101,49,0.008688803941654565,0.09321375403691541,-0.70879787555889,49,14,inf
random_addition,42,101,50,0.008598986556532509,0.09273072067299223,-0.6911337922264265,50,14,inf
random_addition,42,101,51,0.008700825438961482,0.09327821524322537,-0.7111621030402602,51,14,inf
random_addition,42,101,52,0.008664438188557298,0.09308296400822923,-0.7040059447697287,52,14,inf
random_addition,42,101,53,0.007816883101627554,0.088413138738694,-0.5373201337317499,53,14,inf
random_addition,42,101,54,0.007872420115193134,0.08872665955164284,-0.5482424115772409,54,14,inf
random_addition,42,101,55,0.008150278043165619,0.09027889035187361,-0.602887796628496,55,14,inf
random_addition,42,101,56,0.007416520570555196,0.08611922300250506,-0.45858218002214546,56,14,inf
random_addition,42,101,57,0.00784965532111793,0.08859828057653224,-0.543765336019493,57,14,inf
random_addition,42,101,58,0.00752869296799878,0.0867680411672338,-0.4806427485117877,58,14,inf
random_addition,42,101,59,0.007682375423229354,0.08764916099558144,-0.5108669605865594,59,14,inf
random_addition,42,101,60,0.00807151434981186,0.08984160700817778,-0.5873976057140897,60,14,inf
random_addition,42,101,61,0.008184156132421848,0.09046632595845731,-0.6095504866072061,61,14,inf
random_addition,42,101,62,0.007504041627586708,0.08662587158341732,-0.4757946522250385,62,14,inf
random_addition,42,101,63,0.0073225369111249525,0.0855718231144163,-0.440098729520779,63,14,inf
random_addition,42,101,64,0.007230018809228437,0.0850295172821088,-0.42190350529508414,64,14,inf
random_addition,42,101,65,0.006852995418402607,0.08278282079273819,-0.3477555818748548,65,14,inf
random_addition,42,101,66,0.0066152436745887545,0.08133414826866238,-0.3009977452994599,66,14,inf
random_addition,42,101,67,0.006545975064060068,0.08090720032271582,-0.2873749204193998,67,14,inf
random_addition,42,101,68,0.005466878872442148,0.07393834507508366,-0.07515269833422122,68,14,inf
random_addition,42,101,69,0.005004519498165016,0.0707426285782838,0.015777966210046346,69,14,inf
random_addition,42,101,70,0.004983492799225048,0.07059385808429121,0.019913216437799974,70,14,inf
random_addition,42,101,71,0.0047442394948766144,0.06887843998579392,0.06696635987806909,71,14,inf
random_addition,42,101,72,0.004766292704309142,0.06903834227665916,0.06262922928096837,72,14,inf
random_addition,42,101,73,0.004717485529165434,0.068683953942427,0.07222797241726686,73,14,inf
random_addition,42,101,74,0.004575440181416022,0.06764200012873675,0.10016355366609375,74,14,inf
random_addition,42,101,75,0.004602098595320147,0.0678387691170775,0.09492073297972159,75,14,inf
random_addition,42,101,76,0.0046261061769110766,0.06801548483184602,0.09019924257720313,76,14,inf
random_addition,42,101,77,0.004667162337318646,0.06831663294775765,0.08212486546452313,77,14,inf
random_addition,42,101,78,0.004048216269100515,0.06362559444987932,0.2038509089520767,78,14,inf
random_addition,42,101,79,0.0038997712834428996,0.062448148759133765,0.2330450854845948,79,14,inf
random_addition,42,101,80,0.0039261696266408245,0.06265915437221303,0.22785341203013554,80,14,inf
random_addition,42,101,81,0.0037392720828327785,0.06114958775685065,0.26460992396790495,81,14,inf
random_addition,42,101,82,0.0036369531490867114,0.06030715669874274,0.2847326448612292,82,14,inf
random_addition,42,101,83,0.003767060237978888,0.06137638176024136,0.2591449208675668,83,14,inf
random_addition,42,101,84,0.0032763493100831146,0.05723940347420747,0.3556513901966645,84,14,inf
random_addition,42,101,85,0.0032546504965676173,0.05704954422751875,0.35991882293958455,85,14,inf
random_addition,42,101,86,0.0032493161965092762,0.05700277358610962,0.36096790180803373,86,14,inf
random_addition,42,101,87,0.0029426947138232,0.05424661015974362,0.4212701185150791,87,14,inf
random_addition,42,101,88,0.003082651509203357,0.05552163100273043,0.3937452858428735,88,14,inf
random_addition,42,101,89,0.0030481976608186757,0.055210485062338256,0.4005212084347418,89,14,inf
random_addition,42,101,90,0.0032843613828577116,0.05730934812801234,0.35407568276581547,90,14,inf
random_addition,42,101,91,0.0032975836164804554,0.05742459069493187,0.3514753105078606,91,14,inf
random_addition,42,101,92,0.0032752390197657057,0.057229703998585436,0.3558697472626522,92,14,inf
random_addition,42,101,93,0.0033018512962746096,0.057461737671903115,0.35063600026276975,93,14,inf
random_addition,42,101,94,0.0031411886173919406,0.05604630779446529,0.38223298946863116,94,14,inf
random_addition,42,101,95,0.0031664038567243307,0.056270808211046075,0.3772739930760054,95,14,inf
random_addition,42,101,96,0.0032884528253839473,0.05734503313613087,0.3532710325120233,96,14,inf
random_addition,42,101,97,0.0032518096579745776,0.05702464079654143,0.3604775211200464,97,14,inf
random_addition,42,101,98,0.0033057944088132284,0.05749603820102067,0.34986052156923186,98,14,inf
random_addition,42,101,99,0.003335838074158217,0.05775671453743034,0.34395193485692277,99,14,inf
random_addition,42,101,100,0.0033192776960443925,0.057613172938525026,0.34720880877528704,100,14,inf
random_addition,42,101,101,0.003341373696329018,0.05780461656588527,0.3428632626450878,101,14,inf
random_addition,42,101,102,0.003226777306566374,0.056804729614411284,0.36540054955915247,102,14,inf
random_addition,42,101,103,0.003212117353956613,0.056675544584561456,0.36828367317933886,103,14,inf
random_addition,42,101,104,0.003626775546607524,0.060222716200845045,0.28673423974258483,104,14,inf
random_addition,42,101,105,0.003623019095398064,0.060191520128653205,0.28747300837972634,105,14,inf
random_addition,42,101,106,0.0036765176993149877,0.06063429474575414,0.2769516177104834,106,14,inf
random_addition,42,101,107,0.003762771489816033,0.061341433711774564,0.2599883745579372,107,14,inf
random_addition,42,101,108,0.0038235710945179295,0.06183503128905111,0.24803112059673926,108,14,inf
random_addition,42,101,109,0.00387168995158977,0.06222290536120738,0.23856774666278624,109,14,inf
random_addition,42,101,110,0.0038482420048672286,0.06203420028393393,0.2431791755561935,110,14,inf
random_addition,42,101,111,0.004056917778139652,0.06369393831550732,0.20213961240768685,111,14,inf
random_addition,42,101,112,0.003924891715338083,0.06264895621906308,0.2281047345520777,112,14,inf
random_addition,42,101,113,0.004062661703486656,0.06373901241380082,0.2010099739101171,113,14,inf
random_addition,42,101,114,0.003969849104812237,0.06300673856669807,0.2192631158275702,114,14,inf
random_addition,42,101,115,0.0040979317283333355,0.06401508984867033,0.1940735366359393,115,14,inf
random_addition,42,101,116,0.003947358419245319,0.06282800664707833,0.2236862833860379,116,14,inf
random_addition,42,101,117,0.0037499875761267524,0.06123714212899515,0.2625025439073967,117,14,inf
random_addition,42,101,118,0.0036981858830152717,0.06081271152493754,0.2726902088304006,118,14,inf
random_addition,42,101,119,0.003733703783978111,0.06110404065181051,0.2657050225933576,119,14,inf
random_addition,42,101,120,0.0037404542185480666,0.06115925292666733,0.2643774373089274,120,14,inf
random_addition,42,101,121,0.003717990909224729,0.060975330333051324,0.2687952208735582,121,14,inf
random_addition,42,101,122,0.003088937350080578,0.05557820930976976,0.39250907063889096,122,14,inf
random_addition,42,101,123,0.0030691561347736106,0.05539996511527431,0.39639937578554874,123,14,inf
random_addition,42,101,124,0.0030226978715573965,0.054979067576282126,0.40553616630575295,124,14,inf
random_addition,42,101,125,0.0029849568920673696,0.054634759009877305,0.4129585579268704,125,14,inf
random_addition,42,101,126,0.002969804307248259,0.054495910922272496,0.41593856586835376,126,14,inf
random_addition,42,101,127,0.002253642078096975,0.04747254025325562,0.5567837850661752,127,14,inf
random_addition,42,101,128,0.0022576942123913625,0.04751519980376135,0.5559868654302593,128,14,inf
random_addition,42,101,129,0.0024294053177526336,0.0492889979382076,0.5222170193131729,129,14,inf
random_addition,42,101,130,0.002435899270824491,0.049354830268419435,0.5209398753831584,130,14,inf
random_addition,42,101,131,0.0024268818859188297,0.04926339295987264,0.5227132941728287,131,14,inf
random_addition,42,101,132,0.0024443783213116033,0.049440654539676186,0.5192723290147023,132,14,inf
random_addition,42,101,133,0.002462345875905659,0.04962203014695851,0.5157387104262888,133,14,inf
random_addition,42,101,134,0.0024604888235298097,0.049603314642570104,0.5161039306770807,134,14,inf
random_addition,42,101,135,0.002484487258207235,0.049844631187393046,0.5113842391673061,135,14,inf
random_addition,42,101,136,0.002532830770498569,0.050327236865325406,0.5018766830462096,136,14,inf
random_addition,42,101,137,0.002567524781585213,0.05067074877663851,0.49505352846272777,137,14,inf
random_addition,42,101,138,0.002544486551505365,0.05044290387661445,0.4995843797607241,138,14,inf
random_addition,42,101,139,0.002630758589246823,0.05129092111911057,0.48261754798471934,139,14,inf
random_addition,42,101,140,0.0026126030537710608,0.051113628845651925,0.48618813614149503,140,14,inf
random_addition,42,101,141,0.002686262136890516,0.051829162996237126,0.47170185176963564,141,14,inf
random_addition,42,101,142,0.0026964870064248585,0.05192770942786576,0.4696909610353668,142,14,inf
random_addition,42,101,143,0.0026936451088340183,0.05190033823429303,0.4702498674853677,143,14,inf
random_addition,42,101,144,0.0026463491828760963,0.0514426786129581,0.47955139832231475,144,14,inf
random_addition,42,101,145,0.0024374744719666474,0.04937078561220844,0.5206300858674358,145,14,inf
random_addition,42,101,146,0.0024219252287194263,0.04921305953422756,0.5236881032891455,146,14,inf
random_addition,42,101,147,0.0025244220421815405,0.050243626881242766,0.5035303993897681,147,14,inf
random_addition,42,101,148,0.0024223939156594212,0.04921782111856864,0.5235959282035131,148,14,inf
random_addition,42,101,149,0.0026827190907506597,0.05179497167438804,0.47239865074881027,149,14,inf
random_addition,42,101,150,0.0026800483819562917,0.05176918370958047,0.47292389007342817,150,14,inf
random_addition,42,102,10,0.00962854819961681,0.0981251659851682,-0.8936142210947935,10,10,inf
random_addition,42,102,11,0.017332786822427938,0.13165404218035973,-2.408780943679566,11,11,inf
random_addition,42,102,12,0.011164079019858863,0.10566020546950902,-1.1956019079046722,12,12,inf
random_addition,42,102,13,0.01515130049884541,0.12309061905297825,-1.9797553585322571,13,13,inf
random_addition,42,102,14,0.013010177393531852,0.11406216460129034,-1.558667871895616,14,14,inf
random_addition,42,102,15,0.01281313853890145,0.11319513478458978,-1.5199169024346948,15,14,inf
random_addition,42,102,16,0.012434619241309836,0.11151062389436191,-1.4454747840573035,16,14,inf
random_addition,42,102,17,0.013137374160344186,0.11461838491421952,-1.5836832326249417,17,14,inf
random_addition,42,102,18,0.007737944014730902,0.0879655842629997,-0.5217954487586107,18,14,inf
random_addition,42,102,19,0.006882440806163739,0.08296047737425176,-0.3535465073450468,19,14,inf
random_addition,42,102,20,0.011167752767986178,0.10567758876879325,-1.1963244116045426,20,14,inf
random_addition,42,102,21,0.009839934916023902,0.0991964460856532,-0.9351869363204317,21,14,inf
random_addition,42,102,22,0.009998795635116875,0.09999397799426162,-0.9664295401493008,22,14,inf
random_addition,42,102,23,0.009427635164569605,0.09709601003424191,-0.8541013295891098,23,14,inf
random_addition,42,102,24,0.010219390610182255,0.10109100162814817,-1.009813212664175,24,14,inf
random_addition,42,102,25,0.008218061778763525,0.09065352601395892,-0.6162185961453153,25,14,inf
random_addition,42,102,26,0.007846459596269558,0.08858024382597712,-0.5431368435516646,26,14,inf
random_addition,42,102,27,0.0062277388695431354,0.07891602416203654,-0.22478847736370278,27,14,inf
random_addition,42,102,28,0.005294092844369206,0.07276051707051845,-0.04117145077932727,28,14,inf
random_addition,42,102,29,0.005469799929148556,0.07395809576475422,-0.07572717274149454,29,14,inf
random_addition,42,102,30,0.005282392317448012,0.07268006822677048,-0.03887034746521012,30,14,inf
random_addition,42,102,31,0.005282103885196708,0.07267808394004831,-0.03881362246352049,31,14,inf
random_addition,42,102,32,0.00485159801101206,0.06965341349145826,0.045852521249956424,32,14,inf
random_addition,42,102,33,0.003918161135500862,0.06259521655446894,0.22942841507293577,33,14,inf
random_addition,42,102,34,0.0046533847025523305,0.06821572181361368,0.0848344665991555,34,14,inf
random_addition,42,102,35,0.004166626319435033,0.06454940990772133,0.18056360222779633,35,14,inf
random_addition,42,102,36,0.004137614774424916,0.0643242938120965,0.1862692053019207,36,14,inf
random_addition,42,102,37,0.004147105318734717,0.06439802263062677,0.18440273184212286,37,14,inf
random_addition,42,102,38,0.004786162935625707,0.0691820998208764,0.05872141765480987,38,14,inf
random_addition,42,102,39,0.004765872904610722,0.06903530187238065,0.0627117898770686,39,14,inf
random_addition,42,102,40,0.005039003867396534,0.07098594133627119,0.00899604118578512,40,14,inf
random_addition,42,102,41,0.004929678899603828,0.07021167210374517,0.030496615253767456,41,14,inf
random_addition,42,102,42,0.005122621122875163,0.07157248858936766,-0.007448683483043839,42,14,inf
random_addition,42,102,43,0.004562482551906151,0.06754615127382278,0.10271188712227841,43,14,inf
random_addition,42,102,44,0.004890800538920123,0.06993425869286185,0.0381426918124792,44,14,inf
random_addition,42,102,45,0.005554361078020521,0.07452758602034901,-0.09235752975237199,45,14,inf
random_addition,42,102,46,0.00560483422271341,0.07486544077685918,-0.10228391352200727,46,14,inf
random_addition,42,102,47,0.005594305153552426,0.07479508776351844,-0.10021319686932206,47,14,inf
random_addition,42,102,48,0.004399160719990067,0.06632616919429364,0.1348318430200801,48,14,inf
random_addition,42,102,49,0.004401177005886985,0.06634136722955734,0.1344353068477473,49,14,inf
random_addition,42,102,50,0.004274054424568532,0.06537625275716352,0.1594360777652657,50,14,inf
random_addition,42,102,51,0.004818051890945707,0.06941218834574882,0.0524499239635583,51,14,inf
random_addition,42,102,52,0.004840056053746489,0.06957051138051587,0.048122439202719414,52,14,inf
random_addition,42,102,53,0.004531438625614964,0.06731596115049508,0.10881719179385385,53,14,inf
random_addition,42,102,54,0.004615921894097421,0.06794057619786148,0.09220215125749165,54,14,inf
random_addition,42,102,55,0.004747755856153439,0.06890396110640838,0.06627480892124182,55,14,inf
random_addition,42,102,56,0.004852754090967758,0.06966171180044141,0.04562515888966612,56,14,inf
random_addition,42,102,57,0.0040586524383589015,0.06370755401331071,0.20179846261107792,57,14,inf
random_addition,42,102,58,0.004192998875967584,0.06475336961091356,0.17537700015016922,58,14,inf
random_addition,42,102,59,0.004302558523767512,0.06559389090279301,0.1538302723537257,59,14,inf
random_addition,42,102,60,0.0039269454160686034,0.06266534461780772,0.2277008401301397,60,14,inf
random_addition,42,102,61,0.003998407297547482,0.06323296053125682,0.21364667202201515,61,14,inf
random_addition,42,102,62,0.003994666908651639,0.0632033773516229,0.2143822817379093,62,14,inf
random_addition,42,102,63,0.00371419871879291,0.06094422629579368,0.2695410182234721,63,14,inf
random_addition,42,102,64,0.003510939500024258,0.05925318134939472,0.3095153257981338,64,14,inf
random_addition,42,102,65,0.003555135539639963,0.059624957355456136,0.300823439192041,65,14,inf
random_addition,42,102,66,0.0035312132056668014,0.05942401202937077,0.30552816423201756,66,14,inf
random_addition,42,102,67,0.003487515866657344,0.05905519339276897,0.3141219730655862,67,14,inf
random_addition,42,102,68,0.003410940047330865,0.058403253739246964,0.3291818821466227,68,14,inf
random_addition,42,102,69,0.0036246016218951676,0.0602046644529738,0.28716177821106037,69,14,inf
random_addition,42,102,70,0.003622389926865544,0.06018629351327048,0.2875967448409191,70,14,inf
random_addition,42,102,71,0.0033632847373508876,0.05799383361488433,0.3385540918316048,71,14,inf
random_addition,42,102,72,0.0038114071107972413,0.061736594583741346,0.25042337040233065,72,14,inf
random_addition,42,102,73,0.004117803838496472,0.0641701163977164,0.1901653555033388,73,14,inf
random_addition,42,102,74,0.004341799656882501,0.06589233382482745,0.1461128505599214,74,14,inf
random_addition,42,102,75,0.004355913178981439,0.06599934226173348,0.14333719159221237,75,14,inf
random_addition,42,102,76,0.004343029797598933,0.06590166763898266,0.14587092291867265,76,14,inf
random_addition,42,102,77,0.004239999559116101,0.0651152789989884,0.1661335337244889,77,14,inf
random_addition,42,102,78,0.0041108147931960435,0.06411563610536858,0.19153986755836416,78,14,inf
random_addition,42,102,79,0.004086498107775925,0.06392572336529267,0.1963221483723353,79,14,inf
random_addition,42,102,80,0.004105724037255341,0.06407592400625481,0.192541049423541,80,14,inf
random_addition,42,102,81,0.0036354230187571864,0.060294469221954236,0.2850335704516762,81,14,inf
random_addition,42,102,82,0.0033274975483098103,0.05768446539849191,0.3455922380501477,82,14,inf
random_addition,42,102,83,0.0030782602751371108,0.055482071655059084,0.3946088950914963,83,14,inf
random_addition,42,102,84,0.0031857884479369832,0.05644278915802251,0.37346169065726187,84,14,inf
random_addition,42,102,85,0.003195930174704578,0.056532558536692624,0.3714671513315575,85,14,inf
random_addition,42,102,86,0.003122860178553398,0.05588255701516707,0.38583758194878426,86,14,inf
random_addition,42,102,87,0.0030527298987239595,0.0552515148998103,0.3996298684348889,87,14,inf
random_addition,42,102,88,0.003097703661125602,0.05565701807612048,0.39078502970174755,88,14,inf
random_addition,42,102,89,0.003291357859520163,0.057370356975707956,0.35269970920979143,89,14,inf
random_addition,42,102,90,0.003126888316584154,0.055918586503810645,0.38504538157740575,90,14,inf
random_addition,42,102,91,0.0031617842252823908,0.05622974502238465,0.3781825204690574,91,14,inf
random_addition,42,102,92,0.0030745514499023953,0.05544863794451939,0.395338297288215,92,14,inf
random_addition,42,102,93,0.0028830202049304203,0.05369376318466066,0.43300610366398373,93,14,inf
random_addition,42,102,94,0.0028113070975476087,0.05302176060399738,0.4471096795264792,94,14,inf
random_addition,42,102,95,0.0028302228609899645,0.05319983891883475,0.4433895798899904,95,14,inf
random_addition,42,102,96,0.0028019890118174706,0.05293381727985873,0.44894223613690076,96,14,inf
random_addition,42,102,97,0.002880948617524968,0.053674468954289324,0.43341351579817866,97,14,inf
random_addition,42,102,98,0.002738952197814643,0.05233499974027556,0.46133947453396384,98,14,inf
random_addition,42,102,99,0.002848526823423729,0.053371591913898626,0.43978980110212074,99,14,inf
random_addition,42,102,100,0.0028353511617261263,0.053248015566085896,0.4423810142160466,100,14,inf
random_addition,42,102,101,0.0028192547338369463,0.053096654638846566,0.44554664460267035,101,14,inf
random_addition,42,102,102,0.0028389516061933413,0.0532818130903345,0.44167292690069704,102,14,inf
random_addition,42,102,103,0.002783127300417251,0.05275535328682058,0.45265170553988543,103,14,inf
random_addition,42,102,104,0.002780668181835804,0.05273204132058424,0.45313533212830215,104,14,inf
random_addition,42,102,105,0.002713307232717529,0.052089415745595856,0.4663829836487966,105,14,inf
random_addition,42,102,106,0.002768659097819859,0.05261804916395,0.45549711832944717,106,14,inf
random_addition,42,102,107,0.0028215375711286004,0.05311814728629567,0.4450976866631864,107,14,inf
random_addition,42,102,108,0.002889215256601749,0.05375142097286126,0.43178774366805905,108,14,inf
random_addition,42,102,109,0.0028582471931062354,0.0534625775015219,0.4378781286585196,109,14,inf
random_addition,42,102,110,0.002869890132247188,0.05357135551997157,0.4355883509396391,110,14,inf
random_addition,42,102,111,0.0026992251739642796,0.05195406792508436,0.4691524548260304,111,14,inf
random_addition,42,102,112,0.0027196066946344995,0.05214984846223908,0.4651440896406953,112,14,inf
random_addition,42,102,113,0.002680548324875852,0.051774012060838516,0.4728255679793193,113,14,inf
random_addition,42,102,114,0.0026827464675606323,0.05179523595429055,0.47239326664358294,114,14,inf
random_addition,42,102,115,0.0026847387266411985,0.05181446445386846,0.4720014557444886,115,14,inf
random_addition,42,102,116,0.0027556882439152674,0.05249464966942124,0.4580480525829056,116,14,inf
random_addition,42,102,117,0.0027183026059386982,0.05213734367935039,0.4654005603825706,117,14,inf
random_addition,42,102,118,0.0027297197661028264,0.05224672014684584,0.463155185856412,118,14,inf
random_addition,42,102,119,0.0027264154896303296,0.0522150887161013,0.46380502680740787,119,14,inf
random_addition,42,102,120,0.0033146340083884582,0.05757285826141045,0.348122067223113,120,14,inf
random_addition,42,102,121,0.003314978289123624,0.057575848140723244,0.34805435868776136,121,14,inf
random_addition,42,102,122,0.0034202689901711714,0.058483065841072074,0.32734719030482573,122,14,inf
random_addition,42,102,123,0.0034146749557471302,0.05843522016512927,0.3284473502582318,123,14,inf
random_addition,42,102,124,0.0035902501438573736,0.059918696112794156,0.2939175679707856,124,14,inf
random_addition,42,102,125,0.003446998574788247,0.058711145234855086,0.3220903727134816,125,14,inf
random_addition,42,102,126,0.003481632449441683,0.059005359497605665,0.31527904496025183,126,14,inf
random_addition,42,102,127,0.0034165447678044442,0.05845121699164564,0.3280796206037606,127,14,inf
random_addition,42,102,128,0.003331871445144341,0.05772236520746825,0.3447320384566308,128,14,inf
random_addition,42,102,129,0.0033301020908795636,0.0577070367535846,0.34508001141459654,129,14,inf
random_addition,42,102,130,0.0033569205234940864,0.05793893788717641,0.33980572038613666,130,14,inf
random_addition,42,102,131,0.0033475939514986076,0.05785839568721732,0.34163994596184766,131,14,inf
random_addition,42,102,132,0.003264034470443042,0.05713172910426431,0.3580733083290233,132,14,inf
random_addition,42,102,133,0.003295141904075421,0.05740332659415673,0.3519555138820495,133,14,inf
random_addition,42,102,134,0.00320963430537174,0.05665363452923157,0.36877200600112114,134,14,inf
random_addition,42,102,135,0.00323048536004763,0.05683735884123778,0.3646712991405934,135,14,inf
random_addition,42,102,136,0.0032526660097471536,0.0570321489139867,0.3603091052944005,136,14,inf
random_addition,42,102,137,0.0027409891227340505,0.052354456569943024,0.46093887935442823,137,14,inf
random_addition,42,102,138,0.002716020519846635,0.052115453752669516,0.46584937058615516,138,14,inf
random_addition,42,102,139,0.0027087021493651187,0.05204519333584148,0.4672886499179646,139,14,inf
random_addition,42,102,140,0.0026342660193811986,0.0513251012603112,0.48192775348566774,140,14,inf
random_addition,42,102,141,0.0026375704589789986,0.051357282433740575,0.4812778804533665,141,14,inf
random_addition,42,102,142,0.0025919727152964632,0.0509114202836305,0.4902454354883531,142,14,inf
random_addition,42,102,143,0.0025751258413782493,0.05074569776225615,0.49355865357389894,143,14,inf
random_addition,42,102,144,0.0024964279929008504,0.04996426716065042,0.5090358949977198,144,14,inf
random_addition,42,102,145,0.002466828358628621,0.04966717586725282,0.5148571556109585,145,14,inf
random_addition,42,102,146,0.002436901658359799,0.0493649841320728,0.5207427391947576,146,14,inf
random_addition,42,102,147,0.0023862506824869753,0.048849264912452624,0.5307040964250123,147,14,inf
random_addition,42,102,148,0.002397719215954714,0.0489665111678861,0.5284486184838542,148,14,inf
random_addition,42,102,149,0.0025703055397687845,0.05069818083293309,0.4945066460945172,149,14,inf
random_addition,42,102,150,0.0026800483819562917,0.05176918370958047,0.47292389007342817,150,14,inf
random_addition,42,103,10,0.00962854819961681,0.0981251659851682,-0.8936142210947935,10,10,inf
random_addition,42,103,11,0.005803404509759283,0.07618007948118251,-0.1413360646502435,11,11,inf
random_addition,42,103,12,0.011313222059833783,0.1063636312836008,-1.2249333684342107,12,12,inf
random_addition,42,103,13,0.006536654057561415,0.08084957673087358,-0.28554178939124863,13,13,inf
random_addition,42,103,14,0.006354346977608338,0.07971415794956589,-0.2496880685552092,14,14,inf
random_addition,42,103,15,0.005227341173068768,0.07230035389310877,-0.028043623880004587,15,14,inf
random_addition,42,103,16,0.0051744499152470685,0.07193364939475175,-0.017641677926538035,16,14,inf
random_addition,42,103,17,0.004917512312867916,0.07012497638408098,0.032889376985616336,17,14,inf
random_addition,42,103,18,0.005517788936958724,0.07428182103959706,-0.08516500965746698,18,14,inf
random_addition,42,103,19,0.00552607620038022,0.07433758269126203,-0.0867948379081609,19,14,inf
random_addition,42,103,20,0.005039578376559705,0.07098998786138581,0.008883054399098866,20,14,inf
random_addition,42,103,21,0.004424524603846793,0.06651710008596881,0.1298436132083205,21,14,inf
random_addition,42,103,22,0.004393399353173655,0.06628272288593504,0.13596491167283242,22,14,inf
random_addition,42,103,23,0.005351348826248878,0.07315291399697539,-0.05243179234716688,23,14,inf
random_addition,42,103,24,0.005170576009068719,0.07190671741269183,-0.016879809815330882,24,14,inf
random_addition,42,103,25,0.005200503966662651,0.07211451980470127,-0.02276564067303455,25,14,inf
random_addition,42,103,26,0.005509971578649324,0.07422918279658833,-0.08362759606621961,26,14,inf
random_addition,42,103,27,0.00552022571367267,0.07429822147045426,-0.08564424234587409,27,14,inf
random_addition,42,103,28,0.0038312520344112875,0.06189710844951715,0.24652053595698897,28,14,inf
random_addition,42,103,29,0.003989852661616154,0.06316528050769785,0.21532908352580715,29,14,inf
random_addition,42,103,30,0.0039706240028855545,0.06301288759361497,0.21911071922726122,30,14,inf
random_addition,42,103,31,0.004635590278992768,0.06808516930281343,0.08833403608876067,31,14,inf
random_addition,42,103,32,0.0046390089099053265,0.06811027022340556,0.08766170543428542,32,14,inf
random_addition,42,103,33,0.005774980593175216,0.07599329308021344,-0.13574602848415318,33,14,inf
random_addition,42,103,34,0.005294820711263157,0.07276551869713536,-0.041314597915621976,34,14,inf
random_addition,42,103,35,0.005411296960291071,0.07356151820273335,-0.06422159043478626,35,14,inf
random_addition,42,103,36,0.004837981348178765,0.06955559897074257,0.04853046457541077,36,14,inf
random_addition,42,103,37,0.005086605037135766,0.07132043912607217,-0.00036552091996866487,37,14,inf
random_addition,42,103,38,0.0050348783987534266,0.0709568770363622,0.009807383241649759,38,14,inf
random_addition,42,103,39,0.004193289616031024,0.064755614552184,0.1753198212788214,39,14,inf
random_addition,42,103,40,0.0035433536250382277,0.05952607516910743,0.3031405487478158,40,14,inf
random_addition,42,103,41,0.0029954453551701414,0.05473066192885064,0.4108958271312114,41,14,inf
random_addition,42,103,42,0.0027237240888894573,0.05218931010168133,0.46433433554761694,42,14,inf
random_addition,42,103,43,0.0028828203247271604,0.05369190185425694,0.43304541343193226,43,14,inf
random_addition,42,103,44,0.002716200099148843,0.05211717662296033,0.46581405332820247,44,14,inf
random_addition,42,103,45,0.0027681741779598925,0.052613441038957834,0.45559248588890555,45,14,inf
random_addition,42,103,46,0.0036418645196621955,0.060347862593982525,0.28376674211306896,46,14,inf
random_addition,42,103,47,0.0037584583157162176,0.06130626652893012,0.260836632015255,47,14,inf
random_addition,42,103,48,0.0041536526430810345,0.06444883740674485,0.18311509156289574,48,14,inf
random_addition,42,103,49,0.004119232378779975,0.0641812463168173,0.18988440928588557,49,14,inf
random_addition,42,103,50,0.004045515250543918,0.06360436502744067,0.20438210919578703,50,14,inf
random_addition,42,103,51,0.0036913950103975184,0.06075685155105981,0.2740257469298134,51,14,inf
random_addition,42,103,52,0.003743308650085501,0.06118258453257349,0.2638160658497657,52,14,inf
random_addition,42,103,53,0.0037038188000103334,0.0608590075503235,0.271582401972403,53,14,inf
random_addition,42,103,54,0.0036782329612460862,0.06064843741800844,0.276614282910024,54,14,inf
random_addition,42,103,55,0.0035059400613453007,0.05921097922974506,0.3104985486042824,55,14,inf
random_addition,42,103,56,0.003517772821086103,0.05931081538038491,0.30817143950585435,56,14,inf
random_addition,42,103,57,0.003531594856720327,0.05942722319543735,0.3054531062017237,57,14,inf
random_addition,42,103,58,0.003131925533688392,0.05596360901236081,0.38405472901529814,58,14,inf
random_addition,42,103,59,0.003079155660543723,0.055490140210164574,0.39443280265220315,59,14,inf
random_addition,42,103,60,0.003655155282921059,0.06045788023840283,0.28115289236184793,60,14,inf
random_addition,42,103,61,0.003648915425134457,0.06040625319562915,0.2823800642259082,61,14,inf
random_addition,42,103,62,0.0033349986124138536,0.057749446858076946,0.344117028977473,62,14,inf
random_addition,42,103,63,0.003306518177131369,0.05750233192776941,0.34971818048607006,63,14,inf
random_addition,42,103,64,0.003207380523694588,0.0566337401527975,0.3692152496705321,64,14,inf
random_addition,42,103,65,0.003224295995550977,0.056782884706141665,0.36588854065898424,65,14,inf
random_addition,42,103,66,0.003367086804677303,0.05802660428352932,0.3378063520260184,66,14,inf
random_addition,42,103,67,0.00339317753927247,0.058250987453196616,0.33267517492185394,67,14,inf
random_addition,42,103,68,0.00367795269015979,0.06064612675315539,0.2766694028828143,68,14,inf
random_addition,42,103,69,0.0035684578727632394,0.05973657064783046,0.2982033807016652,69,14,inf
random_addition,42,103,70,0.003542245251384622,0.059516764456618625,0.3033585288699735,70,14,inf
random_addition,42,103,71,0.003607337275543463,0.06006111283970239,0.29055709919733275,71,14,inf
random_addition,42,103,72,0.0034752773261273635,0.05895148281534031,0.31652888570833937,72,14,inf
random_addition,42,103,73,0.00353040517084907,0.05941721274890863,0.3056870777245061,73,14,inf
random_addition,42,103,74,0.0035852646562411993,0.05987707955671518,0.29489804706829437,74,14,inf
random_addition,42,103,75,0.0035586019808108945,0.059654018982889113,0.3001417058547009,75,14,inf
random_addition,42,103,76,0.00394652456095752,0.06282137025692387,0.22385027549361403,76,14,inf
random_addition,42,103,77,0.00358167432833711,0.05984709122703551,0.2956041447931671,77,14,inf
random_addition,42,103,78,0.00343705232831732,0.05862637911654889,0.3240464675860826,78,14,inf
random_addition,42,103,79,0.0034280551162597073,0.058549595355217504,0.3258159190495107,79,14,inf
random_addition,42,103,80,0.00337704161149302,0.058112318930610744,0.33584857361917164,80,14,inf
random_addition,42,103,81,0.003432750491605375,0.058589679053612974,0.32489249535742304,81,14,inf
random_addition,42,103,82,0.00338454649712357,0.05817685533890234,0.33437261297971976,82,14,inf
random_addition,42,103,83,0.003315504096381608,0.0575804141734115,0.3479509499411225,83,14,inf
random_addition,42,103,84,0.0033669761459368315,0.058025650758408834,0.3378281149086775,84,14,inf
random_addition,42,103,85,0.0034256985661129647,0.058529467502386905,0.326279373848519,85,14,inf
random_addition,42,103,86,0.0026269166017991695,0.05125345453527176,0.4833731387464122,86,14,inf
random_addition,42,103,87,0.0027203953820463477,0.05215740965621613,0.46498898113751164,87,14,inf
random_addition,42,103,88,0.0027326893453333617,0.05227513123210081,0.46257116868736115,88,14,inf
random_addition,42,103,89,0.00273329870904279,0.05228095933552473,0.4624513271741787,89,14,inf
random_addition,42,103,90,0.0026982140348832803,0.051944335926867716,0.46935131215151604,90,14,inf
random_addition,42,103,91,0.002762658416555245,0.05256099710389107,0.45667725215059607,91,14,inf
random_addition,42,103,92,0.002842909629530592,0.053318942501990714,0.44089451575049465,92,14,inf
random_addition,42,103,93,0.0025985722572244405,0.05097619304365951,0.48894752575279954,93,14,inf
random_addition,42,103,94,0.002567823726542973,0.05067369856782681,0.49499473596238375,94,14,inf
random_addition,42,103,95,0.0025759301539465987,0.05075362207711484,0.4934004721236891,95,14,inf
random_addition,42,103,96,0.0028332151259521043,0.05322795436565362,0.44280110119433225,96,14,inf
random_addition,42,103,97,0.0028653403360739027,0.053528873853966916,0.4364831440650615,97,14,inf
random_addition,42,103,98,0.002855299240785451,0.05343500014770704,0.4384578925358992,98,14,inf
random_addition,42,103,99,0.002968289848470748,0.054482013990589113,0.41623640938732487,99,14,inf
random_addition,42,103,100,0.0029629625790154163,0.054433101868398205,0.41728410557070394,100,14,inf
random_addition,42,103,101,0.002724943431726237,0.05220099071594558,0.46409453148907687,101,14,inf
random_addition,42,103,102,0.0025100233793944556,0.05010013352671284,0.5063621360185007,102,14,inf
random_addition,42,103,103,0.0025563594893151945,0.050560453808438016,0.49724936897646466,103,14,inf
random_addition,42,103,104,0.002575260263967022,0.05074702221773236,0.49353221713504447,104,14,inf
random_addition,42,103,105,0.0025084651169885344,0.0500845796327426,0.5066685942498846,105,14,inf
random_addition,42,103,106,0.0025161610940705645,0.05016135060054269,0.5051550522967653,106,14,inf
random_addition,42,103,107,0.002402728211584714,0.04901763163989784,0.5274635161442568,107,14,inf
random_addition,42,103,108,0.0024121754428593134,0.049113902745142476,0.5256055609135539,108,14,inf
random_addition,42,103,109,0.0024651799242631466,0.049650578287298394,0.5151813476586369,109,14,inf
random_addition,42,103,110,0.0025405109497727827,0.05040348152432313,0.5003662479948705,110,14,inf
random_addition,42,103,111,0.002210776886649192,0.047018899249654834,0.5652139382349265,111,14,inf
random_addition,42,103,112,0.0022200698419612298,0.04711761710826673,0.5633863239393908,112,14,inf
random_addition,42,103,113,0.002227264097192246,0.04719389894035294,0.5619714539368519,113,14,inf
random_addition,42,103,114,0.002410889896301936,0.049100813601221885,0.5258583850353697,114,14,inf
random_addition,42,103,115,0.0026860524338129443,0.05182713993471899,0.4717430933692688,115,14,inf
random_addition,42,103,116,0.0026606592882898275,0.05158157896274432,0.47673707797463394,116,14,inf
random_addition,42,103,117,0.0026416059461568525,0.051396555781072065,0.4804842347499225,117,14,inf
random_addition,42,103,118,0.0026383968129773602,0.05136532695289071,0.48111536418917855,118,14,inf
random_addition,42,103,119,0.0026358315362028763,0.05134034998130492,0.48161986855271277,119,14,inf
random_addition,42,103,120,0.002630629207202244,0.051289659846817506,0.48264299311668435,120,14,inf
random_addition,42,103,121,0.002624625126416735,0.05123109530760332,0.48382379551018473,121,14,inf
random_addition,42,103,122,0.0026410834398948213,0.0513914724433424,0.480586994300779,122,14,inf
random_addition,42,103,123,0.0025161592445049536,0.05016133216437691,0.5051554160446192,123,14,inf
random_addition,42,103,124,0.0024927048307031964,0.04992699500974594,0.5097681167967654,124,14,inf
random_addition,42,103,125,0.0024924771343568567,0.049924714664751534,0.5098128970721072,125,14,inf
random_addition,42,103,126,0.0024067506775063215,0.04905864528812757,0.5266724312875254,126,14,inf
random_addition,42,103,127,0.00245295796781688,0.049527345656888176,0.5175849987653709,127,14,inf
random_addition,42,103,128,0.0024553314153527763,0.04955130084420364,0.5171182208136156,128,14,inf
random_addition,42,103,129,0.002661967615295981,0.05159425951882613,0.47647977369850303,129,14,inf
random_addition,42,103,130,0.0026483648857003033,0.05146226662031418,0.479154976820933,130,14,inf
random_addition,42,103,131,0.0026555302644653725,0.05153183738685602,0.47774578585592276,131,14,inf
random_addition,42,103,132,0.0026345160302748546,0.051327536764146926,0.48187858468328537,132,14,inf
random_addition,42,103,133,0.0027248000773463475,0.05219961759770226,0.4641227245132782,133,14,inf
random_addition,42,103,134,0.0027258841302714282,0.05221000028990067,0.46390952746707825,134,14,inf
random_addition,42,103,135,0.0027210127623484535,0.05216332775378171,0.46486756302798415,135,14,inf
random_addition,42,103,136,0.0025482377442029233,0.050480072743637396,0.49884664529744893,136,14,inf
random_addition,42,103,137,0.002557207266687144,0.05056883691254075,0.4970826394493788,137,14,inf
random_addition,42,103,138,0.00254141946848114,0.050412493178587585,0.500187572673253,138,14,inf
random_addition,42,103,139,0.002466965073528192,0.049668552158566005,0.5148302683510418,139,14,inf
random_addition,42,103,140,0.0022591738700299645,0.04753076761456693,0.5556958661343405,140,14,inf
random_addition,42,103,141,0.002324316332123819,0.04821116397810593,0.5428845170024994,141,14,inf
random_addition,42,103,142,0.0024026585613891216,0.049016921174112126,0.5274772140141891,142,14,inf
random_addition,42,103,143,0.0024025526218416993,0.04901584051958815,0.5274980487890084,143,14,inf
random_addition,42,103,144,0.002422179479248928,0.049215642627613104,0.5236381006918273,144,14,inf
random_addition,42,103,145,0.002616563343599741,0.05115235423320945,0.4854092792480389,145,14,inf
random_addition,42,103,146,0.0025817750745278536,0.05081117076517578,0.49225097123275774,146,14,inf
random_addition,42,103,147,0.0026014531072905654,0.051004442034891094,0.48838095865037046,147,14,inf
random_addition,42,103,148,0.0026869567061546954,0.051835863127324265,0.47156525316630327,148,14,inf
random_addition,42,103,149,0.002706220519074416,0.05202134676336644,0.46777670380859804,149,14,inf
random_addition,42,103,150,0.0026800483819562917,0.05176918370958047,0.47292389007342817,150,14,inf
random_addition,42,104,10,0.00962854819961681,0.0981251659851682,-0.8936142210947935,10,10,inf
random_addition,42,104,11,0.010362005956910812,0.10179393870418224,-1.0378608936969504,11,11,inf
random_addition,42,104,12,0.005877672284301058,0.07666597866264448,-0.15594205831883867,12,12,inf
random_addition,42,104,13,0.008645114885307406,0.09297910994039148,-0.7002056956486846,13,13,inf
random_addition,42,104,14,0.00921340956611595,0.0959865072086486,-0.8119703009704311,14,14,inf
random_addition,42,104,15,0.007963650189723162,0.08923928613409658,-0.5661843237887281,15,14,inf
random_addition,42,104,16,0.005391136633594909,0.07342435994678406,-0.060256726725085086,16,14,inf
random_addition,42,104,17,0.005573518498387541,0.07465600108757192,-0.09612515524423193,17,14,inf
random_addition,42,104,18,0.006564794296561845,0.08102341819845571,-0.29107603564016316,18,14,inf
random_addition,42,104,19,0.006841042230074168,0.08271059321558617,-0.34540478849075407,19,14,inf
random_addition,42,104,20,0.005960685866204231,0.07720547821368787,-0.1722680605340139,20,14,inf
random_addition,42,104,21,0.007054384094640221,0.08399038096496658,-0.3873620161352327,21,14,inf
random_addition,42,104,22,0.006485514380391813,0.08053269137680556,-0.2754843209190643,22,14,inf
random_addition,42,104,23,0.00572054470848129,0.07563428262687028,-0.12504030595389715,23,14,inf
random_addition,42,104,24,0.0071181762292098424,0.08436928486842733,-0.39990780089017997,24,14,inf
random_addition,42,104,25,0.007987293906159626,0.08937166165043384,-0.5708342540539579,25,14,inf
random_addition,42,104,26,0.006310861941635736,0.07944093366543306,-0.24113601264652962,26,14,inf
random_addition,42,104,27,0.004062152374286148,0.06373501686111135,0.2011101419725606,27,14,inf
random_addition,42,104,28,0.004320648371550723,0.06573163904506507,0.15027260277472387,28,14,inf
random_addition,42,104,29,0.002078491164076627,0.04559047229495026,0.5912301267939846,29,14,inf
random_addition,42,104,30,0.002047964726318017,0.045254444271452685,0.5972336587346949,30,14,inf
random_addition,42,104,31,0.0020464894684011554,0.04523814174345754,0.5975237927521226,31,14,inf
random_addition,42,104,32,0.0038764056705380043,0.062260787583663,0.23764032206273922,32,14,inf
random_addition,42,104,33,0.003674760060932894,0.06061979924853673,0.27729728654516883,33,14,inf
random_addition,42,104,34,0.003687389614738042,0.06072388010279022,0.27481347463545003,34,14,inf
random_addition,42,104,35,0.0038166254912409088,0.061778843395137374,0.2493970890549927,35,14,inf
random_addition,42,104,36,0.0032527212676576544,0.05703263335720747,0.3602982379068169,36,14,inf
random_addition,42,104,37,0.0032591872290302754,0.057089291719465876,0.35902659901023526,37,14,inf
random_addition,42,104,38,0.0029892162325680827,0.054673725248679396,0.4121208877425995,38,14,inf
random_addition,42,104,39,0.002730003061985053,0.05224943121207209,0.46309947100716986,39,14,inf
random_addition,42,104,40,0.0028513826815449775,0.05339833968902945,0.43922814908151386,40,14,inf
random_addition,42,104,41,0.0030058916882165316,0.054826012879075306,0.4088413819121779,41,14,inf
random_addition,42,104,42,0.003333223878916245,0.05773407900812349,0.3444660598510848,42,14,inf
random_addition,42,104,43,0.0034921648433340557,0.05909454156970892,0.3132076744438158,43,14,inf
random_addition,42,104,44,0.003409334549666096,0.05838950718807358,0.32949762997764687,44,14,inf
random_addition,42,104,45,0.0033767878597139025,0.058110135602267375,0.3358984781289278,45,14,inf
random_addition,42,104,46,0.003376213917759443,0.058105196994412155,0.33601135336458277,46,14,inf
random_addition,42,104,47,0.0027232335918650568,0.05218461068040133,0.4644307999492643,47,14,inf
random_addition,42,104,48,0.0030417568525336865,0.0551521246420633,0.401787900558097,48,14,inf
random_addition,42,104,49,0.0030865491981093693,0.055556720548547225,0.39297874046253023,49,14,inf
random_addition,42,104,50,0.0037435971366131283,0.06118494207411762,0.263759330173734,50,14,inf
random_addition,42,104,51,0.0032400177408049625,0.05692115371990419,0.36279659784723606,51,14,inf
random_addition,42,104,52,0.0031663294547593286,0.05627014710092136,0.37728862546046094,52,14,inf
random_addition,42,104,53,0.0031866485301897908,0.056450407706143194,0.37329254117060373,53,14,inf
random_addition,42,104,54,0.003201290351191814,0.05657994654638527,0.37041298343278617,54,14,inf
random_addition,42,104,55,0.003200497879708406,0.05657294300024002,0.3705688361366085,55,14,inf
random_addition,42,104,56,0.003266322881904423,0.057151753095634986,0.35762325413630924,56,14,inf
random_addition,42,104,57,0.003287123079647603,0.05733343771001006,0.3535325491378509,57,14,inf
random_addition,42,104,58,0.003203586237044339,0.056600231775535505,0.3699614592766809,58,14,inf
random_addition,42,104,59,0.003242114103830667,0.056939565363907256,0.3623843131750557,59,14,inf
random_addition,42,104,60,0.0032448844120235324,0.056963886911125826,0.3618394859714038,60,14,inf
random_addition,42,104,61,0.003357082526713716,0.05794033592165061,0.33977385975728647,61,14,inf
random_addition,42,104,62,0.0036778584258175527,0.06064534958113073,0.27668794153426013,62,14,inf
random_addition,42,104,63,0.0037754443191434168,0.0614446443487422,0.25749605179667234,63,14,inf
random_addition,42,104,64,0.0038046448349300945,0.06168180311023742,0.251753284474891,64,14,inf
random_addition,42,104,65,0.004177644239659919,0.06463469841857328,0.17839674487898416,65,14,inf
random_addition,42,104,66,0.003394863301192023,0.058265455470561826,0.3323436417895409,66,14,inf
random_addition,42,104,67,0.0034259915473316333,0.058531970301123754,0.32622175421670296,67,14,inf
random_addition,42,104,68,0.0032858995440033685,0.05732276636732886,0.35377317778174455,68,14,inf
random_addition,42,104,69,0.0031152576192889575,0.055814492914376256,0.3873327517336157,69,14,inf
random_addition,42,104,70,0.0026617864497237064,0.05159250381328383,0.47651540292285954,70,14,inf
random_addition,42,104,71,0.0026273659081787306,0.05125783752928649,0.48328477517047885,71,14,inf
random_addition,42,104,72,0.0026289367430899586,0.05127315811504065,0.4829758443467216,72,14,inf
random_addition,42,104,73,0.0026295859719065616,0.05127948880309321,0.4828481626968636,73,14,inf
random_addition,42,104,74,0.002616261329370242,0.0511494020431348,0.48546867537174265,74,14,inf
random_addition,42,104,75,0.002578328650912007,0.05077724540492529,0.4929287677848012,75,14,inf
random_addition,42,104,76,0.0025880440453682494,0.050872822266591906,0.49101807380223195,76,14,inf
random_addition,42,104,77,0.0024956705277958536,0.04995668651738077,0.5091848631147267,77,14,inf
random_addition,42,104,78,0.0024720447999433725,0.04971966210608608,0.5138312556255886,78,14,inf
random_addition,42,104,79,0.0024403545675487017,0.04939994501564452,0.5200636671468537,79,14,inf
random_addition,42,104,80,0.0022914243970980717,0.047868824897819164,0.5493532633423225,80,14,inf
random_addition,42,104,81,0.002270413167861048,0.04764885274443707,0.5534854711955784,81,14,inf
random_addition,42,104,82,0.0022092406721687333,0.047002560272486574,0.5655160603748939,82,14,inf
random_addition,42,104,83,0.0025907386280308556,0.05089929889527807,0.49048813928416723,83,14,inf
random_addition,42,104,84,0.002856737498743962,0.05344845646736641,0.438175035175955,84,14,inf
random_addition,42,104,85,0.002826332964674943,0.053163267061712295,0.4441545927276477,85,14,inf
random_addition,42,104,86,0.002818939821282203,0.05309368909090988,0.4456085773966596,86,14,inf
random_addition,42,104,87,0.002534180619156347,0.05034064579598028,0.5016112128463723,87,14,inf
random_addition,42,104,88,0.0025724352888301365,0.0507191806797994,0.49408779550288806,88,14,inf
random_addition,42,104,89,0.0027022193875850887,0.05198287590721668,0.46856359289421967,89,14,inf
random_addition,42,104,90,0.0027019973263781496,0.0519807399560467,0.46860726492563043,90,14,inf
random_addition,42,104,91,0.002677149343350485,0.051741176478221726,0.4734940342548404,91,14,inf
random_addition,42,104,92,0.0026689971522572326,0.05166233785125517,0.47509729828460134,92,14,inf
random_addition,42,104,93,0.0026965393206964576,0.05192821314754107,0.469680672563355,93,14,inf
random_addition,42,104,94,0.002125557111872552,0.046103764617138936,0.5819738249893971,94,14,inf
random_addition,42,104,95,0.00218643138880459,0.04675929200495437,0.5700018854916069,95,14,inf
random_addition,42,104,96,0.002229081167686399,0.047213146132050965,0.5616140967883883,96,14,inf
random_addition,42,104,97,0.0022899866131006015,0.04785380458334114,0.5496360274899414,97,14,inf
random_addition,42,104,98,0.002638962042159839,0.051370828708128105,0.4810042024651128,98,14,inf
random_addition,42,104,99,0.00259620537207659,0.050952972161362575,0.48941301310174856,99,14,inf
random_addition,42,104,100,0.002574971379877305,0.05074417582222915,0.49358903099827656,100,14,inf
random_addition,42,104,101,0.0025234760176066754,0.0502342116252129,0.5037164508641265,101,14,inf
random_addition,42,104,102,0.002489827304605156,0.0498981693512413,0.5103340301855603,102,14,inf
random_addition,42,104,103,0.002490283840477754,0.04990274381712647,0.5102442448095236,103,14,inf
random_addition,42,104,104,0.002454388697233311,0.04954178738432144,0.5173036220185006,104,14,inf
random_addition,42,104,105,0.002523082017159569,0.05023028983750312,0.5037939376081599,105,14,inf
random_addition,42,104,106,0.0025487006641320776,0.05048465771035868,0.4987556043904606,106,14,inf
random_addition,42,104,107,0.002594981223277078,0.050940958209255136,0.4896537623328304,107,14,inf
random_addition,42,104,108,0.002573327625919906,0.05072797675760296,0.49391230256582563,108,14,inf
random_addition,42,104,109,0.002727642902785884,0.05222684082716361,0.4635636355863919,109,14,inf
random_addition,42,104,110,0.002615341023687854,0.05114040500121068,0.4856496687979368,110,14,inf
random_addition,42,104,111,0.0026243209773947392,0.05122812681910924,0.4838836114763556,111,14,inf
random_addition,42,104,112,0.0026257630908494266,0.05124220029281946,0.48359999586893343,112,14,inf
random_addition,42,104,113,0.0026070034671285707,0.05105882359718612,0.48728938803104704,113,14,inf
random_addition,42,104,114,0.0026083855007171712,0.0510723555430643,0.4870175881290111,114,14,inf
random_addition,42,104,115,0.002634881531737277,0.05133109712189363,0.4818067027388089,115,14,inf
random_addition,42,104,116,0.0026369162004054106,0.05135091236195722,0.4814065512886301,116,14,inf
random_addition,42,104,117,0.0026008064696916135,0.05099810260874039,0.48850813069415977,117,14,inf
random_addition,42,104,118,0.0026005388967557616,0.05099547917958769,0.48856075336436977,118,14,inf
random_addition,42,104,119,0.0025083314644484575,0.050083245346607255,0.5066948792458495,119,14,inf
random_addition,42,104,120,0.0025328186866659204,0.05032711681256855,0.5018790595329731,120,14,inf
random_addition,42,104,121,0.002453939598057054,0.049537254647962214,0.5173919448444564,121,14,inf
random_addition,42,104,122,0.002563172779401759,0.050627786633446255,0.49590942210878675,122,14,inf
random_addition,42,104,123,0.002616078163753743,0.05114761151562938,0.4855046979380764,123,14,inf
random_addition,42,104,124,0.0026364015415199474,0.0513459009222737,0.4815077675223053,124,14,inf
random_addition,42,104,125,0.0026735495119171683,0.05170637786499039,0.47420200100687304,125,14,inf
random_addition,42,104,126,0.0027264666791689757,0.05221557889336262,0.46379495953284666,126,14,inf
random_addition,42,104,127,0.0027313347907074034,0.052262173612541256,0.4628375643941477,127,14,inf
random_addition,42,104,128,0.002799552499234231,0.052910797567549774,0.44942141687960946,128,14,inf
random_addition,42,104,129,0.0027388397069743322,0.05233392501021046,0.4613615977295421,129,14,inf
random_addition,42,104,130,0.002785569326217715,0.05277849302715752,0.45217144053127034,130,14,inf
random_addition,42,104,131,0.0027855154658973456,0.0527779827759393,0.4521820330594989,131,14,inf
random_addition,42,104,132,0.0028297314905381204,0.05319522056104402,0.4434862160656783,132,14,inf
random_addition,42,104,133,0.0027263293393616017,0.05221426375389776,0.4638219696912812,133,14,inf
random_addition,42,104,134,0.002873698048629642,0.053606884339883455,0.43483946081985536,134,14,inf
random_addition,42,104,135,0.0023731830652199536,0.04871532679988869,0.5332740608038207,135,14,inf
random_addition,42,104,136,0.002532445640359685,0.05032341046033829,0.5019524252965305,136,14,inf
random_addition,42,104,137,0.0026010391528803883,0.051000383850323995,0.48846236967327283,137,14,inf
random_addition,42,104,138,0.0025979779931410204,0.050970363870988994,0.4890643976732719,138,14,inf
random_addition,42,104,139,0.0025751338598748374,0.050745776768858684,0.4935570766031183,139,14,inf
random_addition,42,104,140,0.0025744203053694155,0.05073874560303413,0.49369740897005265,140,14,inf
random_addition,42,104,141,0.002675747800242452,0.05172763091658512,0.4737696710285083,141,14,inf
random_addition,42,104,142,0.0027227872986050118,0.052180334404879125,0.46451857094510707,142,14,inf
random_addition,42,104,143,0.002690429735769595,0.05186935256748049,0.47088222410182623,143,14,inf
random_addition,42,104,144,0.0026813368597588694,0.05178162666196254,0.47267048947346824,144,14,inf
random_addition,42,104,145,0.002655535345654925,0.051531886688291596,0.47774478655544694,145,14,inf
random_addition,42,104,146,0.002614355905695054,0.05113077259043769,0.4858434086434409,146,14,inf
random_addition,42,104,147,0.0025953973023640177,0.05094504198019683,0.4895719334568883,147,14,inf
random_addition,42,104,148,0.002618697018419746,0.0511732060596143,0.4849896565906465,148,14,inf
random_addition,42,104,149,0.002670136418376921,0.05167336275468165,0.47487324264494224,149,14,inf
random_addition,42,104,150,0.0026800483819562917,0.05176918370958047,0.47292389007342817,150,14,inf
random_addition,42,105,10,0.00962854819961681,0.0981251659851682,-0.8936142210947935,10,10,inf
random_addition,42,105,11,0.009942832398965512,0.09971375230611629,-0.9554234385400338,11,11,inf
random_addition,42,105,12,0.010465879649193734,0.10230288192027502,-1.058289383727503,12,12,inf
random_addition,42,105,13,0.00981353757692789,0.09906330085822847,-0.9299954603393217,13,13,inf
random_addition,42,105,14,0.006146724339020981,0.07840104807348548,-0.20885562186652873,14,14,inf
random_addition,42,105,15,0.005952379447151862,0.07715166522604591,-0.17063446500976198,15,14,inf
random_addition,42,105,16,0.005769402077158566,0.07595658020973933,-0.13464892048378463,16,14,inf
random_addition,42,105,17,0.006720794757806218,0.08198045351061568,-0.321756122168831,17,14,inf
random_addition,42,105,18,0.006782710752856547,0.0823572143340008,-0.3339329328686209,18,14,inf
random_addition,42,105,19,0.006215852788596241,0.07884067978268731,-0.22245088176283967,19,14,inf
random_addition,42,105,20,0.004913759353644197,0.07009821220005684,0.03362745886565588,20,14,inf
random_addition,42,105,21,0.005356355103499186,0.07318712389142769,-0.05341636007216444,21,14,inf
random_addition,42,105,22,0.005817598407167142,0.0762731827523091,-0.14412753075988527,22,14,inf
random_addition,42,105,23,0.0036681191293750463,0.06056499921055928,0.27860333624015376,23,14,inf
random_addition,42,105,24,0.0031685175692347674,0.05628958668559192,0.3768582963389596,24,14,inf
random_addition,42,105,25,0.003348272384854258,0.05786425826755458,0.3415065207534267,25,14,inf
random_addition,42,105,26,0.002466180044332594,0.04966064885130474,0.5149846574051277,26,14,inf
random_addition,42,105,27,0.002306460533990954,0.04802562372308093,0.5463961568232085,27,14,inf
random_addition,42,105,28,0.0023184207066306015,0.04814998137726121,0.5440439898580904,28,14,inf
random_addition,42,105,29,0.0022840829798498326,0.047792080723168276,0.5507970752043028,29,14,inf
random_addition,42,105,30,0.0021414344793748807,0.0462756359154024,0.5788512764729807,30,14,inf
random_addition,42,105,31,0.002120592260734767,0.046049888824347525,0.5829502455800427,31,14,inf
random_addition,42,105,32,0.002302689456237664,0.0479863465606381,0.5471378020135778,32,14,inf
random_addition,42,105,33,0.002356108101490856,0.04853975794635627,0.5366321365460581,33,14,inf
random_addition,42,105,34,0.0021933412461734416,0.04683312125166805,0.5686429470610017,34,14,inf
random_addition,42,105,35,0.0023916163358193594,0.04890415458649049,0.5296488514135087,35,14,inf
random_addition,42,105,36,0.003057858973729679,0.055297911115427124,0.39862115048795277,36,14,inf
random_addition,42,105,37,0.003063181829383421,0.05534601909246428,0.39757432235210133,37,14,inf
random_addition,42,105,38,0.003185460223226981,0.05643988149550795,0.3735262415080952,38,14,inf
random_addition,42,105,39,0.0031147953335638316,0.05581035149113318,0.3874236679138289,39,14,inf
random_addition,42,105,40,0.0031151127692732143,0.055813195297108854,0.3873612388994948,40,14,inf
random_addition,42,105,41,0.003380374648445663,0.05814098940029885,0.3351930764411848,41,14,inf
random_addition,42,105,42,0.0033966343508998963,0.05828065159982253,0.33199533539447834,42,14,inf
random_addition,42,105,43,0.003210805146298558,0.05666396691283234,0.3685417406502398,43,14,inf
random_addition,42,105,44,0.0025881025107653676,0.05087339688644123,0.49100657560903294,44,14,inf
random_addition,42,105,45,0.002132828702006793,0.04618255841772728,0.5805437457912975,45,14,inf
random_addition,42,105,46,0.002112548420242557,0.04596246751690511,0.5845322006611704,46,14,inf
random_addition,42,105,47,0.0022180967603480264,0.04709667462091168,0.5637743632704181,47,14,inf
random_addition,42,105,48,0.002070060809451767,0.04549792093548635,0.5928880963108367,48,14,inf
random_addition,42,105,49,0.002135958110324986,0.0462164268450622,0.5799282955726262,49,14,inf
random_addition,42,105,50,0.0022585407495928477,0.04752410703624896,0.5558203798033314,50,14,inf
random_addition,42,105,51,0.0022589769213195716,0.047528695767079195,0.5557345993754372,51,14,inf
random_addition,42,105,52,0.0023601663082891597,0.04858154287678768,0.5358340226512015,52,14,inf
random_addition,42,105,53,0.002572378138174858,0.05071861727388532,0.4940990351302271,53,14,inf
random_addition,42,105,54,0.0025238282198972177,0.050237717104753256,0.5036471844230965,54,14,inf
random_addition,42,105,55,0.002499705908448428,0.049997058997989355,0.5083912383612513,55,14,inf
random_addition,42,105,56,0.002512719048061854,0.05012702911665376,0.5058319879195226,56,14,inf
random_addition,42,105,57,0.0024891890373344616,0.049891773243035384,0.5104595560650169,57,14,inf
random_addition,42,105,58,0.0029319292206512484,0.05414729190505513,0.42338733188358235,58,14,inf
random_addition,42,105,59,0.0028279385085741727,0.05317836504231935,0.4438388358038474,59,14,inf
random_addition,42,105,60,0.0027181459018957017,0.05213584085728072,0.4654313788401583,60,14,inf
random_addition,42,105,61,0.002646853323850935,0.05144757840609152,0.47945225061078034,61,14,inf
random_addition,42,105,62,0.002633409027513009,0.051316751918969006,0.4820962951967671,62,14,inf
random_addition,42,105,63,0.0023009270530328215,0.04796797945539109,0.5474844079299428,63,14,inf
random_addition,42,105,64,0.002056542315585781,0.04534911592948402,0.5955467330753526,64,14,inf
random_addition,42,105,65,0.0019216959811849306,0.04383715297763908,0.6220665085586509,65,14,inf
random_addition,42,105,66,0.0018497235596932084,0.04300841266186429,0.6362210828556126,66,14,inf
random_addition,42,105,67,0.0018816856044186845,0.04337840020584766,0.6299352149165771,67,14,inf
random_addition,42,105,68,0.0019224107213542882,0.043845304439064946,0.6219259430111743,68,14,inf
random_addition,42,105,69,0.0019127475685451485,0.0437349696300929,0.6238263628045475,69,14,inf
random_addition,42,105,70,0.0018434903024863042,0.04293588595203672,0.6374469566058427,70,14,inf
random_addition,42,105,71,0.0018398266081901204,0.04289320002273228,0.638167483052527,71,14,inf
random_addition,42,105,72,0.001838523404784368,0.04287800607286174,0.6384237796873831,72,14,inf
random_addition,42,105,73,0.0018688686966834328,0.04323041402396503,0.6324558730941929,73,14,inf
random_addition,42,105,74,0.001822336756379746,0.04268883643740769,0.6416071534396247,74,14,inf
random_addition,42,105,75,0.002067899139281964,0.04547415902775954,0.5933132247196053,75,14,inf
random_addition,42,105,76,0.002060920006974376,0.04539735682806187,0.594685787219638,76,14,inf
random_addition,42,105,77,0.0020815433078650056,0.045623933498384436,0.5906298719307715,77,14,inf
random_addition,42,105,78,0.002119168613305771,0.04603442856499656,0.5832302295362406,78,14,inf
random_addition,42,105,79,0.0024264782880878033,0.04925929646358952,0.5227926684021091,79,14,inf
random_addition,42,105,80,0.0024237097106878476,0.04923118636279089,0.5233371552165353,80,14,inf
random_addition,42,105,81,0.0023604086970899904,0.04858403747209561,0.5357863528602038,81,14,inf
random_addition,42,105,82,0.002176021461743342,0.0466478451993588,0.5720491708678719,82,14,inf
random_addition,42,105,83,0.0021988864405119465,0.04689228551171234,0.5675523923231083,83,14,inf
random_addition,42,105,84,0.002189274879047234,0.04678968774257031,0.5694426658201273,84,14,inf
random_addition,42,105,85,0.0021784079636055446,0.04667341816929144,0.5715798255656264,85,14,inf
random_addition,42,105,86,0.0021577449788236693,0.04645153365416119,0.5756435453520403,86,14,inf
random_addition,42,105,87,0.002153865505939704,0.04640975658134509,0.5764065082485361,87,14,inf
random_addition,42,105,88,0.002114645950104205,0.04598527971105759,0.5841196865112859,88,14,inf
random_addition,42,105,89,0.002247503001704002,0.04740783692285488,0.5579911365921908,89,14,inf
random_addition,42,105,90,0.00217952619141639,0.04668539591153094,0.5713599074594756,90,14,inf
random_addition,42,105,91,0.0023277693323987374,0.04824696189812098,0.5422054270410148,91,14,inf
random_addition,42,105,92,0.002333245297263973,0.04830367788547755,0.5411284874310083,92,14,inf
random_addition,42,105,93,0.0023060573479927876,0.048021425926275736,0.5464754500587042,93,14,inf
random_addition,42,105,94,0.002358054142585426,0.04855979965553221,0.5362494151829704,94,14,inf
random_addition,42,105,95,0.0024492101552234277,0.04948949540279662,0.5183220684749292,95,14,inf
random_addition,42,105,96,0.0023014642930058874,0.04797357911398614,0.5473787507496444,96,14,inf
random_addition,42,105,97,0.002294671867847915,0.04790273340685179,0.5487145941819254,97,14,inf
random_addition,42,105,98,0.002102776192734299,0.04585603769117322,0.5864540718091122,98,14,inf
random_addition,42,105,99,0.0023417992091846586,0.04839213995252389,0.5394462183159565,99,14,inf
random_addition,42,105,100,0.002343930080070349,0.048414151650838094,0.5390271470989042,100,14,inf
random_addition,42,105,101,0.002366673668761886,0.04864847036405036,0.5345542419327091,101,14,inf
random_addition,42,105,102,0.002364386120491109,0.04862495368112044,0.5350041263646275,102,14,inf
random_addition,42,105,103,0.002365646001034255,0.04863790703797045,0.534756349891589,103,14,inf
random_addition,42,105,104,0.0023670253397058043,0.0486520846388498,0.5344850799898342,104,14,inf
random_addition,42,105,105,0.002009928138321626,0.044832222098861285,0.6047141866874713,105,14,inf
random_addition,42,105,106,0.0020027898234850844,0.04475253985513095,0.6061180550805968,106,14,inf
random_addition,42,105,107,0.001961318923370825,0.044286780458403445,0.6142739976578058,107,14,inf
random_addition,42,105,108,0.001694677898553485,0.041166465703937775,0.6667133920559664,108,14,inf
random_addition,42,105,109,0.0017114935891500353,0.041370201705455044,0.6634063066895115,109,14,inf
random_addition,42,105,110,0.0017570004981216567,0.04191658977208972,0.6544566158119026,110,14,inf
random_addition,42,105,111,0.0017662423924335216,0.04202668666970454,0.6526390435116987,111,14,inf
random_addition,42,105,112,0.0017885900941714775,0.042291726072264745,0.6482439961024264,112,14,inf
random_addition,42,105,113,0.0018160087491101904,0.042614654159223095,0.6428516613663025,113,14,inf
random_addition,42,105,114,0.001911924561639996,0.04372555959207379,0.6239882208071608,114,14,inf
random_addition,42,105,115,0.0019293821839191743,0.04392473316844593,0.6205548888936674,115,14,inf
random_addition,42,105,116,0.0019827301986127216,0.04452785867985032,0.6100631141009842,116,14,inf
random_addition,42,105,117,0.001968331137901117,0.044365878081033365,0.6128949289881951,117,14,inf
random_addition,42,105,118,0.0020456758424610023,0.04522914815095463,0.597683805831871,118,14,inf
random_addition,42,105,119,0.002041969815370406,0.04518816012375815,0.5984126577269879,119,14,inf
random_addition,42,105,120,0.002012583230131509,0.04486182374950342,0.6041920187027168,120,14,inf
random_addition,42,105,121,0.0019912165772950825,0.04462304984304729,0.6083941265209922,121,14,inf
random_addition,42,105,122,0.001976161445861606,0.04445403745287492,0.6113549686325805,122,14,inf
random_addition,42,105,123,0.0019435276638846497,0.04408545864437218,0.6177729448797296,123,14,inf
random_addition,42,105,124,0.002026717049794311,0.04501907428850921,0.6014123678813255,124,14,inf
random_addition,42,105,125,0.0020335274634192576,0.04509465005318544,0.6000729867176885,125,14,inf
random_addition,42,105,126,0.0022860145127609325,0.0478122841198884,0.5504172071169087,126,14,inf
random_addition,42,105,127,0.002254298234315253,0.047479450653048344,0.556654741027507,127,14,inf
random_addition,42,105,128,0.002283043268434571,0.04778120204049466,0.5510015517547606,128,14,inf
random_addition,42,105,129,0.0023033859462166756,0.047993603180180956,0.5470008256697132,129,14,inf
random_addition,42,105,130,0.002454250395418682,0.04954039155495929,0.5173308213716694,130,14,inf
random_addition,42,105,131,0.002392389028051711,0.04891205401587334,0.5294968886285304,131,14,inf
random_addition,42,105,132,0.0023237783777594985,0.04820558450801627,0.5429903146797254,132,14,inf
random_addition,42,105,133,0.002431546057433445,0.049310709358449153,0.5217960072333447,133,14,inf
random_addition,42,105,134,0.0026325118644009793,0.05130800974897564,0.4822727372514113,134,14,inf
random_addition,42,105,135,0.0026320717459045687,0.05130372058539779,0.4823592938772381,135,14,inf
random_addition,42,105,136,0.002678738889360961,0.051756534750318835,0.47318142358206605,136,14,inf
random_addition,42,105,137,0.0024565212028107054,0.04956330500290215,0.5168842293121236,137,14,inf
random_addition,42,105,138,0.002485502241129729,0.049854811614624815,0.5111846258864297,138,14,inf
random_addition,42,105,139,0.0024860370683379854,0.04986017517355896,0.5110794432164791,139,14,inf
random_addition,42,105,140,0.0024800539171804382,0.04980013973053126,0.5122561294503749,140,14,inf
random_addition,42,105,141,0.0025337692652019554,0.05033655992618045,0.5016921124463734,141,14,inf
random_addition,42,105,142,0.0025026336280576894,0.05002632934823111,0.507815453583262,142,14,inf
random_addition,42,105,143,0.0025765194278132403,0.05075942698468178,0.49328458161238264,143,14,inf
random_addition,42,105,144,0.0026698937941535164,0.051671015029255196,0.4749209587357065,144,14,inf
random_addition,42,105,145,0.002682204379967542,0.05179000270291113,0.47249987718902287,145,14,inf
random_addition,42,105,146,0.002612341838653068,0.051111073542365236,0.4862395084410298,146,14,inf
random_addition,42,105,147,0.0026289937636862506,0.051273714159267327,0.48296463029764636,147,14,inf
random_addition,42,105,148,0.0026775674513508257,0.05174521670020163,0.4734118063593171,148,14,inf
random_addition,42,105,149,0.002677836621859812,0.05174781755649036,0.4733588694997669,149,14,inf
random_addition,42,105,150,0.0026800483819562917,0.05176918370958047,0.47292389007342817,150,14,inf
random_addition,42,106,10,0.00962854819961681,0.0981251659851682,-0.8936142210947935,10,10,inf
random_addition,42,106,11,0.010765227209267116,0.10375561290487911,-1.1171610625157489,11,11,inf
random_addition,42,106,12,0.011200499094834889,0.105832410417768,-1.2027645216734526,12,12,inf
random_addition,42,106,13,0.016811928840261652,0.12966082230289014,-2.3063455544855787,13,13,inf
random_addition,42,106,14,0.01239691138264622,0.11134141809158989,-1.4380589061978255,14,14,inf
random_addition,42,106,15,0.009872193966208713,0.09935891488039064,-0.9415312153251731,15,14,inf
random_addition,42,106,16,0.012133540778227236,0.11015235257690703,-1.3862626943903207,16,14,inf
random_addition,42,106,17,0.012069680686746995,0.1098620984996509,-1.373703544778107,17,14,inf
random_addition,42,106,18,0.012379939141809486,0.1112651748832917,-1.434721032621665,18,14,inf
random_addition,42,106,19,0.012590633319795676,0.11220799133660524,-1.4761575486430947,19,14,inf
random_addition,42,106,20,0.010718458551002539,0.10352998865547383,-1.1079632276443556,20,14,inf
random_addition,42,106,21,0.008528268232415596,0.09234862333795558,-0.6772258570462186,21,14,inf
random_addition,42,106,22,0.003884147333802343,0.06232292783400298,0.23611779516165743,22,14,inf
random_addition,42,106,23,0.004956131980791862,0.07039980099966094,0.025294176662721157,23,14,inf
random_addition,42,106,24,0.004916227407756494,0.07011581424868782,0.03314207495641153,24,14,inf
random_addition,42,106,25,0.006052716958621815,0.07779920924162285,-0.19036750624191012,25,14,inf
random_addition,42,106,26,0.005562589735650343,0.07458277103762198,-0.09397583219894123,26,14,inf
random_addition,42,106,27,0.006816667672542765,0.08256311326823114,-0.34061112616311506,27,14,inf
random_addition,42,106,28,0.006525156369542195,0.08077844000438604,-0.28328057772241455,28,14,inf
random_addition,42,106,29,0.005560500857083492,0.07456876596191929,-0.09356501947013474,29,14,inf
random_addition,42,106,30,0.005668712130422776,0.07529085024372335,-0.11484656699213813,30,14,inf
random_addition,42,106,31,0.005959799262085283,0.07719973615295121,-0.17209369508105943,31,14,inf
random_addition,42,106,32,0.005924701005331285,0.07697207938812155,-0.16519103886050335,32,14,inf
random_addition,42,106,33,0.004462063446665354,0.06679867847993218,0.12246097512717158,33,14,inf
random_addition,42,106,34,0.004673591267199808,0.06836366920521314,0.08086050942693546,34,14,inf
random_addition,42,106,35,0.004682210179707246,0.068426677397834,0.07916545686489851,35,14,inf
random_addition,42,106,36,0.004563032474341235,0.06755022186744641,0.10260373572478976,36,14,inf
random_addition,42,106,37,0.005131487323657469,0.0716344004208695,-0.009192369399174671,37,14,inf
random_addition,42,106,38,0.005111795311067977,0.07149682028641537,-0.005319607451228503,38,14,inf
random_addition,42,106,39,0.005474353470281209,0.0739888739627872,-0.0766227023754924,39,14,inf
random_addition,42,106,40,0.005489462406338816,0.0740909063673729,-0.07959412606171701,40,14,inf
random_addition,42,106,41,0.005152458779601371,0.07178062955701468,-0.013316755172516404,41,14,inf
random_addition,42,106,42,0.0047067713017308315,0.06860591302308301,0.0743351035254659,42,14,inf
random_addition,42,106,43,0.004228149674643956,0.06502422375272122,0.16846401068628858,43,14,inf
random_addition,42,106,44,0.0051923578902289685,0.0720580175291339,-0.021163579192825077,44,14,inf
random_addition,42,106,45,0.00614226248068084,0.07837258755892164,-0.20797812317926678,45,14,inf
random_addition,42,106,46,0.006336628779526396,0.07960294454055325,-0.24620349007415898,46,14,inf
random_addition,42,106,47,0.005828081914463896,0.07634187523544268,-0.14618928691382682,47,14,inf
random_addition,42,106,48,0.0062050527166444165,0.07877215698864934,-0.22032686790188838,48,14,inf
random_addition,42,106,49,0.006356385631260455,0.07972694419868641,-0.25008900371879794,49,14,inf
random_addition,42,106,50,0.00511029094299056,0.07148629898792187,-0.005023748436338682,50,14,inf
random_addition,42,106,51,0.00375521960095644,0.06127984661335601,0.2614735791645072,51,14,inf
random_addition,42,106,52,0.0033678987721014403,0.05803360037169364,0.33764666512104213,52,14,inf
random_addition,42,106,53,0.00304011320110643,0.05513722155773203,0.40211115196138747,53,14,inf
random_addition,42,106,54,0.002998512769122637,0.05475867756915462,0.41029256913613155,54,14,inf
random_addition,42,106,55,0.003008249273267127,0.0548475092713163,0.40837772358210633,55,14,inf
random_addition,42,106,56,0.002946034839605827,0.05427738792172876,0.4206132272007188,56,14,inf
random_addition,42,106,57,0.002882945030300861,0.05369306314879847,0.43302088800578153,57,14,inf
random_addition,42,106,58,0.0030830732117822436,0.055525428515070856,0.39366235101366587,58,14,inf
random_addition,42,106,59,0.0033670115660412855,0.05802595596835338,0.3378211489557512,59,14,inf
random_addition,42,106,60,0.002715958438852946,0.052114858139046545,0.46586157984658283,60,14,inf
random_addition,42,106,61,0.0025984605659914077,0.0509750975084051,0.4889694916923013,61,14,inf
random_addition,42,106,62,0.0026480110604981282,0.05145882879057906,0.4792245624345406,62,14,inf
random_addition,42,106,63,0.002718837610655286,0.052142474151648056,0.46529534280265306,63,14,inf
random_addition,42,106,64,0.0028746628778642497,0.05361588270153024,0.4346497110962517,64,14,inf
random_addition,42,106,65,0.0028931985326590298,0.053788460961985425,0.43100436615026116,65,14,inf
random_addition,42,106,66,0.00279188556335288,0.052838296370652224,0.45092924739737394,66,14,inf
random_addition,42,106,67,0.002553615268233078,0.050533308502739835,0.49778906571570214,67,14,inf
random_addition,42,106,68,0.002364096832156292,0.04862197890004367,0.535061019729385,68,14,inf
random_addition,42,106,69,0.002347960913626539,0.048455762439843404,0.5382344166075959,69,14,inf
random_addition,42,106,70,0.002409732807189692,0.049089029397510926,0.5260859458630869,70,14,inf
random_addition,42,106,71,0.0025079007964319963,0.05007894564017893,0.5067795772775398,71,14,inf
random_addition,42,106,72,0.0025986100163000007,0.050976563402214556,0.48894009980228514,72,14,inf
random_addition,42,106,73,0.0026648999317993613,0.051622668778351255,0.4759030848647936,73,14,inf
random_addition,42,106,74,0.002654011163360789,0.05151709583585617,0.4780445423657603,74,14,inf
random_addition,42,106,75,0.002646827703418929,0.05144732940997938,0.4794572892950546,75,14,inf
random_addition,42,106,76,0.0028174608871828007,0.05307975967525475,0.4458994343965552,76,14,inf
random_addition,42,106,77,0.0027075392932829423,0.05203402053736519,0.4675173449162805,77,14,inf
random_addition,42,106,78,0.002631157976835158,0.051294814326939116,0.482539001769722,78,14,inf
random_addition,42,106,79,0.002421507495628888,0.0492088152227717,0.5237702574524177,79,14,inf
random_addition,42,106,80,0.0024351184681666105,0.04934691954080427,0.5210934332182733,80,14,inf
random_addition,42,106,81,0.002273601368630403,0.04768229617615329,0.5528584584630882,81,14,inf
random_addition,42,106,82,0.002277062720959442,0.04771857836272412,0.5521777259311839,82,14,inf
random_addition,42,106,83,0.0022697549050004584,0.047641944807075814,0.5536149295405116,83,14,inf
random_addition,42,106,84,0.0019393676389314412,0.044038251996774816,0.6185910830089876,84,14,inf
random_addition,42,106,85,0.0019520712552195895,0.044182250454448214,0.6160927054795978,85,14,inf
random_addition,42,106,86,0.0019654485649585217,0.04433337980527225,0.6134618349229505,86,14,inf
random_addition,42,106,87,0.001956551586252228,0.04423292423356417,0.6152115738299734,87,14,inf
random_addition,42,106,88,0.0018723921670190078,0.04327114704995706,0.6317629240226688,88,14,inf
random_addition,42,106,89,0.0017238171223117969,0.041518876698578885,0.6609826788314536,89,14,inf
random_addition,42,106,90,0.0016920779466390197,0.041134875065314346,0.6672247158627673,90,14,inf
random_addition,42,106,91,0.0017014476128461558,0.04124860740493133,0.6653820150932525,91,14,inf
random_addition,42,106,92,0.0016041630333604024,0.04005200411165966,0.6845146464503641,92,14,inf
random_addition,42,106,93,0.00164389208805592,0.04054493911767435,0.6767012667588048,93,14,inf
random_addition,42,106,94,0.001699416343594827,0.04122397777501374,0.6657814979915508,94,14,inf
random_addition,42,106,95,0.0016323691379496296,0.04040258825805136,0.6789674466374189,95,14,inf
random_addition,42,106,96,0.0016895293187614078,0.04110388447289876,0.6677259459436964,96,14,inf
random_addition,42,106,97,0.0016928721403603928,0.041144527465513475,0.6670685244521913,97,14,inf
random_addition,42,106,98,0.0014646780961965716,0.03827111307757552,0.7119466803526772,98,14,inf
random_addition,42,106,99,0.0014268844526926431,0.03777412411549265,0.7193794292284499,99,14,inf
random_addition,42,106,100,0.0014687552746272148,0.03832434310757609,0.7111448353706358,100,14,inf
random_addition,42,106,101,0.0014522234718122268,0.03810804996076586,0.714396089480995,101,14,inf
random_addition,42,106,102,0.0014749649018139248,0.038405271797162494,0.7099236088570768,102,14,inf
random_addition,42,106,103,0.0015093801125219272,0.03885074146682309,0.7031552850072529,103,14,inf
random_addition,42,106,104,0.001524053534114249,0.03903912824480394,0.7002695124875239,104,14,inf
random_addition,42,106,105,0.001666158328424909,0.04081860272504326,0.6723222400832454,105,14,inf
random_addition,42,106,106,0.0017277002333743493,0.041565613593141496,0.6602190004266,106,14,inf
random_addition,42,106,107,0.0017355302097681598,0.04165969526734635,0.6586791052790899,107,14,inf
random_addition,42,106,108,0.0017339606407684636,0.04164085302642663,0.6589877871402798,108,14,inf
random_addition,42,106,109,0.001714670164347443,0.04140857597584639,0.6627815803191925,109,14,inf
random_addition,42,106,110,0.0016182262471700626,0.04022718293853129,0.6817488814448642,110,14,inf
random_addition,42,106,111,0.0015975565619277977,0.039969445354267774,0.6858139189883086,111,14,inf
random_addition,42,106,112,0.0016042733290032446,0.04005338099340984,0.6844929549768957,112,14,inf
random_addition,42,106,113,0.0016041791483034974,0.040052205286394624,0.6845114771786542,113,14,inf
random_addition,42,106,114,0.0016063468388831388,0.04007925696520756,0.684085164756112,114,14,inf
random_addition,42,106,115,0.0015485153019789391,0.039351179168850066,0.6954586987966769,115,14,inf
random_addition,42,106,116,0.001590496657603244,0.03988103130064773,0.6872023666495122,116,14,inf
random_addition,42,106,117,0.0013930653294983338,0.03732379039564891,0.7260305225498969,117,14,inf
random_addition,42,106,118,0.0014130750739270467,0.0375908908371037,0.7220952733487565,118,14,inf
random_addition,42,106,119,0.0014866496574489903,0.038557096071268,0.7076256072288087,119,14,inf
random_addition,42,106,120,0.0015087917448117411,0.03884316857327349,0.703270997307814,120,14,inf
random_addition,42,106,121,0.0015072339462777527,0.03882311098144703,0.7035773643110635,121,14,inf
random_addition,42,106,122,0.0014772898799453472,0.03843552887557744,0.7094663632202352,122,14,inf
random_addition,42,106,123,0.0015432193494365311,0.03928383063598217,0.6965002359880206,123,14,inf
random_addition,42,106,124,0.0015433924727619162,0.039286034067616396,0.6964661884053367,124,14,inf
random_addition,42,106,125,0.0015351356375266402,0.03918080700453527,0.6980900324468899,125,14,inf
random_addition,42,106,126,0.0015355179200990416,0.03918568514265179,0.6980148502179009,126,14,inf
random_addition,42,106,127,0.0014909270219604428,0.038612524159402514,0.7067843923229089,127,14,inf
random_addition,42,106,128,0.0015227857680125737,0.03902288774568809,0.7005188397868616,128,14,inf
random_addition,42,106,129,0.0015097306857828508,0.03885525300114324,0.7030863389420041,129,14,inf
random_addition,42,106,130,0.0015106348614970827,0.03886688643944975,0.7029085177424482,130,14,inf
random_addition,42,106,131,0.0018409977606573726,0.042906849810460015,0.6379371564320353,131,14,inf
random_addition,42,106,132,0.0017721181518791606,0.04209653372760233,0.6514834776449321,132,14,inf
random_addition,42,106,133,0.0017000597795674773,0.04123178118354187,0.6656549556008482,133,14,inf
random_addition,42,106,134,0.0018904516341144318,0.043479324214095505,0.6282112293114506,134,14,inf
random_addition,42,106,135,0.0018697967770429011,0.04324114680536238,0.6322733506483815,135,14,inf
random_addition,42,106,136,0.001988050318796614,0.04458755789227096,0.6090168239407965,136,14,inf
random_addition,42,106,137,0.0021951740164989648,0.04685268419737512,0.5682825022794562,137,14,inf
random_addition,42,106,138,0.002428810267881004,0.04928296123287443,0.5223340457719721,138,14,inf
random_addition,42,106,139,0.0024905400138293407,0.049905310477236196,0.5101938640572468,139,14,inf
random_addition,42,106,140,0.002503002382204239,0.05003001481315231,0.5077429319443277,140,14,inf
random_addition,42,106,141,0.002489567442462403,0.049895565358680956,0.510385136400001,141,14,inf
random_addition,42,106,142,0.0024602733561391843,0.049601142689853266,0.5161463059247933,142,14,inf
random_addition,42,106,143,0.0026707559321976046,0.05167935692515537,0.474751404943485,143,14,inf
random_addition,42,106,144,0.0026855648653897,0.05182243592682324,0.4718389818127673,144,14,inf
random_addition,42,106,145,0.002683574053330951,0.05180322435264962,0.47223050813094314,145,14,inf
random_addition,42,106,146,0.0027019726934984483,0.05198050301313415,0.46861210939131115,146,14,inf
random_addition,42,106,147,0.0027038942658996895,0.05199898331601965,0.46823420020392215,147,14,inf
random_addition,42,106,148,0.0026298860840066125,0.05128241495880057,0.48278914065856693,148,14,inf
random_addition,42,106,149,0.0026368259216617085,0.05135003331704575,0.4814243061058042,149,14,inf
random_addition,42,106,150,0.0026800483819562917,0.05176918370958047,0.47292389007342817,150,14,inf
random_addition,42,107,10,0.00962854819961681,0.0981251659851682,-0.8936142210947935,10,10,inf
random_addition,42,107,11,0.010254831709802247,0.10126614295904751,-1.016783294639184,11,11,inf
random_addition,42,107,12,0.007967086718315131,0.08925853862973072,-0.5668601743196744,12,12,inf
random_addition,42,107,13,0.007440421587869011,0.08625787841043281,-0.46328271278635547,13,13,inf
random_addition,42,107,14,0.005723687068665091,0.0756550531601498,-0.12565830337245742,14,14,inf
random_addition,42,107,15,0.00562564750229109,0.0750043165577228,-0.10637719128089995,15,14,inf
random_addition,42,107,16,0.005100284725077839,0.07141627773188575,-0.0030558591817928527,16,14,inf
random_addition,42,107,17,0.0070974482022297235,0.08424635423702158,-0.3958312894731886,17,14,inf
random_addition,42,107,18,0.005794036891071544,0.07611857126267901,-0.13949376655948842,18,14,inf
random_addition,42,107,19,0.0067111913114648175,0.08192186101075108,-0.3198674446458456,19,14,inf
random_addition,42,107,20,0.006046487473440831,0.07775916327636782,-0.18914237432334335,20,14,inf
random_addition,42,107,21,0.0066238166712954145,0.08138683352542606,-0.30268376775524164,21,14,inf
random_addition,42,107,22,0.006589831396283425,0.08117777649260557,-0.2959999979141059,22,14,inf
random_addition,42,107,23,0.007026311091780911,0.08382309402414655,-0.38184099299226926,23,14,inf
random_addition,42,107,24,0.006094361351364775,0.07806639066438754,-0.19855756903144517,24,14,inf
random_addition,42,107,25,0.006653946042238514,0.08157172330065433,-0.3086092098995479,25,14,inf
random_addition,42,107,26,0.00732680627272467,0.08559676555060168,-0.4409383705209189,26,14,inf
random_addition,42,107,27,0.00436855183355042,0.06609502124631189,0.14085158986585056,27,14,inf
random_addition,42,107,28,0.004372332998456166,0.06612361906653451,0.14010796086910193,28,14,inf
random_addition,42,107,29,0.004538514619359856,0.06736849871683245,0.10742557988041512,29,14,inf
random_addition,42,107,30,0.0056184629775701276,0.0749564071815754,-0.10496423494507745,30,14,inf
random_addition,42,107,31,0.005192258390260203,0.07205732711015725,-0.02114401086830231,31,14,inf
random_addition,42,107,32,0.0038073236410286213,0.06170351400875498,0.25122645268067223,32,14,inf
random_addition,42,107,33,0.0039010415187242958,0.06245831825084867,0.23279527257997812,33,14,inf
random_addition,42,107,34,0.0037696009503809724,0.06139707607354745,0.25864524749661244,34,14,inf
random_addition,42,107,35,0.003689154160752548,0.060738407624439314,0.27446644729990866,35,14,inf
random_addition,42,107,36,0.0026969820552905357,0.05193247592105094,0.46959360143839035,36,14,inf
random_addition,42,107,37,0.002752809552750684,0.05246722360436736,0.45861419510142276,37,14,inf
random_addition,42,107,38,0.002702700161669399,0.05198750005212213,0.4684690406705293,38,14,inf
random_addition,42,107,39,0.003295386301871559,0.057405455331976586,0.3519074489886952,39,14,inf
random_addition,42,107,40,0.003300631760747537,0.05745112497373343,0.35087584221706214,40,14,inf
random_addition,42,107,41,0.0032631949771439197,0.05712438163467434,0.35823840865534196,41,14,inf
random_addition,42,107,42,0.0030270231057954464,0.05501838879679635,0.4046855370215724,42,14,inf
random_addition,42,107,43,0.003183701680774619,0.05642430044559364,0.37387208814324246,43,14,inf
random_addition,42,107,44,0.0032033601741137,0.0565982347261264,0.37000591831364527,44,14,inf
random_addition,42,107,45,0.002866149129423105,0.0535364280599958,0.43632408139473733,45,14,inf
random_addition,42,107,46,0.0029551010728351207,0.05436084135510708,0.4188302015753773,46,14,inf
random_addition,42,107,47,0.0029914884817197175,0.05469450138468873,0.41167401213703536,47,14,inf
random_addition,42,107,48,0.0029390730144035395,0.05421321807828364,0.4219823859705064,48,14,inf
random_addition,42,107,49,0.0029613938996228086,0.05441869071948358,0.4175926124758569,49,14,inf
random_addition,42,107,50,0.0031149988987513554,0.0558121751838374,0.3873836334324072,50,14,inf
random_addition,42,107,51,0.0030192180793895134,0.05494741194441748,0.40622052533880215,51,14,inf
random_addition,42,107,52,0.0030410394335293814,0.055145620257001204,0.4019289929430414,52,14,inf
random_addition,42,107,53,0.0028306349627810834,0.05320371192671695,0.44330853321545305,53,14,inf
random_addition,42,107,54,0.002733293386928179,0.052280908436332464,0.4624523738565761,54,14,inf
random_addition,42,107,55,0.0027490149073698964,0.052431049077525584,0.45936047525790136,55,14,inf
random_addition,42,107,56,0.002768129768234765,0.05261301899943364,0.4556012198003232,56,14,inf
random_addition,42,107,57,0.0025235679074102103,0.050235126230658664,0.5036983792052283,57,14,inf
random_addition,42,107,58,0.0025304895903312486,0.05030397191406707,0.5023371150830102,58,14,inf
random_addition,42,107,59,0.002554089798597098,0.050538003508222386,0.4976957414235015,59,14,inf
random_addition,42,107,60,0.002561839240650821,0.05061461489185531,0.4961716846940494,60,14,inf
random_addition,42,107,61,0.0026163923624796604,0.05115068291313089,0.4854429055304037,61,14,inf
random_addition,42,107,62,0.0026163692139588445,0.05115045663490058,0.4854474580722101,62,14,inf
random_addition,42,107,63,0.002552219104782957,0.05051949232507149,0.49806364449012497,63,14,inf
random_addition,42,107,64,0.0025247147048782443,0.05024653923284911,0.5034728424005965,64,14,inf
random_addition,42,107,65,0.0023560286563510543,0.04853893958824249,0.5366477607547557,65,14,inf
random_addition,42,107,66,0.0024334781588376737,0.04933029656142028,0.5214160273423171,66,14,inf
random_addition,42,107,67,0.00269354680914802,0.05189939122136232,0.4702691997543117,67,14,inf
random_addition,42,107,68,0.002662182014128694,0.05159633721620842,0.4764376086004847,68,14,inf
random_addition,42,107,69,0.002743675612847254,0.0523801070335605,0.4604105363708624,69,14,inf
random_addition,42,107,70,0.002738771983478425,0.052333277973756094,0.4613749166819213,70,14,inf
random_addition,42,107,71,0.002392728629653327,0.04891552544594944,0.5294301003226514,71,14,inf
random_addition,42,107,72,0.0023791726884471727,0.04877676381687466,0.5320961017297297,72,14,inf
random_addition,42,107,73,0.0023266654673377825,0.04823552080508495,0.5424225204734056,73,14,inf
random_addition,42,107,74,0.002211587787107144,0.04702752159222452,0.5650544611666046,74,14,inf
random_addition,42,107,75,0.0022138806689697616,0.04705189336222042,0.5646035277951005,75,14,inf
random_addition,42,107,76,0.00224306407406153,0.04736099739301876,0.5588641255761926,76,14,inf
random_addition,42,107,77,0.00236320878070605,0.048612845840436555,0.5352356698241219,77,14,inf
random_addition,42,107,78,0.0023394935496395034,0.04836831142017988,0.5398996646313503,78,14,inf
random_addition,42,107,79,0.002318534443701296,0.04815116243354148,0.5440216215705701,79,14,inf
random_addition,42,107,80,0.0024331799257514353,0.0493272736500958,0.521474679841281,80,14,inf
random_addition,42,107,81,0.002486142807853954,0.049861235522738044,0.5110586477811738,81,14,inf
random_addition,42,107,82,0.0024781422912036545,0.04978094305257439,0.5126320825078874,82,14,inf
random_addition,42,107,83,0.002594398021790905,0.05093523359906092,0.48976845860947416,83,14,inf
random_addition,42,107,84,0.0025304717321977467,0.05030379441153268,0.50234062718212,84,14,inf
random_addition,42,107,85,0.002707708378951374,0.05203564527274908,0.46748409140602254,85,14,inf
random_addition,42,107,86,0.0028749738008525005,0.053618782164951306,0.43458856291689896,86,14,inf
random_addition,42,107,87,0.0029132749855217566,0.05397476248694159,0.42705599762555346,87,14,inf
random_addition,42,107,88,0.0023623503990564446,0.04860401628524586,0.5354044848588625,88,14,inf
random_addition,42,107,89,0.0023765715633892017,0.04875009295774934,0.532607656254722,89,14,inf
random_addition,42,107,90,0.002384801244614731,0.04883442683819204,0.5309891525010242,90,14,inf
random_addition,42,107,91,0.002379220935172606,0.04877725838105916,0.5320866132083547,91,14,inf
random_addition,42,107,92,0.002391199127342441,0.04889988882750595,0.529730902402783,92,14,inf
random_addition,42,107,93,0.002369410676462742,0.04867659269569658,0.534015963824926,93,14,inf
random_addition,42,107,94,0.0023390389372137206,0.04836361170563795,0.5399890717295652,94,14,inf
random_addition,42,107,95,0.002385330702878783,0.048839847490330913,0.5308850257232899,95,14,inf
random_addition,42,107,96,0.0024501545106116085,0.0494990354513258,0.5181363452739074,96,14,inf
random_addition,42,107,97,0.0024740266700382626,0.04973958855919762,0.5134414878933986,97,14,inf
random_addition,42,107,98,0.0022071610622528474,0.046980432759318506,0.5659250502692591,98,14,inf
random_addition,42,107,99,0.002194023183018301,0.046840401183362,0.5685088328331303,99,14,inf
random_addition,42,107,100,0.0020196717470353175,0.04494075819381909,0.6027979439016935,100,14,inf
random_addition,42,107,101,0.002013177792983277,0.04486844986160406,0.6040750880244773,101,14,inf
random_addition,42,107,102,0.0021278617111262863,0.04612875145856742,0.5815205871979543,102,14,inf
random_addition,42,107,103,0.0021288887328886463,0.04613988223748134,0.5813186062788935,103,14,inf
random_addition,42,107,104,0.002126493591938294,0.04611391971995326,0.5817896506015771,104,14,inf
random_addition,42,107,105,0.0021190500487141732,0.04603314076525925,0.5832535472360759,105,14,inf
random_addition,42,107,106,0.0022428809421265006,0.04735906399124143,0.5589001415185049,106,14,inf
random_addition,42,107,107,0.0017705449067085262,0.04207784341798575,0.6517928824863078,107,14,inf
random_addition,42,107,108,0.001793822825144455,0.04235354560298884,0.6472148924847089,108,14,inf
random_addition,42,107,109,0.0017395334828177247,0.04170771490764898,0.6578917950200123,109,14,inf
random_addition,42,107,110,0.00176714852520881,0.04203746573247262,0.6524608374235207,110,14,inf
random_addition,42,107,111,0.0017490548715442897,0.041821703355366696,0.6560192554924111,111,14,inf
random_addition,42,107,112,0.0017630737698107527,0.041988972002309756,0.6532622058758852,112,14,inf
random_addition,42,107,113,0.0017651824338165045,0.042014074234909715,0.652847502011292,113,14,inf
random_addition,42,107,114,0.0017151733678817255,0.04141465160884159,0.6626826169709423,114,14,inf
random_addition,42,107,115,0.0016649213507479994,0.040803447780157,0.6725655123265382,115,14,inf
random_addition,42,107,116,0.0015334654861295012,0.039159487817507284,0.6984184955102133,116,14,inf
random_addition,42,107,117,0.0015271835366023024,0.03907919570055533,0.6996539454154624,117,14,inf
random_addition,42,107,118,0.0017932025678434333,0.04234622259238046,0.647336876403946,118,14,inf
random_addition,42,107,119,0.00180408545048094,0.04247452707777851,0.6451965764436978,119,14,inf
random_addition,42,107,120,0.0017781107809299267,0.042167650882280916,0.650304927425624,120,14,inf
random_addition,42,107,121,0.001768897098292223,0.04205825838396335,0.652116951430666,121,14,inf
random_addition,42,107,122,0.0016968707819728698,0.041193091435007274,0.6662821250422835,122,14,inf
random_addition,42,107,123,0.0016788698476270388,0.040974014297198644,0.6698223083143178,123,14,inf
random_addition,42,107,124,0.0016930460875530322,0.04114664126697381,0.6670343148423028,124,14,inf
random_addition,42,107,125,0.0016465566858262313,0.04057778562004377,0.6761772292687542,125,14,inf
random_addition,42,107,126,0.0018049510491454407,0.042484715476809314,0.6450263420628879,126,14,inf
random_addition,42,107,127,0.0018000443055184018,0.04242692901352161,0.6459913348446447,127,14,inf
random_addition,42,107,128,0.0016142485130716765,0.04017771164553398,0.6825311690442281,128,14,inf
random_addition,42,107,129,0.0016109879922486057,0.0401371148969206,0.6831724047186767,129,14,inf
random_addition,42,107,130,0.0019615258813602985,0.044289116962977465,0.614233295925425,130,14,inf
random_addition,42,107,131,0.0020961668910025777,0.04578391519958268,0.5877539009724737,131,14,inf
random_addition,42,107,132,0.0020948410906849475,0.0457694340218988,0.58801464166606,132,14,inf
random_addition,42,107,133,0.002350078744909123,0.04847761075908262,0.5378179098454716,133,14,inf
random_addition,42,107,134,0.002302421811534939,0.047983557720691565,0.5471904387979375,134,14,inf
random_addition,42,107,135,0.0022789812651891365,0.04773867682696219,0.5518004122841178,135,14,inf
random_addition,42,107,136,0.0023036546082678827,0.04799640203460966,0.546947988806846,136,14,inf
random_addition,42,107,137,0.0024763725567968652,0.04976316465817729,0.5129801302271053,137,14,inf
random_addition,42,107,138,0.00255913436325521,0.050587887515246274,0.4967036438426623,138,14,inf
random_addition,42,107,139,0.0025760336924108805,0.050754642077458105,0.4933801095618231,139,14,inf
random_addition,42,107,140,0.0025601103395837747,0.050597532939697515,0.496511701857546,140,14,inf
random_addition,42,107,141,0.0024178305366255623,0.049171440253724136,0.5244933926244841,141,14,inf
random_addition,42,107,142,0.002399098010913466,0.04898058810297674,0.5281774555122682,142,14,inf
random_addition,42,107,143,0.0024167906009569156,0.049160864526134156,0.5246979132781016,143,14,inf
random_addition,42,107,144,0.0025947187757851455,0.0509383821473076,0.489705376999207,144,14,inf
random_addition,42,107,145,0.0026396504894606607,0.05137752903225943,0.48086880784774333,145,14,inf
random_addition,42,107,146,0.0026422273253364705,0.051402600375238514,0.48036203019459156,146,14,inf
random_addition,42,107,147,0.002665235436646311,0.05162591826443682,0.4758371022538892,147,14,inf
random_addition,42,107,148,0.0026537988151732967,0.051515034845890345,0.47808630417027353,148,14,inf
random_addition,42,107,149,0.0026989049425095273,0.051950985962823916,0.46921543367021223,149,14,inf
random_addition,42,107,150,0.0026800483819562917,0.05176918370958047,0.47292389007342817,150,14,inf
random_addition,42,108,10,0.00962854819961681,0.0981251659851682,-0.8936142210947935,10,10,inf
random_addition,42,108,11,0.005803404509759283,0.07618007948118251,-0.1413360646502435,11,11,inf
random_addition,42,108,12,0.0058022307115997195,0.07617237498988541,-0.14110521771033468,12,12,inf
random_addition,42,108,13,0.007474567859017493,0.08645558315700319,-0.4699981451966846,13,13,inf
random_addition,42,108,14,0.01127572040988417,0.1061871951314478,-1.217558044949624,14,14,inf
random_addition,42,108,15,0.011555296805859839,0.1074955664474579,-1.272541395328763,15,14,inf
random_addition,42,108,16,0.011705555348796252,0.10819221482526481,-1.3020922380774858,16,14,inf
random_addition,42,108,17,0.013428138536812392,0.11587984525711273,-1.6408668855343045,17,14,inf
random_addition,42,108,18,0.016552472847788248,0.12865641393956326,-2.2553192162557454,18,14,inf
random_addition,42,108,19,0.016488512600236545,0.1284076033583547,-2.242740369285496,19,14,inf
random_addition,42,108,20,0.016656453822742046,0.1290598846378767,-2.2757688052086933,20,14,inf
random_addition,42,108,21,0.01541601081947779,0.12416122913163267,-2.031815047825809,21,14,inf
random_addition,42,108,22,0.013958355018871323,0.11814548243107446,-1.7451427794562564,22,14,inf
random_addition,42,108,23,0.011984052069757707,0.10947169529041609,-1.3568632523994442,23,14,inf
random_addition,42,108,24,0.012187795063033564,0.11039834719339581,-1.396932702280885,24,14,inf
random_addition,42,108,25,0.009933616671255311,0.09966753067702296,-0.9536110123374555,25,14,inf
random_addition,42,108,26,0.006897618736509377,0.08305190387046751,-0.3565314999060676,26,14,inf
random_addition,42,108,27,0.007055421228843029,0.08399655486294083,-0.38756598583397683,27,14,inf
random_addition,42,108,28,0.006745618852535213,0.08213171648355592,-0.3266381934666096,28,14,inf
random_addition,42,108,29,0.006257884441275488,0.07910679137264694,-0.23071710566279435,29,14,inf
random_addition,42,108,30,0.005222608572606889,0.07226761773164304,-0.02711287924939354,30,14,inf
random_addition,42,108,31,0.004881263134539271,0.06986603706050079,0.040018381084994115,31,14,inf
random_addition,42,108,32,0.004849679005418663,0.06963963674100163,0.04622992563187156,32,14,inf
random_addition,42,108,33,0.004187476257587425,0.06471071207757975,0.17646311495019318,33,14,inf
random_addition,42,108,34,0.004155486459838208,0.06446306275564487,0.18275444098315363,34,14,inf
random_addition,42,108,35,0.0042185455603805265,0.06495033148784174,0.170352819567255,35,14,inf
random_addition,42,108,36,0.0036750087231826253,0.06062185021246568,0.2772483829760556,36,14,inf
random_addition,42,108,37,0.0037094755729765853,0.06090546422921826,0.2704699034407111,37,14,inf
random_addition,42,108,38,0.003837271693730905,0.06194571570117586,0.2453366697855316,38,14,inf
random_addition,42,108,39,0.006587343129055544,0.08116244900848879,-0.2955106387593387,39,14,inf
random_addition,42,108,40,0.0072626423088704515,0.08522113768819595,-0.4283194593499704,40,14,inf
random_addition,42,108,41,0.007283786573521353,0.08534510280924942,-0.4324778308310553,41,14,inf
random_addition,42,108,42,0.00753600285196405,0.08681015408328711,-0.48208035882896283,42,14,inf
random_addition,42,108,43,0.007557204162929267,0.08693218139980882,-0.4862499494170005,43,14,inf
random_addition,42,108,44,0.007905940876438871,0.08891535793348004,-0.5548348270568018,44,14,inf
random_addition,42,108,45,0.007373948615249308,0.08587169856972265,-0.4502096966201048,45,14,inf
random_addition,42,108,46,0.00697381254558493,0.08350935603622464,-0.3715162803146643,46,14,inf
random_addition,42,108,47,0.006943274794524136,0.0833263151382811,-0.3655105234248277,47,14,inf
random_addition,42,108,48,0.007121403793735636,0.08438841030458884,-0.4005425551603812,48,14,inf
random_addition,42,108,49,0.006970161640106597,0.08348749391439772,-0.37079826900181456,49,14,inf
random_addition,42,108,50,0.006525685551763935,0.08078171545445129,-0.2833846502118347,50,14,inf
random_addition,42,108,51,0.006795677449047024,0.08243589903098664,-0.336483049438415,51,14,inf
random_addition,42,108,52,0.006865539355038327,0.08285855028322862,-0.35022255574354855,52,14,inf
random_addition,42,108,53,0.007158153462371699,0.08460587132328169,-0.4077699890067983,53,14,inf
random_addition,42,108,54,0.007136015217301626,0.08447493839773798,-0.40341613473659366,54,14,inf
random_addition,42,108,55,0.007141269180515249,0.08450603043875182,-0.4044494140277355,55,14,inf
random_addition,42,108,56,0.006844871074644823,0.08273373601285526,-0.3461577944869896,56,14,inf
random_addition,42,108,57,0.0063743363030264065,0.07983944077350746,-0.253619302018137,57,14,inf
random_addition,42,108,58,0.005767412212142107,0.07594348037943816,-0.1342575804172339,58,14,inf
random_addition,42,108,59,0.005780797056893575,0.07603155303486556,-0.1368899328594777,59,14,inf
random_addition,42,108,60,0.004409137748198815,0.06640133845186266,0.13286969440653307,60,14,inf
random_addition,42,108,61,0.0043864905687536,0.06623058635369009,0.1373236390902033,61,14,inf
random_addition,42,108,62,0.00439524133348676,0.06629661630495752,0.1356026555939761,62,14,inf
random_addition,42,108,63,0.004331421136360821,0.06581353307915341,0.14815395931758013,63,14,inf
random_addition,42,108,64,0.0043753023558484126,0.06614606833250494,0.139523987328242,64,14,inf
random_addition,42,108,65,0.005227577123529241,0.07230198561263197,-0.028090027464237943,65,14,inf
random_addition,42,108,66,0.004970858199072526,0.07050431333665001,0.022398020795700413,66,14,inf
random_addition,42,108,67,0.004948779128973097,0.07034755950971645,0.026740237323264804,67,14,inf
random_addition,42,108,68,0.004947688731129976,0.07033980900691994,0.026954682203176095,68,14,inf
random_addition,42,108,69,0.004571415264313634,0.06761224197076765,0.10095512058831291,69,14,inf
random_addition,42,108,70,0.004634510255551947,0.06807723742597042,0.08854644066983086,70,14,inf
random_addition,42,108,71,0.004800035954991758,0.0692822917850713,0.05599305755145367,71,14,inf
random_addition,42,108,72,0.00494430964888518,0.07031578520421414,0.02761923495405172,72,14,inf
random_addition,42,108,73,0.004898525375513352,0.06998946617537065,0.036623474156264435,73,14,inf
random_addition,42,108,74,0.004949460538494041,0.07035240250690833,0.026606226802415978,74,14,inf
random_addition,42,108,75,0.004694078189999499,0.068513343152991,0.07683141515896363,75,14,inf
random_addition,42,108,76,0.004605963868478657,0.06786725181174391,0.09416056269551798,76,14,inf
random_addition,42,108,77,0.004428254398609124,0.06654513054017645,0.1291100870050662,77,14,inf
random_addition,42,108,78,0.004650657290122468,0.06819572779963909,0.08537085763723384,78,14,inf
random_addition,42,108,79,0.004745439222798699,0.06888714845890125,0.06673041341889319,79,14,inf
random_addition,42,108,80,0.004774373957432581,0.06909684477190388,0.06103991638336881,80,14,inf
random_addition,42,108,81,0.004674822056363557,0.06837267039076035,0.08061845425773162,81,14,inf
random_addition,42,108,82,0.004750263335429783,0.06892215416997487,0.06578167139745872,82,14,inf
random_addition,42,108,83,0.004667792307055465,0.06832124345366868,0.08200097143317298,83,14,inf
random_addition,42,108,84,0.004789205758295666,0.06920408772822359,0.05812299594463621,84,14,inf
random_addition,42,108,85,0.0047694464324344,0.06906117890996649,0.062008996167559616,85,14,inf
random_addition,42,108,86,0.004330448893399203,0.06580614631931582,0.1483451670739636,86,14,inf
random_addition,42,108,87,0.004352485425666573,0.06597336906408958,0.14401131631889696,87,14,inf
random_addition,42,108,88,0.004502673765272216,0.06710196543524054,0.11447428022334327,88,14,inf
random_addition,42,108,89,0.004600569737186883,0.06782749985947355,0.09522140837160475,89,14,inf
random_addition,42,108,90,0.004541823175448554,0.06739304990463447,0.10677489727168121,90,14,inf
random_addition,42,108,91,0.00497302758744753,0.07051969645033598,0.0219713744734491,91,14,inf
random_addition,42,108,92,0.004944406911555519,0.07031647681415444,0.027600106631492927,92,14,inf
random_addition,42,108,93,0.00485774471938063,0.06969752305054054,0.044643668768944655,93,14,inf
random_addition,42,108,94,0.00468283149031768,0.06843121722078074,0.07904326579483856,94,14,inf
random_addition,42,108,95,0.00464641957326175,0.06816465046680538,0.08620427517288543,95,14,inf
random_addition,42,108,96,0.004536199848039778,0.06735131660212573,0.10788081817796635,96,14,inf
random_addition,42,108,97,0.004573694838755965,0.06762909757460886,0.10050680434244164,97,14,inf
random_addition,42,108,98,0.004586519471154176,0.06772384713787438,0.0979846269813176,98,14,inf
random_addition,42,108,99,0.004648286587698403,0.06817834397885007,0.08583709571706932,99,14,inf
random_addition,42,108,100,0.004891959221881674,0.06994254228923677,0.03791481752777437,100,14,inf
random_addition,42,108,101,0.0048094479115740035,0.06935018321225982,0.05414203967596787,101,14,inf
random_addition,42,108,102,0.004825014259564332,0.06946232258976323,0.05108065832190567,102,14,inf
random_addition,42,108,103,0.0039156006433631475,0.06257476043392533,0.2299319784580337,103,14,inf
random_addition,42,108,104,0.00380976815705534,0.06172331939433701,0.25074569792762724,104,14,inf
random_addition,42,108,105,0.0037909107095993786,0.06157037201121476,0.25445432875502205,105,14,inf
random_addition,42,108,106,0.0031778709681513336,0.05637260831424543,0.37501879480282074,106,14,inf
random_addition,42,108,107,0.0031568106706033197,0.05618550231690841,0.3791606527559225,107,14,inf
random_addition,42,108,108,0.003097359460339277,0.05565392583043246,0.3908527225138293,108,14,inf
random_addition,42,108,109,0.003136485640525553,0.05600433590826297,0.3831579081262566,109,14,inf
random_addition,42,108,110,0.003315016877450748,0.057576183248377516,0.34804676965112824,110,14,inf
random_addition,42,108,111,0.003158822691537754,0.05620340462585655,0.37876495535943056,111,14,inf
random_addition,42,108,112,0.0031766437359783085,0.05636172225880175,0.3752601504306108,112,14,inf
random_addition,42,108,113,0.0029883610525189724,0.05466590393031997,0.4122890731293285,113,14,inf
random_addition,42,108,114,0.003021243629414365,0.05496584056861466,0.4058221672215576,114,14,inf
random_addition,42,108,115,0.0030101188524719233,0.054864550052578794,0.4080100397219574,115,14,inf
random_addition,42,108,116,0.0030032616303019,0.05480202213697867,0.4093586265648709,116,14,inf
random_addition,42,108,117,0.0028919568755919464,0.05377691768400218,0.431248558673496,117,14,inf
random_addition,42,108,118,0.002894255259976965,0.05379828305789103,0.4307965431394005,118,14,inf
random_addition,42,108,119,0.0026877976988540302,0.051843974566520554,0.471399857957983,119,14,inf
random_addition,42,108,120,0.0027109739878610198,0.052067014393577624,0.4668418550746839,120,14,inf
random_addition,42,108,121,0.0021712842693244845,0.046597041422438874,0.5729808185832324,121,14,inf
random_addition,42,108,122,0.0023440903586085717,0.04841580690857658,0.5389956256573512,122,14,inf
random_addition,42,108,123,0.0023260496711474234,0.0482291371594747,0.5425436270409987,123,14,inf
random_addition,42,108,124,0.0023484116340445086,0.048460413061018254,0.5381457749374801,124,14,inf
random_addition,42,108,125,0.002359002243873377,0.04856956087791382,0.5360629552884275,125,14,inf
random_addition,42,108,126,0.0025345749218530366,0.050344561988888495,0.5015336666599288,126,14,inf
random_addition,42,108,127,0.002579894550672391,0.050792662370389596,0.4926208075405777,127,14,inf
random_addition,42,108,128,0.002618275301411813,0.05116908540722428,0.4850725942575662,128,14,inf
random_addition,42,108,129,0.002593272312752875,0.050924182003767866,0.48998984802343726,129,14,inf
random_addition,42,108,130,0.002559058641069241,0.05058713908761041,0.49671853587053927,130,14,inf
random_addition,42,108,131,0.002510077529944029,0.05010067394700424,0.5063514864118698,131,14,inf
random_addition,42,108,132,0.002479700143529477,0.04979658766953291,0.5123257049255785,132,14,inf
random_addition,42,108,133,0.00250688691243523,0.0500688217600058,0.506978974436386,133,14,inf
random_addition,42,108,134,0.0024616523431363452,0.049615041500903186,0.5158751051856587,134,14,inf
random_addition,42,108,135,0.0026714485502997804,0.051686057600670035,0.47461519006862773,135,14,inf
random_addition,42,108,136,0.002536147689928084,0.05036017960579652,0.501224355647339,136,14,inf
random_addition,42,108,137,0.0024663453509006154,0.049662313185156966,0.5149521471178491,137,14,inf
random_addition,42,108,138,0.0024975903353717252,0.04997589754443361,0.5088073010096129,138,14,inf
random_addition,42,108,139,0.0025226581677974492,0.05022607059881799,0.5038772946380126,139,14,inf
random_addition,42,108,140,0.002568813628120275,0.05068346503663966,0.4948000553453892,140,14,inf
random_addition,42,108,141,0.002576441971777193,0.05075866400701651,0.4932998146307285,141,14,inf
random_addition,42,108,142,0.002587554328303862,0.050868008888729485,0.4911143848117643,142,14,inf
random_addition,42,108,143,0.00256264633191039,0.050622587171245896,0.4960129567679741,143,14,inf
random_addition,42,108,144,0.002612091458926674,0.05110862411498351,0.4862887497805074,144,14,inf
random_addition,42,108,145,0.002692844661836441,0.05189262627615258,0.47040728870676274,145,14,inf
random_addition,42,108,146,0.0027118791011127522,0.052075705478781105,0.46666384949277795,146,14,inf
random_addition,42,108,147,0.002711676833190525,0.05207376338609036,0.46670362884539274,147,14,inf
random_addition,42,108,148,0.0027236079119602884,0.05218819705604217,0.4643571836739051,148,14,inf
random_addition,42,108,149,0.002750850658935484,0.05244855249609358,0.4589994441658898,149,14,inf
random_addition,42,108,150,0.0026800483819562917,0.05176918370958047,0.47292389007342817,150,14,inf
random_addition,42,109,10,0.00962854819961681,0.0981251659851682,-0.8936142210947935,10,10,inf
random_addition,42,109,11,0.015553079891586863,0.12471198776215085,-2.0587719616654607,11,11,inf
random_addition,42,109,12,0.014345985427641272,0.1197747278337182,-1.8213767494544304,12,12,inf
random_addition,42,109,13,0.012946181292195191,0.11378128709148615,-1.5460819736819529,13,13,inf
random_addition,42,109,14,0.009681075235481493,0.09839245517559511,-0.9039445367398122,14,14,inf
random_addition,42,109,15,0.010518600699946371,0.10256022962116637,-1.0686578556286177,15,14,inf
random_addition,42,109,16,0.008300761095613392,0.09110851275052947,-0.6324827929084333,16,14,inf
random_addition,42,109,17,0.012839397574387887,0.11331106554254923,-1.52508117870963,17,14,inf
random_addition,42,109,18,0.0054627336188326206,0.07391030793355295,-0.07433746523549112,18,14,inf
random_addition,42,109,19,0.004446751845259738,0.06668396992726017,0.12547225632640402,19,14,inf
random_addition,42,109,20,0.003648487773917805,0.06040271329930308,0.28246416895371684,20,14,inf
random_addition,42,109,21,0.0032782262277593712,0.05725579645554999,0.3552822631039917,21,14,inf
random_addition,42,109,22,0.004082132686353796,0.06389156975966231,0.1971806811349739,22,14,inf
random_addition,42,109,23,0.004097817149390347,0.06401419490542974,0.194096070491655,23,14,inf
random_addition,42,109,24,0.0039911052021545735,0.06317519451615937,0.2150827505868348,24,14,inf
random_addition,42,109,25,0.0029650774834711446,0.05445252504219749,0.4168681744177827,25,14,inf
random_addition,42,109,26,0.002962548579691969,0.0544292989086941,0.41736552542654826,26,14,inf
random_addition,42,109,27,0.0026488324052007656,0.051466808772263756,0.4790630313317107,27,14,inf
random_addition,42,109,28,0.0026233568167018757,0.051218715492502113,0.4840732297201008,28,14,inf
random_addition,42,109,29,0.0033383259577659053,0.05777824813687159,0.3434626511474499,29,14,inf
random_addition,42,109,30,0.003565466055769315,0.05971152364300642,0.2987917712969196,30,14,inf
random_addition,42,109,31,0.004126129960558031,0.06423495902200009,0.18852788505447438,31,14,inf
random_addition,42,109,32,0.002827677175496232,0.0531759078483502,0.44389023130216887,32,14,inf
random_addition,42,109,33,0.0028429431107474456,0.05331925647219254,0.4408879311120778,33,14,inf
random_addition,42,109,34,0.002838439476542662,0.05327700701562225,0.44177364571826594,34,14,inf
random_addition,42,109,35,0.0031422914058428764,0.056056145121145075,0.38201610776951533,35,14,inf
random_addition,42,109,36,0.0032562493617463383,0.05706355546008624,0.3596043794973053,36,14,inf
random_addition,42,109,37,0.0038738073842450203,0.0622399179325055,0.23815131829736014,37,14,inf
random_addition,42,109,38,0.003981077045096647,0.06309577676117989,0.2170549545393493,38,14,inf
random_addition,42,109,39,0.0036355203423391715,0.0602952762854535,0.2850144301498285,39,14,inf
random_addition,42,109,40,0.003737044299793043,0.061131369196125836,0.26504805457265435,40,14,inf
random_addition,42,109,41,0.003624276907529817,0.06020196763835728,0.28722563869420636,41,14,inf
random_addition,42,109,42,0.0035652920385942457,0.05971006647621694,0.29882599467001747,42,14,inf
random_addition,42,109,43,0.0036114184206402942,0.06009507817317733,0.2897544741043807,43,14,inf
random_addition,42,109,44,0.003897264784642261,0.062428076893672295,0.23353803018151542,44,14,inf
random_addition,42,109,45,0.004364884836307822,0.06606727507857292,0.1415727658919076,45,14,inf
random_addition,42,109,46,0.004271729455430199,0.065358468888356,0.1598933216334667,46,14,inf
random_addition,42,109,47,0.004427445069615598,0.06653904920883374,0.12926925501875974,47,14,inf
random_addition,42,109,48,0.004293749738132833,0.06552671011223464,0.15556266662569573,48,14,inf
random_addition,42,109,49,0.004172593491997214,0.06459561511431883,0.17939005845056077,49,14,inf
random_addition,42,109,50,0.004791266493011789,0.0692189749491553,0.057717718172385024,50,14,inf
random_addition,42,109,51,0.005047194149126679,0.07104360737692506,0.007385285998456559,51,14,inf
random_addition,42,109,52,0.005009955944815317,0.07078104226991375,0.014708798514583954,52,14,inf
random_addition,42,109,53,0.005230835815713103,0.07232451739011539,-0.028730903506357652,53,14,inf
random_addition,42,109,54,0.0052457916806098685,0.07242783774633803,-0.03167222320172103,54,14,inf
random_addition,42,109,55,0.0051853499150350734,0.0720093737997705,-0.019785344259258597,55,14,inf
random_addition,42,109,56,0.004906069375072689,0.0700433392627214,0.03513982111186664,56,14,inf
random_addition,42,109,57,0.005200106257152297,0.07211176226630645,-0.022687424479995055,57,14,inf
random_addition,42,109,58,0.005366400859546346,0.07325572236724136,-0.05539202515875652,58,14,inf
random_addition,42,109,59,0.005207794325456396,0.0721650491959674,-0.024199411040333407,59,14,inf
random_addition,42,109,60,0.004693387660462704,0.06850830358768711,0.07696721928268535,60,14,inf
random_addition,42,109,61,0.004565642682368962,0.06756953960453602,0.10209039488265581,61,14,inf
random_addition,42,109,62,0.004645132617712574,0.06815520976207597,0.08645737639638384,62,14,inf
random_addition,42,109,63,0.004649869146190207,0.0681899490114944,0.08552585925611322,63,14,inf
random_addition,42,109,64,0.004451037917671605,0.06671609938891515,0.12462932886698941,64,14,inf
random_addition,42,109,65,0.004534211331696272,0.06733655271616057,0.10827189300553919,65,14,inf
random_addition,42,109,66,0.0041701568302916535,0.06457675146902059,0.1798692685206552,66,14,inf
random_addition,42,109,67,0.00405891804026117,0.06370963851931016,0.20174622757741978,67,14,inf
random_addition,42,109,68,0.004012346806381377,0.06334308807108616,0.21090523565843233,68,14,inf
random_addition,42,109,69,0.003706256878430581,0.06087903480206122,0.27110291328179137,69,14,inf
random_addition,42,109,70,0.00379326608142746,0.06158949651870406,0.2539911056919857,70,14,inf
random_addition,42,109,71,0.003642153059305527,0.060350253183441796,0.28370999599095015,71,14,inf
random_addition,42,109,72,0.0034210600158521088,0.05848982831101583,0.32719162194211726,72,14,inf
random_addition,42,109,73,0.0031384838067975624,0.05602217245696174,0.38276493547967005,73,14,inf
random_addition,42,109,74,0.003182521629580207,0.056413842535145635,0.37410416484650366,74,14,inf
random_addition,42,109,75,0.0032032086861496383,0.0565968964356672,0.37003571094251575,75,14,inf
random_addition,42,109,76,0.0030401666968710673,0.05513770667039995,0.40210063112910976,76,14,inf
random_addition,42,109,77,0.0029188634104147775,0.05402650655386463,0.4259569408797643,77,14,inf
random_addition,42,109,78,0.0028994063593604244,0.0538461359742779,0.42978349373209945,78,14,inf
random_addition,42,109,79,0.0033257587032651157,0.057669391389758184,0.34593421086231524,79,14,inf
random_addition,42,109,80,0.003351880120902898,0.05789542400659052,0.34079699942725905,80,14,inf
random_addition,42,109,81,0.0033582693119991293,0.05795057645959296,0.33954045868297567,81,14,inf
random_addition,42,109,82,0.003270348679061308,0.05718696249199907,0.3568315141367293,82,14,inf
random_addition,42,109,83,0.0033184198391159373,0.05760572748534591,0.34737752061488214,83,14,inf
random_addition,42,109,84,0.0033004658614141725,0.05744968112543509,0.3509084690815091,84,14,inf
random_addition,42,109,85,0.0032215326405182253,0.056758546849952254,0.3664320004080003,85,14,inf
random_addition,42,109,86,0.003442573135291093,0.0586734448902661,0.3229607090292659,86,14,inf
random_addition,42,109,87,0.003398294308983653,0.058294890933800136,0.3316688770158468,87,14,inf
random_addition,42,109,88,0.0032830479107464417,0.05729788748938692,0.3543339989124814,88,14,inf
random_addition,42,109,89,0.0032825597838645323,0.05729362777713183,0.3544299971861692,89,14,inf
random_addition,42,109,90,0.0034749569177204113,0.05894876519249925,0.3165918993531157,90,14,inf
random_addition,42,109,91,0.003414796802390474,0.05843626273462801,0.32842338708830787,91,14,inf
random_addition,42,109,92,0.003457907510762699,0.058803975297276455,0.31994494893099923,92,14,inf
random_addition,42,109,93,0.003458988440592405,0.05881316553793381,0.31973236609347266,93,14,inf
random_addition,42,109,94,0.003834417290929531,0.061922671865234716,0.24589803559326873,94,14,inf
random_addition,42,109,95,0.0038105174141489563,0.061729388577475446,0.2505983440526386,95,14,inf
random_addition,42,109,96,0.0038149709408847347,0.061765451029558056,0.2497224839140113,96,14,inf
random_addition,42,109,97,0.0038559787101627137,0.06209652735993144,0.24165762372218658,97,14,inf
random_addition,42,109,98,0.0035849152742743716,0.05987416199225148,0.2949667588457361,98,14,inf
random_addition,42,109,99,0.0036257187074712587,0.060213941138836435,0.28694208474438077,99,14,inf
random_addition,42,109,100,0.0036209809947433773,0.06017458761589794,0.28787383478716855,100,14,inf
random_addition,42,109,101,0.0036193724831986747,0.06016122075887984,0.2881901753478323,101,14,inf
random_addition,42,109,102,0.003603897382256907,0.06003246939995811,0.29123361145145743,102,14,inf
random_addition,42,109,103,0.0035483674535190086,0.05956817483790324,0.3021544959476943,103,14,inf
random_addition,42,109,104,0.003134859110748212,0.055989812562181454,0.38347779227218937,104,14,inf
random_addition,42,109,105,0.003179446638135077,0.05638658207530473,0.37470891308159837,105,14,inf
random_addition,42,109,106,0.0031441375049702522,0.056072609222063606,0.3816530416572962,106,14,inf
random_addition,42,109,107,0.0032320117930119035,0.05685078533329072,0.3643711006985467,107,14,inf
random_addition,42,109,108,0.0032227293422374633,0.05676908791091736,0.3661966491019698,108,14,inf
random_addition,42,109,109,0.0031590182563987776,0.05620514439443046,0.37872649427533944,109,14,inf
random_addition,42,109,110,0.0033051981937201784,0.057490853130912734,0.34997777718821244,110,14,inf
random_addition,42,109,111,0.003439016481368484,0.05864312816834112,0.32366018420535025,111,14,inf
random_addition,42,109,112,0.0033886894248509533,0.05821245077172884,0.3335578373044157,112,14,inf
random_addition,42,109,113,0.003506938374295819,0.05921940876347736,0.3103022137507808,113,14,inf
random_addition,42,109,114,0.003491026397276671,0.05908490837156872,0.3134315688045771,114,14,inf
random_addition,42,109,115,0.003418189727890459,0.058465286520211796,0.32775611183094944,115,14,inf
random_addition,42,109,116,0.0032770407653170157,0.057245443183864125,0.35551540401920334,116,14,inf
random_addition,42,109,117,0.0032695686714383993,0.05718014228242528,0.35698491561498746,117,14,inf
random_addition,42,109,118,0.0033554705894755657,0.05792642393135939,0.34009087403756977,118,14,inf
random_addition,42,109,119,0.003570290935788891,0.05975191156598165,0.29784287835576895,119,14,inf
random_addition,42,109,120,0.0035520399393222865,0.05959899277103839,0.3014322405048506,120,14,inf
random_addition,42,109,121,0.0033315431083256576,0.05771952103340479,0.34479661135550166,121,14,inf
random_addition,42,109,122,0.0033264514300551363,0.05767539709490639,0.34579797461218476,122,14,inf
random_addition,42,109,123,0.003286036988975233,0.05732396522376337,0.3537461469409632,123,14,inf
random_addition,42,109,124,0.003216760004163154,0.05671648793925056,0.3673706187631991,124,14,inf
random_addition,42,109,125,0.0032141042702488686,0.05669307074280656,0.36789291302846905,125,14,inf
random_addition,42,109,126,0.003189054139271134,0.05647171096461603,0.3728194381157728,126,14,inf
random_addition,42,109,127,0.0032493267802513317,0.0570028664213593,0.36096582033904656,127,14,inf
random_addition,42,109,128,0.003248155953087569,0.056992595598793085,0.36119608298319406,128,14,inf
random_addition,42,109,129,0.0032528368134221637,0.05703364632760353,0.3602755139095615,129,14,inf
random_addition,42,109,130,0.0029270782074004116,0.05410247875467825,0.42434136435951364,130,14,inf
random_addition,42,109,131,0.0029270591067392738,0.05410230223141409,0.42434512082235853,131,14,inf
random_addition,42,109,132,0.0030374383866647674,0.055112960242258514,0.40263719872986325,132,14,inf
random_addition,42,109,133,0.0030355964421372914,0.055096247078519706,0.40299944777088015,133,14,inf
random_addition,42,109,134,0.0030379620486904076,0.05511771084406906,0.4025342118788613,134,14,inf
random_addition,42,109,135,0.0029232653610777996,0.05406723001114261,0.42509122403406285,135,14,inf
random_addition,42,109,136,0.00305739356881373,0.055293702795288814,0.39871268010894423,136,14,inf
random_addition,42,109,137,0.0030598324859442503,0.05531575260216795,0.39823302647200143,137,14,inf
random_addition,42,109,138,0.0030514958343882074,0.055240346074116944,0.3998725677211654,138,14,inf
random_addition,42,109,139,0.0030394092227584713,0.05513083731232885,0.40224960101761076,139,14,inf
random_addition,42,109,140,0.003000587757047855,0.05477762095096733,0.4098844882331406,140,14,inf
random_addition,42,109,141,0.002999503861161822,0.054767726456023555,0.41009765439499857,141,14,inf
random_addition,42,109,142,0.003008298686607934,0.05484795973058555,0.40836800562640574,142,14,inf
random_addition,42,109,143,0.0030598007040309877,0.05531546532418387,0.398239276914091,143,14,inf
random_addition,42,109,144,0.00248239443903021,0.04982363333830854,0.5117958268826746,144,14,inf
random_addition,42,109,145,0.0025337053246640077,0.0503359247919814,0.501704687417122,145,14,inf
random_addition,42,109,146,0.0025595524421143942,0.050592019549672004,0.4966214216782324,146,14,inf
random_addition,42,109,147,0.002530606935371272,0.05030513826013474,0.5023140372282852,147,14,inf
random_addition,42,109,148,0.0024897399184563114,0.04989729369871989,0.5103512161258235,148,14,inf
random_addition,42,109,149,0.0027091268030952033,0.05204927283925495,0.4672051346957672,149,14,inf
random_addition,42,109,150,0.0026800483819562917,0.05176918370958047,0.47292389007342817,150,14,inf
random_addition,42,110,10,0.00962854819961681,0.0981251659851682,-0.8936142210947935,10,10,inf
random_addition,42,110,11,0.008206211769413744,0.09058814364702339,-0.6138880946242509,11,11,inf
random_addition,42,110,12,0.013364390433592738,0.11560445680678898,-1.6283297602770035,12,12,inf
random_addition,42,110,13,0.012515325439584422,0.11187191532991836,-1.4613470008873892,13,13,inf
random_addition,42,110,14,0.008899729690196976,0.09433837867059713,-0.7502799337835007,14,14,inf
random_addition,42,110,15,0.011067330158649646,0.10520137907199528,-1.1765746344609158,15,14,inf
random_addition,42,110,16,0.0128732199247432,0.11346021295918318,-1.5317329067059875,16,14,inf
random_addition,42,110,17,0.012604079177867272,0.11226789023521941,-1.4788019003699948,17,14,inf
random_addition,42,110,18,0.011266325329362194,0.10614294761952955,-1.2157103460322056,18,14,inf
random_addition,42,110,19,0.009456450749286333,0.09724428389003814,-0.8597683938107885,19,14,inf
random_addition,42,110,20,0.00847672820451607,0.0920691490376449,-0.6670896529412167,20,14,inf
random_addition,42,110,21,0.009085494352626988,0.09531785956801059,-0.7868136457472983,21,14,inf
random_addition,42,110,22,0.007334071504873735,0.08563919374254836,-0.44236719931543766,22,14,inf
random_addition,42,110,23,0.0052546912499263024,0.07248924920239071,-0.03342247159533551,23,14,inf
random_addition,42,110,24,0.00687730690577021,0.08292952975731992,-0.3525368404053042,24,14,inf
random_addition,42,110,25,0.007966705797829429,0.08925640480004463,-0.5667852599676995,25,14,inf
random_addition,42,110,26,0.007786855364591118,0.08824316044085863,-0.5314146795863623,26,14,inf
random_addition,42,110,27,0.0067999666750663355,0.08246191045001526,-0.3373265971072088,27,14,inf
random_addition,42,110,28,0.009135982122044447,0.0955823316415981,-0.7967429057123738,28,14,inf
random_addition,42,110,29,0.007394402991021129,0.08599071456280108,-0.45423238997346815,29,14,inf
random_addition,42,110,30,0.008140137212038726,0.09022270895976647,-0.600893433445439,30,14,inf
random_addition,42,110,31,0.008523612755928197,0.0923234139096264,-0.6763102801285206,31,14,inf
random_addition,42,110,32,0.008840669788973854,0.09402483602205246,-0.7386648214598164,32,14,inf
random_addition,42,110,33,0.007874355958171316,0.08873756790768675,-0.5486231273110456,33,14,inf
random_addition,42,110,34,0.005261701907054417,0.0725375896143125,-0.03480123397589319,34,14,inf
random_addition,42,110,35,0.009529435038950138,0.09761882522828338,-0.8741219688211295,35,14,inf
random_addition,42,110,36,0.009311256390899497,0.09649485162898327,-0.8312135072210338,36,14,inf
random_addition,42,110,37,0.008741958157700108,0.09349843933296484,-0.7192515366226617,37,14,inf
random_addition,42,110,38,0.008734266843185682,0.09345729957143895,-0.7177389116410464,38,14,inf
random_addition,42,110,39,0.008719294272579614,0.09337716140780686,-0.7147943064899682,39,14,inf
random_addition,42,110,40,0.006571536391064519,0.08106501336004651,-0.29240198071158474,40,14,inf
random_addition,42,110,41,0.006965263135375754,0.08345815200072282,-0.3698348965360889,41,14,inf
random_addition,42,110,42,0.0067579412366767806,0.08220669824702109,-0.329061595350727,42,14,inf
random_addition,42,110,43,0.00579778106817345,0.07614316166389107,-0.14023012128914014,43,14,inf
random_addition,42,110,44,0.006125552018480696,0.0782659058497421,-0.2046917327279505,44,14,inf
random_addition,42,110,45,0.005404587257636428,0.07351589799245077,-0.06290201575927545,45,14,inf
random_addition,42,110,46,0.003731719119132784,0.06108779844725773,0.2660953399597251,46,14,inf
random_addition,42,110,47,0.00501251932156346,0.07079914774602487,0.014204667822845796,47,14,inf
random_addition,42,110,48,0.005291348245283666,0.07274165412804184,-0.040631679699426604,48,14,inf
random_addition,42,110,49,0.005187426048347843,0.0720237880727461,-0.020193650421771014,49,14,inf
random_addition,42,110,50,0.00531804829166966,0.07292494972003519,-0.04588268810611673,50,14,inf
random_addition,42,110,51,0.004904708846635979,0.07003362654208319,0.03540739166794071,51,14,inf
random_addition,42,110,52,0.004942035096972767,0.07029960950796788,0.028066563435840464,52,14,inf
random_addition,42,110,53,0.00492379590512753,0.07016976489291901,0.03165360400970296,53,14,inf
random_addition,42,110,54,0.005243640653288467,0.0724129867723219,-0.031249187886186025,54,14,inf
random_addition,42,110,55,0.005273609720623696,0.07261962352300992,-0.03714310365857587,55,14,inf
random_addition,42,110,56,0.005934191652246607,0.0770337046509293,-0.16705753249938438,56,14,inf
random_addition,42,110,57,0.006285970834466341,0.07928411464137278,-0.23624076223726886,57,14,inf
random_addition,42,110,58,0.006546154649149811,0.08090831013653549,-0.2874102388155677,58,14,inf
random_addition,42,110,59,0.006471665818174778,0.08044666443162686,-0.2727607707210251,59,14,inf
random_addition,42,110,60,0.006932417378915584,0.08326113966860882,-0.3633752319795913,60,14,inf
random_addition,42,110,61,0.006661398121042922,0.08161738859485104,-0.31007478519794085,61,14,inf
random_addition,42,110,62,0.0068405542609820055,0.0827076433044855,-0.3453088212490456,62,14,inf
random_addition,42,110,63,0.007170307519294888,0.08467766836241353,-0.41016028654248093,63,14,inf
random_addition,42,110,64,0.007181858250037432,0.08474584503111307,-0.41243192994547995,64,14,inf
random_addition,42,110,65,0.007352429460500959,0.08574630872813686,-0.44597759676324,65,14,inf
random_addition,42,110,66,0.007846818466788762,0.08858226948316894,-0.5432074214108193,66,14,inf
random_addition,42,110,67,0.007297537756610012,0.08542562704838644,-0.4351822298031247,67,14,inf
random_addition,42,110,68,0.006576152738511967,0.08109348147978336,-0.2933098622524748,68,14,inf
random_addition,42,110,69,0.006960197679464768,0.08342779920065474,-0.3688386903427445,69,14,inf
random_addition,42,110,70,0.0069283920425698125,0.08323696319886864,-0.3625835826061845,70,14,inf
random_addition,42,110,71,0.006765123402143712,0.08225037022496441,-0.33047408769998676,71,14,inf
random_addition,42,110,72,0.006764069594596156,0.08224396387940064,-0.33026683891055564,72,14,inf
random_addition,42,110,73,0.006727404339437066,0.08202075554051588,-0.3230560063790131,73,14,inf
random_addition,42,110,74,0.006615324211567869,0.08133464336657455,-0.30101358423652624,74,14,inf
random_addition,42,110,75,0.006098487270625448,0.07809281190113113,-0.19936899970875221,75,14,inf
random_addition,42,110,76,0.005763054288112623,0.07591478306701945,-0.13340052214161457,76,14,inf
random_addition,42,110,77,0.005747393332120114,0.07581156463310934,-0.13032053454966008,77,14,inf
random_addition,42,110,78,0.0057278896161908465,0.0756828224644856,-0.1264848042731761,78,14,inf
random_addition,42,110,79,0.005923350236394409,0.07696330447943624,-0.16492538767246834,79,14,inf
random_addition,42,110,80,0.005796272296200192,0.0761332535506016,-0.139933396174853,80,14,inf
random_addition,42,110,81,0.005841719410313467,0.07643114162639118,-0.14887132739859021,81,14,inf
random_addition,42,110,82,0.00577169496196694,0.07597167210195482,-0.1350998544346207,82,14,inf
random_addition,42,110,83,0.005334097067669437,0.07303490307838738,-0.049038946955768825,83,14,inf
random_addition,42,110,84,0.005270061546918612,0.0725951895577015,-0.036445296258377224,84,14,inf
random_addition,42,110,85,0.005256694692167021,0.07250306677766824,-0.03381648184895991,85,14,inf
random_addition,42,110,86,0.005393946069060167,0.07344348894939677,-0.060809248957925055,86,14,inf
random_addition,42,110,87,0.005398053377709344,0.07347144600257534,-0.06161701954880372,87,14,inf
random_addition,42,110,88,0.00535635823739068,0.07318714530155333,-0.05341697640407439,88,14,inf
random_addition,42,110,89,0.005653810069643631,0.07519182182686912,-0.1119158287717974,89,14,inf
random_addition,42,110,90,0.005501513197537113,0.07417218614505786,-0.08196411467427289,90,14,inf
random_addition,42,110,91,0.005486289153636343,0.07406948868215808,-0.0789700531153128,91,14,inf
random_addition,42,110,92,0.005511656007243661,0.07424052806414877,-0.0839588669779423,92,14,inf
random_addition,42,110,93,0.005559655326750583,0.0745630962792626,-0.0933987318606666,93,14,inf
random_addition,42,110,94,0.005288932236238802,0.07272504545367299,-0.04015653131871533,94,14,inf
random_addition,42,110,95,0.005113817329433003,0.07151095950574991,-0.005717271008802038,95,14,inf
random_addition,42,110,96,0.005135936214753894,0.0716654464491354,-0.01006731786218662,96,14,inf
random_addition,42,110,97,0.00527544332209025,0.07263224712268132,-0.03750371189783519,97,14,inf
random_addition,42,110,98,0.00569338693134736,0.075454535525357,-0.11969927717905238,98,14,inf
random_addition,42,110,99,0.005690578549734503,0.07543592346975347,-0.11914696220382281,99,14,inf
random_addition,42,110,100,0.00558462542433917,0.07473035142657346,-0.0983095170502506,100,14,inf
random_addition,42,110,101,0.005547885046378329,0.0744841261369047,-0.0910839103697112,101,14,inf
random_addition,42,110,102,0.005453506953885372,0.07384786357021693,-0.07252288804325335,102,14,inf
random_addition,42,110,103,0.005614036550288245,0.07492687468651181,-0.10409370436498966,103,14,inf
random_addition,42,110,104,0.005145904743366559,0.07173496179246601,-0.012027794888731957,104,14,inf
random_addition,42,110,105,0.004324308963278003,0.06575947812504296,0.14955268649984088,105,14,inf
random_addition,42,110,106,0.004333092103963038,0.06582622656633934,0.14782533573394663,106,14,inf
random_addition,42,110,107,0.004347357248652459,0.06593449210127017,0.14501985766084124,107,14,inf
random_addition,42,110,108,0.004170972936396127,0.06458307004468064,0.17970876767532384,108,14,inf
random_addition,42,110,109,0.004305071824686694,0.06561304614698736,0.15333598990700714,109,14,inf
random_addition,42,110,110,0.004114941174914058,0.06414780724946144,0.19072834593112575,110,14,inf
random_addition,42,110,111,0.004211057048009962,0.06489265788985656,0.17182556013268202,111,14,inf
random_addition,42,110,112,0.004179764300906441,0.06465109667210944,0.1779797995573451,112,14,inf
random_addition,42,110,113,0.004244177591082535,0.06514735290925132,0.165311854216446,113,14,inf
random_addition,42,110,114,0.0042015624804343215,0.06481946066139645,0.17369282483465387,114,14,inf
random_addition,42,110,115,0.0042500421858269345,0.06519234760174644,0.16415848407395728,115,14,inf
random_addition,42,110,116,0.0042168594056591745,0.06493734985090764,0.17068442995057798,116,14,inf
random_addition,42,110,117,0.00445034576353699,0.0667109118775706,0.12476545249490545,117,14,inf
random_addition,42,110,118,0.004465512111464421,0.06682448736402263,0.12178273780915494,118,14,inf
random_addition,42,110,119,0.004224693764014806,0.06499764429588818,0.16914367301736055,119,14,inf
random_addition,42,110,120,0.004222555894002201,0.0649811964648405,0.16956412072918525,120,14,inf
random_addition,42,110,121,0.0037202850124982865,0.06099413916515493,0.2683440472912687,121,14,inf
random_addition,42,110,122,0.0035008538746602452,0.05916801394892552,0.3114988318493045,122,14,inf
random_addition,42,110,123,0.0035896202494099597,0.0599134396392826,0.2940414471952215,123,14,inf
random_addition,42,110,124,0.0035156105032999826,0.059292583881122796,0.3085966952791481,124,14,inf
random_addition,42,110,125,0.0034098201301616554,0.058393665154378306,0.3294021324932064,125,14,inf
random_addition,42,110,126,0.00307341179485738,0.055438360318982915,0.3955624294165113,126,14,inf
random_addition,42,110,127,0.003059345666359809,0.05531135205687716,0.3983287676438888,127,14,inf
random_addition,42,110,128,0.0032860574374848225,0.057324143582654793,0.35374212540129213,128,14,inf
random_addition,42,110,129,0.0033135512543673432,0.057563454155977675,0.34833500881823454,129,14,inf
random_addition,42,110,130,0.003321965259708863,0.05763649243065424,0.34668025466000085,130,14,inf
random_addition,42,110,131,0.0033195034045103524,0.05761513173212704,0.3471644194497,131,14,inf
random_addition,42,110,132,0.0031520752783242567,0.0561433458062864,0.38009194644383837,132,14,inf
random_addition,42,110,133,0.003163112704530511,0.056241556739927735,0.3779212529192134,133,14,inf
random_addition,42,110,134,0.0030769184892356096,0.0554699782696515,0.39487277961614853,134,14,inf
random_addition,42,110,135,0.003116403711127064,0.05582475894374345,0.38710735370285065,135,14,inf
random_addition,42,110,136,0.003132475368377051,0.05596852122735647,0.38394659487460414,136,14,inf
random_addition,42,110,137,0.00313628173674227,0.05600251545013197,0.3831980091981685,137,14,inf
random_addition,42,110,138,0.003224180701163617,0.05678186947577208,0.3659112152187405,138,14,inf
random_addition,42,110,139,0.0031871870252167555,0.05645517713387104,0.3731866371630723,139,14,inf
random_addition,42,110,140,0.0031314317717467724,0.05595919738297515,0.3841518355172444,140,14,inf
random_addition,42,110,141,0.003164746138019585,0.05625607645418924,0.3776000110434915,141,14,inf
random_addition,42,110,142,0.0031200834199982307,0.05585770689885354,0.3863836777235159,142,14,inf
random_addition,42,110,143,0.003131514541744638,0.05595993693478074,0.38413555741988337,143,14,inf
random_addition,42,110,144,0.0031314219817397777,0.05595910990839452,0.3841537608850242,144,14,inf
random_addition,42,110,145,0.0031484551875725643,0.05611109683095283,0.38080389752794164,145,14,inf
random_addition,42,110,146,0.003080943229452966,0.055506244959040114,0.39408124748131423,146,14,inf
random_addition,42,110,147,0.00254412178937375,0.0504392881529245,0.49965611630349505,147,14,inf
random_addition,42,110,148,0.0025799583842832444,0.05079329074083746,0.4926082535988213,148,14,inf
random_addition,42,110,149,0.0025703055397687845,0.05069818083293309,0.4945066460945172,149,14,inf
random_addition,42,110,150,0.0026800483819562917,0.05176918370958047,0.47292389007342817,150,14,inf
random_addition,42,111,10,0.00962854819961681,0.0981251659851682,-0.8936142210947935,10,10,inf
random_addition,42,111,11,0.01711201615100747,0.13081290513939162,-2.365362717552903,11,11,inf
random_addition,42,111,12,0.023073370736352065,0.15189921242834692,-3.537762292833258,12,12,inf
random_addition,42,111,13,0.03054837436299513,0.17478093249263527,-5.007846138984622,13,13,inf
random_addition,42,111,14,0.019742506658185603,0.1405080305825457,-2.882692446768529,14,14,inf
random_addition,42,111,15,0.016358982919270442,0.12790223969606804,-2.2172662021684797,15,14,inf
random_addition,42,111,16,0.011328844070474436,0.10643704275521017,-1.2280056967746775,16,14,inf
random_addition,42,111,17,0.010951113402785937,0.1046475675913489,-1.1537186755904205,17,14,inf
random_addition,42,111,18,0.012871080944663035,0.11345078644356343,-1.531312240680906,18,14,inf
random_addition,42,111,19,0.010431446545769033,0.10213445327493086,-1.051517540977208,19,14,inf
random_addition,42,111,20,0.007321873754618494,0.08556794817347495,-0.4399683087589561,20,14,inf
random_addition,42,111,21,0.0037809873717840293,0.06148973387309486,0.2564059182593069,21,14,inf
random_addition,42,111,22,0.003387538301008728,0.0582025626670229,0.33378422496252236,22,14,inf
random_addition,42,111,23,0.0037246855407109826,0.06103020187342479,0.26747861019409325,23,14,inf
random_addition,42,111,24,0.0037040372717332464,0.06086080242432929,0.27153943587275453,24,14,inf
random_addition,42,111,25,0.004723730987055098,0.06872940409355444,0.07099969919975446,25,14,inf
random_addition,42,111,26,0.008560725069398863,0.09252418640225302,-0.6836090341160199,26,14,inf
random_addition,42,111,27,0.007049842710216231,0.08396334146647709,-0.38646887732027935,27,14,inf
random_addition,42,111,28,0.007171716664840749,0.08468598859811904,-0.4104374184620512,28,14,inf
random_addition,42,111,29,0.007294700310131333,0.0854090177330903,-0.4346241987383961,29,14,inf
random_addition,42,111,30,0.004216531311101864,0.06493482356256822,0.17074895520471878,30,14,inf
random_addition,42,111,31,0.004272730100572852,0.065366123493541,0.15969652811557455,31,14,inf
random_addition,42,111,32,0.004129892282295132,0.06426423797334822,0.18778796188038738,32,14,inf
random_addition,42,111,33,0.004052285631438414,0.06365756539044211,0.20305060113473206,33,14,inf
random_addition,42,111,34,0.0036594370446933963,0.06049328098800227,0.2803108126614253,34,14,inf
random_addition,42,111,35,0.003156382119730004,0.05618168847346975,0.37924493441618423,35,14,inf
random_addition,42,111,36,0.0032373799342124503,0.0568979782963547,0.3633153664063712,36,14,inf
random_addition,42,111,37,0.003572300585403352,0.05976872581378452,0.29744764731880824,37,14,inf
random_addition,42,111,38,0.004280992122619396,0.06542929101418872,0.1580716640012777,38,14,inf
random_addition,42,111,39,0.0039830341105413685,0.06311128354376394,0.21667006505436082,39,14,inf
random_addition,42,111,40,0.0032170331209330017,0.056718895625117755,0.36731690580578535,40,14,inf
random_addition,42,111,41,0.011540782722249801,0.10742803508512012,-1.269686959274611,41,14,inf
random_addition,42,111,42,0.010046224099872455,0.1002308540314431,-0.9757571369462337,42,14,inf
random_addition,42,111,43,0.008580693024751338,0.0926320302311859,-0.687536064799954,43,14,inf
random_addition,42,111,44,0.008501221790777547,0.09220207042565556,-0.6719067242492454,44,14,inf
random_addition,42,111,45,0.009661594960946243,0.09829341260199609,-0.9001134166035236,45,14,inf
random_addition,42,111,46,0.009471632947394098,0.0973223147453558,-0.8627542256982466,46,14,inf
random_addition,42,111,47,0.010123279823013736,0.10061451099624615,-0.9909114270979804,47,14,inf
random_addition,42,111,48,0.010169113631032888,0.10084202314032027,-0.9999254081128388,48,14,inf
random_addition,42,111,49,0.010094357151978855,0.10047067807066326,-0.9852233025699362,49,14,inf
random_addition,42,111,50,0.010094202919701343,0.10046991051902725,-0.9851929702261608,50,14,inf
random_addition,42,111,51,0.010016872428063256,0.10008432658545122,-0.9699846422774094,51,14,inf
random_addition,42,111,52,0.006975918024021149,0.08352196132767208,-0.3719303576840014,52,14,inf
random_addition,42,111,53,0.007309904916538773,0.08549798194424692,-0.43761443759085594,53,14,inf
random_addition,42,111,54,0.007305871285165903,0.08547438964488663,-0.43682115686234235,54,14,inf
random_addition,42,111,55,0.00589213916785579,0.07676027076460706,-0.15878721169671284,55,14,inf
random_addition,42,111,56,0.004860807438154645,0.06971949109219491,0.04404133415884015,56,14,inf
random_addition,42,111,57,0.00407927660037643,0.06386921480945597,0.1977423779672779,57,14,inf
random_addition,42,111,58,0.00409958626371002,0.0640280115551781,0.1937481447228866,58,14,inf
random_addition,42,111,59,0.0038148771965622573,0.061764692151440835,0.24974092029491846,59,14,inf
random_addition,42,111,60,0.003939918418492955,0.06276876945179788,0.22514948333451945,60,14,inf
random_addition,42,111,61,0.004124672399524557,0.0642236124764448,0.1888145386853104,61,14,inf
random_addition,42,111,62,0.004107025626720659,0.06408607982019698,0.19228507019692698,62,14,inf
random_addition,42,111,63,0.004604186361519401,0.06785415507925363,0.09451013901651273,63,14,inf
random_addition,42,111,64,0.004603161227060034,0.06784660070379381,0.0947117487660355,64,14,inf
random_addition,42,111,65,0.004584497390717606,0.06770891662637651,0.09838230274629323,65,14,inf
random_addition,42,111,66,0.0033739693752187295,0.05808587931002448,0.3364527800040752,66,14,inf
random_addition,42,111,67,0.0034042710177856635,0.0583461311295416,0.33049345777836714,67,14,inf
random_addition,42,111,68,0.0033163576933088134,0.05758782591232989,0.347783075901659,68,14,inf
random_addition,42,111,69,0.0033136300377541645,0.05756413846965978,0.34831951475427203,69,14,inf
random_addition,42,111,70,0.003347170796464756,0.05785473875547928,0.3417231664404927,70,14,inf
random_addition,42,111,71,0.003333867078029628,0.05773964909860146,0.3443395640426985,71,14,inf
random_addition,42,111,72,0.002802786730847484,0.0529413518041189,0.44878535141572007,72,14,inf
random_addition,42,111,73,0.0029340360148737863,0.05416674270134569,0.4229729957429711,73,14,inf
random_addition,42,111,74,0.0029354398988945154,0.0541797000627958,0.42269689858986903,74,14,inf
random_addition,42,111,75,0.0032687157307852038,0.05717268343173341,0.3571526605872467,75,14,inf
random_addition,42,111,76,0.0032587634687178775,0.057085580217055495,0.35910993852697815,76,14,inf
random_addition,42,111,77,0.003232733038915969,0.056857128303458744,0.36422925569008535,77,14,inf
random_addition,42,111,78,0.0032203506402845466,0.05674813336387856,0.36666446042226497,78,14,inf
random_addition,42,111,79,0.003222452289638534,0.0567666476871634,0.3662511361056642,79,14,inf
random_addition,42,111,80,0.0032222955821181202,0.05676526739228945,0.3662819552471438,80,14,inf
random_addition,42,111,81,0.003443168950523469,0.0586785220546962,0.3228435320495404,81,14,inf
random_addition,42,111,82,0.00322787639261399,0.05681440303843727,0.3651843959992569,82,14,inf
random_addition,42,111,83,0.0031337012747652227,0.05597947190502267,0.38370549998446635,83,14,inf
random_addition,42,111,84,0.002944854087410543,0.05426650981416202,0.42084544176746597,84,14,inf
random_addition,42,111,85,0.002900279027334851,0.05385423871279633,0.4296118690538605,85,14,inf
random_addition,42,111,86,0.002894506730676369,0.05380062016999775,0.4307470872419269,86,14,inf
random_addition,42,111,87,0.002987016309591024,0.05465360289670777,0.412553539202436,87,14,inf
random_addition,42,111,88,0.0029927153494360924,0.05470571587536436,0.4114327281857101,88,14,inf
random_addition,42,111,89,0.0030064151582582794,0.05483078659164283,0.40873843281800293,89,14,inf
random_addition,42,111,90,0.0030813287007942086,0.055509717174511065,0.3940054381278718,90,14,inf
random_addition,42,111,91,0.0030279270596971605,0.05502660319969933,0.40450775944513906,91,14,inf
random_addition,42,111,92,0.002387556209433701,0.04886262589580815,0.5304473428271602,92,14,inf
random_addition,42,111,93,0.002476488116055606,0.04976432573697353,0.5129574035759847,93,14,inf
random_addition,42,111,94,0.002484382897034918,0.049843584311673635,0.5114047635283969,94,14,inf
random_addition,42,111,95,0.002463117741595917,0.04962980698729259,0.5155869101945669,95,14,inf
random_addition,42,111,96,0.0024058921037921283,0.0490498940242701,0.526841284094963,96,14,inf
random_addition,42,111,97,0.0026041863110888718,0.051031228782862675,0.4878434286433202,97,14,inf
random_addition,42,111,98,0.0025937417706321598,0.05092879117583844,0.48989752131976516,98,14,inf
random_addition,42,111,99,0.002570833949360968,0.05070339189207136,0.49440272555555564,99,14,inf
random_addition,42,111,100,0.0025707887406919328,0.050702946075074695,0.49441161659258703,100,14,inf
random_addition,42,111,101,0.002578066947427727,0.05077466836354253,0.4929802361296928,101,14,inf
random_addition,42,111,102,0.0027143177840088786,0.052099115002165616,0.4661842419219264,102,14,inf
random_addition,42,111,103,0.002607914860903885,0.05106774775632743,0.48711014727967183,103,14,inf
random_addition,42,111,104,0.002713832957213276,0.0520944618670092,0.46627959117872897,104,14,inf
random_addition,42,111,105,0.002754598607255651,0.05248427009357805,0.45826234776341446,105,14,inf
random_addition,42,111,106,0.0027419304984147596,0.0523634462045305,0.46075374216246245,106,14,inf
random_addition,42,111,107,0.002740178082847546,0.0523467103345334,0.46109838384369495,107,14,inf
random_addition,42,111,108,0.0027771902991274838,0.05269905406292872,0.4538193156343552,108,14,inf
random_addition,42,111,109,0.0026445946264925515,0.051425622276182054,0.4798964610307016,109,14,inf
random_addition,42,111,110,0.002685392091181203,0.05182076891730962,0.47187296073580587,110,14,inf
random_addition,42,111,111,0.0027062839163484293,0.0520219560988284,0.4677642356797419,111,14,inf
random_addition,42,111,112,0.002690233382799931,0.051867459768142984,0.47092084018059543,112,14,inf
random_addition,42,111,113,0.00266734122467854,0.051646308916306304,0.47542296399734507,113,14,inf
random_addition,42,111,114,0.002744551440425278,0.05238846667373724,0.46023829030400065,114,14,inf
random_addition,42,111,115,0.002659323562690619,0.05156862963750946,0.4769997706399979,115,14,inf
random_addition,42,111,116,0.002676194850830448,0.05173195193331147,0.4736817510915222,116,14,inf
random_addition,42,111,117,0.0027580832594806303,0.052517456711846114,0.45757703291926666,117,14,inf
random_addition,42,111,118,0.00275545759772738,0.05249245276920655,0.4580934129936727,118,14,inf
random_addition,42,111,119,0.0027537661652723934,0.0524763390993731,0.4584260613311355,119,14,inf
random_addition,42,111,120,0.0027634242824006484,0.052568282094820715,0.4565266318882014,120,14,inf
random_addition,42,111,121,0.002785128847419874,0.05277431996169987,0.4522580680163689,121,14,inf
random_addition,42,111,122,0.0027879178711044234,0.052800737410612204,0.4517095600998542,122,14,inf
random_addition,42,111,123,0.0027564956409786667,0.05250233938577087,0.45788926451541856,123,14,inf
random_addition,42,111,124,0.0028229414341793438,0.053131360176258836,0.44482159363418095,124,14,inf
random_addition,42,111,125,0.0028516867443864257,0.05340118673200461,0.43916835006418165,125,14,inf
random_addition,42,111,126,0.0027735675543615144,0.05266467083692363,0.4545317886745285,126,14,inf
random_addition,42,111,127,0.0026512529344376334,0.05149031884187195,0.47858699398002646,127,14,inf
random_addition,42,111,128,0.0026537342891995988,0.05151440855915555,0.4780989942767041,128,14,inf
random_addition,42,111,129,0.0026032308386127346,0.051021866279201654,0.4880313382046755,129,14,inf
random_addition,42,111,130,0.0025059922822297928,0.05005988695782076,0.5071549183528015,130,14,inf
random_addition,42,111,131,0.0025008562924086195,0.050008562190975055,0.5081649962132581,131,14,inf
random_addition,42,111,132,0.0025034699184034778,0.0500346871520496,0.5076509831710132,132,14,inf
random_addition,42,111,133,0.0023168677388949017,0.04813385231720916,0.5443494068044729,133,14,inf
random_addition,42,111,134,0.0023914271873133747,0.048902220678752155,0.5296860506146142,134,14,inf
random_addition,42,111,135,0.002424977359404372,0.049244059128024494,0.5230878510029406,135,14,inf
random_addition,42,111,136,0.0024434384405808813,0.049431148485351635,0.5194571721998773,136,14,inf
random_addition,42,111,137,0.002466227060382595,0.049661122222344055,0.5149754109165547,137,14,inf
random_addition,42,111,138,0.002451595874490983,0.049513592825515935,0.5178528770829431,138,14,inf
random_addition,42,111,139,0.002499179342281431,0.049991792749224655,0.5084947963599757,139,14,inf
random_addition,42,111,140,0.0025577860833071596,0.05057455964521253,0.4969688055296284,140,14,inf
random_addition,42,111,141,0.002528503853139843,0.05028423066071353,0.5027276433440777,141,14,inf
random_addition,42,111,142,0.002445714512087219,0.049454165770814684,0.5190095448646576,142,14,inf
random_addition,42,111,143,0.0025227414585905278,0.050226899750935534,0.5038609141176069,143,14,inf
random_addition,42,111,144,0.0025538309464036525,0.05053544247756868,0.4977466490146053,144,14,inf
random_addition,42,111,145,0.0025631554724131395,0.05062761570934523,0.49591282581608453,145,14,inf
random_addition,42,111,146,0.0025337464402178543,0.050336333201951196,0.5016966013593012,146,14,inf
random_addition,42,111,147,0.002563780223443562,0.05063378539516439,0.4957899581301858,147,14,inf
random_addition,42,111,148,0.002572951677927128,0.05072427109310816,0.49398623899432526,148,14,inf
random_addition,42,111,149,0.0026786256289921683,0.051755440573838886,0.47320369811822527,149,14,inf
random_addition,42,111,150,0.0026800483819562917,0.05176918370958047,0.47292389007342817,150,14,inf
random_addition,42,112,10,0.00962854819961681,0.0981251659851682,-0.8936142210947935,10,10,inf
random_addition,42,112,11,0.013922713846859072,0.1179945500727007,-1.7381333499161342,11,11,inf
random_addition,42,112,12,0.010954056262756098,0.10466162746086122,-1.154297437972314,12,12,inf
random_addition,42,112,13,0.008686925660635897,0.09320367836430007,-0.7084284803422463,13,13,inf
random_addition,42,112,14,0.00552285046228686,0.07431588297454898,-0.08616044283628943,14,14,inf
random_addition,42,112,15,0.0042850823385247455,0.0654605403164742,0.15726725498289362,15,14,inf
random_addition,42,112,16,0.004659251490246373,0.0682587099954751,0.08368066517662909,16,14,inf
random_addition,42,112,17,0.0069216345611709685,0.08319636146593773,-0.36125461144559523,17,14,inf
random_addition,42,112,18,0.00598747483883415,0.07737877511846611,-0.17753655776629174,18,14,inf
random_addition,42,112,19,0.005619190799702639,0.07496126199379675,-0.10510737327829012,19,14,inf
random_addition,42,112,20,0.005881683124600958,0.07669213209059296,-0.15673085680361276,20,14,inf
random_addition,42,112,21,0.00463517172568797,0.0680820954854356,0.08841635156081529,21,14,inf
random_addition,42,112,22,0.0048708017098780315,0.06979112916322555,0.04207579432121,22,14,inf
random_addition,42,112,23,0.00502318955062466,0.07087446331807148,0.012106189726902694,23,14,inf
random_addition,42,112,24,0.004406621307286971,0.06638238702613045,0.13336459438505743,24,14,inf
random_addition,42,112,25,0.004361646922402566,0.06604276585972582,0.1422095555397921,25,14,inf
random_addition,42,112,26,0.004091619305053149,0.06396576666509321,0.19531497971179224,26,14,inf
random_addition,42,112,27,0.003934076865832626,0.06272221987328434,0.2262983218677589,27,14,inf
random_addition,42,112,28,0.004046249266125099,0.06361013493245475,0.20423775281783518,28,14,inf
random_addition,42,112,29,0.003770178960939577,0.06140178304365092,0.2585315721022513,29,14,inf
random_addition,42,112,30,0.0041152450089756,0.06415017543994404,0.1906685919071689,30,14,inf
random_addition,42,112,31,0.004128005078573999,0.06424955313909973,0.18815911189494328,31,14,inf
random_addition,42,112,32,0.00414184565615808,0.06435717253079162,0.18543713200783807,32,14,inf
random_addition,42,112,33,0.0038825487717708005,0.06231010168320062,0.2364321789849998,33,14,inf
random_addition,42,112,34,0.0034328372148450157,0.0585904191386699,0.3248754397892857,34,14,inf
random_addition,42,112,35,0.0033216856189016665,0.05763406647896421,0.3467352506779183,35,14,inf
random_addition,42,112,36,0.0031709847192150724,0.05631149722050616,0.37637309024231613,36,14,inf
random_addition,42,112,37,0.0031617989813269,0.056229876234319597,0.37817961844736636,37,14,inf
random_addition,42,112,38,0.0028298258780667896,0.05319610773418286,0.44346765318757075,38,14,inf
random_addition,42,112,39,0.002132828780221556,0.04618255926452708,0.5805437304090629,39,14,inf
random_addition,42,112,40,0.002100859211168644,0.04583513075326222,0.5868310781322925,40,14,inf
random_addition,42,112,41,0.002083229440676004,0.045642408357535254,0.5902982658564842,41,14,inf
random_addition,42,112,42,0.0020865700290853256,0.045678988923632334,0.5896412835588865,42,14,inf
random_addition,42,112,43,0.0020761537153241288,0.04556482980681623,0.5916898249859701,43,14,inf
random_addition,42,112,44,0.002090844768703498,0.04572575607579932,0.588800584881928,44,14,inf
random_addition,42,112,45,0.002238918075522056,0.04731720697084789,0.5596795051777922,45,14,inf
random_addition,42,112,46,0.002243684272871125,0.0473675445096231,0.5587421531602679,46,14,inf
random_addition,42,112,47,0.002455258324865474,0.049550563315319374,0.5171325952741586,47,14,inf
random_addition,42,112,48,0.0024711243004398643,0.04971040434798196,0.5140122871699313,48,14,inf
random_addition,42,112,49,0.002719090896300299,0.05214490287938313,0.46524552996592494,49,14,inf
random_addition,42,112,50,0.0026421083351286243,0.051401442928468696,0.4803854315989442,50,14,inf
random_addition,42,112,51,0.003192211056297414,0.056499655364412746,0.3721985778519151,51,14,inf
random_addition,42,112,52,0.0031400564581900645,0.056036206672026474,0.38245564741464433,52,14,inf
random_addition,42,112,53,0.00270691803984605,0.05202805050975916,0.46763952474221204,53,14,inf
random_addition,42,112,54,0.0036998682413139027,0.0608265422436119,0.2723593450767776,54,14,inf
random_addition,42,112,55,0.004784220204265386,0.06916805768752934,0.0591034881035839,55,14,inf
random_addition,42,112,56,0.00479373753144937,0.0692368220779187,0.05723174734591496,56,14,inf
random_addition,42,112,57,0.0034339248821721817,0.058599700359064824,0.3246615319107725,57,14,inf
random_addition,42,112,58,0.003346707737432528,0.05785073670604834,0.3418142347044152,58,14,inf
random_addition,42,112,59,0.003368173236192394,0.058035965023357665,0.3375926871905135,59,14,inf
random_addition,42,112,60,0.0032468286459178585,0.05698094985096211,0.3614571200243156,60,14,inf
random_addition,42,112,61,0.003194581821754124,0.05652063182373428,0.3717323273756611,61,14,inf
random_addition,42,112,62,0.0034405138168705773,0.05865589328337416,0.3233657082634189,62,14,inf
random_addition,42,112,63,0.003611096390004429,0.06009239877059684,0.2898178067874664,63,14,inf
random_addition,42,112,64,0.0035780696160788205,0.05981696762691018,0.2963130714406469,64,14,inf
random_addition,42,112,65,0.003713918915938701,0.06094193068765299,0.26959604611063104,65,14,inf
random_addition,42,112,66,0.0028016038138668504,0.05293017866838209,0.4490179917235281,66,14,inf
random_addition,42,112,67,0.0028028144368460466,0.05294161347036985,0.44877990257007894,67,14,inf
random_addition,42,112,68,0.0028129893039739945,0.05303762159047099,0.4467788456410604,68,14,inf
random_addition,42,112,69,0.0026828114510149925,0.05179586326160606,0.47238048656596787,69,14,inf
random_addition,42,112,70,0.00267981601732067,0.051766939423928376,0.47296958844553694,70,14,inf
random_addition,42,112,71,0.0027397134910845037,0.05234227250592492,0.46118975354463654,71,14,inf
random_addition,42,112,72,0.0027948746470662636,0.05286657400537946,0.4503413943472192,72,14,inf
random_addition,42,112,73,0.0029002626653372057,0.05385408680255572,0.4296150869129587,73,14,inf
random_addition,42,112,74,0.0029294564299087236,0.05412445316036665,0.4238736473299778,74,14,inf
random_addition,42,112,75,0.002985597938451478,0.05464062534828347,0.41283248548851703,75,14,inf
random_addition,42,112,76,0.0029816037252707304,0.054604063267038386,0.41361801397363684,76,14,inf
random_addition,42,112,77,0.002738838771076111,0.052333916068608044,0.4613617817895005,77,14,inf
random_addition,42,112,78,0.0027341019116914446,0.05228864036950516,0.4622933640081457,78,14,inf
random_addition,42,112,79,0.0028209459885642153,0.053112578440179456,0.44521403121832037,79,14,inf
random_addition,42,112,80,0.002932157912001879,0.054149403616308454,0.4233423559240901,80,14,inf
random_addition,42,112,81,0.0029307791013922615,0.054136670579120964,0.4236135219736791,81,14,inf
random_addition,42,112,82,0.002919503739240873,0.05403243229062405,0.4258310095611342,82,14,inf
random_addition,42,112,83,0.0028638933404689206,0.053515356118304214,0.4367677198285774,83,14,inf
random_addition,42,112,84,0.0028211770580173615,0.05311475367557833,0.4451685875653971,84,14,inf
random_addition,42,112,85,0.0027437983774219596,0.05238127888303186,0.4603863926744619,85,14,inf
random_addition,42,112,86,0.0021075028101734555,0.04590754633144158,0.5855245038394761,86,14,inf
random_addition,42,112,87,0.0021533779166070873,0.0464045031931933,0.5765024008042107,87,14,inf
random_addition,42,112,88,0.002206788820052972,0.046976470919524935,0.5659982578919206,88,14,inf
random_addition,42,112,89,0.002184096449245301,0.04673431768246222,0.5704610902089954,89,14,inf
random_addition,42,112,90,0.002167089718514286,0.046552010896569074,0.5738057467967728,90,14,inf
random_addition,42,112,91,0.002180732283714903,0.04669831135828043,0.5711227093397728,91,14,inf
random_addition,42,112,92,0.002187853960255403,0.04677450117591211,0.5697221131444228,92,14,inf
random_addition,42,112,93,0.002160634940811233,0.046482630528093316,0.5750751862386393,93,14,inf
random_addition,42,112,94,0.0021473528444139493,0.046339538672864986,0.5776873315073153,94,14,inf
random_addition,42,112,95,0.002222729999369039,0.04714583756143313,0.5628631597205132,95,14,inf
random_addition,42,112,96,0.0022613849165691326,0.04755402103470465,0.5552610270409206,96,14,inf
random_addition,42,112,97,0.0022730783821412084,0.047676811786666363,0.5529613124586074,97,14,inf
random_addition,42,112,98,0.002294508265428141,0.04790102572417569,0.5487467693200943,98,14,inf
random_addition,42,112,99,0.002441920335289836,0.049415790343672904,0.5197557328664124,99,14,inf
random_addition,42,112,100,0.002445836921811456,0.04945540336314583,0.5189854709555063,100,14,inf
random_addition,42,112,101,0.002430164435366687,0.049296698016872156,0.5220677262027626,101,14,inf
random_addition,42,112,102,0.002363693561075903,0.04861783171919438,0.5351403296977156,102,14,inf
random_addition,42,112,103,0.0023662100501550144,0.04864370514419121,0.5346454202462965,103,14,inf
random_addition,42,112,104,0.0022633677238364366,0.04757486441217081,0.5548710749981811,104,14,inf
random_addition,42,112,105,0.0022372519494772572,0.04729959777289081,0.5600071765885967,105,14,inf
random_addition,42,112,106,0.0022439196554428584,0.047370029084251766,0.5586958612608047,106,14,inf
random_addition,42,112,107,0.0022446092991816368,0.047377307850717275,0.5585602313440026,107,14,inf
random_addition,42,112,108,0.002245620337547852,0.047387976719288745,0.5583613938257551,108,14,inf
random_addition,42,112,109,0.002301326919527229,0.04797214733079216,0.5474057675300973,109,14,inf
random_addition,42,112,110,0.002382799638171512,0.04881392873116762,0.531382801714523,110,14,inf
random_addition,42,112,111,0.0024683469086147413,0.04968246077455042,0.5145585074877372,111,14,inf
random_addition,42,112,112,0.0026016209872898313,0.05100608774734474,0.488347942255016,112,14,inf
random_addition,42,112,113,0.002611595781940455,0.05110377463495681,0.4863862329078402,113,14,inf
random_addition,42,112,114,0.0026179094682494673,0.05116551053443586,0.485144541436352,114,14,inf
random_addition,42,112,115,0.0027800848996612122,0.05272651040663712,0.453250044273666,115,14,inf
random_addition,42,112,116,0.00277588661945982,0.052686683511678926,0.4540757059340411,116,14,inf
random_addition,42,112,117,0.0028059832263022345,0.05297153222535888,0.4481567073953244,117,14,inf
random_addition,42,112,118,0.0027108601837001626,0.0520659215197442,0.46686423655660114,118,14,inf
random_addition,42,112,119,0.0026676384487196603,0.05164918633163218,0.4753645099438939,119,14,inf
random_addition,42,112,120,0.002667579598827558,0.051648616620656534,0.4753760837544295,120,14,inf
random_addition,42,112,121,0.002679684926759527,0.05176567324742842,0.47299536958571353,121,14,inf
random_addition,42,112,122,0.002469777987857284,0.049696860945710485,0.5142770619417409,122,14,inf
random_addition,42,112,123,0.002514962304117763,0.0501493998380615,0.5053908142886739,123,14,inf
random_addition,42,112,124,0.002554329203778296,0.05054037201859812,0.4976486584109515,124,14,inf
random_addition,42,112,125,0.0025366626497878185,0.05036529211458838,0.5011230802220652,125,14,inf
random_addition,42,112,126,0.0024710724208375366,0.049709882526893345,0.514022490156998,126,14,inf
random_addition,42,112,127,0.0024653434380879566,0.04965222490571754,0.5151491899441417,127,14,inf
random_addition,42,112,128,0.002364691334071058,0.04862809202581424,0.534944101035421,128,14,inf
random_addition,42,112,129,0.0023274606920901074,0.048243763245523326,0.5422661262934367,129,14,inf
random_addition,42,112,130,0.0026118993505643475,0.051106744668041104,0.48632653108661406,130,14,inf
random_addition,42,112,131,0.0026021888528250923,0.05101165408830704,0.48823626204830717,131,14,inf
random_addition,42,112,132,0.0025487574280806764,0.05048521989731922,0.4987444408154248,132,14,inf
random_addition,42,112,133,0.0025509464784032646,0.05050689535502321,0.49831392764400917,133,14,inf
random_addition,42,112,134,0.002577747249939602,0.05077152006725426,0.4930431099604522,134,14,inf
random_addition,42,112,135,0.002593035026229329,0.05092185214845714,0.4900365143667057,135,14,inf
random_addition,42,112,136,0.0025890912102325683,0.05088311321285843,0.49081213140699276,136,14,inf
random_addition,42,112,137,0.002557721368104723,0.05057391984120593,0.4969815328510391,137,14,inf
random_addition,42,112,138,0.002569903411948939,0.050694214777910696,0.4945857312216382,138,14,inf
random_addition,42,112,139,0.002556753185307592,0.050564346977960584,0.4971719421085158,139,14,inf
random_addition,42,112,140,0.002559459175141382,0.050591097785493665,0.4966397641804241,140,14,inf
random_addition,42,112,141,0.0026001503234717575,0.050991669157537466,0.4886371727664721,141,14,inf
random_addition,42,112,142,0.0026164633855935335,0.0511513771622381,0.48542893765324624,142,14,inf
random_addition,42,112,143,0.0028630728960351557,0.05350769006446789,0.4369290738785533,143,14,inf
random_addition,42,112,144,0.0028887270253400922,0.053746879214891095,0.431883762469761,144,14,inf
random_addition,42,112,145,0.0028855270279751835,0.053717101820325186,0.43251309519906056,145,14,inf
random_addition,42,112,146,0.0028339102630112354,0.053234483777071,0.4426643909246747,146,14,inf
random_addition,42,112,147,0.002833522136955998,0.05323083821391504,0.4427407223717982,147,14,inf
random_addition,42,112,148,0.0028430113367154835,0.05331989625567067,0.440874513340193,148,14,inf
random_addition,42,112,149,0.0029499042860636304,0.05431302133064989,0.4198522361677661,149,14,inf
random_addition,42,112,150,0.0026800483819562917,0.05176918370958047,0.47292389007342817,150,14,inf
random_addition,42,113,10,0.00962854819961681,0.0981251659851682,-0.8936142210947935,10,10,inf
random_addition,42,113,11,0.01629884376845744,0.12766692511554212,-2.20543883745439,11,11,inf
random_addition,42,113,12,0.014811410775230183,0.12170213956718338,-1.9129103886678087,12,12,inf
random_addition,42,113,13,0.017140612663838935,0.1309221626151926,-2.37098669764302,13,13,inf
random_addition,42,113,14,0.018669282458728936,0.13663558269619572,-2.671625049650955,14,14,inf
random_addition,42,113,15,0.017202252775742062,0.13115735883183247,-2.3831092513312573,15,14,inf
random_addition,42,113,16,0.016462440377196477,0.12830604185772576,-2.2376128327866716,16,14,inf
random_addition,42,113,17,0.015991878612633383,0.1264589997296886,-2.145069031706089,17,14,inf
random_addition,42,113,18,0.007354651696410047,0.08575926595074171,-0.44641463643244417,18,14,inf
random_addition,42,113,19,0.007395670267563136,0.08599808292958126,-0.4544816209927507,19,14,inf
random_addition,42,113,20,0.0069166770356767215,0.08316656200467061,-0.36027963156464904,20,14,inf
random_addition,42,113,21,0.007635446170055989,0.08738104010628386,-0.5016375420540771,21,14,inf
random_addition,42,113,22,0.0054022432144288,0.07349995383963721,-0.06244102065795776,22,14,inf
random_addition,42,113,23,0.006482648725428773,0.08051489753721837,-0.274920742186501,23,14,inf
random_addition,42,113,24,0.006458855103914886,0.08036700258137593,-0.2702413305933973,24,14,inf
random_addition,42,113,25,0.006516917344518829,0.08072742622255975,-0.28166023635539283,25,14,inf
random_addition,42,113,26,0.006028557631677306,0.07764378681953442,-0.1856161725905896,26,14,inf
random_addition,42,113,27,0.006041636774131465,0.07772796648653214,-0.18818840358922606,27,14,inf
random_addition,42,113,28,0.005960372000908267,0.0772034455248486,-0.17220633370088967,28,14,inf
random_addition,42,113,29,0.006385952364394577,0.07991215404676924,-0.25590379377575756,29,14,inf
random_addition,42,113,30,0.006163152775974791,0.07850574995485866,-0.21208654736029442,30,14,inf
random_addition,42,113,31,0.008160825242279856,0.09033728600240244,-0.6049620788381684,31,14,inf
random_addition,42,113,32,0.008834686939645328,0.09399301537691686,-0.73748819458562,32,14,inf
random_addition,42,113,33,0.008521808813692053,0.09231364370282463,-0.6759555048704469,33,14,inf
random_addition,42,113,34,0.008420991895681278,0.09176596262057778,-0.6561281803647909,34,14,inf
random_addition,42,113,35,0.008565697814829291,0.09255105517944834,-0.6845870072506735,35,14,inf
random_addition,42,113,36,0.008554101189271187,0.09248838407752179,-0.6823063378685115,36,14,inf
random_addition,42,113,37,0.009035680375152956,0.0950561958798739,-0.7770168981796977,37,14,inf
random_addition,42,113,38,0.009044460094633612,0.09510236639870541,-0.7787435761088226,38,14,inf
random_addition,42,113,39,0.008798345862055214,0.09379949819724631,-0.7303411169672842,39,14,inf
random_addition,42,113,40,0.008831460235628683,0.09397584921472475,-0.7368536095488616,40,14,inf
random_addition,42,113,41,0.007333265105881316,0.08563448549434577,-0.4422086075352165,41,14,inf
random_addition,42,113,42,0.007965438995643141,0.08924930809615916,-0.566536122238362,42,14,inf
random_addition,42,113,43,0.007957074833832772,0.08920243737607607,-0.5648911706399182,43,14,inf
random_addition,42,113,44,0.008248606979316645,0.09082184197271406,-0.6222258181017766,44,14,inf
random_addition,42,113,45,0.007805733240490562,0.08835006078374005,-0.5351273280070945,45,14,inf
random_addition,42,113,46,0.007890398644356186,0.08882791590685997,-0.5517781884972628,46,14,inf
random_addition,42,113,47,0.008022761283727947,0.08956986816853058,-0.577809504024767,47,14,inf
random_addition,42,113,48,0.00793485656671664,0.08907781186533849,-0.5605215787028008,48,14,inf
random_addition,42,113,49,0.007976296616970704,0.08931011486371913,-0.5686714541416655,49,14,inf
random_addition,42,113,50,0.008067259974097945,0.08981792679692593,-0.586560911937756,50,14,inf
random_addition,42,113,51,0.007776573367268625,0.08818488173870069,-0.5293925537219559,51,14,inf
random_addition,42,113,52,0.007803268811470876,0.08833611272560547,-0.5346426570326333,52,14,inf
random_addition,42,113,53,0.007829331155091377,0.08848350781411968,-0.5397682505792081,53,14,inf
random_addition,42,113,54,0.007801491735773748,0.0883260535503186,-0.5342931655265122,54,14,inf
random_addition,42,113,55,0.007242349927768977,0.0851019972019986,-0.4243286249440983,55,14,inf
random_addition,42,113,56,0.007190357346274054,0.08479597482353779,-0.4141034186441357,56,14,inf
random_addition,42,113,57,0.008174364857744176,0.09041219418720119,-0.6076248695164568,57,14,inf
random_addition,42,113,58,0.008170095555884192,0.0903885808931869,-0.6067852402651295,58,14,inf
random_addition,42,113,59,0.008154399682842779,0.09030171472814223,-0.6036983856544935,59,14,inf
random_addition,42,113,60,0.00787176525923414,0.0887229691750346,-0.548113623256197,60,14,inf
random_addition,42,113,61,0.007872319076390267,0.08872609016738124,-0.548222540615386,61,14,inf
random_addition,42,113,62,0.006801340305872284,0.08247023890999883,-0.3375967444622152,62,14,inf
random_addition,42,113,63,0.0062317258447597505,0.0789412809926451,-0.22557258238273725,63,14,inf
random_addition,42,113,64,0.00619555702749658,0.07871186078029524,-0.2184593826240815,64,14,inf
random_addition,42,113,65,0.005189708170144055,0.0720396291643985,-0.02064246764717037,65,14,inf
random_addition,42,113,66,0.004881274435448409,0.06986611793600965,0.04001615857316654,66,14,inf
random_addition,42,113,67,0.004389718806002723,0.06625495306769694,0.13668875251776536,67,14,inf
random_addition,42,113,68,0.004490702389733867,0.06701270319673626,0.11682865042490553,68,14,inf
random_addition,42,113,69,0.004231917400485027,0.06505318901087807,0.16772302470523248,69,14,inf
random_addition,42,113,70,0.003959325218323472,0.06292316916942019,0.22133281322152476,70,14,inf
random_addition,42,113,71,0.004060212188823712,0.06371979432502677,0.20149171172815228,71,14,inf
random_addition,42,113,72,0.0038926202371034105,0.06239086661606337,0.23445145773962528,72,14,inf
random_addition,42,113,73,0.003919744374996712,0.06260786192641234,0.2291170446812022,73,14,inf
random_addition,42,113,74,0.004209169345966878,0.06487811145499596,0.1721968081505416,74,14,inf
random_addition,42,113,75,0.003930214459608899,0.06269142253617235,0.22705792832153204,75,14,inf
random_addition,42,113,76,0.0038904280316197455,0.0623732958213669,0.234882591425968,76,14,inf
random_addition,42,113,77,0.003922911843230567,0.0626331529082687,0.22849410934680425,77,14,inf
random_addition,42,113,78,0.003993034455306787,0.06319046174310478,0.21470333085196036,78,14,inf
random_addition,42,113,79,0.003686944402828319,0.06072021412040902,0.2749010329657584,79,14,inf
random_addition,42,113,80,0.0036243729884313314,0.06020276562111853,0.2872067427861513,80,14,inf
random_addition,42,113,81,0.003693187019077274,0.06077159714107631,0.2736733186041759,81,14,inf
random_addition,42,113,82,0.003730382459025825,0.0610768569838513,0.2663582164115882,82,14,inf
random_addition,42,113,83,0.0034982172316544353,0.05914572876932395,0.31201737156975273,83,14,inf
random_addition,42,113,84,0.0037897960536577057,0.061561319460012434,0.25467354439366463,84,14,inf
random_addition,42,113,85,0.0038803319793012667,0.06229231075583299,0.23686814811123746,85,14,inf
random_addition,42,113,86,0.003912769797161781,0.06255213663146753,0.230488711468401,86,14,inf
random_addition,42,113,87,0.003925985384291142,0.06265768415997468,0.22788964635396647,87,14,inf
random_addition,42,113,88,0.003984372854339464,0.06312188886859664,0.2164067788099635,88,14,inf
random_addition,42,113,89,0.0038993987831196135,0.06244516621100158,0.23311834387152008,89,14,inf
random_addition,42,113,90,0.0038564492691764685,0.0621003161761393,0.24156508046209824,90,14,inf
random_addition,42,113,91,0.0033539438804319,0.057913244430198345,0.34039112677522276,91,14,inf
random_addition,42,113,92,0.003228462848890666,0.05681956396251793,0.36506905961390157,92,14,inf
random_addition,42,113,93,0.003130022012647591,0.05594659965223616,0.3844290881022846,93,14,inf
random_addition,42,113,94,0.003259758246497045,0.05709429259126559,0.3589142989237475,94,14,inf
random_addition,42,113,95,0.003285844265295132,0.05732228419467539,0.353784049259549,95,14,inf
random_addition,42,113,96,0.003715782281591009,0.06095721681303215,0.2692295842489715,96,14,inf
random_addition,42,113,97,0.0037161662493870005,0.06096036621762537,0.26915407059272156,97,14,inf
random_addition,42,113,98,0.0036349023326207666,0.06029015120747971,0.28513597204454466,98,14,inf
random_addition,42,113,99,0.0036247392126010345,0.06020580713354015,0.2871347187092623,99,14,inf
random_addition,42,113,100,0.0037220299906641115,0.061008441962273646,0.26800086829877656,100,14,inf
random_addition,42,113,101,0.003813668841014676,0.061754909448680076,0.24997856352021064,101,14,inf
random_addition,42,113,102,0.003816367033317735,0.06177675156009528,0.24944791910628705,102,14,inf
random_addition,42,113,103,0.003758652486272262,0.06130785011947705,0.26079844514443906,103,14,inf
random_addition,42,113,104,0.003757631883681655,0.06129952596620675,0.2609991636265604,104,14,inf
random_addition,42,113,105,0.0036572941105226615,0.06047556622738361,0.28073225632421295,105,14,inf
random_addition,42,113,106,0.003525829962208172,0.05937869956649583,0.3065868686345443,106,14,inf
random_addition,42,113,107,0.0035549739153335016,0.05962360199898612,0.3008552253013116,107,14,inf
random_addition,42,113,108,0.003650427019551735,0.06041876380357128,0.2820827840310395,108,14,inf
random_addition,42,113,109,0.0036345983431613008,0.0602876301007205,0.2851957566300889,109,14,inf
random_addition,42,113,110,0.003638372527275178,0.060318923459186324,0.28445350052222085,110,14,inf
random_addition,42,113,111,0.0036373390254661776,0.060310355872488244,0.2846567558502804,111,14,inf
random_addition,42,113,112,0.0036753970491034695,0.060625052982273504,0.2771720122220348,112,14,inf
random_addition,42,113,113,0.0035367818915953836,0.05947084909092339,0.3044329894820388,113,14,inf
random_addition,42,113,114,0.003539550141946014,0.0594941185491979,0.3038885669873046,114,14,inf
random_addition,42,113,115,0.0037246469472335545,0.06102988568917325,0.26748620024361935,115,14,inf
random_addition,42,113,116,0.0038288241443506454,0.061877493035437735,0.2469980209371514,116,14,inf
random_addition,42,113,117,0.0038261118860378855,0.06185557279694276,0.24753143166593894,117,14,inf
random_addition,42,113,118,0.003814880676524042,0.061764720322559884,0.24974023590252736,118,14,inf
random_addition,42,113,119,0.0038158215687216475,0.06177233659755512,0.24955519379555913,119,14,inf
random_addition,42,113,120,0.003804177514539367,0.06167801483948204,0.25184519080587076,120,14,inf
random_addition,42,113,121,0.0038672147220996126,0.06218693369269474,0.23944787500919273,121,14,inf
random_addition,42,113,122,0.0038217670068673034,0.061820441658623757,0.2483859244529908,122,14,inf
random_addition,42,113,123,0.00393189891413131,0.06270485558655972,0.22672665231062183,123,14,inf
random_addition,42,113,124,0.0038927526211717405,0.06239192753210739,0.2344254222097365,124,14,inf
random_addition,42,113,125,0.00395416798411023,0.0628821754085387,0.2223470691451852,125,14,inf
random_addition,42,113,126,0.003995667372800225,0.06321129149764483,0.21418552381551204,126,14,inf
random_addition,42,113,127,0.003986588411827612,0.0631394362647277,0.21597105256336513,127,14,inf
random_addition,42,113,128,0.0030969923860950316,0.055650627903870334,0.3909249137720222,128,14,inf
random_addition,42,113,129,0.00315918529594099,0.056206630355688375,0.37869364316984977,129,14,inf
random_addition,42,113,130,0.0030778614626929685,0.055478477472736834,0.3946873281948179,130,14,inf
random_addition,42,113,131,0.003024249851691112,0.05499318004708504,0.40523094358773437,131,14,inf
random_addition,42,113,132,0.003039785150363339,0.055134246620075794,0.4021756685987329,132,14,inf
random_addition,42,113,133,0.0030111882789455716,0.05487429524782593,0.4077997192108136,133,14,inf
random_addition,42,113,134,0.00283359303647166,0.05323150417254485,0.4427267788022856,134,14,inf
random_addition,42,113,135,0.0028356618321184026,0.05325093268777931,0.4423199157138954,135,14,inf
random_addition,42,113,136,0.0029188132895998802,0.05402604269794226,0.425966797972017,136,14,inf
random_addition,42,113,137,0.0031856610164941986,0.056441660291793316,0.3734867521709261,137,14,inf
random_addition,42,113,138,0.0032021987177074827,0.05658797326029165,0.3702343380423935,138,14,inf
random_addition,42,113,139,0.0031998976203671528,0.05656763757102777,0.370686887124294,139,14,inf
random_addition,42,113,140,0.0031850498407887924,0.05643624580700591,0.37360695004326894,140,14,inf
random_addition,42,113,141,0.0032384995031015363,0.05690781583492321,0.3630951845548691,141,14,inf
random_addition,42,113,142,0.0032738527324472125,0.05721759111014035,0.3561423837314529,142,14,inf
random_addition,42,113,143,0.003263460691333595,0.057126707338455936,0.35818615153849687,143,14,inf
random_addition,42,113,144,0.0032366975295514424,0.056891981241221,0.36344957263807265,144,14,inf
random_addition,42,113,145,0.0032787033035577506,0.057259962483027796,0.35518843820976864,145,14,inf
random_addition,42,113,146,0.003229179338645577,0.05682586856921394,0.3649281499813132,146,14,inf
random_addition,42,113,147,0.00293746288121119,0.05419836603820442,0.42229904545516384,147,14,inf
random_addition,42,113,148,0.0029480575327982413,0.054296017651373304,0.42021543092711033,148,14,inf
random_addition,42,113,149,0.002958417720803786,0.05439133865611129,0.4181779275637999,149,14,inf
random_addition,42,113,150,0.0026800483819562917,0.05176918370958047,0.47292389007342817,150,14,inf
random_addition,42,114,10,0.00962854819961681,0.0981251659851682,-0.8936142210947935,10,10,inf
random_addition,42,114,11,0.008775871039134452,0.09367961912355564,-0.7259210690621352,11,11,inf
random_addition,42,114,12,0.009156922495012909,0.09569180996831918,-0.8008611785013793,12,12,inf
random_addition,42,114,13,0.01225831201977566,0.1107172616161349,-1.4108010352161116,13,13,inf
random_addition,42,114,14,0.01227763240813461,0.11080447828555762,-1.414600711075348,14,14,inf
random_addition,42,114,15,0.007720610485638569,0.08786700453320671,-0.5183865218352028,15,14,inf
random_addition,42,114,16,0.005451309804818094,0.07383298588583624,-0.0720907821189325,16,14,inf
random_addition,42,114,17,0.006456375716128113,0.08035157569163229,-0.2697537177284768,17,14,inf
random_addition,42,114,18,0.00646354539119683,0.08039617771509308,-0.2711637536330893,18,14,inf
random_addition,42,114,19,0.007641699358731805,0.0874168139360604,-0.5028673356593254,19,14,inf
random_addition,42,114,20,0.006420877966299157,0.08013038104426533,-0.26277249454722384,20,14,inf
random_addition,42,114,21,0.006083948691024777,0.07799967109561923,-0.1965097461104326,21,14,inf
random_addition,42,114,22,0.005202289481823321,0.07212689846252451,-0.02311679194009253,22,14,inf
random_addition,42,114,23,0.004474900440816684,0.06689469665688517,0.1199363666215989,23,14,inf
random_addition,42,114,24,0.004492642601215812,0.06702717807886449,0.1164470755521444,24,14,inf
random_addition,42,114,25,0.005549538624941492,0.07449522551775713,-0.09140911410946373,25,14,inf
random_addition,42,114,26,0.005505178602161785,0.07419689078500383,-0.08268497748551407,26,14,inf
random_addition,42,114,27,0.006944696995210662,0.08333484862415401,-0.3657902228550456,27,14,inf
random_addition,42,114,28,0.00695077341824873,0.083371298528023,-0.36698525255627623,28,14,inf
random_addition,42,114,29,0.0068879715849537605,0.08299380449740668,-0.3546342270254583,29,14,inf
random_addition,42,114,30,0.006477437989353495,0.080482532200183,-0.27389596423140805,30,14,inf
random_addition,42,114,31,0.006582200014393325,0.08113075874409979,-0.29449915968033413,31,14,inf
random_addition,42,114,32,0.006950489268163697,0.083369594386465,-0.3669293697138385,32,14,inf
random_addition,42,114,33,0.007107272022039701,0.08430463820004035,-0.39776330710575203,33,14,inf
random_addition,42,114,34,0.0069863216104483926,0.08358421866864817,-0.3739763960690823,34,14,inf
random_addition,42,114,35,0.0069571868164965325,0.08340975252628754,-0.36824655403971973,35,14,inf
random_addition,42,114,36,0.006353276697583145,0.07970744443013554,-0.24947758017895105,36,14,inf
random_addition,42,114,37,0.007472559523249167,0.08644396753532989,-0.4696031725494285,37,14,inf
random_addition,42,114,38,0.007446227766366856,0.08629152777861136,-0.4644245944019214,38,14,inf
random_addition,42,114,39,0.007313148875598326,0.08551695080858722,-0.4382524161189236,39,14,inf
random_addition,42,114,40,0.006743274151773981,0.08211744121545667,-0.32617706904643406,40,14,inf
random_addition,42,114,41,0.00682220932449689,0.08259666654591388,-0.34170098423217565,41,14,inf
random_addition,42,114,42,0.0065432652286098025,0.0808904520237698,-0.28684198618683787,42,14,inf
random_addition,42,114,43,0.005853687969632624,0.07650939791707045,-0.15122514374378704,43,14,inf
random_addition,42,114,44,0.004233750797134362,0.06506727900515252,0.1673624567466876,44,14,inf
random_addition,42,114,45,0.0057545214030905265,0.07585856183115078,-0.13172238831605476,45,14,inf
random_addition,42,114,46,0.0057642811497157515,0.0759228631554142,-0.13364180489066801,46,14,inf
random_addition,42,114,47,0.00576488747679943,0.07592685609716386,-0.13376104920086784,47,14,inf
random_addition,42,114,48,0.005659461655074391,0.0752293935578002,-0.11302730708831521,48,14,inf
random_addition,42,114,49,0.005767210047517434,0.07594214934749631,-0.13421782137980176,49,14,inf
random_addition,42,114,50,0.005674187365735091,0.07532720203044244,-0.11592336312342333,50,14,inf
random_addition,42,114,51,0.0055292542090254184,0.07435895513672458,-0.08741984618984033,51,14,inf
random_addition,42,114,52,0.005931966654216012,0.07701926157926997,-0.16661994961302473,52,14,inf
random_addition,42,114,53,0.0050061399342366895,0.07075408068964426,0.015459280492731486,53,14,inf
random_addition,42,114,54,0.005126931461465904,0.07160259395766262,-0.008296383290319786,54,14,inf
random_addition,42,114,55,0.005266375402807814,0.07256979676702846,-0.035720354682087674,55,14,inf
random_addition,42,114,56,0.00607353168868764,0.07793286654992,-0.19446106926343232,56,14,inf
random_addition,42,114,57,0.006045451852074057,0.07775250383154267,-0.18893870214897834,57,14,inf
random_addition,42,114,58,0.0064396853489442464,0.08024765011478059,-0.2664712792964896,58,14,inf
random_addition,42,114,59,0.007129167585437901,0.08443439811734256,-0.402069433986995,59,14,inf
random_addition,42,114,60,0.006895708328498104,0.08304040178430078,-0.3561557863817395,60,14,inf
random_addition,42,114,61,0.007158712306346379,0.0846091738899889,-0.4078798949735014,61,14,inf
random_addition,42,114,62,0.007208621695964675,0.08490360237330731,-0.41769540692691587,62,14,inf
random_addition,42,114,63,0.00800659497489453,0.08947957853552134,-0.5746301303876502,63,14,inf
random_addition,42,114,64,0.007954338601758959,0.08918709885268698,-0.5643530450720995,64,14,inf
random_addition,42,114,65,0.007931769669608065,0.08906048321005262,-0.5599144890208814,65,14,inf
random_addition,42,114,66,0.0071964392102947085,0.08483182899298299,-0.41529951840512913,66,14,inf
random_addition,42,114,67,0.0069364599300031984,0.08328541246822999,-0.36417026691843213,67,14,inf
random_addition,42,114,68,0.007493980948546752,0.08656778239360619,-0.4738160522835968,68,14,inf
random_addition,42,114,69,0.0077433099302812195,0.08799607906197424,-0.522850745339634,69,14,inf
random_addition,42,114,70,0.007452250473503168,0.08632641816676496,-0.4656090599772469,70,14,inf
random_addition,42,114,71,0.007608853417646564,0.08722874192401586,-0.49640763479323535,71,14,inf
random_addition,42,114,72,0.007548340728593702,0.08688118742624149,-0.4845068075686547,72,14,inf
random_addition,42,114,73,0.007497841135093127,0.08659007526901179,-0.47457522220088344,73,14,inf
random_addition,42,114,74,0.007752895929724797,0.08805053054766222,-0.5247359916398486,74,14,inf
random_addition,42,114,75,0.007683744822822065,0.08765697247123051,-0.5111362758030757,75,14,inf
random_addition,42,114,76,0.007745355773025377,0.08800770291869557,-0.523253094357798,76,14,inf
random_addition,42,114,77,0.00756505517920588,0.08697732566138074,-0.4877939824075641,77,14,inf
random_addition,42,114,78,0.007303465974131745,0.0854603181256175,-0.43634811242344984,78,14,inf
random_addition,42,114,79,0.0073087283821747576,0.08549110118705196,-0.4373830525308118,79,14,inf
random_addition,42,114,80,0.007259042381402262,0.08520001397536424,-0.4276114737110819,80,14,inf
random_addition,42,114,81,0.007035979895630831,0.08388074806313324,-0.3837425241568442,81,14,inf
random_addition,42,114,82,0.0066471442307465016,0.0815300204265061,-0.3072715204884906,82,14,inf
random_addition,42,114,83,0.006796147672087405,0.08243875103425212,-0.3365755266237487,83,14,inf
random_addition,42,114,84,0.0066076942317997486,0.08128772497615952,-0.299513021753373,84,14,inf
random_addition,42,114,85,0.005143693483134247,0.0717195474270038,-0.011592913768999402,85,14,inf
random_addition,42,114,86,0.005200070357470395,0.07211151334891257,-0.02268036421018338,86,14,inf
random_addition,42,114,87,0.005108237068837059,0.0714719320351497,-0.004619819907885958,87,14,inf
random_addition,42,114,88,0.004686914009720806,0.06846104008646674,0.0782403704216853,88,14,inf
random_addition,42,114,89,0.003643815828307976,0.06036402760177601,0.2833829847983844,89,14,inf
random_addition,42,114,90,0.0035709700326926773,0.05975759393326238,0.29770932264956584,90,14,inf
random_addition,42,114,91,0.003251761336564115,0.05702421710610427,0.3604870243294751,91,14,inf
random_addition,42,114,92,0.0032700855508733034,0.05718466184977667,0.35688326267331505,92,14,inf
random_addition,42,114,93,0.003191227948301878,0.05649095457063793,0.3723919223980112,93,14,inf
random_addition,42,114,94,0.0033860252436713396,0.0581895630132358,0.33408179286497364,94,14,inf
random_addition,42,114,95,0.0036742223995674555,0.060615364385339265,0.27740302659928917,95,14,inf
random_addition,42,114,96,0.003862000153239343,0.06214499298607526,0.24047340674523143,96,14,inf
random_addition,42,114,97,0.003909857414812281,0.06252885265869094,0.23106147991904846,97,14,inf
random_addition,42,114,98,0.003919088367699426,0.06260262269026295,0.22924605943207943,98,14,inf
random_addition,42,114,99,0.003797036558450397,0.06162009865661039,0.25324957864523634,99,14,inf
random_addition,42,114,100,0.003628061905139029,0.06023339526491122,0.2864812559325457,100,14,inf
random_addition,42,114,101,0.003596053442227157,0.0599671030001213,0.2927762527803278,101,14,inf
random_addition,42,114,102,0.003630173000252277,0.06025091700756327,0.2860660739502101,102,14,inf
random_addition,42,114,103,0.0034228887256371743,0.05850545893877916,0.3268319757334196,103,14,inf
random_addition,42,114,104,0.003348704531890079,0.05786799229185404,0.34142153184796875,104,14,inf
random_addition,42,114,105,0.0036601903372012017,0.06049950691700885,0.2801626651550877,105,14,inf
random_addition,42,114,106,0.003435198750646204,0.058610568591732706,0.32441100447837,106,14,inf
random_addition,42,114,107,0.0034121583387205215,0.058413682803950324,0.3289422848726553,107,14,inf
random_addition,42,114,108,0.0035078133167373527,0.05922679559740973,0.3101301417607384,108,14,inf
random_addition,42,114,109,0.0035800349407666444,0.059833393191149074,0.29592655763806963,109,14,inf
random_addition,42,114,110,0.00353589451199939,0.059463387996307356,0.30460750744545817,110,14,inf
random_addition,42,114,111,0.003489728415493916,0.059073923312185014,0.3136868385203838,111,14,inf
random_addition,42,114,112,0.0036756665974336717,0.060627276018584836,0.2771190010576555,112,14,inf
random_addition,42,114,113,0.0036571367194933703,0.06047426493553577,0.2807632098890869,113,14,inf
random_addition,42,114,114,0.0037445549018622405,0.061192768378806335,0.2635709697004218,114,14,inf
random_addition,42,114,115,0.003845675560220029,0.062013511110241365,0.24368390960133046,115,14,inf
random_addition,42,114,116,0.0037666709160080305,0.061373210083944855,0.25922148751139684,116,14,inf
random_addition,42,114,117,0.0037017429445219325,0.0608419505318652,0.27199065349613016,117,14,inf
random_addition,42,114,118,0.0036894816245794356,0.06074110325454614,0.2744020460894008,118,14,inf
random_addition,42,114,119,0.003497047560537766,0.05913583989881065,0.3122474068580028,119,14,inf
random_addition,42,114,120,0.0034911380890371184,0.05908585354411933,0.31340960276135055,120,14,inf
random_addition,42,114,121,0.003488829626449373,0.05906631549749292,0.313863600341712,121,14,inf
random_addition,42,114,122,0.003716240019126112,0.0609609712777455,0.26913956254600757,122,14,inf
random_addition,42,114,123,0.0036222314467169794,0.060184976918804076,0.28762791259922094,123,14,inf
random_addition,42,114,124,0.0036447422716236084,0.06037170091709864,0.2832007843044835,124,14,inf
random_addition,42,114,125,0.003611434597613269,0.060095212767850896,0.2897512926334628,125,14,inf
random_addition,42,114,126,0.0034826826638823007,0.05901425814057397,0.3150725028150889,126,14,inf
random_addition,42,114,127,0.0035036101871092997,0.05919130161695466,0.3109567571415601,127,14,inf
random_addition,42,114,128,0.003135557816424735,0.05599605179318212,0.3833403801745404,128,14,inf
random_addition,42,114,129,0.002726637745890497,0.052217216948919225,0.4637613164155342,129,14,inf
random_addition,42,114,130,0.002708066255888513,0.052039083926300175,0.46741370895131396,130,14,inf
random_addition,42,114,131,0.0027495352007870953,0.05243601053462301,0.4592581508998025,131,14,inf
random_addition,42,114,132,0.002762676267424307,0.052561166914598716,0.45667374148015927,132,14,inf
random_addition,42,114,133,0.002754490841063797,0.05248324343124953,0.45828354177825636,133,14,inf
random_addition,42,114,134,0.002751850091751772,0.05245807937536193,0.45880288907215017,134,14,inf
random_addition,42,114,135,0.002516924928312324,0.05016896379548141,0.5050048315830327,135,14,inf
random_addition,42,114,136,0.0024990903279578174,0.04999090245192436,0.5085123025078997,136,14,inf
random_addition,42,114,137,0.002441606199283585,0.04941261174319351,0.5198175129392191,137,14,inf
random_addition,42,114,138,0.0025444456915570254,0.05044249886313153,0.49959241554946876,138,14,inf
random_addition,42,114,139,0.0024861688479118496,0.04986149664733149,0.5110535265704859,139,14,inf
random_addition,42,114,140,0.0025204394543646555,0.05020397847147829,0.5043136415536399,140,14,inf
random_addition,42,114,141,0.002573537473274663,0.05073004507463662,0.4938710325916832,141,14,inf
random_addition,42,114,142,0.002564632117530413,0.05064219700536711,0.49562241898261294,142,14,inf
random_addition,42,114,143,0.002552428787477819,0.05052156754770995,0.49802240689909094,143,14,inf
random_addition,42,114,144,0.0028546012577618943,0.05342846860768044,0.4385951625118175,144,14,inf
random_addition,42,114,145,0.002851295193374127,0.05339752047964518,0.4392453550861021,145,14,inf
random_addition,42,114,146,0.0028506954596404063,0.05339190443916012,0.4393633027043202,146,14,inf
random_addition,42,114,147,0.0028649006602682516,0.053524766793216876,0.4365696136283842,147,14,inf
random_addition,42,114,148,0.0028070956989085932,0.052982031849567575,0.4479379211459018,148,14,inf
random_addition,42,114,149,0.0028316431696216566,0.053213186050279464,0.4431102525638393,149,14,inf
random_addition,42,114,150,0.0026800483819562917,0.05176918370958047,0.47292389007342817,150,14,inf
random_addition,42,115,10,0.00962854819961681,0.0981251659851682,-0.8936142210947935,10,10,inf
random_addition,42,115,11,0.010522332825123203,0.10257842280481409,-1.069391840146661,11,11,inf
random_addition,42,115,12,0.01023129841222907,0.10114988093037515,-1.012155080080773,12,12,inf
random_addition,42,115,13,0.016550280356102565,0.12864789293300752,-2.2548880262830133,13,13,inf
random_addition,42,115,14,0.013659292303772988,0.11687297507881361,-1.6863271201721322,14,14,inf
random_addition,42,115,15,0.008138756787104125,0.09021505853849525,-0.6006219499119798,15,14,inf
random_addition,42,115,16,0.012911366673306663,0.11362819488712589,-1.5392350995673345,16,14,inf
random_addition,42,115,17,0.011262108870858106,0.1061230835909799,-1.2148811093061211,17,14,inf
random_addition,42,115,18,0.01210300515405129,0.11001365894311166,-1.3802573557877809,18,14,inf
random_addition,42,115,19,0.009162880206786775,0.09572293459138606,-0.8020328616571666,19,14,inf
random_addition,42,115,20,0.011415378367897275,0.10684277405560601,-1.2450241062809888,20,14,inf
random_addition,42,115,21,0.012963473657054345,0.11385725122737833,-1.5494828049739393,21,14,inf
random_addition,42,115,22,0.013219358928733004,0.11497547098721972,-1.5998069015432121,22,14,inf
random_addition,42,115,23,0.012448499517144404,0.11157284399505286,-1.4482045712659404,23,14,inf
random_addition,42,115,24,0.013454660404172475,0.11599422573633773,-1.646082852070676,24,14,inf
random_addition,42,115,25,0.013456441523088988,0.1160019031011517,-1.6464331387431677,25,14,inf
random_addition,42,115,26,0.013019303195708978,0.11410216122277868,-1.5604626127457673,26,14,inf
random_addition,42,115,27,0.012949655308180513,0.11379655226842557,-1.5467651967325868,27,14,inf
random_addition,42,115,28,0.013363170806806634,0.11559918168744376,-1.628089900375104,28,14,inf
random_addition,42,115,29,0.013417167441897396,0.11583249734809915,-1.6387092371618484,29,14,inf
random_addition,42,115,30,0.011497585052909435,0.10722679260758215,-1.2611914187958995,30,14,inf
random_addition,42,115,31,0.005771140701703479,0.07596802420560561,-0.13499084993100108,31,14,inf
random_addition,42,115,32,0.00599721512258992,0.07744168853137126,-0.1794521466437673,32,14,inf
random_addition,42,115,33,0.0048506322111066605,0.06964648024923198,0.04604246187212302,33,14,inf
random_addition,42,115,34,0.005020882334108971,0.07085818466563316,0.012559942246459843,34,14,inf
random_addition,42,115,35,0.005031937001810942,0.07093614735669637,0.010385857894806172,35,14,inf
random_addition,42,115,36,0.0043192682090405455,0.06572113974240362,0.15054403469805355,36,14,inf
random_addition,42,115,37,0.0044194512307210885,0.06647895329140711,0.13084137645368044,37,14,inf
random_addition,42,115,38,0.004583865708060151,0.06770425177239721,0.09850653365198925,38,14,inf
random_addition,42,115,39,0.004435116797512666,0.0665966725708775,0.12776048207136603,39,14,inf
random_addition,42,115,40,0.004073744986559965,0.06382589589312448,0.19883026186953423,40,14,inf
random_addition,42,115,41,0.004405951966736866,0.0663773452823843,0.13349623134196498,41,14,inf
random_addition,42,115,42,0.0037174867593227972,0.06097119614476001,0.26889437034075403,42,14,inf
random_addition,42,115,43,0.0034060300881136873,0.05836120362118732,0.33014750732768705,43,14,inf
random_addition,42,115,44,0.0040762339891543126,0.06384539129141831,0.1983407580927149,44,14,inf
random_addition,42,115,45,0.0041424640806150504,0.0643619769787648,0.18531550854788192,45,14,inf
random_addition,42,115,46,0.004799289765477022,0.06927690643697236,0.05613980813601138,46,14,inf
random_addition,42,115,47,0.0039318848348137165,0.06270474331989341,0.22672942124270445,47,14,inf
random_addition,42,115,48,0.0039770280449911675,0.063063682456634,0.21785125778486414,48,14,inf
random_addition,42,115,49,0.003732477665373945,0.061094006787687,0.26594615921930187,49,14,inf
random_addition,42,115,50,0.003734248045694917,0.06110849405520412,0.2655979844703119,50,14,inf
random_addition,42,115,51,0.003917219985582001,0.06258769835664195,0.2296135078650774,51,14,inf
random_addition,42,115,52,0.004096528465352109,0.06400412850240295,0.19434951165128922,52,14,inf
random_addition,42,115,53,0.0038273606410620478,0.0618656660924462,0.24728584321133573,53,14,inf
random_addition,42,115,54,0.003847521471543533,0.062028392462996594,0.2433208804238678,54,14,inf
random_addition,42,115,55,0.0035180931570500938,0.05931351580415794,0.30810844010819183,55,14,inf
random_addition,42,115,56,0.0034200768581077595,0.058481423188118116,0.32738497627214524,56,14,inf
random_addition,42,115,57,0.003495796945147974,0.05912526486323739,0.31249336118446347,57,14,inf
random_addition,42,115,58,0.0035263523575961423,0.059383098248543265,0.3064841308889168,58,14,inf
random_addition,42,115,59,0.004030434328779367,0.06348570176645578,0.20734802340512837,59,14,inf
random_addition,42,115,60,0.003936736221386831,0.06274341576123212,0.22577531534673523,60,14,inf
random_addition,42,115,61,0.004000119633602246,0.06324649898296542,0.21330991264382315,61,14,inf
random_addition,42,115,62,0.004092293560139651,0.0639710368849814,0.19518237622952517,62,14,inf
random_addition,42,115,63,0.003978016757106453,0.06307152096712472,0.2176568110953676,63,14,inf
random_addition,42,115,64,0.005019907616463276,0.07085130638501506,0.012751636690645496,64,14,inf
random_addition,42,115,65,0.004541962075894988,0.06739408042176248,0.10674758018760655,65,14,inf
random_addition,42,115,66,0.0045531372755523,0.0674769388424838,0.10454979122130104,66,14,inf
random_addition,42,115,67,0.004570978030428583,0.06760900850055844,0.1010411099073164,67,14,inf
random_addition,42,115,68,0.004330291445303168,0.06580495000608365,0.1483761318619624,68,14,inf
random_addition,42,115,69,0.004363983209335643,0.06606045117417564,0.14175008583892812,69,14,inf
random_addition,42,115,70,0.004123242844676674,0.06421248200059451,0.18909568443373104,70,14,inf
random_addition,42,115,71,0.004457928393337243,0.06676771969550288,0.12327420217082985,71,14,inf
random_addition,42,115,72,0.004458526756544104,0.06677220047702564,0.12315652408952393,72,14,inf
random_addition,42,115,73,0.0043290668091528674,0.06579564430228545,0.14861697693868625,73,14,inf
random_addition,42,115,74,0.004233286567058125,0.06506371159915583,0.16745375531590045,74,14,inf
random_addition,42,115,75,0.0041949140425759845,0.06476815608442149,0.1750003507685337,75,14,inf
random_addition,42,115,76,0.004282530563136212,0.06544104647036302,0.15776910407421973,76,14,inf
random_addition,42,115,77,0.004221974218115458,0.0649767205860334,0.1696785169713152,77,14,inf
random_addition,42,115,78,0.003965484037074819,0.06297208934976525,0.22012157903222507,78,14,inf
random_addition,42,115,79,0.003969633084928764,0.063005024283217,0.21930559973219454,79,14,inf
random_addition,42,115,80,0.0038838604530220034,0.062320626224565516,0.23617421504076563,80,14,inf
random_addition,42,115,81,0.0037397531564786757,0.06115352121079109,0.2645153128304438,81,14,inf
random_addition,42,115,82,0.003817416023954346,0.06178524114992468,0.24924161764254604,82,14,inf
random_addition,42,115,83,0.003842787133687852,0.061990218048397376,0.2442519667418801,83,14,inf
random_addition,42,115,84,0.0037911230760551058,0.06157209657024118,0.2544125633577564,84,14,inf
random_addition,42,115,85,0.0037224833467751476,0.061012157368635536,0.2679117082757616,85,14,inf
random_addition,42,115,86,0.0032256369468460465,0.05679469118540963,0.36562482027357457,86,14,inf
random_addition,42,115,87,0.0031176349120484487,0.055835785228188994,0.3868652175546563,87,14,inf
random_addition,42,115,88,0.0029944077638268053,0.054721182039744035,0.41109988673424736,88,14,inf
random_addition,42,115,89,0.003283818499664158,0.057304611504347173,0.3541824497793251,89,14,inf
random_addition,42,115,90,0.0033396931396702744,0.0577900782113182,0.3431937720762479,90,14,inf
random_addition,42,115,91,0.0033324139495240234,0.05772706427252319,0.3446253459431723,91,14,inf
random_addition,42,115,92,0.0034792284410329172,0.058984984877788325,0.3157518332161855,92,14,inf
random_addition,42,115,93,0.0034398022581993643,0.058649827435375834,0.32350564811634563,93,14,inf
random_addition,42,115,94,0.003573452355301334,0.0597783602593893,0.2972211326030867,94,14,inf
random_addition,42,115,95,0.0032748061338322932,0.0572259218696588,0.3559548814846166,95,14,inf
random_addition,42,115,96,0.0032528816482922615,0.05703403938256751,0.36026669638631104,96,14,inf
random_addition,42,115,97,0.0031181088701744777,0.055840029281640585,0.38677200580257853,97,14,inf
random_addition,42,115,98,0.003077983286017475,0.05547957539507197,0.3946633696109313,98,14,inf
random_addition,42,115,99,0.0029462041703489958,0.054278947763833775,0.4205799254924357,99,14,inf
random_addition,42,115,100,0.0029795054351642383,0.05458484620445713,0.41403067763832035,100,14,inf
random_addition,42,115,101,0.0035417790838887784,0.059512848057279015,0.3034502084649905,101,14,inf
random_addition,42,115,102,0.003285109129677205,0.05731587153378377,0.35392862591136387,102,14,inf
random_addition,42,115,103,0.0032851667390581007,0.057316374092035,0.35391729606799904,103,14,inf
random_addition,42,115,104,0.0034277891091679244,0.0585473236721195,0.32586823377042906,104,14,inf
random_addition,42,115,105,0.0034677549598699543,0.05888764692080975,0.3180082842039381,105,14,inf
random_addition,42,115,106,0.0033280336168975896,0.0576891117707457,0.34548681124225766,106,14,inf
random_addition,42,115,107,0.0033261157233008447,0.05767248670987618,0.3458639969315277,107,14,inf
random_addition,42,115,108,0.0033568527211820715,0.057938352765522005,0.339819054839015,108,14,inf
random_addition,42,115,109,0.003131611955997658,0.05596080732081747,0.384116399286068,109,14,inf
random_addition,42,115,110,0.0031431340481473495,0.056063660673803216,0.3818503881388955,110,14,inf
random_addition,42,115,111,0.0031654592120859276,0.05626241384873144,0.3774597731628966,111,14,inf
random_addition,42,115,112,0.003299116240068169,0.0574379338074427,0.35117389457670334,112,14,inf
random_addition,42,115,113,0.0032696414103726076,0.05718077832954539,0.3569706102932102,113,14,inf
random_addition,42,115,114,0.003394961559317918,0.05826629865812585,0.33232431769408277,114,14,inf
random_addition,42,115,115,0.0034607543089174493,0.05882817614814732,0.3193850787035609,115,14,inf
random_addition,42,115,116,0.0034743347859710937,0.05894348807095737,0.31671425191380076,116,14,inf
random_addition,42,115,117,0.0034263836796323928,0.05853531993277557,0.3261446348747342,117,14,inf
random_addition,42,115,118,0.003391697994130616,0.058238286325497386,0.3329661520934153,118,14,inf
random_addition,42,115,119,0.003363468740278274,0.057995419993981195,0.3385179045941523,119,14,inf
random_addition,42,115,120,0.0034098852803414277,0.05839422300486091,0.3293893196262646,120,14,inf
random_addition,42,115,121,0.003397243041670707,0.05828587343148173,0.33187562622587263,121,14,inf
random_addition,42,115,122,0.0034328612038717074,0.0585906238563109,0.3248707219480128,122,14,inf
random_addition,42,115,123,0.0033066993553122538,0.05750390730474107,0.34968254878202054,123,14,inf
random_addition,42,115,124,0.003322796086410783,0.057643699451117664,0.3465168587642329,124,14,inf
random_addition,42,115,125,0.003517396437389096,0.05930764231858401,0.3082454616228407,125,14,inf
random_addition,42,115,126,0.0034334315741576665,0.058595491073611346,0.32475854914040037,126,14,inf
random_addition,42,115,127,0.0035564524255028212,0.05963599940893773,0.3005644516743209,127,14,inf
random_addition,42,115,128,0.0031732435547156407,0.05633155026018404,0.37592885265443554,128,14,inf
random_addition,42,115,129,0.0030451328469533637,0.05518272235902614,0.4011239550794119,129,14,inf
random_addition,42,115,130,0.0030450958968940844,0.05518238756065276,0.4011312219234128,130,14,inf
random_addition,42,115,131,0.0030632657582100272,0.055346777306452336,0.3975578163517858,131,14,inf
random_addition,42,115,132,0.0030054385157774195,0.05482187990006745,0.4089305058130527,132,14,inf
random_addition,42,115,133,0.0024193917023796344,0.049187312412650015,0.524186363401375,133,14,inf
random_addition,42,115,134,0.0023790514397980978,0.04877552090750131,0.53211994729413,134,14,inf
random_addition,42,115,135,0.0024091046145389328,0.04908263047697151,0.5262094904008929,135,14,inf
random_addition,42,115,136,0.002368101004706746,0.04866313804828811,0.53427353256849,136,14,inf
random_addition,42,115,137,0.0023858268096534014,0.04884492614032087,0.5307874580709168,137,14,inf
random_addition,42,115,138,0.0023976767599260115,0.048966077644896286,0.5284569681683607,138,14,inf
random_addition,42,115,139,0.00239583939094491,0.04894731239756592,0.5288183173520467,139,14,inf
random_addition,42,115,140,0.002398612518985895,0.048975631889602966,0.5282729355783401,140,14,inf
random_addition,42,115,141,0.002436742994798166,0.049363377060308244,0.5207739430242913,141,14,inf
random_addition,42,115,142,0.0024468822399498257,0.049465970524693294,0.5187798917496542,142,14,inf
random_addition,42,115,143,0.0024673886603700577,0.049672816110726575,0.5147469629501655,143,14,inf
random_addition,42,115,144,0.0023724888513269476,0.04870820106847457,0.5334105895174984,144,14,inf
random_addition,42,115,145,0.0023510765204507902,0.04848790076349759,0.537621680682363,145,14,inf
random_addition,42,115,146,0.0023504849653203258,0.04848180035147546,0.5377380198421601,146,14,inf
random_addition,42,115,147,0.0023960102311950736,0.048949057510794564,0.528784718774095,147,14,inf
random_addition,42,115,148,0.00242440487788422,0.049238246088627285,0.5232004390198878,148,14,inf
random_addition,42,115,149,0.0024194795764471734,0.04918820566403265,0.5241690815037818,149,14,inf
random_addition,42,115,150,0.0026800483819562917,0.05176918370958047,0.47292389007342817,150,14,inf
random_addition,42,116,10,0.00962854819961681,0.0981251659851682,-0.8936142210947935,10,10,inf
random_addition,42,116,11,0.010065664227480701,0.10032778392589313,-0.9795803615212881,11,11,inf
random_addition,42,116,12,0.010821490318323863,0.10402639241232901,-1.1282261391217014,12,12,inf
random_addition,42,116,13,0.010437972920459624,0.10216639819656766,-1.0528010611580374,13,13,inf
random_addition,42,116,14,0.0060921825127335395,0.07805243438057227,-0.19812906415905496,14,14,inf
random_addition,42,116,15,0.00411331462312719,0.06413512784057727,0.19104823440559804,15,14,inf
random_addition,42,116,16,0.005435665426715395,0.07372696539744054,-0.069014054844863,16,14,inf
random_addition,42,116,17,0.007170527229876249,0.0846789656873314,-0.41020349628425756,17,14,inf
random_addition,42,116,18,0.0071559415826525875,0.08459279864534916,-0.40733498605467844,18,14,inf
random_addition,42,116,19,0.0070061849353401425,0.08370295655077031,-0.3778828494318791,19,14,inf
random_addition,42,116,20,0.005603041814043742,0.0748534689513034,-0.10193140653169785,20,14,inf
random_addition,42,116,21,0.0063328398839471705,0.07957914226697327,-0.24545834071183337,21,14,inf
random_addition,42,116,22,0.0054801798221699605,0.07402823665446828,-0.07776855142406247,22,14,inf
random_addition,42,116,23,0.005566616709869762,0.07460976283215061,-0.09476780368745463,23,14,inf
random_addition,42,116,24,0.005167852498602465,0.07188777711546286,-0.016344186163324448,24,14,inf
random_addition,42,116,25,0.0035000775594545342,0.059161453324394715,0.3116515071522795,25,14,inf
random_addition,42,116,26,0.005956000936261801,0.07717513159212494,-0.1713466911042829,26,14,inf
random_addition,42,116,27,0.005285808321171976,0.07270356470746105,-0.03954216143933209,27,14,inf
random_addition,42,116,28,0.005571832496001176,0.07464470842599076,-0.09579357482011908,28,14,inf
random_addition,42,116,29,0.005556712145895269,0.0745433574900894,-0.09281990637136817,29,14,inf
random_addition,42,116,30,0.005208080137051419,0.07216702943208497,-0.024255620646358,30,14,inf
random_addition,42,116,31,0.004851798855480558,0.06965485521828725,0.04581302184320357,31,14,inf
random_addition,42,116,32,0.005488952351006198,0.07408746419608514,-0.07949381519331111,32,14,inf
random_addition,42,116,33,0.005017882564709645,0.07083701408663161,0.013149896814563355,33,14,inf
random_addition,42,116,34,0.005353709941458505,0.07316905043430935,-0.05289614494175332,34,14,inf
random_addition,42,116,35,0.005767105825890049,0.07594146315347136,-0.13419732446254384,35,14,inf
random_addition,42,116,36,0.004739345411895447,0.0688429038601325,0.0679288627331438,36,14,inf
random_addition,42,116,37,0.004749136261689593,0.06891397725925846,0.06600332920281005,37,14,inf
random_addition,42,116,38,0.005013842771767221,0.07080849364142144,0.013944389318257477,38,14,inf
random_addition,42,116,39,0.004928576576496225,0.070203821665891,0.030713405435373486,39,14,inf
random_addition,42,116,40,0.004704966104300506,0.0685927554797189,0.07469012563836186,40,14,inf
random_addition,42,116,41,0.0048393339173326225,0.06956532122640291,0.04826445934475099,41,14,inf
random_addition,42,116,42,0.004882684326490428,0.06987620715587266,0.03973888003937176,42,14,inf
random_addition,42,116,43,0.004895530472832281,0.069968067522494,0.037212471603241704,43,14,inf
random_addition,42,116,44,0.00477224756509913,0.06908145601461459,0.061458106818600755,44,14,inf
random_addition,42,116,45,0.004117900985276051,0.0641708733404498,0.1901462499726263,45,14,inf
random_addition,42,116,46,0.003085029426281724,0.05554304120483253,0.39327762888121864,46,14,inf
random_addition,42,116,47,0.0035580068911496435,0.059649030932192385,0.3002587401387913,47,14,inf
random_addition,42,116,48,0.003051113051412235,0.055236881260732264,0.39994784836284336,48,14,inf
random_addition,42,116,49,0.003042551866881544,0.05515933163918454,0.40163154775766785,49,14,inf
random_addition,42,116,50,0.0030591976398708113,0.05531001392036357,0.3983578795160895,50,14,inf
random_addition,42,116,51,0.0030735874641088616,0.05543994466184884,0.3955278811350966,51,14,inf
random_addition,42,116,52,0.0031857623895663817,0.05644255831875786,0.37346681546944815,52,14,inf
random_addition,42,116,53,0.0031035347732444266,0.05570937778547187,0.38963824447472406,53,14,inf
random_addition,42,116,54,0.002656694328404459,0.05154313075866132,0.477516853312447,54,14,inf
random_addition,42,116,55,0.002492472266608723,0.049924665913841856,0.5098138543957764,55,14,inf
random_addition,42,116,56,0.0023785645923080634,0.04877052995721969,0.5322156939541167,56,14,inf
random_addition,42,116,57,0.0023044962629126136,0.0480051691270077,0.5467824634159488,57,14,inf
random_addition,42,116,58,0.002288292981178493,0.04783610541399135,0.5499691083892126,58,14,inf
random_addition,42,116,59,0.002288114833436279,0.04783424331413929,0.5500041441070714,59,14,inf
random_addition,42,116,60,0.0022715690823768096,0.04766098071144581,0.5532581413718047,60,14,inf
random_addition,42,116,61,0.002378849919585829,0.04877345507123551,0.5321595795971397,61,14,inf
random_addition,42,116,62,0.0023770486837295943,0.04875498624478931,0.5325138226005707,62,14,inf
random_addition,42,116,63,0.002473157218742526,0.04973084775813223,0.5136124799582482,63,14,inf
random_addition,42,116,64,0.0023277756669721227,0.04824702754545738,0.5422041812417523,64,14,inf
random_addition,42,116,65,0.002329617284094659,0.04826610906313724,0.5418419965903648,65,14,inf
random_addition,42,116,66,0.002434965204005193,0.04934536659105081,0.5211235751659093,66,14,inf
random_addition,42,116,67,0.002410896415417693,0.049100879986184495,0.525857102942779,67,14,inf
random_addition,42,116,68,0.002505240972377358,0.05005238228473604,0.5073026759369694,68,14,inf
random_addition,42,116,69,0.002420133375194055,0.04919485110450132,0.5240405011010916,69,14,inf
random_addition,42,116,70,0.002436262083088375,0.04935850568127417,0.5208685223143225,70,14,inf
random_addition,42,116,71,0.002406579257230433,0.049056898161527016,0.5267061439371873,71,14,inf
random_addition,42,116,72,0.0023476939295583193,0.04845300743564138,0.5382869234671874,72,14,inf
random_addition,42,116,73,0.0021616573224258724,0.046493626686094004,0.5748741178818393,73,14,inf
random_addition,42,116,74,0.0019196848738753526,0.04381420858437766,0.6224620262756122,74,14,inf
random_addition,42,116,75,0.0019001709991881058,0.04359095088648682,0.6262997544408929,75,14,inf
random_addition,42,116,76,0.0018876994044162028,0.04344766281880077,0.6287525010783088,76,14,inf
random_addition,42,116,77,0.001682229865758146,0.04101499562060377,0.669161504838623,77,14,inf
random_addition,42,116,78,0.0017535050715743287,0.04187487398875761,0.6551440496058234,78,14,inf
random_addition,42,116,79,0.0017736490491476835,0.042114712977149485,0.6511824012231693,79,14,inf
random_addition,42,116,80,0.0016574331671352222,0.04071158517099552,0.6740381882362758,80,14,inf
random_addition,42,116,81,0.0015883432303022132,0.03985402401643043,0.6876258739609766,81,14,inf
random_addition,42,116,82,0.0015714149173323157,0.039641076137414785,0.69095510839117,82,14,inf
random_addition,42,116,83,0.0019281818798099596,0.04391106785094118,0.6207909486696301,83,14,inf
random_addition,42,116,84,0.0019309937032934005,0.0439430734393192,0.6202379567932781,84,14,inf
random_addition,42,116,85,0.001569399734913659,0.03961565012610116,0.6913514275461409,85,14,inf
random_addition,42,116,86,0.0014886355023005912,0.038582839479496464,0.7072350577945723,86,14,inf
random_addition,42,116,87,0.001476113729126785,0.0384202255215503,0.7096976728496838,87,14,inf
random_addition,42,116,88,0.0014374012857562605,0.03791307539301264,0.7173111190079187,88,14,inf
random_addition,42,116,89,0.001437388813596657,0.03791291090903806,0.7173135718656396,89,14,inf
random_addition,42,116,90,0.0014962881425527785,0.03868188390645909,0.70573003875016,90,14,inf
random_addition,42,116,91,0.0016218439703850254,0.04027212398651237,0.6810373959762542,91,14,inf
random_addition,42,116,92,0.0016941714933025674,0.041160314543289965,0.6668129850750689,92,14,inf
random_addition,42,116,93,0.0015267574782554954,0.03907374410336813,0.6997377368789109,93,14,inf
random_addition,42,116,94,0.0014216223671238688,0.03770440779436628,0.7204143059158872,94,14,inf
random_addition,42,116,95,0.0014865629971597357,0.038555972263188173,0.7076426504167053,95,14,inf
random_addition,42,116,96,0.0015245586728162626,0.03904559735509578,0.7001701685563384,96,14,inf
random_addition,42,116,97,0.0014611515760354985,0.038225012439965254,0.7126402292231342,97,14,inf
random_addition,42,116,98,0.0014502456274368785,0.038082090638998256,0.7147850654884496,98,14,inf
random_addition,42,116,99,0.001461759009703782,0.038232957114298416,0.7125207672846585,99,14,inf
random_addition,42,116,100,0.001730786342326927,0.041602720371712795,0.6596120657486719,100,14,inf
random_addition,42,116,101,0.0017385893536860032,0.0416963949722995,0.6580774737239365,101,14,inf
random_addition,42,116,102,0.0017810749351078452,0.042202783499525776,0.6497219771834424,102,14,inf
random_addition,42,116,103,0.001959177913351981,0.04426260174630476,0.6146950629041064,103,14,inf
random_addition,42,116,104,0.0019659078186735246,0.044338559050487024,0.6133715150379802,104,14,inf
random_addition,42,116,105,0.0019942122680449807,0.044656603857044265,0.6078049740871669,105,14,inf
random_addition,42,116,106,0.00203074866337622,0.045063828769604346,0.6006194839849799,106,14,inf
random_addition,42,116,107,0.001968700145686389,0.044370036575220324,0.6128223574669854,107,14,inf
random_addition,42,116,108,0.0022277078758414356,0.047198600358924155,0.5618841774810767,108,14,inf
random_addition,42,116,109,0.0024862380786332926,0.04986219087277747,0.5110399111971249,109,14,inf
random_addition,42,116,110,0.0024674917213464796,0.0496738534980575,0.5147266942942326,110,14,inf
random_addition,42,116,111,0.002482180723355221,0.04982148857024668,0.5118378576263589,111,14,inf
random_addition,42,116,112,0.002469147723904121,0.049690519456976105,0.5144010138356309,112,14,inf
random_addition,42,116,113,0.0023417565023965666,0.04839169869302551,0.5394546173164696,113,14,inf
random_addition,42,116,114,0.002340662235798338,0.048380391025686614,0.5396698230514481,114,14,inf
random_addition,42,116,115,0.0023560253646249213,0.04853890568013376,0.5366484081274736,115,14,inf
random_addition,42,116,116,0.002233480865863522,0.047259717158099054,0.5607488229315201,116,14,inf
random_addition,42,116,117,0.002259167433135687,0.04753069990159715,0.5556971320567092,117,14,inf
random_addition,42,116,118,0.0020119972592639074,0.044855292433155614,0.6043072596243004,118,14,inf
random_addition,42,116,119,0.0019479881555155402,0.044136018800017975,0.6168957149785836,119,14,inf
random_addition,42,116,120,0.0020393912897627075,0.04515962012420728,0.5989197676940325,120,14,inf
random_addition,42,116,121,0.0020222986008636124,0.04496997443699087,0.6022813293858942,121,14,inf
random_addition,42,116,122,0.0021724792761313666,0.04660986243416051,0.5727458006099198,122,14,inf
random_addition,42,116,123,0.002157323197707209,0.04644699341945837,0.5757264956269686,123,14,inf
random_addition,42,116,124,0.00215753020950724,0.04644922183963086,0.5756857833118463,124,14,inf
random_addition,42,116,125,0.002164390217561204,0.046523007400223,0.5743366485784991,125,14,inf
random_addition,42,116,126,0.0023300317829000384,0.04827040276297721,0.5417604785030872,126,14,inf
random_addition,42,116,127,0.0020778933477747586,0.04558391545024142,0.5913476973173231,127,14,inf
random_addition,42,116,128,0.0020779521279731183,0.04558456019282316,0.5913361372132218,128,14,inf
random_addition,42,116,129,0.002079466342724672,0.045601166023739696,0.5910383416860157,129,14,inf
random_addition,42,116,130,0.0020537033342947018,0.045317803723202446,0.5961050659864786,130,14,inf
random_addition,42,116,131,0.002010349715807428,0.04483692357652817,0.6046312764599004,131,14,inf
random_addition,42,116,132,0.0020265936374228395,0.04501770360005983,0.6014366389777391,132,14,inf
random_addition,42,116,133,0.002219120207354032,0.047107538752879374,0.5635730853866778,133,14,inf
random_addition,42,116,134,0.002073948778040582,0.04554062777389638,0.5921234625926151,134,14,inf
random_addition,42,116,135,0.0020712200638731445,0.04551065879410168,0.592660109639048,135,14,inf
random_addition,42,116,136,0.002115509513753334,0.045994668318766405,0.5839498523501112,136,14,inf
random_addition,42,116,137,0.0021509808812901765,0.046378668386340895,0.5769738176855999,137,14,inf
random_addition,42,116,138,0.0020916290929608146,0.04573433166627468,0.5886463344656852,138,14,inf
random_addition,42,116,139,0.0021004655269456986,0.04583083598349149,0.5869085026855828,139,14,inf
random_addition,42,116,140,0.0020925676450362293,0.04574459142932888,0.588461752582685,140,14,inf
random_addition,42,116,141,0.0020890229519429813,0.04570583061211098,0.5891588754626492,141,14,inf
random_addition,42,116,142,0.0021351593044912015,0.046207784024893485,0.5800853940318527,142,14,inf
random_addition,42,116,143,0.0021480230712741678,0.04634676980409927,0.577555520242776,143,14,inf
random_addition,42,116,144,0.00211533303979601,0.04599274986121193,0.58398455889032,144,14,inf
random_addition,42,116,145,0.0023562943852305897,0.048541676786351226,0.5365955007489052,145,14,inf
random_addition,42,116,146,0.0023421530697673816,0.04839579599270356,0.5393766257441754,146,14,inf
random_addition,42,116,147,0.002605495613767277,0.051044055616371986,0.4875859324850059,147,14,inf
random_addition,42,116,148,0.002634028057501116,0.051322783025680864,0.481974552649037,148,14,inf
random_addition,42,116,149,0.0026368259216617085,0.05135003331704575,0.4814243061058042,149,14,inf
random_addition,42,116,150,0.0026800483819562917,0.05176918370958047,0.47292389007342817,150,14,inf
random_addition,42,117,10,0.00962854819961681,0.0981251659851682,-0.8936142210947935,10,10,inf
random_addition,42,117,11,0.007726460600426243,0.08790028782902956,-0.5195370442532574,11,11,inf
random_addition,42,117,12,0.008512552814001444,0.09226349664954957,-0.6741351585128015,12,12,inf
random_addition,42,117,13,0.008262230839752685,0.09089681424424448,-0.6249051769555776,13,13,inf
random_addition,42,117,14,0.004640131021687656,0.06811850718921882,0.08744102348051375,14,14,inf
random_addition,42,117,15,0.002808111051675253,0.05299161303145294,0.447738235129016,15,14,inf
random_addition,42,117,16,0.0030401215988533656,0.055137297710836045,0.40210950040471527,16,14,inf
random_addition,42,117,17,0.002878163410168816,0.05364851731566135,0.43396127317021094,17,14,inf
random_addition,42,117,18,0.0038278137244044754,0.0618693278160065,0.2471967368328064,18,14,inf
random_addition,42,117,19,0.006429148372515396,0.08018197037062257,-0.2643990075480025,19,14,inf
random_addition,42,117,20,0.005646829202012005,0.0751453870973595,-0.11054292499141738,20,14,inf
random_addition,42,117,21,0.004240326916194368,0.06511779262378577,0.16606915350787366,21,14,inf
random_addition,42,117,22,0.0043195396947923025,0.06572320514698216,0.15049064250748712,22,14,inf
random_addition,42,117,23,0.004342159444638207,0.06589506388674501,0.1460420923109459,23,14,inf
random_addition,42,117,24,0.004058796124921505,0.06370868170760956,0.20177020425761838,24,14,inf
random_addition,42,117,25,0.004083935359849593,0.06390567549012836,0.19682615539580095,25,14,inf
random_addition,42,117,26,0.003981677381276543,0.0631005339222779,0.2169368884400662,26,14,inf
random_addition,42,117,27,0.004573130670157503,0.06762492639668825,0.10061775748501256,27,14,inf
random_addition,42,117,28,0.004738425979367859,0.06883622577805859,0.06810968443891752,28,14,inf
random_addition,42,117,29,0.004099977651012424,0.06403106785781745,0.19367117189724103,29,14,inf
random_addition,42,117,30,0.004116571975458151,0.06416051726301894,0.1904076218678461,30,14,inf
random_addition,42,117,31,0.004110230645065425,0.0641110805170637,0.19165475000839016,31,14,inf
random_addition,42,117,32,0.003866042105485675,0.062177504818749965,0.23967848957849336,32,14,inf
random_addition,42,117,33,0.00385309184278678,0.062073278009033644,0.24222537422871682,33,14,inf
random_addition,42,117,34,0.0026590576411077717,0.051566051246025923,0.47705206854416116,34,14,inf
random_addition,42,117,35,0.0026632696200507605,0.05160687570518836,0.4762237127983061,35,14,inf
random_addition,42,117,36,0.0023472319354211936,0.048448239755652565,0.5383777823017684,36,14,inf
random_addition,42,117,37,0.0022043930808544688,0.04695096464242741,0.5664694198700577,37,14,inf
random_addition,42,117,38,0.0022125475762467773,0.04703772503264563,0.5648657026615442,38,14,inf
random_addition,42,117,39,0.0020596986742459867,0.04538390325044758,0.5949259826234745,39,14,inf
random_addition,42,117,40,0.00207431516357776,0.04554465021907359,0.592051406780127,40,14,inf
random_addition,42,117,41,0.002083484943053163,0.04564520722981946,0.5902480170624935,41,14,inf
random_addition,42,117,42,0.0019428885105359864,0.04407820902141994,0.617898645021163,42,14,inf
random_addition,42,117,43,0.0020139246939322817,0.044876772320792874,0.6039281975245325,43,14,inf
random_addition,42,117,44,0.0020131965053850013,0.04486865838628342,0.6040714079193066,44,14,inf
random_addition,42,117,45,0.0019228064304570233,0.04384981676651595,0.6218481202315796,45,14,inf
random_addition,42,117,46,0.0019144908330223042,0.04375489496070473,0.6234835208374477,46,14,inf
random_addition,42,117,47,0.0018965736001776306,0.043549668198249576,0.6270072428164986,47,14,inf
random_addition,42,117,48,0.001832950877480211,0.04281297557376982,0.6395197099077885,48,14,inf
random_addition,42,117,49,0.0017823916779750413,0.04221838080712051,0.6494630177881986,49,14,inf
random_addition,42,117,50,0.0016810621692872525,0.04100075815502992,0.6693911517799236,50,14,inf
random_addition,42,117,51,0.00165042874443302,0.0406254691595435,0.6754157245132377,51,14,inf
random_addition,42,117,52,0.0016866293577301697,0.041068593325437504,0.6682962715354188,52,14,inf
random_addition,42,117,53,0.002078048827908373,0.04558562084592435,0.5913171195618812,53,14,inf
random_addition,42,117,54,0.0023517666971050863,0.04849501723997102,0.5374859459588566,54,14,inf
random_addition,42,117,55,0.0026388759924935714,0.05136999116696023,0.48102112556383825,55,14,inf
random_addition,42,117,56,0.0026518755101670862,0.05149636404802854,0.47846455410326016,56,14,inf
random_addition,42,117,57,0.002713887566479605,0.05209498600133802,0.46626885135781515,57,14,inf
random_addition,42,117,58,0.0030797366772174904,0.055495375277742655,0.394318536055274,58,14,inf
random_addition,42,117,59,0.002967823712728277,0.054477735936144384,0.41632808273751265,59,14,inf
random_addition,42,117,60,0.002975605868133908,0.054549114274513276,0.41479759238306235,60,14,inf
random_addition,42,117,61,0.0031463650072596173,0.056092468364831456,0.38121496626677875,61,14,inf
random_addition,42,117,62,0.003358006618830332,0.05794830988760873,0.33959212166579567,62,14,inf
random_addition,42,117,63,0.003060071042197356,0.055317908874046896,0.39818611041528684,63,14,inf
random_addition,42,117,64,0.0030657298169289903,0.05536903301421283,0.39707321820312336,64,14,inf
random_addition,42,117,65,0.0031983885519967065,0.05655429737868473,0.37098367053002024,65,14,inf
random_addition,42,117,66,0.002888140561858492,0.05374142314694031,0.43199910027208466,66,14,inf
random_addition,42,117,67,0.0029392034008160458,0.05421442059836152,0.42195674331287614,67,14,inf
random_addition,42,117,68,0.002821383985430985,0.05311670156768947,0.4451278918462661,68,14,inf
random_addition,42,117,69,0.0028171943535366586,0.053077248925850126,0.4459518526731501,69,14,inf
random_addition,42,117,70,0.0030038536654034853,0.054807423451604484,0.40924219301076625,70,14,inf
random_addition,42,117,71,0.002843502654082521,0.05332450331772928,0.44077788760451553,71,14,inf
random_addition,42,117,72,0.002816407887133398,0.05306983971271628,0.44610652437803777,72,14,inf
random_addition,42,117,73,0.0028028049917384877,0.05294152426723741,0.4487817601076457,73,14,inf
random_addition,42,117,74,0.0027087391900456966,0.052045549185743986,0.46728136525177744,74,14,inf
random_addition,42,117,75,0.002710000390269466,0.0520576640877159,0.46703332924158514,75,14,inf
random_addition,42,117,76,0.0028059099273872925,0.052970840350019865,0.4481711228466311,76,14,inf
random_addition,42,117,77,0.0031912283506099746,0.05649095813145653,0.3723918432774297,77,14,inf
random_addition,42,117,78,0.0032693947104792133,0.05717862109634346,0.3570191279322965,78,14,inf
random_addition,42,117,79,0.0033584574375918027,0.057952199592352,0.339503460654794,79,14,inf
random_addition,42,117,80,0.003440000781337834,0.05865151985531009,0.3234666052377694,80,14,inf
random_addition,42,117,81,0.0034147640745465363,0.05843598270369496,0.3284298235634048,81,14,inf
random_addition,42,117,82,0.0034911678823543167,0.059086105662450934,0.31340374340976707,82,14,inf
random_addition,42,117,83,0.003488071016089192,0.05905989346493263,0.3140127936922076,83,14,inf
random_addition,42,117,84,0.0037518041833123996,0.06125197289322524,0.2621452778762601,84,14,inf
random_addition,42,117,85,0.003387907539595202,0.058205734593725404,0.333711608050416,85,14,inf
random_addition,42,117,86,0.0035439452187767404,0.05953104415997371,0.3030242019951036,86,14,inf
random_addition,42,117,87,0.0034422027784172813,0.05867028871939596,0.3230335458711854,87,14,inf
random_addition,42,117,88,0.0033848875305413093,0.05817978627101778,0.3343055430833749,88,14,inf
random_addition,42,117,89,0.0033957573759694284,0.05827312739135792,0.33216780710729,89,14,inf
random_addition,42,117,90,0.0033241065001313047,0.05765506482635593,0.3462591441009988,90,14,inf
random_addition,42,117,91,0.003210045197251931,0.05665726076375323,0.36869119727570054,91,14,inf
random_addition,42,117,92,0.003584390306503214,0.05986977790591188,0.2950700024933215,92,14,inf
random_addition,42,117,93,0.0037885615829898545,0.06155129229341862,0.25491632359190974,93,14,inf
random_addition,42,117,94,0.003741174136582459,0.06116513824542914,0.26423585344813283,94,14,inf
random_addition,42,117,95,0.0034078434509613982,0.05837673724148514,0.32979087934959095,95,14,inf
random_addition,42,117,96,0.0034200476276618776,0.058481173275353134,0.3273907249257183,96,14,inf
random_addition,42,117,97,0.0033738011170693543,0.05808443093522871,0.3364858707689409,97,14,inf
random_addition,42,117,98,0.0033732632374022567,0.05807980059712892,0.336591653755715,98,14,inf
random_addition,42,117,99,0.0030224754866258648,0.05497704508816261,0.40557990200299154,99,14,inf
random_addition,42,117,100,0.002947038247498062,0.05428663046734492,0.42041589034214955,100,14,inf
random_addition,42,117,101,0.002966651946796659,0.054466980334847453,0.41655853000597975,101,14,inf
random_addition,42,117,102,0.0029450198473245618,0.0542680370690203,0.42081284232215344,102,14,inf
random_addition,42,117,103,0.0029572641403962435,0.05438073317266184,0.41840479834635325,103,14,inf
random_addition,42,117,104,0.0027631347509136993,0.052565528161654565,0.4565835730728717,104,14,inf
random_addition,42,117,105,0.0027814348674629987,0.05273931045684043,0.452984550642177,105,14,inf
random_addition,42,117,106,0.0028336799508488658,0.05323232054728467,0.44270968564376556,106,14,inf
random_addition,42,117,107,0.0031189086306921496,0.055847189998174035,0.38661471958887983,107,14,inf
random_addition,42,117,108,0.003036080000097683,0.05510063520593645,0.402904348051635,108,14,inf
random_addition,42,117,109,0.00282552410242849,0.05315565917593808,0.4443136689477627,109,14,inf
random_addition,42,117,110,0.0028480382894431016,0.053367014994686574,0.4398858794385454,110,14,inf
random_addition,42,117,111,0.0029096585061439326,0.05394125050593407,0.4277672384728928,111,14,inf
random_addition,42,117,112,0.0030946768221536357,0.05562981954090482,0.3913803079517445,112,14,inf
random_addition,42,117,113,0.0032931455163960296,0.05738593483072337,0.35234813673880216,113,14,inf
random_addition,42,117,114,0.0032546648331985917,0.05704966987808599,0.35991600340254404,114,14,inf
random_addition,42,117,115,0.003107034924781292,0.05574078331689726,0.3889498814329875,115,14,inf
random_addition,42,117,116,0.003195376512480621,0.05652766148073544,0.37157603822075747,116,14,inf
random_addition,42,117,117,0.0032408974670390307,0.056928880781542075,0.3626235850447901,117,14,inf
random_addition,42,117,118,0.003231503450769136,0.056846314311212266,0.3644710746593278,118,14,inf
random_addition,42,117,119,0.003147510647270217,0.05610267950169775,0.3809896570954113,119,14,inf
random_addition,42,117,120,0.0031525793291108514,0.056147834589686994,0.3799928164693228,120,14,inf
random_addition,42,117,121,0.003212490954316364,0.056678840446116784,0.36821019845193825,121,14,inf
random_addition,42,117,122,0.0032109602319859596,0.056665335364629754,0.368511240469209,122,14,inf
random_addition,42,117,123,0.0032302665243358246,0.05683543370412356,0.3647143368247143,123,14,inf
random_addition,42,117,124,0.0032040945954701994,0.05660472237782109,0.36986148213322523,124,14,inf
random_addition,42,117,125,0.003297701792708044,0.057425619654541335,0.35145206918627014,125,14,inf
random_addition,42,117,126,0.0033647517503867263,0.05800648024476857,0.3382655793072238,126,14,inf
random_addition,42,117,127,0.002939541683353184,0.054217540366132286,0.4218902144229757,127,14,inf
random_addition,42,117,128,0.0029384698170057595,0.05420765459790489,0.4221010147758967,128,14,inf
random_addition,42,117,129,0.0029153790361279583,0.0539942500283869,0.4266422010627481,129,14,inf
random_addition,42,117,130,0.0029450976567664076,0.054268753963642904,0.4207975398006766,130,14,inf
random_addition,42,117,131,0.0029397943019862736,0.0542198699923402,0.42184053276524136,131,14,inf
random_addition,42,117,132,0.0029248081822565316,0.0540814957472196,0.4247878025769455,132,14,inf
random_addition,42,117,133,0.0029527568118334962,0.05433927503963865,0.4192912395095084,133,14,inf
random_addition,42,117,134,0.002956507445228373,0.05437377534463073,0.4185536150424124,134,14,inf
random_addition,42,117,135,0.002909789284217361,0.053942462719247075,0.4277415187886251,135,14,inf
random_addition,42,117,136,0.0030055969492802153,0.05482332486524522,0.4088993472284175,136,14,inf
random_addition,42,117,137,0.0031973677386404166,0.05654527158516808,0.3711844304627203,137,14,inf
random_addition,42,117,138,0.0031350715275024073,0.05599170945329681,0.383436016982893,138,14,inf
random_addition,42,117,139,0.0030458117057981875,0.055188873025259245,0.40099044619146496,139,14,inf
random_addition,42,117,140,0.002904835270557868,0.053896523733519844,0.42871580800883036,140,14,inf
random_addition,42,117,141,0.0028723279565264093,0.05359410374776697,0.4351089122300892,141,14,inf
random_addition,42,117,142,0.002880473156987568,0.05367003965889692,0.43350702302445254,142,14,inf
random_addition,42,117,143,0.0027867226630593454,0.052789418097373884,0.4519446176500066,143,14,inf
random_addition,42,117,144,0.0027378992783918927,0.052324939353924654,0.46154654865887357,144,14,inf
random_addition,42,117,145,0.0027734569940577394,0.05266362116354837,0.45455353219797323,145,14,inf
random_addition,42,117,146,0.0027758153847437144,0.052686007485324926,0.4540897154262986,146,14,inf
random_addition,42,117,147,0.002807734396801527,0.052988059002019756,0.44781231057741644,147,14,inf
random_addition,42,117,148,0.0027629853456699956,0.05256410700915593,0.45661295610012753,148,14,inf
random_addition,42,117,149,0.002687249243916474,0.05183868482047431,0.4715077207476638,149,14,inf
random_addition,42,117,150,0.0026800483819562917,0.05176918370958047,0.47292389007342817,150,14,inf
random_addition,42,118,10,0.00962854819961681,0.0981251659851682,-0.8936142210947935,10,10,inf
random_addition,42,118,11,0.008751126757047029,0.09354745724522409,-0.7210546942483922,11,11,inf
random_addition,42,118,12,0.008879867718916792,0.0942330500350954,-0.7463737466309421,12,12,inf
random_addition,42,118,13,0.00849663511574109,0.09217719411948429,-0.6710046782817212,13,13,inf
random_addition,42,118,14,0.008970666252822298,0.09471360120290168,-0.7642307891978442,14,14,inf
random_addition,42,118,15,0.010948883415784465,0.10463691230050925,-1.1532801115399223,15,14,inf
random_addition,42,118,16,0.01142611423271659,0.10689300366589288,-1.2471354927409348,16,14,inf
random_addition,42,118,17,0.011015501429407066,0.10495475896502772,-1.1663816524328539,17,14,inf
random_addition,42,118,18,0.008994493836351328,0.0948393053346097,-0.7689168799863484,18,14,inf
random_addition,42,118,19,0.008766733815169328,0.0936308379497339,-0.7241240819273171,19,14,inf
random_addition,42,118,20,0.011512495309876365,0.10729629681343325,-1.2641237689329516,20,14,inf
random_addition,42,118,21,0.01119745555800037,0.10581803040125237,-1.2021659595109346,21,14,inf
random_addition,42,118,22,0.009916581385521851,0.09958203344741386,-0.9502607399332963,22,14,inf
random_addition,42,118,23,0.011396133187860149,0.1067526729775894,-1.2412392213896943,23,14,inf
random_addition,42,118,24,0.011745253512445677,0.10837552081741374,-1.3098995425308084,24,14,inf
random_addition,42,118,25,0.01160697894250937,0.10773569019832457,-1.282705547484122,25,14,inf
random_addition,42,118,26,0.010938815141066018,0.1045887907046736,-1.1513000177819142,26,14,inf
random_addition,42,118,27,0.010921206510337907,0.10450457650427519,-1.1478369875441796,27,14,inf
random_addition,42,118,28,0.010952274585813434,0.10465311550935039,-1.1539470415546944,28,14,inf
random_addition,42,118,29,0.011169521464549371,0.1056859567991385,-1.1966722552145481,29,14,inf
random_addition,42,118,30,0.009974175576447902,0.09987079441181942,-0.9615875959378555,30,14,inf
random_addition,42,118,31,0.010811902104444077,0.10398029671261799,-1.126340457315758,31,14,inf
random_addition,42,118,32,0.010583805626622731,0.10287762451875884,-1.08148148946001,32,14,inf
random_addition,42,118,33,0.011224946354226753,0.10594784733172616,-1.2075724820316998,33,14,inf
random_addition,42,118,34,0.011238562615044476,0.1060120871176701,-1.2102503462941026,34,14,inf
random_addition,42,118,35,0.010769609933848684,0.10377673117731491,-1.1180229982326133,35,14,inf
random_addition,42,118,36,0.0107697730234249,0.10377751694574745,-1.118055072511563,36,14,inf
random_addition,42,118,37,0.0110771240999557,0.10524791731885103,-1.1785007759885087,37,14,inf
random_addition,42,118,38,0.011284168923024054,0.10622696890631896,-1.219219585640611,38,14,inf
random_addition,42,118,39,0.009817058801753323,0.09908107186417255,-0.9306879677939117,39,14,inf
random_addition,42,118,40,0.009140767523899345,0.09560736124326068,-0.7976840346155298,40,14,inf
random_addition,42,118,41,0.008863362577202171,0.09414543311920218,-0.7431277358696069,41,14,inf
random_addition,42,118,42,0.00860952268155762,0.09278751360801528,-0.693205896532201,42,14,inf
random_addition,42,118,43,0.009377730915105308,0.0968386850133009,-0.8442868285325107,43,14,inf
random_addition,42,118,44,0.009277914206773881,0.09632193004074348,-0.824656211903642,44,14,inf
random_addition,42,118,45,0.009495288450001672,0.0974437707090693,-0.8674064739101452,45,14,inf
random_addition,42,118,46,0.008843133451081665,0.09403793623363746,-0.7391493416082959,46,14,inf
random_addition,42,118,47,0.009160035636386305,0.09570807508453143,-0.8014734295546768,47,14,inf
random_addition,42,118,48,0.00850596024261736,0.09222776286247737,-0.6728386196506932,48,14,inf
random_addition,42,118,49,0.00753566352244219,0.08680819962677598,-0.48201362403209536,49,14,inf
random_addition,42,118,50,0.00757294081690556,0.08702264542580604,-0.4893448242770695,50,14,inf
random_addition,42,118,51,0.006443651591017459,0.08027235882305601,-0.26725130679787745,51,14,inf
random_addition,42,118,52,0.0054098979610662295,0.07355200854542471,-0.06394645395807785,52,14,inf
random_addition,42,118,53,0.004332459180547318,0.06582141885850926,0.14794981065540147,53,14,inf
random_addition,42,118,54,0.004240017338039309,0.06511541551767376,0.16613003720340147,54,14,inf
random_addition,42,118,55,0.004372726128044252,0.06612659168628195,0.1400306453939858,55,14,inf
random_addition,42,118,56,0.0044724772043192185,0.06687658188274292,0.12041293640112793,56,14,inf
random_addition,42,118,57,0.004042823122955705,0.0635831984328856,0.2049115608826202,57,14,inf
random_addition,42,118,58,0.004225276014362186,0.06500212315272622,0.16902916379798738,58,14,inf
random_addition,42,118,59,0.004573729380849742,0.0676293529530613,0.10050001106492512,59,14,inf
random_addition,42,118,60,0.0045381714243009266,0.06736595152078627,0.10749307489946947,60,14,inf
random_addition,42,118,61,0.003687583712150102,0.060725478278479635,0.27477530214961576,61,14,inf
random_addition,42,118,62,0.0036747062392266288,0.06061935531846762,0.27730787147929126,62,14,inf
random_addition,42,118,63,0.0036734248502967117,0.060608785256732474,0.27755987793448467,63,14,inf
random_addition,42,118,64,0.00406008148569671,0.06371876870825982,0.2015174166729582,64,14,inf
random_addition,42,118,65,0.003992001824488038,0.06318229043401354,0.21490641488529394,65,14,inf
random_addition,42,118,66,0.003852178691256826,0.06206592214135569,0.24240496067179074,66,14,inf
random_addition,42,118,67,0.003932514516026066,0.06270976412031914,0.22660558395449226,67,14,inf
random_addition,42,118,68,0.004355197504802566,0.06599392021089948,0.14347794082820198,68,14,inf
random_addition,42,118,69,0.004316113444497071,0.06569713421829806,0.15116447164035052,69,14,inf
random_addition,42,118,70,0.00452165296430286,0.06724323731278009,0.11074170492285862,70,14,inf
random_addition,42,118,71,0.004737521331379483,0.06882965444762514,0.06828759851904254,71,14,inf
random_addition,42,118,72,0.006011019120310333,0.07753076241280188,-0.18216693249199878,72,14,inf
random_addition,42,118,73,0.006509943918566602,0.08068422347997532,-0.28028879610509483,73,14,inf
random_addition,42,118,74,0.006174648916157567,0.0785789343027606,-0.2143474546213362,74,14,inf
random_addition,42,118,75,0.006149541654946257,0.07841901335101237,-0.20940969392296105,75,14,inf
random_addition,42,118,76,0.00574435926629709,0.07579155141766851,-0.12972383501914897,76,14,inf
random_addition,42,118,77,0.005746899485481819,0.07580830749648629,-0.13022341139070326,77,14,inf
random_addition,42,118,78,0.005768603670910489,0.07595132435257787,-0.1344919006097367,78,14,inf
random_addition,42,118,79,0.005586026134579232,0.07473972260170111,-0.09858499002657317,79,14,inf
random_addition,42,118,80,0.0056986586235731876,0.07548946034760871,-0.12073604317545228,80,14,inf
random_addition,42,118,81,0.004523996371391064,0.06726065990897699,0.1102808349250104,81,14,inf
random_addition,42,118,82,0.004456414750626676,0.06675638359457975,0.12357188519665718,82,14,inf
random_addition,42,118,83,0.0044862246918841095,0.06697928554324918,0.11770926421530059,83,14,inf
random_addition,42,118,84,0.004486554913214897,0.0669817505983152,0.11764432069576636,84,14,inf
random_addition,42,118,85,0.004448845625683392,0.0666996673581165,0.12506047956589095,85,14,inf
random_addition,42,118,86,0.00437849015597691,0.06617016061622422,0.13889705338844305,86,14,inf
random_addition,42,118,87,0.004467322766175818,0.06683803382936858,0.12142664243112777,87,14,inf
random_addition,42,118,88,0.004637095558625936,0.06809622279264788,0.08803799780126431,88,14,inf
random_addition,42,118,89,0.0046550334009568,0.06822780518935663,0.08451022262381525,89,14,inf
random_addition,42,118,90,0.004496556333678509,0.06705636683923838,0.11567737493941677,90,14,inf
random_addition,42,118,91,0.004393081183841901,0.0662803227499829,0.1360274849662133,91,14,inf
random_addition,42,118,92,0.004228210111297512,0.06502468847520541,0.16845212481270977,92,14,inf
random_addition,42,118,93,0.004296246738702266,0.06554576064630165,0.15507158991399073,93,14,inf
random_addition,42,118,94,0.0030965676802882226,0.05564681195080472,0.39100843923597395,94,14,inf
random_addition,42,118,95,0.0032450186653144803,0.056965065305979244,0.3618130828277837,95,14,inf
random_addition,42,118,96,0.003279616364645735,0.057267934873240674,0.3550088695536129,96,14,inf
random_addition,42,118,97,0.0031398937223801457,0.05603475459373536,0.38248765211956504,97,14,inf
random_addition,42,118,98,0.0030871969781165257,0.05556255014050854,0.39285134374515795,98,14,inf
random_addition,42,118,99,0.0030793204769965134,0.055491625287033296,0.3944003887542402,99,14,inf
random_addition,42,118,100,0.0031161654821289997,0.05582262518127394,0.3871542053994159,100,14,inf
random_addition,42,118,101,0.0031151832326703497,0.05581382653671355,0.3873473810999474,101,14,inf
random_addition,42,118,102,0.003122289067983587,0.05587744686350287,0.38594990034553434,102,14,inf
random_addition,42,118,103,0.0031969193466394666,0.056541306552285,0.37127261421088475,103,14,inf
random_addition,42,118,104,0.0032047978187376347,0.056610933738436384,0.36972318157615136,104,14,inf
random_addition,42,118,105,0.0032664391809580466,0.057152770544900505,0.3576003819922148,105,14,inf
random_addition,42,118,106,0.0033060852086398687,0.05749856701379495,0.34980333094445626,106,14,inf
random_addition,42,118,107,0.0036182001080703303,0.06015147635819366,0.2884207424249726,107,14,inf
random_addition,42,118,108,0.003753108861742191,0.06126262206061858,0.26188869115338254,108,14,inf
random_addition,42,118,109,0.003794061481702397,0.06159595345233644,0.25383467699257445,109,14,inf
random_addition,42,118,110,0.0037677830258089386,0.061382269637159384,0.2590027726137031,110,14,inf
random_addition,42,118,111,0.0032866551589122543,0.05732935686811997,0.35362457353659016,111,14,inf
random_addition,42,118,112,0.003305188072999362,0.05749076511057547,0.3499797675963684,112,14,inf
random_addition,42,118,113,0.003427981078131809,0.05854896308331864,0.32583047987934566,113,14,inf
random_addition,42,118,114,0.003408719317423483,0.05838423860446827,0.32961862563553157,114,14,inf
random_addition,42,118,115,0.0034205476775035445,0.05848544842525827,0.327292381803598,115,14,inf
random_addition,42,118,116,0.0033389327813792336,0.057783499213696236,0.3433433091864323,116,14,inf
random_addition,42,118,117,0.003507779007428663,0.05922650595323569,0.31013688925719407,117,14,inf
random_addition,42,118,118,0.003387233520057437,0.058199944330363726,0.33384416520810445,118,14,inf
random_addition,42,118,119,0.0034677507817590055,0.05888761144552397,0.31800910589897946,119,14,inf
random_addition,42,118,120,0.0034638085512932876,0.05885412943280435,0.31878441111820377,120,14,inf
random_addition,42,118,121,0.0034683361420940347,0.05889258138419503,0.3178939850487852,121,14,inf
random_addition,42,118,122,0.003472930517951402,0.058931574880970235,0.31699042458668847,122,14,inf
random_addition,42,118,123,0.0035294050693655274,0.05940879622888792,0.30588376432278785,123,14,inf
random_addition,42,118,124,0.0035169184335588043,0.059303612314586744,0.30833946902998177,124,14,inf
random_addition,42,118,125,0.0034759823291460002,0.05895746203107797,0.3163902351335769,125,14,inf
random_addition,42,118,126,0.003478914465065414,0.05898232332712416,0.3158135818147093,126,14,inf
random_addition,42,118,127,0.003312990265627081,0.05755858116412427,0.34844533658877797,127,14,inf
random_addition,42,118,128,0.003335533470033206,0.057754077518675735,0.34401184032667453,128,14,inf
random_addition,42,118,129,0.003114210584460814,0.05580511252977467,0.38753866855507724,129,14,inf
random_addition,42,118,130,0.0031176478743337476,0.05583590130313782,0.3868626683055618,130,14,inf
random_addition,42,118,131,0.0031218629212918865,0.055873633507155115,0.3860337091834761,131,14,inf
random_addition,42,118,132,0.0026998986715195154,0.05196054918416005,0.4690200003248921,132,14,inf
random_addition,42,118,133,0.0030423409350940575,0.05515741958335304,0.40167303100355134,133,14,inf
random_addition,42,118,134,0.002757913210311536,0.052515837709319044,0.45761047591796256,134,14,inf
random_addition,42,118,135,0.002185231558410348,0.046746460383758986,0.5702378521036376,135,14,inf
random_addition,42,118,136,0.002224333696363992,0.04716284232702681,0.5625477660211713,136,14,inf
random_addition,42,118,137,0.002211303712224955,0.04702450119060228,0.5651103292191517,137,14,inf
random_addition,42,118,138,0.0022050607115296954,0.04695807397593832,0.5663381191884972,138,14,inf
random_addition,42,118,139,0.002344123393918275,0.04841614806981525,0.5389891287139952,139,14,inf
random_addition,42,118,140,0.0023459928263327295,0.04843545009941303,0.5386214737226096,140,14,inf
random_addition,42,118,141,0.0023802943271596538,0.04878826013663178,0.5318755128130154,141,14,inf
random_addition,42,118,142,0.002576345103774624,0.05075770979639078,0.4933188653353031,142,14,inf
random_addition,42,118,143,0.002581162807906704,0.05080514548652237,0.4923713836518343,143,14,inf
random_addition,42,118,144,0.00260373285079633,0.05102678562085143,0.48793260915536174,144,14,inf
random_addition,42,118,145,0.002534905372619496,0.050347843773288804,0.501468678018052,145,14,inf
random_addition,42,118,146,0.0026142456825362067,0.051129694723675075,0.4858650858617255,146,14,inf
random_addition,42,118,147,0.0025830868882972375,0.05082407784010683,0.4919929812266183,147,14,inf
random_addition,42,118,148,0.0024905063599868354,0.049904973299129574,0.5102004826453705,148,14,inf
random_addition,42,118,149,0.0025152287858470576,0.050152056646233935,0.505338406222391,149,14,inf
random_addition,42,118,150,0.0026800483819562917,0.05176918370958047,0.47292389007342817,150,14,inf
random_addition,42,119,10,0.00962854819961681,0.0981251659851682,-0.8936142210947935,10,10,inf
random_addition,42,119,11,0.010146500541022351,0.10072983937752682,-0.9954781676837414,11,11,inf
random_addition,42,119,12,0.02007387930782454,0.14168231826104674,-2.9478623923126683,12,12,inf
random_addition,42,119,13,0.030715819082091006,0.1752592910007655,-5.040776929250572,13,13,inf
random_addition,42,119,14,0.0304878748898142,0.17460777442546538,-4.995947910881166,14,14,inf
random_addition,42,119,15,0.027806982163552048,0.16675425680789097,-4.468705746597081,15,14,inf
random_addition,42,119,16,0.030437195714444403,0.17446259116052473,-4.985981007750596,16,14,inf
random_addition,42,119,17,0.029401492033264746,0.1714686327969776,-4.782292644888158,17,14,inf
random_addition,42,119,18,0.029741930052835725,0.17245848791183263,-4.849245446275869,18,14,inf
random_addition,42,119,19,0.028424727973672726,0.16859634626430292,-4.59019573935765,19,14,inf
random_addition,42,119,20,0.030331331468272632,0.17415892589319856,-4.965161042175275,20,14,inf
random_addition,42,119,21,0.03302089968963311,0.18171653664329263,-5.494109386929421,21,14,inf
random_addition,42,119,22,0.03299822396392142,0.1816541328016553,-5.489649828147444,22,14,inf
random_addition,42,119,23,0.033056611160482405,0.18181477156843556,-5.501132641905611,23,14,inf
random_addition,42,119,24,0.03682098107264908,0.1918879388410045,-6.241458623700442,24,14,inf
random_addition,42,119,25,0.02102803988311195,0.14501048197669006,-3.135513946535987,25,14,inf
random_addition,42,119,26,0.018929486694598784,0.13758447112446515,-2.7227985423953602,26,14,inf
random_addition,42,119,27,0.006005668819497367,0.07749625035766161,-0.18111470680890251,27,14,inf
random_addition,42,119,28,0.004875051207622298,0.06982156692328165,0.041240059878776214,28,14,inf
random_addition,42,119,29,0.004873246299419884,0.06980864057851209,0.04159502511019053,29,14,inf
random_addition,42,119,30,0.005135724225928383,0.0716639674168852,-0.010025626732186765,30,14,inf
random_addition,42,119,31,0.005374552531325867,0.07331133971853104,-0.05699518705683082,31,14,inf
random_addition,42,119,32,0.008220020545310232,0.09066432895748047,-0.6166038201803157,32,14,inf
random_addition,42,119,33,0.006027685104395877,0.07763816783255435,-0.18544457558196958,33,14,inf
random_addition,42,119,34,0.006143151511951159,0.0783782591791318,-0.2081529659719259,34,14,inf
random_addition,42,119,35,0.0053197644036604005,0.07293671505942943,-0.046220190084949486,35,14,inf
random_addition,42,119,36,0.005376489636644278,0.07332455002687897,-0.05737615105084681,36,14,inf
random_addition,42,119,37,0.0058123399432906085,0.07623870370940608,-0.14309336633849146,37,14,inf
random_addition,42,119,38,0.005820386593453107,0.07629145819456531,-0.14467587398803405,38,14,inf
random_addition,42,119,39,0.006957553554511245,0.08341195090939454,-0.36831867917278016,39,14,inf
random_addition,42,119,40,0.007960356276587702,0.08922082871497945,-0.5655365209604051,40,14,inf
random_addition,42,119,41,0.008697460290277232,0.09326017526402806,-0.7105002905559181,41,14,inf
random_addition,42,119,42,0.008648989741592717,0.09299994484725632,-0.7009677506142356,42,14,inf
random_addition,42,119,43,0.008708892549706937,0.0933214474261246,-0.7127486346039023,43,14,inf
random_addition,42,119,44,0.008821831685497671,0.09392460638990015,-0.734959994947926,44,14,inf
random_addition,42,119,45,0.00938623713318704,0.09688259458327404,-0.8459597178605136,45,14,inf
random_addition,42,119,46,0.008985668302215033,0.09479276503096126,-0.7671811918428431,46,14,inf
random_addition,42,119,47,0.0075982779311713254,0.0871681015691596,-0.49432778940332445,47,14,inf
random_addition,42,119,48,0.00633563268126038,0.07959668762744075,-0.2460075907752166,48,14,inf
random_addition,42,119,49,0.006548466972203802,0.08092259864959728,-0.2878649956208539,49,14,inf
random_addition,42,119,50,0.006589920083649415,0.0811783227447415,-0.29601743976037254,50,14,inf
random_addition,42,119,51,0.006648338811087335,0.08153734611260864,-0.30750645459015846,51,14,inf
random_addition,42,119,52,0.006671758993421517,0.08168083614546019,-0.3121124231545995,52,14,inf
random_addition,42,119,53,0.00635476125361123,0.0797167564167737,-0.24976954282467023,53,14,inf
random_addition,42,119,54,0.006521121667333904,0.08075346226220832,-0.2824870863962967,54,14,inf
random_addition,42,119,55,0.006575822684602196,0.08109144643303753,-0.2932449516590694,55,14,inf
random_addition,42,119,56,0.0063979958430596656,0.07998747303834311,-0.25827234425697876,56,14,inf
random_addition,42,119,57,0.0063860692719738075,0.0799128855190063,-0.25592678559653836,57,14,inf
random_addition,42,119,58,0.006577637677172935,0.08110263668446874,-0.2936019001493173,58,14,inf
random_addition,42,119,59,0.00558329893629161,0.07472147573684296,-0.09804864110312983,59,14,inf
random_addition,42,119,60,0.00425792640755028,0.06525278850401936,0.1626079206797597,60,14,inf
random_addition,42,119,61,0.0042561253174828225,0.06523898617761333,0.16296213501140178,61,14,inf
random_addition,42,119,62,0.004449308398546789,0.06670313634715229,0.12496946758183092,62,14,inf
random_addition,42,119,63,0.004655493109311997,0.0682311740285333,0.08441981332628556,63,14,inf
random_addition,42,119,64,0.0042292750404700815,0.06503287661229573,0.1682426887706575,64,14,inf
random_addition,42,119,65,0.004175176342918751,0.0646156044846657,0.17888209783857734,65,14,inf
random_addition,42,119,66,0.004151656823041953,0.06443335179114891,0.1835076027837359,66,14,inf
random_addition,42,119,67,0.004215579308434181,0.06492749270096744,0.17093618237050445,67,14,inf
random_addition,42,119,68,0.00411172978445175,0.06412277118506148,0.1913599193026082,68,14,inf
random_addition,42,119,69,0.0038830721003876383,0.06231430092994415,0.23632925770438662,69,14,inf
random_addition,42,119,70,0.0038120603722007354,0.061741885071649176,0.2502948956771589,70,14,inf
random_addition,42,119,71,0.0037380461220418272,0.06113956265824795,0.2648510295572546,71,14,inf
random_addition,42,119,72,0.0037383247575136563,0.061141841299666926,0.26479623125526575,72,14,inf
random_addition,42,119,73,0.0037194658574336696,0.06098742376452435,0.2685051477653466,73,14,inf
random_addition,42,119,74,0.003455156190665749,0.05878057664454942,0.32048604180963036,74,14,inf
random_addition,42,119,75,0.0035950853010776824,0.059959030187934845,0.29296665384709975,75,14,inf
random_addition,42,119,76,0.0035877911370767743,0.05989817306960851,0.2944011725717053,76,14,inf
random_addition,42,119,77,0.003289205746487322,0.057351597593156216,0.3531229580485472,77,14,inf
random_addition,42,119,78,0.003196415582823619,0.056536851546788655,0.3713716877478277,78,14,inf
random_addition,42,119,79,0.0032753797331617615,0.05723093335917003,0.3558420736318674,79,14,inf
random_addition,42,119,80,0.0032974170585790366,0.05742314044511182,0.3515080668906738,80,14,inf
random_addition,42,119,81,0.00319819713539799,0.05655260502751389,0.3710213157893022,81,14,inf
random_addition,42,119,82,0.003235086445938266,0.056877820333925126,0.36376641903880047,82,14,inf
random_addition,42,119,83,0.003298005367767231,0.05742826279600691,0.35139236609943625,83,14,inf
random_addition,42,119,84,0.0032113493844687134,0.05666876903964576,0.36843470715803484,84,14,inf
random_addition,42,119,85,0.0032217119557964797,0.0567601264603637,0.36639673507475146,85,14,inf
random_addition,42,119,86,0.003207469824865695,0.056634528556929783,0.36919768710927536,86,14,inf
random_addition,42,119,87,0.0033828460832853713,0.05816223932488648,0.3347070276556402,87,14,inf
random_addition,42,119,88,0.0033341935987007652,0.05774247655496571,0.3442753483194628,88,14,inf
random_addition,42,119,89,0.0031754756005613256,0.0563513584624304,0.37548988369796377,89,14,inf
random_addition,42,119,90,0.0031548057824554074,0.05616765779748527,0.3795549473712564,90,14,inf
random_addition,42,119,91,0.0032049299299810943,0.05661210056146207,0.36969719970181314,91,14,inf
random_addition,42,119,92,0.003199346268607302,0.056562763976023146,0.37079531962228174,92,14,inf
random_addition,42,119,93,0.0032303644217980486,0.05683629493376612,0.36469508365976844,93,14,inf
random_addition,42,119,94,0.0030364658899301898,0.055104136776926195,0.40282845639492204,94,14,inf
random_addition,42,119,95,0.003680938892944582,0.06067074165480905,0.2760821164152054,95,14,inf
random_addition,42,119,96,0.0036898641878239462,0.06074425230278126,0.2743268086615711,96,14,inf
random_addition,42,119,97,0.0036005712559738154,0.0600047602776131,0.2918877495312845,97,14,inf
random_addition,42,119,98,0.003369451138049298,0.05804697354771649,0.3373413665262526,98,14,inf
random_addition,42,119,99,0.0035487167213290364,0.05957110643029082,0.30208580662108686,99,14,inf
random_addition,42,119,100,0.0037452164348411865,0.061198173460007665,0.2634408682322996,100,14,inf
random_addition,42,119,101,0.0038995366504950306,0.062446270108750535,0.23309122995805132,101,14,inf
random_addition,42,119,102,0.0038400514096732395,0.06196814834794759,0.24478999239140287,102,14,inf
random_addition,42,119,103,0.003820773937655235,0.06181240925295854,0.24858122803807114,103,14,inf
random_addition,42,119,104,0.0036991329986741277,0.06082049817844415,0.2725039427762199,104,14,inf
random_addition,42,119,105,0.003515034517078246,0.05928772652984972,0.3087099725539795,105,14,inf
random_addition,42,119,106,0.003361026367683801,0.05797435957113973,0.3389982378055798,106,14,inf
random_addition,42,119,107,0.0031450547854459084,0.056080788024473305,0.38147264318834484,107,14,inf
random_addition,42,119,108,0.0035547899484111036,0.05962205924329605,0.3008914054577839,108,14,inf
random_addition,42,119,109,0.003390541979526983,0.05822836061170693,0.33319350160113437,109,14,inf
random_addition,42,119,110,0.0031012170586625664,0.0556885720652143,0.3900940616136801,110,14,inf
random_addition,42,119,111,0.0031430064588748073,0.056062522765879946,0.38187548069240773,111,14,inf
random_addition,42,119,112,0.0030928201926790386,0.055613129678872046,0.3917454450319682,112,14,inf
random_addition,42,119,113,0.0029821543559928705,0.054609105064932814,0.4135097232797129,113,14,inf
random_addition,42,119,114,0.0030027944588251953,0.054797759615017066,0.40945050360943025,114,14,inf
random_addition,42,119,115,0.0030456859916293136,0.05518773406862537,0.4010151699746395,115,14,inf
random_addition,42,119,116,0.003001363734889967,0.05478470347542247,0.4097318792783309,116,14,inf
random_addition,42,119,117,0.0030226514355035693,0.05497864526799082,0.40554529872842726,117,14,inf
random_addition,42,119,118,0.0030331591513490237,0.05507412415417084,0.40347878156055683,118,14,inf
random_addition,42,119,119,0.0031417778270076517,0.05605156400144114,0.3821171115933393,119,14,inf
random_addition,42,119,120,0.0031024056233573084,0.0556992425743592,0.38986031058891557,120,14,inf
random_addition,42,119,121,0.0032062719722011426,0.05662395228347402,0.36943326476785354,121,14,inf
random_addition,42,119,122,0.003205332825653829,0.05661565883793837,0.3696179635636445,122,14,inf
random_addition,42,119,123,0.0033721264857490933,0.05807001365377051,0.3368152148836916,123,14,inf
random_addition,42,119,124,0.0033640069225379958,0.05800005967702099,0.3384120620975035,124,14,inf
random_addition,42,119,125,0.0033526552587556865,0.05790211791252274,0.34064455567032725,125,14,inf
random_addition,42,119,126,0.0033284794670618047,0.05769297589015326,0.3453991273885829,126,14,inf
random_addition,42,119,127,0.003348593807649191,0.05786703558719067,0.3414433076123746,127,14,inf
random_addition,42,119,128,0.0030323437429602812,0.05506672082991942,0.4036391451884799,128,14,inf
random_addition,42,119,129,0.0029685955479438176,0.05448481942655053,0.416176288499151,129,14,inf
random_addition,42,119,130,0.0029663824413749653,0.05446450625292554,0.41661153273168683,130,14,inf
random_addition,42,119,131,0.0030029527882328697,0.05479920426642042,0.4094193654968328,131,14,inf
random_addition,42,119,132,0.0029454797613355996,0.0542722743335453,0.4207223925789806,132,14,inf
random_addition,42,119,133,0.002878472787873762,0.05365140061427811,0.43390042889653335,133,14,inf
random_addition,42,119,134,0.0028591067605441946,0.053470615860902466,0.4377090804187679,134,14,inf
random_addition,42,119,135,0.002833567105359205,0.053231260602762405,0.4427318785870399,135,14,inf
random_addition,42,119,136,0.0027815822075036153,0.052740707309474104,0.452955573771473,136,14,inf
random_addition,42,119,137,0.002797521480826766,0.052891601231450404,0.4498208504452881,137,14,inf
random_addition,42,119,138,0.002784179543368036,0.05276532519911192,0.45244476445444404,138,14,inf
random_addition,42,119,139,0.002773344158119623,0.05266254986344302,0.4545757232627774,139,14,inf
random_addition,42,119,140,0.002773171834575093,0.052660913727119216,0.45460961355524787,140,14,inf
random_addition,42,119,141,0.0027659687047135698,0.052592477643799686,0.45602622890154854,141,14,inf
random_addition,42,119,142,0.002640007515271733,0.05138100344749733,0.48079859278113846,142,14,inf
random_addition,42,119,143,0.0023665890940773563,0.0486476011132857,0.5345708749517322,143,14,inf
random_addition,42,119,144,0.002426911542243921,0.0492636939565429,0.5227074617630225,144,14,inf
random_addition,42,119,145,0.002434550924306567,0.049341168655662855,0.5212050501621981,145,14,inf
random_addition,42,119,146,0.0024459379525981267,0.04945642478584685,0.5189656015701699,146,14,inf
random_addition,42,119,147,0.0024491128189837504,0.049488511989993704,0.5183412112661226,147,14,inf
random_addition,42,119,148,0.002627775052867754,0.05126182841908543,0.4832043100592742,148,14,inf
random_addition,42,119,149,0.0026368259216617085,0.05135003331704575,0.4814243061058042,149,14,inf
random_addition,42,119,150,0.0026800483819562917,0.05176918370958047,0.47292389007342817,150,14,inf
random_addition,42,120,10,0.00962854819961681,0.0981251659851682,-0.8936142210947935,10,10,inf
random_addition,42,120,11,0.009032305554103025,0.09503844250671949,-0.7763531834636979,11,11,inf
random_addition,42,120,12,0.008722851032439242,0.09339620459333046,-0.7154938025003303,12,12,inf
random_addition,42,120,13,0.008544594178368422,0.09243697408704171,-0.6804366259792054,13,13,inf
random_addition,42,120,14,0.006711249106575686,0.08192221375534041,-0.31987881101609994,14,14,inf
random_addition,42,120,15,0.006715104128705439,0.08194573892952238,-0.320636965264923,15,14,inf
random_addition,42,120,16,0.004778601256589158,0.06912742767230065,0.06020854766258543,16,14,inf
random_addition,42,120,17,0.006510922928440982,0.08069029017447503,-0.28048133468747327,17,14,inf
random_addition,42,120,18,0.004461614910795544,0.06679532102472106,0.12254918716954122,18,14,inf
random_addition,42,120,19,0.005004487586124767,0.07074240302763801,0.01578424224377306,19,14,inf
random_addition,42,120,20,0.00392407775220008,0.06264245965956382,0.22826481394739417,20,14,inf
random_addition,42,120,21,0.003983147611084628,0.0631121827469517,0.21664774328389647,21,14,inf
random_addition,42,120,22,0.0037378332079165766,0.06113782141945014,0.26489290266284515,22,14,inf
random_addition,42,120,23,0.004219430786035967,0.06495714576577366,0.17017872521208666,23,14,inf
random_addition,42,120,24,0.00410540009860849,0.06407339618444217,0.19260475734873617,24,14,inf
random_addition,42,120,25,0.004162497955373908,0.0645174236572874,0.1813755137157934,25,14,inf
random_addition,42,120,26,0.004284119197923208,0.06545318325278922,0.15745667260870544,26,14,inf
random_addition,42,120,27,0.004018956960385374,0.06339524398868873,0.20960523888154592,27,14,inf
random_addition,42,120,28,0.0032340915231365936,0.05686907352099728,0.36396208716311995,28,14,inf
random_addition,42,120,29,0.0031632841700837194,0.056243081086332025,0.3778875313650131,29,14,inf
random_addition,42,120,30,0.003151723817876765,0.05614021569139867,0.38016106698908825,30,14,inf
random_addition,42,120,31,0.002965945562898385,0.05446049543383153,0.4166974521537007,31,14,inf
random_addition,42,120,32,0.0031257884813889656,0.05590875138463535,0.385261682469637,32,14,inf
random_addition,42,120,33,0.003318468952684864,0.05760615377444379,0.3473678616143101,33,14,inf
random_addition,42,120,34,0.0035506537717136114,0.05958736251684254,0.30170485343072384,34,14,inf
random_addition,42,120,35,0.0035653578367756734,0.05971061745431606,0.2988130543627675,35,14,inf
random_addition,42,120,36,0.0038235419946587947,0.06183479598623088,0.24803684356825562,36,14,inf
random_addition,42,120,37,0.0040824069672296,0.06389371617952426,0.1971267392367534,37,14,inf
random_addition,42,120,38,0.0024457337988294647,0.049454360766564,0.5190057518058664,38,14,inf
random_addition,42,120,39,0.002445730339045149,0.049454325786983985,0.5190064322300223,39,14,inf
random_addition,42,120,40,0.0026620068299358416,0.051594639546525004,0.47647206148704857,40,14,inf
random_addition,42,120,41,0.0027194165205773513,0.052148025087987285,0.4651814905335021,41,14,inf
random_addition,42,120,42,0.002807142446925323,0.05298247301632232,0.4479287273705317,42,14,inf
random_addition,42,120,43,0.002499017668502107,0.04999017571985627,0.5085265921989078,43,14,inf
random_addition,42,120,44,0.002812933126009142,0.053037091982961714,0.4467898939726418,44,14,inf
random_addition,42,120,45,0.0033208355386286303,0.05762669119972645,0.34690243310882285,45,14,inf
random_addition,42,120,46,0.003157211699612577,0.05618907099794921,0.3790817837281877,46,14,inf
random_addition,42,120,47,0.003150562815505335,0.0561298745366969,0.3803893974243403,47,14,inf
random_addition,42,120,48,0.0031139215078753125,0.05580252241498867,0.38759552027580835,48,14,inf
random_addition,42,120,49,0.003214427318672853,0.05669591977093989,0.3678293801804138,49,14,inf
random_addition,42,120,50,0.003237605235868516,0.0568999581359118,0.36327105708671914,50,14,inf
random_addition,42,120,51,0.003214396364739018,0.056695646788258953,0.3678354677865714,51,14,inf
random_addition,42,120,52,0.003294514930014477,0.05739786520433035,0.35207881876389124,52,14,inf
random_addition,42,120,53,0.003234341944565968,0.05687127521487423,0.3639128376220574,53,14,inf
random_addition,42,120,54,0.003123656962413822,0.05588968565320279,0.38568088114426435,54,14,inf
random_addition,42,120,55,0.003125921911537298,0.055909944656897116,0.3852354412107092,55,14,inf
random_addition,42,120,56,0.00363581065556375,0.06029768366665299,0.28495733522344535,56,14,inf
random_addition,42,120,57,0.003660818100014641,0.06050469485928047,0.28003920515194314,57,14,inf
random_addition,42,120,58,0.003660059918629653,0.06049842905918841,0.2801883141373288,58,14,inf
random_addition,42,120,59,0.0034617224455342046,0.05883640408398702,0.3191946785282236,59,14,inf
random_addition,42,120,60,0.0029130809639182917,0.05397296512068141,0.42709415520236604,60,14,inf
random_addition,42,120,61,0.0030084983640181295,0.054849779981492444,0.40832873574108786,61,14,inf
random_addition,42,120,62,0.003010196539835064,0.05486525804035796,0.40799476120928935,62,14,inf
random_addition,42,120,63,0.0029873085325562497,0.05465627624121725,0.41249606869377686,63,14,inf
random_addition,42,120,64,0.0029871612665806715,0.05465492902365414,0.4125250309983587,64,14,inf
random_addition,42,120,65,0.0029645917592057156,0.05444806478843592,0.4169637001769604,65,14,inf
random_addition,42,120,66,0.0029250635060083055,0.05408385624202758,0.42473758891260904,66,14,inf
random_addition,42,120,67,0.0025971118916685064,0.050961867034759495,0.4892347309396442,67,14,inf
random_addition,42,120,68,0.002486632766404068,0.04986614850180499,0.5109622892794549,68,14,inf
random_addition,42,120,69,0.0028049927690709333,0.05296218244248374,0.44835149729092394,69,14,inf
random_addition,42,120,70,0.0027620217577656353,0.05255494037448464,0.45680246169548244,70,14,inf
random_addition,42,120,71,0.002326374491386942,0.048232504510826946,0.5424797457359358,71,14,inf
random_addition,42,120,72,0.002190635956156417,0.04680423010964305,0.5691749873584816,72,14,inf
random_addition,42,120,73,0.0021643482254918483,0.04652255609370414,0.5743449070176798,73,14,inf
random_addition,42,120,74,0.002160887811449548,0.046485350503675325,0.5750254550198841,74,14,inf
random_addition,42,120,75,0.002118586554238348,0.04602810613351746,0.5833447011372275,75,14,inf
random_addition,42,120,76,0.0020473321297055378,0.04524745440028132,0.5973580693848544,76,14,inf
random_addition,42,120,77,0.0021215999926837426,0.04606082926613179,0.5827520583237638,77,14,inf
random_addition,42,120,78,0.00211449894885283,0.045983681332107694,0.5841485967534481,78,14,inf
random_addition,42,120,79,0.002087890530148268,0.04569344077817152,0.5893815850519133,79,14,inf
random_addition,42,120,80,0.00240651559217675,0.04905624926731303,0.5267186647293713,80,14,inf
random_addition,42,120,81,0.002427692920572906,0.04927162388812557,0.5225537907126061,81,14,inf
random_addition,42,120,82,0.002619230599503214,0.051178419275151654,0.484884718991871,82,14,inf
random_addition,42,120,83,0.002624128644268667,0.05122624956278438,0.483921436985993,83,14,inf
random_addition,42,120,84,0.0026269743580653723,0.0512540179699638,0.4833617800156076,84,14,inf
random_addition,42,120,85,0.002630495635719164,0.05128835770152096,0.482669262171442,85,14,inf
random_addition,42,120,86,0.0026440586297719515,0.05142041063402695,0.48000187370471503,86,14,inf
random_addition,42,120,87,0.0026342579976530596,0.051325023114004144,0.48192933109198666,87,14,inf
random_addition,42,120,88,0.002651600789574672,0.05149369660040608,0.478518582479069,88,14,inf
random_addition,42,120,89,0.0026548190450144133,0.051524936147601515,0.4778856589955419,89,14,inf
random_addition,42,120,90,0.0026581277834976003,0.051557034277561004,0.47723494051589666,90,14,inf
random_addition,42,120,91,0.002704085304510895,0.05200082022921268,0.46819662928217387,91,14,inf
random_addition,42,120,92,0.0027048776969092526,0.05200843870862932,0.46804079213174266,92,14,inf
random_addition,42,120,93,0.0027329139552064274,0.052277279531421944,0.4625269954183472,93,14,inf
random_addition,42,120,94,0.0024756071678339385,0.04975547374745756,0.5131306567026258,94,14,inf
random_addition,42,120,95,0.002468181954767272,0.049680800665521406,0.5145909484066501,95,14,inf
random_addition,42,120,96,0.0023362545417906326,0.04833481707620949,0.5405366694214498,96,14,inf
random_addition,42,120,97,0.002472517892112833,0.04972441947487002,0.5137382141782794,97,14,inf
random_addition,42,120,98,0.0021192820541748826,0.04603566067924824,0.5832079195016904,98,14,inf
random_addition,42,120,99,0.0020743999159660567,0.04554558064144157,0.592034738812701,99,14,inf
random_addition,42,120,100,0.0021003442868920393,0.04582951327356684,0.5869323465595517,100,14,inf
random_addition,42,120,101,0.00216743864059593,0.04655575840426112,0.5737371254634048,101,14,inf
random_addition,42,120,102,0.0023139565477324577,0.0481036022323948,0.5449219409883646,102,14,inf
random_addition,42,120,103,0.002189263640282901,0.046789567643684214,0.5694448761101449,103,14,inf
random_addition,42,120,104,0.002290049981020538,0.04785446667784041,0.5496235651340529,104,14,inf
random_addition,42,120,105,0.002368490674084515,0.048667141626404516,0.53419689760131,105,14,inf
random_addition,42,120,106,0.0024220357185368536,0.04921418208745172,0.5236663736280139,106,14,inf
random_addition,42,120,107,0.0029985171096567707,0.054758717202439744,0.41029171549786836,107,14,inf
random_addition,42,120,108,0.0031280280654476084,0.055928776720464826,0.38482123099815224,108,14,inf
random_addition,42,120,109,0.003111339606165373,0.0557793833433588,0.3881032942095365,109,14,inf
random_addition,42,120,110,0.0030317487199857706,0.05506131781918928,0.4037561663575131,110,14,inf
random_addition,42,120,111,0.0028803767712461932,0.05366914170402014,0.43352597888433864,111,14,inf
random_addition,42,120,112,0.002680562987439369,0.05177415366222193,0.47282268434222074,112,14,inf
random_addition,42,120,113,0.002722866289087163,0.05218109129835407,0.46450303615240185,113,14,inf
random_addition,42,120,114,0.0027148581839361906,0.05210430101187608,0.4660779632840444,114,14,inf
random_addition,42,120,115,0.0027233064777084782,0.052185309021873946,0.4644164657353457,115,14,inf
random_addition,42,120,116,0.0027555089201550566,0.052492941622231996,0.4580833195842723,116,14,inf
random_addition,42,120,117,0.002798278491826758,0.05289875699699151,0.4496719716355868,117,14,inf
random_addition,42,120,118,0.002682759570246201,0.051795362439567894,0.47239068978243914,118,14,inf
random_addition,42,120,119,0.002782499333030686,0.05274940125755633,0.4527752057757394,119,14,inf
random_addition,42,120,120,0.002754417012890299,0.05248254007658451,0.45829806131706485,120,14,inf
random_addition,42,120,121,0.0027502975679291027,0.05244327953064246,0.45910821871564844,121,14,inf
random_addition,42,120,122,0.002698776919688598,0.0519497537981519,0.46924061148822915,122,14,inf
random_addition,42,120,123,0.0025483793157756143,0.0504814749762288,0.4988188028919489,123,14,inf
random_addition,42,120,124,0.0025190430581148128,0.05019006931769285,0.5045882661120018,124,14,inf
random_addition,42,120,125,0.0025538471874599206,0.050535603167073416,0.4977434549406414,125,14,inf
random_addition,42,120,126,0.0025843364841398398,0.050836369698669864,0.4917472274110777,126,14,inf
random_addition,42,120,127,0.0025779914948437397,0.05077392534405568,0.49299507513585383,127,14,inf
random_addition,42,120,128,0.0025402640480129985,0.050401032211781126,0.5004148053343414,128,14,inf
random_addition,42,120,129,0.002626581077032334,0.05125018123901938,0.48343912527489374,129,14,inf
random_addition,42,120,130,0.0026897527652129456,0.05186282642908064,0.4710153616264827,130,14,inf
random_addition,42,120,131,0.002685886323179603,0.05182553736508289,0.4717757617893721,131,14,inf
random_addition,42,120,132,0.002609991182462104,0.05108807280043067,0.48670180409555963,132,14,inf
random_addition,42,120,133,0.0026072424826640043,0.05106116413345865,0.4872423816488204,133,14,inf
random_addition,42,120,134,0.0025965596741333178,0.05095644879829557,0.4893433337067584,134,14,inf
random_addition,42,120,135,0.002585733831560054,0.050850111421314056,0.49147241578923495,135,14,inf
random_addition,42,120,136,0.002882518124080558,0.05368908756982706,0.43310484621766143,136,14,inf
random_addition,42,120,137,0.002838022997375919,0.05327309825208141,0.44185555327655857,137,14,inf
random_addition,42,120,138,0.002850741470554423,0.05339233531654542,0.43935425389246385,138,14,inf
random_addition,42,120,139,0.002824981113444136,0.05315055139360396,0.44442045676679354,139,14,inf
random_addition,42,120,140,0.0027871037672570808,0.052793027638667216,0.4518696671680036,140,14,inf
random_addition,42,120,141,0.002689086436682887,0.051856402080002494,0.4711464062195284,141,14,inf
random_addition,42,120,142,0.0027695826581431954,0.052626824511300276,0.4553154848239538,142,14,inf
random_addition,42,120,143,0.0027219687010330536,0.0521724898872294,0.46467956177897707,143,14,inf
random_addition,42,120,144,0.002745213814760036,0.052394788049576424,0.46010802336925793,144,14,inf
random_addition,42,120,145,0.002711062740874211,0.05206786668257315,0.4668244003178026,145,14,inf
random_addition,42,120,146,0.002670065275852163,0.05167267436326634,0.4748872340062372,146,14,inf
random_addition,42,120,147,0.002743110393396983,0.05237471139201612,0.46052169618092753,147,14,inf
random_addition,42,120,148,0.0026832477661488927,0.05180007496277291,0.47229467793466606,148,14,inf
random_addition,42,120,149,0.0025370790914225655,0.050369426157368176,0.5010411800450639,149,14,inf
random_addition,42,120,150,0.0026800483819562917,0.05176918370958047,0.47292389007342817,150,14,inf
random_addition,42,121,10,0.00962854819961681,0.0981251659851682,-0.8936142210947935,10,10,inf
random_addition,42,121,11,0.010254831709802247,0.10126614295904751,-1.016783294639184,11,11,inf
random_addition,42,121,12,0.017082495805652815,0.13070002220984056,-2.359557050424661,12,12,inf
random_addition,42,121,13,0.020861941322294384,0.1444366342805536,-3.1028479006953447,13,13,inf
random_addition,42,121,14,0.009773928867039237,0.0988631825658027,-0.9222057484565525,14,14,inf
random_addition,42,121,15,0.009604406962143614,0.09800207631547209,-0.8888664450390129,15,14,inf
random_addition,42,121,16,0.01111395485128245,0.10542274351999406,-1.1857441560952533,16,14,inf
random_addition,42,121,17,0.009026893835291271,0.09500996703131347,-0.7752888789091534,17,14,inf
random_addition,42,121,18,0.005874047752699857,0.07664233655558693,-0.1552292338677843,18,14,inf
random_addition,42,121,19,0.005749942789366432,0.0758283772038307,-0.13082192773974577,19,14,inf
random_addition,42,121,20,0.005696709712752472,0.075476550747583,-0.12035275743296636,20,14,inf
random_addition,42,121,21,0.005611747088448318,0.07491159515354294,-0.10364344359785638,21,14,inf
random_addition,42,121,22,0.00497083120346936,0.0705041218899247,0.022403329930265947,22,14,inf
random_addition,42,121,23,0.005193025436337846,0.07206264938466976,-0.02129486324300567,23,14,inf
random_addition,42,121,24,0.005593122974402304,0.0747871845599385,-0.09998070166816175,24,14,inf
random_addition,42,121,25,0.005267719909053544,0.07257905971458671,-0.03598477420769841,25,14,inf
random_addition,42,121,26,0.00550358393014729,0.07418614378809085,-0.08237135869875356,26,14,inf
random_addition,42,121,27,0.01128041747157113,0.10620930972175241,-1.2184818002887874,27,14,inf
random_addition,42,121,28,0.011290861222503829,0.10625846423934344,-1.2205357376921975,28,14,inf
random_addition,42,121,29,0.009238559356079068,0.09611742483066776,-0.8169164256555215,29,14,inf
random_addition,42,121,30,0.010303656164057061,0.10150692668018799,-1.026385436000203,30,14,inf
random_addition,42,121,31,0.009656042944331688,0.09826516648503521,-0.899021520151523,31,14,inf
random_addition,42,121,32,0.008572566428447862,0.0925881549035721,-0.6859378344114961,32,14,inf
random_addition,42,121,33,0.00852206755612655,0.09231504512335219,-0.6760063908756273,33,14,inf
random_addition,42,121,34,0.012033923960785084,0.10969924320971902,-1.3666713896309832,34,14,inf
random_addition,42,121,35,0.011621021150273234,0.10780084021135102,-1.2854671813011787,35,14,inf
random_addition,42,121,36,0.011619892585701681,0.10779560559550506,-1.285245230299033,36,14,inf
random_addition,42,121,37,0.011851167639647843,0.10886306829980424,-1.33072931804077,37,14,inf
random_addition,42,121,38,0.011943906410513,0.10928818056182013,-1.3489679404910477,38,14,inf
random_addition,42,121,39,0.011242368532413059,0.10603003599175594,-1.2109988432745453,39,14,inf
random_addition,42,121,40,0.01098895566104993,0.10482821977430472,-1.1611609853677027,40,14,inf
random_addition,42,121,41,0.01104421317592985,0.10509145148835775,-1.1720282951458412,41,14,inf
random_addition,42,121,42,0.010623039878907826,0.10306813221800337,-1.0891975580241193,42,14,inf
random_addition,42,121,43,0.007866723196220778,0.0886945499803724,-0.5471220176654248,43,14,inf
random_addition,42,121,44,0.007829981209452944,0.0884871810459173,-0.5398960945862201,44,14,inf
random_addition,42,121,45,0.007886414026055591,0.08880548421159355,-0.5509945470049824,45,14,inf
random_addition,42,121,46,0.007631830748235644,0.08736034997775388,-0.5009265091930135,46,14,inf
random_addition,42,121,47,0.007332518904785602,0.08563012848749908,-0.4420618546730668,47,14,inf
random_addition,42,121,48,0.006834773380493023,0.08267268823797266,-0.34417191490787746,48,14,inf
random_addition,42,121,49,0.0061782512003152375,0.07860185239748003,-0.215055903742426,49,14,inf
random_addition,42,121,50,0.006142555072824662,0.07837445421069714,-0.20803566629304004,50,14,inf
random_addition,42,121,51,0.005408625257880322,0.0735433563136761,-0.06369615569897347,51,14,inf
random_addition,42,121,52,0.006058002647346279,0.07783317189570446,-0.1914070248826667,52,14,inf
random_addition,42,121,53,0.00558507783632977,0.07473337832809226,-0.09839849139627166,53,14,inf
random_addition,42,121,54,0.005606212227843062,0.07487464342381246,-0.10255492116055831,54,14,inf
random_addition,42,121,55,0.0054712513223973604,0.07396790738149459,-0.07601261337484444,55,14,inf
random_addition,42,121,56,0.005043270698326994,0.07101598903294239,0.008156897883864755,56,14,inf
random_addition,42,121,57,0.00514463042520786,0.07172607911497644,-0.011777179018355177,57,14,inf
random_addition,42,121,58,0.004999092912764295,0.07070426375236712,0.01684519452668909,58,14,inf
random_addition,42,121,59,0.004758152866520224,0.06897936551259531,0.06423006382787477,59,14,inf
random_addition,42,121,60,0.004793440602404906,0.06923467774464546,0.05729014338336491,60,14,inf
random_addition,42,121,61,0.004524297172913026,0.06726289595990516,0.1102216773004232,61,14,inf
random_addition,42,121,62,0.004534914581295775,0.06734177441451758,0.10813358726982603,62,14,inf
random_addition,42,121,63,0.004305028296266267,0.06561271444061942,0.15334455049519058,63,14,inf
random_addition,42,121,64,0.004361805432693315,0.06604396590676029,0.14217838185352816,64,14,inf
random_addition,42,121,65,0.004348458291034575,0.065942841090103,0.14480331935521318,65,14,inf
random_addition,42,121,66,0.004220744839751641,0.06496725975252181,0.16992029468323688,66,14,inf
random_addition,42,121,67,0.004009781670924891,0.06332283688310948,0.21140971222943072,67,14,inf
random_addition,42,121,68,0.004078939683650101,0.06386657720318274,0.19780863824775563,68,14,inf
random_addition,42,121,69,0.004072815687492221,0.06381861552472147,0.1990130239946073,69,14,inf
random_addition,42,121,70,0.003970203294564828,0.06300954923315058,0.21919345851905725,70,14,inf
random_addition,42,121,71,0.0037116546675137535,0.06092335075743744,0.2700413482401611,71,14,inf
random_addition,42,121,72,0.003654483214377091,0.0604523218278429,0.2812850658241419,72,14,inf
random_addition,42,121,73,0.0034911930462888604,0.05908631860497708,0.31339879450331476,73,14,inf
random_addition,42,121,74,0.0034160967469025715,0.05844738443166274,0.3281677313691165,74,14,inf
random_addition,42,121,75,0.003284757608434842,0.05731280492555605,0.3539977584129369,75,14,inf
random_addition,42,121,76,0.003351142842343435,0.05788905632624732,0.3409419975241854,76,14,inf
random_addition,42,121,77,0.003310480255700212,0.05753677307340248,0.34893897180709654,77,14,inf
random_addition,42,121,78,0.0033733886751291394,0.05808088046103588,0.336566984339458,78,14,inf
random_addition,42,121,79,0.003507218640913145,0.059221775057094875,0.31024709465688804,79,14,inf
random_addition,42,121,80,0.003586366198383898,0.059886277212596026,0.2946814104764318,80,14,inf
random_addition,42,121,81,0.0036530780138491785,0.06044069832363933,0.2815614218902881,81,14,inf
random_addition,42,121,82,0.0036519009644917187,0.06043096031416114,0.28179290823236247,82,14,inf
random_addition,42,121,83,0.003447486638219639,0.05871530156798685,0.3219943869183939,83,14,inf
random_addition,42,121,84,0.0034013597276184118,0.05832117735109959,0.3310660114332017,84,14,inf
random_addition,42,121,85,0.0034249564374505396,0.05852312737243747,0.3264253257988978,85,14,inf
random_addition,42,121,86,0.0034301206607436933,0.05856723197098949,0.32540969535637543,86,14,inf
random_addition,42,121,87,0.00337105187907017,0.05806076023503456,0.33702655416840055,87,14,inf
random_addition,42,121,88,0.00336775751181701,0.05803238330291985,0.3376744463065259,88,14,inf
random_addition,42,121,89,0.0035155238400058067,0.05929185306604784,0.30861373905801237,89,14,inf
random_addition,42,121,90,0.003666965339421363,0.060555473240834004,0.2788302482334425,90,14,inf
random_addition,42,121,91,0.0036402073040683507,0.06033413050727052,0.28409266113542475,91,14,inf
random_addition,42,121,92,0.0036928312464178615,0.0607686699411618,0.2737432872176546,92,14,inf
random_addition,42,121,93,0.0035427072662899987,0.05952064571465937,0.30326766595097054,93,14,inf
random_addition,42,121,94,0.0037158115649541753,0.060957457008590635,0.269223825188334,94,14,inf
random_addition,42,121,95,0.003744770745785325,0.061194531992534475,0.2635285204013357,95,14,inf
random_addition,42,121,96,0.00377514759619729,0.061442229746301445,0.25755440730145485,96,14,inf
random_addition,42,121,97,0.003015405139085599,0.05491270471471606,0.4069704034963384,97,14,inf
random_addition,42,121,98,0.003054078613875854,0.05526371878435122,0.3993646211578451,98,14,inf
random_addition,42,121,99,0.003343628487018249,0.05782411682869224,0.34241982053666176,99,14,inf
random_addition,42,121,100,0.003309375794409414,0.057527174399664496,0.34915618249800706,100,14,inf
random_addition,42,121,101,0.003399579625832024,0.05830591415827407,0.3314160980701294,101,14,inf
random_addition,42,121,102,0.0035198460086021295,0.0593282901203307,0.3077637126832894,102,14,inf
random_addition,42,121,103,0.0034971522090646518,0.05913672470694206,0.31222682598385454,103,14,inf
random_addition,42,121,104,0.0034340576150295723,0.05860083288682485,0.3246354277857112,104,14,inf
random_addition,42,121,105,0.003443341470903238,0.05867999208336039,0.3228096030461448,105,14,inf
random_addition,42,121,106,0.0034410510837064915,0.05866047292433374,0.3232600458000945,106,14,inf
random_addition,42,121,107,0.003114333952219506,0.05580621786342008,0.3875144062325089,107,14,inf
random_addition,42,121,108,0.0034346872780983114,0.058606205115996984,0.3245115940657418,108,14,inf
random_addition,42,121,109,0.0034610398895127343,0.05883060334139651,0.3193289145274786,109,14,inf
random_addition,42,121,110,0.0032445882212630154,0.056961287040085525,0.3618977368130306,110,14,inf
random_addition,42,121,111,0.0034003721396528887,0.05831270993233712,0.3312602370399418,111,14,inf
random_addition,42,121,112,0.003357413778413817,0.05794319440981673,0.33970871359848165,112,14,inf
random_addition,42,121,113,0.0033385855029550923,0.05778049413906991,0.3434116072672021,113,14,inf
random_addition,42,121,114,0.0032628668544351647,0.05712150956019251,0.3583029394459327,114,14,inf
random_addition,42,121,115,0.0032715431612721003,0.05719740519702009,0.3565965993339668,115,14,inf
random_addition,42,121,116,0.0032731042357194025,0.05721104994421447,0.3562895880678534,116,14,inf
random_addition,42,121,117,0.0032922877048505764,0.057378460286509746,0.3525168396530748,117,14,inf
random_addition,42,121,118,0.003261448350652232,0.05710909166369425,0.3585819118185428,118,14,inf
random_addition,42,121,119,0.003539872580161043,0.059496828320180585,0.3038251541469942,119,14,inf
random_addition,42,121,120,0.003603691120112637,0.06003075145383936,0.2912741763343002,120,14,inf
random_addition,42,121,121,0.0033399074492253406,0.05779193238874558,0.3431516245361643,121,14,inf
random_addition,42,121,122,0.0027091234174323234,0.05204924031561194,0.46720580054270944,122,14,inf
random_addition,42,121,123,0.002841900926886088,0.05330948252315049,0.44109289391020146,123,14,inf
random_addition,42,121,124,0.0028431031154939894,0.053320756891608256,0.4408564635162142,124,14,inf
random_addition,42,121,125,0.002856590827071764,0.05344708436455411,0.438203880600888,125,14,inf
random_addition,42,121,126,0.002839155328233935,0.053283724796920263,0.44163286157150916,126,14,inf
random_addition,42,121,127,0.00273942321059161,0.05233949952561268,0.4612468420337892,127,14,inf
random_addition,42,121,128,0.0027859974503300355,0.05278254872900735,0.4520872428006597,128,14,inf
random_addition,42,121,129,0.002758974829507372,0.05252594434664999,0.4574016908379125,129,14,inf
random_addition,42,121,130,0.002757947328672125,0.05251616254708759,0.45760376597462815,130,14,inf
random_addition,42,121,131,0.0027560587406549033,0.05249817845082726,0.4579751882340444,131,14,inf
random_addition,42,121,132,0.002770422865508915,0.05263480659705054,0.45515024406455684,132,14,inf
random_addition,42,121,133,0.002733249432603203,0.05228048806776007,0.4624610182059763,133,14,inf
random_addition,42,121,134,0.0027009202165487346,0.05197037826058932,0.4688190964965355,134,14,inf
random_addition,42,121,135,0.00278093588031095,0.052734579549958964,0.45308268476870095,135,14,inf
random_addition,42,121,136,0.002772448429464158,0.05265404475882321,0.454751883207669,136,14,inf
random_addition,42,121,137,0.0030795972864425644,0.05549411938613464,0.3943459495706054,137,14,inf
random_addition,42,121,138,0.003012165891079097,0.05488320226698782,0.40760745551743227,138,14,inf
random_addition,42,121,139,0.0030800625581552292,0.05549831130904101,0.39425444614625627,139,14,inf
random_addition,42,121,140,0.0030674189242056098,0.05538428409039526,0.39674102715067705,140,14,inf
random_addition,42,121,141,0.0032258496951030084,0.05679656411353603,0.365582979788743,141,14,inf
random_addition,42,121,142,0.003114040677240253,0.05580359018235523,0.38757208363723195,142,14,inf
random_addition,42,121,143,0.0030978550397751914,0.05565837798368896,0.39075525857138715,143,14,inf
random_addition,42,121,144,0.003090040221974286,0.05558813022556421,0.39229217252936555,144,14,inf
random_addition,42,121,145,0.003072698867998027,0.05543193004034793,0.3957026383464022,145,14,inf
random_addition,42,121,146,0.003048847544416871,0.05521637025753206,0.40039339801118823,146,14,inf
random_addition,42,121,147,0.0030622191384261097,0.055337321388246735,0.39776365154789395,147,14,inf
random_addition,42,121,148,0.002831323419165287,0.053210181536669156,0.44317313681168546,148,14,inf
random_addition,42,121,149,0.00274729218715049,0.05241461806739118,0.4596992768548612,149,14,inf
random_addition,42,121,150,0.0026800483819562917,0.05176918370958047,0.47292389007342817,150,14,inf
random_addition,42,122,10,0.00962854819961681,0.0981251659851682,-0.8936142210947935,10,10,inf
random_addition,42,122,11,0.007403693859459497,0.08604472011378442,-0.45605959385057115,11,11,inf
random_addition,42,122,12,0.007510547928779568,0.08666341747692373,-0.4770742246185189,12,12,inf
random_addition,42,122,13,0.011390868648011756,0.10672801248037815,-1.240203862027331,13,13,inf
random_addition,42,122,14,0.008069952682329884,0.08983291536140794,-0.5870904778178396,14,14,inf
random_addition,42,122,15,0.007505194505776859,0.08663252568046749,-0.4760213849048569,15,14,inf
random_addition,42,122,16,0.006473864760562112,0.08046033035329964,-0.2731932293315755,16,14,inf
random_addition,42,122,17,0.005805286366680398,0.0761924298515305,-0.14170616312760576,17,14,inf
random_addition,42,122,18,0.004625856644388235,0.06801365042686824,0.09024831730000482,18,14,inf
random_addition,42,122,19,0.004704266852786289,0.06858765816665771,0.07482764508407602,19,14,inf
random_addition,42,122,20,0.007934786808311637,0.0890774203056624,-0.5605078595516875,20,14,inf
random_addition,42,122,21,0.008783599079383921,0.09372085722710778,-0.7274409167706577,21,14,inf
random_addition,42,122,22,0.009843732028367089,0.09921558359636398,-0.935933701646116,22,14,inf
random_addition,42,122,23,0.007133255615243648,0.08445860296762935,-0.402873413072516,23,14,inf
random_addition,42,122,24,0.0052955509428106754,0.07277053622731301,-0.04145821010038797,24,14,inf
random_addition,42,122,25,0.005482118581355641,0.07404133022410957,-0.07814984067859698,25,14,inf
random_addition,42,122,26,0.004391530606702892,0.06626862460246849,0.13633243176197718,26,14,inf
random_addition,42,122,27,0.004921279186711924,0.07015182953217916,0.03214855856395982,27,14,inf
random_addition,42,122,28,0.00466200485761889,0.06827887563235711,0.08313916966719137,28,14,inf
random_addition,42,122,29,0.004794503486481496,0.06924235327082331,0.05708110954346712,29,14,inf
random_addition,42,122,30,0.004584092030034506,0.06770592315325526,0.09846202366976764,30,14,inf
random_addition,42,122,31,0.005767550572923117,0.07594439131972233,-0.13428479136712257,31,14,inf
random_addition,42,122,32,0.005425193214377709,0.07365591092626382,-0.06695452003256852,32,14,inf
random_addition,42,122,33,0.004916460552679551,0.0701174767991515,0.03309622312779481,33,14,inf
random_addition,42,122,34,0.004822390512366331,0.06944343390390723,0.05159666186716394,34,14,inf
random_addition,42,122,35,0.004321080990352186,0.06573492975847914,0.15018752108870226,35,14,inf
random_addition,42,122,36,0.004500296407880272,0.06708424858251207,0.11494182711334988,36,14,inf
random_addition,42,122,37,0.004552611763050366,0.06747304471454038,0.1046531419992579,37,14,inf
random_addition,42,122,38,0.004963445698351767,0.07045172601400031,0.02385581240537038,38,14,inf
random_addition,42,122,39,0.004871805734502651,0.06979832186021846,0.04187833617195491,39,14,inf
random_addition,42,122,40,0.00400153185672974,0.06325766243491567,0.21303217546661424,40,14,inf
random_addition,42,122,41,0.003886329313473851,0.06234043080917753,0.23568867255143133,41,14,inf
random_addition,42,122,42,0.0040446610278404,0.06359764954650761,0.20455010630457515,42,14,inf
random_addition,42,122,43,0.004058473415649442,0.06370614896263502,0.20183367040580502,43,14,inf
random_addition,42,122,44,0.003667881613242967,0.060563038342234504,0.2786500477397611,44,14,inf
random_addition,42,122,45,0.0040803921621212335,0.06387794738500317,0.19752298418737724,45,14,inf
random_addition,42,122,46,0.004058477345881955,0.06370617980919868,0.20183289746018285,46,14,inf
random_addition,42,122,47,0.003925765807480118,0.06265593194167746,0.22793282978758056,47,14,inf
random_addition,42,122,48,0.0035629398358760973,0.05969036635736203,0.2992885944748521,48,14,inf
random_addition,42,122,49,0.003376599535867598,0.05810851517520989,0.33593551514698494,49,14,inf
random_addition,42,122,50,0.0032736294942222036,0.05721564029373615,0.35618628724305257,50,14,inf
random_addition,42,122,51,0.0032991875878697814,0.05743855489015876,0.35115986284429923,51,14,inf
random_addition,42,122,52,0.0034354777654521792,0.058612948786528216,0.3243561315740092,52,14,inf
random_addition,42,122,53,0.003284046715048885,0.05730660271773999,0.35413756742644786,53,14,inf
random_addition,42,122,54,0.0032158032034452374,0.05670805236864723,0.3675587895454021,54,14,inf
random_addition,42,122,55,0.0034188640192952327,0.05847105283210858,0.32762350120608996,55,14,inf
random_addition,42,122,56,0.003268398655756856,0.05716991040535971,0.3572150186676536,56,14,inf
random_addition,42,122,57,0.0032755713531586053,0.05723260742931957,0.3558043883709592,57,14,inf
random_addition,42,122,58,0.003311120170253659,0.05754233372269202,0.34881312196207614,58,14,inf
random_addition,42,122,59,0.0032872910602905177,0.05733490263609521,0.3534995129492483,59,14,inf
random_addition,42,122,60,0.003354029515413634,0.057913983763972186,0.34037428523111113,60,14,inf
random_addition,42,122,61,0.0037788002042284225,0.061471946481532716,0.25683606115326674,61,14,inf
random_addition,42,122,62,0.0038397868050851327,0.061966013306369264,0.24484203128663595,62,14,inf
random_addition,42,122,63,0.0038403823062247997,0.06197081818263173,0.24472491607846814,63,14,inf
random_addition,42,122,64,0.004460572695001584,0.06678751900618546,0.12275415624774244,64,14,inf
random_addition,42,122,65,0.004416463642447909,0.06645647931125985,0.13142893540063505,65,14,inf
random_addition,42,122,66,0.004296345447647412,0.06554651361931779,0.15505217715742525,66,14,inf
random_addition,42,122,67,0.004284186084707128,0.06545369420213903,0.15744351820966107,67,14,inf
random_addition,42,122,68,0.004142605306816903,0.06436307409390032,0.18528773406530408,68,14,inf
random_addition,42,122,69,0.004003486914012458,0.06327311367407533,0.2126476809200991,69,14,inf
random_addition,42,122,70,0.004017782533609694,0.06338598057622595,0.20983620944927406,70,14,inf
random_addition,42,122,71,0.004012742184554353,0.06334620892014259,0.21082747796168122,71,14,inf
random_addition,42,122,72,0.0038886642380738744,0.062359155206544246,0.2352294707760314,72,14,inf
random_addition,42,122,73,0.003918883492368836,0.06260098635300275,0.2292863515749355,73,14,inf
random_addition,42,122,74,0.003979159016516247,0.06308057558802271,0.21743216677540134,74,14,inf
random_addition,42,122,75,0.004125674162771477,0.06423141102896213,0.18861752527360898,75,14,inf
random_addition,42,122,76,0.004128450671559908,0.06425302071933979,0.188071478619662,76,14,inf
random_addition,42,122,77,0.004177577679772456,0.06463418352367775,0.17840983498840046,77,14,inf
random_addition,42,122,78,0.004072075716049724,0.06381281780371185,0.1991585516917912,78,14,inf
random_addition,42,122,79,0.003791038659582685,0.06157141105726492,0.25442916526173587,79,14,inf
random_addition,42,122,80,0.0033624688435365388,0.05798679887298952,0.3387145509265507,80,14,inf
random_addition,42,122,81,0.003665117932539668,0.060540217480115385,0.2791935715373093,81,14,inf
random_addition,42,122,82,0.003683446260853046,0.06069140186923553,0.2755890007937689,82,14,inf
random_addition,42,122,83,0.0036866508420862537,0.06071779674927487,0.27495876657049356,83,14,inf
random_addition,42,122,84,0.0037085826768729117,0.060898133607467084,0.27064550631715967,84,14,inf
random_addition,42,122,85,0.0037324483038643553,0.061093766489424724,0.26595193364873393,85,14,inf
random_addition,42,122,86,0.0039155380891185585,0.06257426059585969,0.2299442807911256,86,14,inf
random_addition,42,122,87,0.003927965026732471,0.06267347945289516,0.22750031672691728,87,14,inf
random_addition,42,122,88,0.004572439493275861,0.06761981583290405,0.10075368891987013,88,14,inf
random_addition,42,122,89,0.004523704147328079,0.06725848754862154,0.11033830564956226,89,14,inf
random_addition,42,122,90,0.004539622468797476,0.067376720525694,0.1072077028540539,90,14,inf
random_addition,42,122,91,0.004579505488278108,0.06767204362421833,0.09936404342555027,91,14,inf
random_addition,42,122,92,0.0044821136239568665,0.06694858940976177,0.1185177741307647,92,14,inf
random_addition,42,122,93,0.004483380850635027,0.06695805291848791,0.11826855291803695,93,14,inf
random_addition,42,122,94,0.004203750154720529,0.06483633360023167,0.17326258228368951,94,14,inf
random_addition,42,122,95,0.003985420492030376,0.06313018685249058,0.2162007434255071,95,14,inf
random_addition,42,122,96,0.003921873676240037,0.06262486468041298,0.22869828216043953,96,14,inf
random_addition,42,122,97,0.004204237395624996,0.06484009095941334,0.1731667582522084,97,14,inf
random_addition,42,122,98,0.004169228816834997,0.06456956571663616,0.18005177780891557,98,14,inf
random_addition,42,122,99,0.0041827300576625145,0.06467402923633654,0.17739653414150258,99,14,inf
random_addition,42,122,100,0.004206741604265632,0.06485939873499932,0.17267426395336005,100,14,inf
random_addition,42,122,101,0.0042618026368042745,0.0652824833841688,0.16184559569707135,101,14,inf
random_addition,42,122,102,0.004071009516634319,0.06380446314039731,0.19936823754823374,102,14,inf
random_addition,42,122,103,0.003873795318733467,0.06223982100499219,0.2381536911809754,103,14,inf
random_addition,42,122,104,0.0037016580051949036,0.060841252495284014,0.27200735822816846,104,14,inf
random_addition,42,122,105,0.0037061002646855455,0.060877748518531345,0.27113371398078256,105,14,inf
random_addition,42,122,106,0.0036909068372742576,0.06075283398553731,0.2741217542976323,106,14,inf
random_addition,42,122,107,0.0036961336650235175,0.06079583591845347,0.27309381164708757,107,14,inf
random_addition,42,122,108,0.0037070542254275174,0.060885583067155705,0.270946101727106,108,14,inf
random_addition,42,122,109,0.003882551281889691,0.062310121825347856,0.2364316853283519,109,14,inf
random_addition,42,122,110,0.003829235156317228,0.06188081412131896,0.24691718859474354,110,14,inf
random_addition,42,122,111,0.0037869928506495546,0.06153854768069811,0.25522484091010744,111,14,inf
random_addition,42,122,112,0.0036521799496298775,0.06043326856649305,0.28173804116267154,112,14,inf
random_addition,42,122,113,0.003672669053025794,0.06060254988881074,0.2777085180441672,113,14,inf
random_addition,42,122,114,0.0036940398145245226,0.06077861313426395,0.2735056021890824,114,14,inf
random_addition,42,122,115,0.003586136282174208,0.05988435757503129,0.2947266273248397,115,14,inf
random_addition,42,122,116,0.003570092776622713,0.05975025336032236,0.2978818496531376,116,14,inf
random_addition,42,122,117,0.003574244795445549,0.05978498804420345,0.29706528606263816,117,14,inf
random_addition,42,122,118,0.0035574450395167907,0.05964432110030921,0.3003692376115211,118,14,inf
random_addition,42,122,119,0.003494508163409638,0.05911436511889169,0.3127468215584477,119,14,inf
random_addition,42,122,120,0.0034798863962563474,0.05899056192524654,0.31562243537321877,120,14,inf
random_addition,42,122,121,0.003482286112839474,0.05901089825480946,0.3151504911762124,121,14,inf
random_addition,42,122,122,0.0031551585672991377,0.05617079817217428,0.37948556636144837,122,14,inf
random_addition,42,122,123,0.0031423695712651358,0.05605684232335189,0.3820007352385668,123,14,inf
random_addition,42,122,124,0.0033741253480161536,0.05808722189962396,0.33642210535809713,124,14,inf
random_addition,42,122,125,0.003366485961160158,0.05802142674185252,0.3379245179016136,125,14,inf
random_addition,42,122,126,0.003689649535411155,0.06074248542339336,0.27436902363033144,126,14,inf
random_addition,42,122,127,0.0037664248920720018,0.06137120572444379,0.2592698722122193,127,14,inf
random_addition,42,122,128,0.003801436965838339,0.06165579426005587,0.2523841653102593,128,14,inf
random_addition,42,122,129,0.003775744388971513,0.06144708609015983,0.2574370380718589,129,14,inf
random_addition,42,122,130,0.003769572754338735,0.061396846452718846,0.25865079271749647,130,14,inf
random_addition,42,122,131,0.0037357905665287073,0.06112111391760385,0.26529462208102494,131,14,inf
random_addition,42,122,132,0.0037566301138691393,0.061291354315834295,0.2611961783294955,132,14,inf
random_addition,42,122,133,0.0037025357828717196,0.06084846573966939,0.2718347286419298,133,14,inf
random_addition,42,122,134,0.003747625538303574,0.061217853101065006,0.2629670779492902,134,14,inf
random_addition,42,122,135,0.003748824112669159,0.061227641736957,0.262731358356195,135,14,inf
random_addition,42,122,136,0.003710844676173071,0.060916702768395725,0.2702006465154443,136,14,inf
random_addition,42,122,137,0.0037163740521005927,0.060962070602142385,0.2691132027312868,137,14,inf
random_addition,42,122,138,0.003725301294614154,0.06103524633041268,0.2673575119429793,138,14,inf
random_addition,42,122,139,0.0037361437360538393,0.06112400294527379,0.2652251654172183,139,14,inf
random_addition,42,122,140,0.0037369647694564675,0.061130718705544984,0.26506369553671516,140,14,inf
random_addition,42,122,141,0.003770569205779656,0.06140496075871766,0.2584548239608324,141,14,inf
random_addition,42,122,142,0.003731900720374594,0.061089284824546716,0.26605962505370495,142,14,inf
random_addition,42,122,143,0.0037308708118170817,0.06108085470765027,0.26626217370906824,143,14,inf
random_addition,42,122,144,0.0035626684555063216,0.059688093079828926,0.2993419659402984,144,14,inf
random_addition,42,122,145,0.0033962912472962326,0.05827770797909122,0.3320628124273328,145,14,inf
random_addition,42,122,146,0.00326746945694429,0.05716178318548407,0.3573977610758776,146,14,inf
random_addition,42,122,147,0.003258045180954906,0.057079288546327434,0.35925120176777037,147,14,inf
random_addition,42,122,148,0.0032110752700793554,0.056666350421386374,0.3684886163139256,148,14,inf
random_addition,42,122,149,0.0032419543723374473,0.05693816270602211,0.36241572703110614,149,14,inf
random_addition,42,122,150,0.0026800483819562917,0.05176918370958047,0.47292389007342817,150,14,inf
random_addition,42,123,10,0.00962854819961681,0.0981251659851682,-0.8936142210947935,10,10,inf
random_addition,42,123,11,0.009197821304162686,0.09590527255663625,-0.8089046098709125,11,11,inf
random_addition,42,123,12,0.013142925039619727,0.11464259696822873,-1.5847749054003,12,12,inf
random_addition,42,123,13,0.011851400984242574,0.10886414002894881,-1.3307752091381442,13,13,inf
random_addition,42,123,14,0.009681473744086103,0.09839448025212645,-0.9040229100880341,14,14,inf
random_addition,42,123,15,0.009806833954610539,0.09902946003392395,-0.9286770814633154,15,14,inf
random_addition,42,123,16,0.022499352754223215,0.14999784249856135,-3.424872105071973,16,14,inf
random_addition,42,123,17,0.0036245440416713868,0.0602041862470658,0.28717310232019344,17,14,inf
random_addition,42,123,18,0.005250543782976486,0.07246063609282274,-0.032606803206407964,18,14,inf
random_addition,42,123,19,0.00831051852806457,0.091162045435941,-0.6344017543622129,19,14,inf
random_addition,42,123,20,0.0077679683476722244,0.08813607858120433,-0.5277002334320504,20,14,inf
random_addition,42,123,21,0.00785609426176472,0.08863461096978267,-0.5450316608407193,21,14,inf
random_addition,42,123,22,0.008947179622619844,0.09458953230997522,-0.7596117525544246,22,14,inf
random_addition,42,123,23,0.006045596411818733,0.0777534334407088,-0.18896713222822203,23,14,inf
random_addition,42,123,24,0.007778600280523422,0.0881963733977958,-0.5297911799410531,24,14,inf
random_addition,42,123,25,0.006554069327109618,0.08095720676449761,-0.2889667919354524,25,14,inf
random_addition,42,123,26,0.006779656547953775,0.08233866982137722,-0.3333322726529657,26,14,inf
random_addition,42,123,27,0.0033513012281526007,0.057890424321752905,0.3409108483192962,27,14,inf
random_addition,42,123,28,0.003148928584844393,0.05611531506500158,0.38071079607717484,28,14,inf
random_addition,42,123,29,0.003132125835501566,0.055965398555728754,0.3840153363307445,29,14,inf
random_addition,42,123,30,0.0031195136680349763,0.05585260663599306,0.3864957289276796,30,14,inf
random_addition,42,123,31,0.0033902337751589053,0.05822571403734698,0.3332541151185927,31,14,inf
random_addition,42,123,32,0.003265239325701322,0.05714227266832605,0.35783635349386655,32,14,inf
random_addition,42,123,33,0.0032414831578459675,0.05693402460608215,0.3625083992017962,33,14,inf
random_addition,42,123,34,0.0032081360513033764,0.05664041005592541,0.36906666259439436,34,14,inf
random_addition,42,123,35,0.003408271969073341,0.05838040740756561,0.3297066041323984,35,14,inf
random_addition,42,123,36,0.0034302031382924605,0.05856793609384285,0.32539347477399594,36,14,inf
random_addition,42,123,37,0.003581671724190031,0.059847069470359456,0.29560465694202276,37,14,inf
random_addition,42,123,38,0.003248589078651351,0.0569963953127858,0.3611109016339299,38,14,inf
random_addition,42,123,39,0.0032053511641375295,0.056615820793639735,0.36961435699567513,39,14,inf
random_addition,42,123,40,0.0033296849499211594,0.05770342234149686,0.34516204912523163,40,14,inf
random_addition,42,123,41,0.0023624623738359575,0.0486051681803073,0.5353824631552273,41,14,inf
random_addition,42,123,42,0.00263043840630622,0.05128779978032027,0.4826805172877865,42,14,inf
random_addition,42,123,43,0.0024390005291279535,0.049386238256501715,0.5203299613332959,43,14,inf
random_addition,42,123,44,0.0025196098769259,0.05019571572281742,0.504476791761019,44,14,inf
random_addition,42,123,45,0.0027180307433535677,0.052134736436981896,0.4654540266836904,45,14,inf
random_addition,42,123,46,0.002719554483031182,0.05214934786774598,0.4651543579212811,46,14,inf
random_addition,42,123,47,0.0027410887102545353,0.05235540765054299,0.46091929381140306,47,14,inf
random_addition,42,123,48,0.0026239122723862645,0.05122413759533941,0.48396399011706404,48,14,inf
random_addition,42,123,49,0.0027017555024822647,0.05197841381268059,0.4686548236186706,49,14,inf
random_addition,42,123,50,0.0024992369580817673,0.04999236899849583,0.508483465254121,50,14,inf
random_addition,42,123,51,0.0025103344997492003,0.05010323841578706,0.5063009490237427,51,14,inf
random_addition,42,123,52,0.0026731617104223592,0.05170262769359367,0.47427826862378764,52,14,inf
random_addition,42,123,53,0.0025111056858082383,0.05011093379501362,0.5061492824528091,53,14,inf
random_addition,42,123,54,0.0026467600019691446,0.0514466714372188,0.47947060391169694,54,14,inf
random_addition,42,123,55,0.0027217327872363518,0.05217022893601629,0.4647259581526697,55,14,inf
random_addition,42,123,56,0.002681757501201478,0.0517856881889338,0.4725877633343669,56,14,inf
random_addition,42,123,57,0.0027951927145515114,0.05286958212953372,0.4502788410836486,57,14,inf
random_addition,42,123,58,0.0029786482577218816,0.054576993850173554,0.41419925584566764,58,14,inf
random_addition,42,123,59,0.0035167796200841622,0.05930244194031273,0.30836676900960613,59,14,inf
random_addition,42,123,60,0.0037228545384697742,0.06101519924141668,0.26783870725243764,60,14,inf
random_addition,42,123,61,0.0036618617254085086,0.06051331857871049,0.2798339588524644,61,14,inf
random_addition,42,123,62,0.0036664644015798817,0.06055133690993025,0.27892876599550254,62,14,inf
random_addition,42,123,63,0.0036247984142867367,0.060206298792458056,0.2871230757126616,63,14,inf
random_addition,42,123,64,0.003636487668424164,0.060303297326300194,0.28482418937904963,64,14,inf
random_addition,42,123,65,0.0035529995237860513,0.059607042568693605,0.30124352225270556,65,14,inf
random_addition,42,123,66,0.003804445356672978,0.06168018609466883,0.25179251519344203,66,14,inf
random_addition,42,123,67,0.0037001453012761127,0.06082881966038888,0.2723048566249716,67,14,inf
random_addition,42,123,68,0.0037815875016357255,0.06149461359855614,0.25628789273789754,68,14,inf
random_addition,42,123,69,0.0038232336416346166,0.061832302574258195,0.2480974863214096,69,14,inf
random_addition,42,123,70,0.0037226658060079245,0.061013652619786043,0.267875824631541,70,14,inf
random_addition,42,123,71,0.0037232056871762385,0.0610180767246579,0.26776964801624803,71,14,inf
random_addition,42,123,72,0.0037745307870768498,0.06143721011794766,0.25767571307860326,72,14,inf
random_addition,42,123,73,0.003552441958503366,0.05960236537674798,0.3013531767433507,73,14,inf
random_addition,42,123,74,0.003551491965260334,0.05959439541819628,0.3015400087223422,74,14,inf
random_addition,42,123,75,0.0030635383299257727,0.05534923965083687,0.39750421058833074,75,14,inf
random_addition,42,123,76,0.0030315627322170828,0.055059628878308675,0.4037927439470349,76,14,inf
random_addition,42,123,77,0.003266480464950209,0.05715313171603293,0.35759226280819645,77,14,inf
random_addition,42,123,78,0.0033724364098681008,0.05807268213082723,0.3367542631485966,78,14,inf
random_addition,42,123,79,0.003394473014642573,0.05826210616380576,0.33242039813380164,79,14,inf
random_addition,42,123,80,0.0033593719096335316,0.057960088937419094,0.3393236145111064,80,14,inf
random_addition,42,123,81,0.003362578321015846,0.057987742851535844,0.33869302035855564,81,14,inf
random_addition,42,123,82,0.003340708024783341,0.05779885833460157,0.3429941780312228,82,14,inf
random_addition,42,123,83,0.003387158460647479,0.05819929948588281,0.33385892689005037,83,14,inf
random_addition,42,123,84,0.00337990809258442,0.05813697698181786,0.33528483241471985,84,14,inf
random_addition,42,123,85,0.003340315926826599,0.057795466317234596,0.343071290618869,85,14,inf
random_addition,42,123,86,0.0035168143849842364,0.059302735054837366,0.3083599319135236,86,14,inf
random_addition,42,123,87,0.003547834739020059,0.059563703201027204,0.3022592631182045,87,14,inf
random_addition,42,123,88,0.0035310912456339564,0.05942298583573495,0.3055521497018736,88,14,inf
random_addition,42,123,89,0.0035316547793290817,0.05942772736130065,0.3054413214236087,89,14,inf
random_addition,42,123,90,0.0034929827836683762,0.05910146177268694,0.3130468128666636,90,14,inf
random_addition,42,123,91,0.0034591736270225596,0.05881473987889906,0.31969594610050756,91,14,inf
random_addition,42,123,92,0.003417163087904558,0.058456505950189655,0.3279580176673168,92,14,inf
random_addition,42,123,93,0.0034705818622310083,0.058911644538503664,0.31745232681539326,93,14,inf
random_addition,42,123,94,0.003014079853211185,0.054900636182208175,0.4072310430161059,94,14,inf
random_addition,42,123,95,0.003155072780275314,0.05617003454044971,0.37950243780716686,95,14,inf
random_addition,42,123,96,0.003086252449696321,0.05555404980463909,0.3930371009758066,96,14,inf
random_addition,42,123,97,0.0028849919050955575,0.053712120653494566,0.43261833601770583,97,14,inf
random_addition,42,123,98,0.002834479869019005,0.053239833480383886,0.4425523684250857,98,14,inf
random_addition,42,123,99,0.002837183881814029,0.05326522206669215,0.44202057931456507,99,14,inf
random_addition,42,123,100,0.003507905772046782,0.05922757611152749,0.3101119588856963,100,14,inf
random_addition,42,123,101,0.003524729692354967,0.05936943399052215,0.3068032550095072,101,14,inf
random_addition,42,123,102,0.0036154929122772807,0.06012896899396564,0.2889531575250197,102,14,inf
random_addition,42,123,103,0.003564284797304308,0.059701631445918696,0.2990240854300321,103,14,inf
random_addition,42,123,104,0.003566567315213319,0.05972074442949719,0.2985751903024594,104,14,inf
random_addition,42,123,105,0.0034988819803545715,0.059151348085690926,0.31188663767654934,105,14,inf
random_addition,42,123,106,0.0036323494447899527,0.060268975806711304,0.285638039916156,106,14,inf
random_addition,42,123,107,0.0037079958981789014,0.06089331571017382,0.2707609061112488,107,14,inf
random_addition,42,123,108,0.0036866266725141808,0.06071759771692372,0.2749635199190198,108,14,inf
random_addition,42,123,109,0.003540598896721131,0.059502931832987285,0.3036823119096509,109,14,inf
random_addition,42,123,110,0.003558401686754175,0.05965234016159111,0.3001810970138188,110,14,inf
random_addition,42,123,111,0.0034407601734186117,0.05865799326109453,0.3233172581489109,111,14,inf
random_addition,42,123,112,0.003392190913398292,0.058242518089436104,0.33286921131732183,112,14,inf
random_addition,42,123,113,0.003394700506192584,0.05826405844251312,0.33237565813506564,113,14,inf
random_addition,42,123,114,0.003342883558194439,0.05781767513653968,0.34256632318537117,114,14,inf
random_addition,42,123,115,0.0033439901579619216,0.057827244080640064,0.34234869192743667,115,14,inf
random_addition,42,123,116,0.003249310198202541,0.05700272097191976,0.3609690814748642,116,14,inf
random_addition,42,123,117,0.003086116986507062,0.055552830589512374,0.3930637420660621,117,14,inf
random_addition,42,123,118,0.0030574549363097565,0.055294257715514696,0.39870061116970434,118,14,inf
random_addition,42,123,119,0.0029947090842826793,0.05472393520464952,0.4110406270526712,119,14,inf
random_addition,42,123,120,0.0030077587956878066,0.054843037805065165,0.40847418415955516,120,14,inf
random_addition,42,123,121,0.002989222103768935,0.05467377894172795,0.4121197330732559,121,14,inf
random_addition,42,123,122,0.00303089562434699,0.05505357049589963,0.4039239418102666,122,14,inf
random_addition,42,123,123,0.0029413626632585716,0.05423433103909895,0.4215320884237407,123,14,inf
random_addition,42,123,124,0.002876759732832418,0.05363543355686069,0.4342373296754001,124,14,inf
random_addition,42,123,125,0.0028976975078260163,0.05383026572316002,0.4301195678213816,125,14,inf
random_addition,42,123,126,0.002955034210676535,0.054360226367046474,0.4188433511314398,126,14,inf
random_addition,42,123,127,0.0029512591291660515,0.0543254924429227,0.41958578372728306,127,14,inf
random_addition,42,123,128,0.0029463641608561703,0.054280421524304415,0.42054846069698115,128,14,inf
random_addition,42,123,129,0.003057468804989987,0.055294383123333485,0.3986978836629643,129,14,inf
random_addition,42,123,130,0.003358007216775435,0.057948315046905674,0.3395920040699415,130,14,inf
random_addition,42,123,131,0.0033575450871354538,0.0579443274802241,0.33968288955341375,131,14,inf
random_addition,42,123,132,0.0032994802439638405,0.057441102391613624,0.35110230715364776,132,14,inf
random_addition,42,123,133,0.002640439075522362,0.05138520288490026,0.48071371927675255,133,14,inf
random_addition,42,123,134,0.002492289015486362,0.04992283060370638,0.5098498937782605,134,14,inf
random_addition,42,123,135,0.0024885201547361186,0.04988506945706419,0.5105911029580901,135,14,inf
random_addition,42,123,136,0.0024852809923737256,0.049852592634422994,0.5112281381358448,136,14,inf
random_addition,42,123,137,0.0024724369395065205,0.04972360545562359,0.5137541348553503,137,14,inf
random_addition,42,123,138,0.0024652166607775352,0.049650948236438903,0.5151741228117921,138,14,inf
random_addition,42,123,139,0.002482749493262416,0.04982719632151117,0.5117259995598604,139,14,inf
random_addition,42,123,140,0.0024967984618638204,0.04996797436222345,0.5089630361116022,140,14,inf
random_addition,42,123,141,0.002503842137795167,0.05003840662726149,0.507577780033961,141,14,inf
random_addition,42,123,142,0.0024925955950788605,0.04992590104423615,0.509789599799956,142,14,inf
random_addition,42,123,143,0.002496866718490931,0.0499686573612993,0.5089496123101006,143,14,inf
random_addition,42,123,144,0.0024401865516471355,0.0493982444186748,0.5200967102696568,144,14,inf
random_addition,42,123,145,0.0024353397679209386,0.04934916177526158,0.521049910939189,145,14,inf
random_addition,42,123,146,0.002542584987700754,0.05042405167874508,0.4999583539246457,146,14,inf
random_addition,42,123,147,0.0025403877889602217,0.05040225976045341,0.5003904696180386,147,14,inf
random_addition,42,123,148,0.002515051502818318,0.050150289159867446,0.5053732718799564,148,14,inf
random_addition,42,123,149,0.002681015477745975,0.0517785233252743,0.4727336945940539,149,14,inf
random_addition,42,123,150,0.0026800483819562917,0.05176918370958047,0.47292389007342817,150,14,inf
random_addition,42,124,10,0.00962854819961681,0.0981251659851682,-0.8936142210947935,10,10,inf
random_addition,42,124,11,0.014948321511401599,0.12226332856339876,-1.939836163110634,11,11,inf
random_addition,42,124,12,0.00501021653788322,0.07078288308541282,0.014657548551550104,12,12,inf
random_addition,42,124,13,0.0072675778412704395,0.08525008997807826,-0.42929011392296856,13,13,inf
random_addition,42,124,14,0.007363862054520963,0.08581294805867563,-0.4482260066139736,14,14,inf
random_addition,42,124,15,0.008863961501258306,0.09414861391044642,-0.743245524251255,15,14,inf
random_addition,42,124,16,0.009070929522009146,0.095241427551298,-0.7839492294496389,16,14,inf
random_addition,42,124,17,0.006502756782758082,0.0806396725114759,-0.27887532625545575,17,14,inf
random_addition,42,124,18,0.006467194590214387,0.08041886961537315,-0.2718814293420322,18,14,inf
random_addition,42,124,19,0.007891830794191586,0.08883597691358826,-0.5520598445931588,19,14,inf
random_addition,42,124,20,0.007961909287072378,0.08922953147401581,-0.5658419463140847,20,14,inf
random_addition,42,124,21,0.008106758657720137,0.09003754026915739,-0.5943289853244045,21,14,inf
random_addition,42,124,22,0.008160042200574008,0.09033295190889097,-0.6048080806570133,22,14,inf
random_addition,42,124,23,0.006250064714324266,0.07905735079247385,-0.22917922623871867,23,14,inf
random_addition,42,124,24,0.006220493822964696,0.07887010728384168,-0.2233636183975325,24,14,inf
random_addition,42,124,25,0.004366106817424711,0.06607652243743393,0.14133244297168346,25,14,inf
random_addition,42,124,26,0.0045385527498595125,0.06736878171571394,0.10741808088317173,26,14,inf
random_addition,42,124,27,0.004591434635071057,0.06776012570141127,0.09701797820945113,27,14,inf
random_addition,42,124,28,0.00427465332469105,0.06538083300701399,0.15931829409056164,28,14,inf
random_addition,42,124,29,0.004134432327173277,0.06429955153166526,0.18689508650941455,29,14,inf
random_addition,42,124,30,0.005305540136288771,0.07283913876679743,-0.04342275121658057,30,14,inf
random_addition,42,124,31,0.005078788494621294,0.07126561930286787,0.0011717322316315837,31,14,inf
random_addition,42,124,32,0.005068591102484139,0.0711940383914562,0.003177219078523641,32,14,inf
random_addition,42,124,33,0.004906249802606467,0.07004462722155402,0.03510433703506122,33,14,inf
random_addition,42,124,34,0.0034139678399089635,0.05842916942682793,0.3285864163541119,34,14,inf
random_addition,42,124,35,0.0024275172208716024,0.049269840885389535,0.5225883449824849,35,14,inf
random_addition,42,124,36,0.0024318568470195153,0.04931386059739711,0.5217348852897505,36,14,inf
random_addition,42,124,37,0.0027326026213530356,0.05227430172994218,0.46258822440116676,37,14,inf
random_addition,42,124,38,0.0027362892875637526,0.052309552546009726,0.4618631801452402,38,14,inf
random_addition,42,124,39,0.004297531198008549,0.06555555810157175,0.15481897961819435,39,14,inf
random_addition,42,124,40,0.0030641821844368177,0.05535505563574855,0.3973775858850884,40,14,inf
random_addition,42,124,41,0.0027537927411087895,0.05247659231608689,0.4584208347506902,41,14,inf
random_addition,42,124,42,0.002763890047976193,0.05257271200895188,0.4564350313374992,42,14,inf
random_addition,42,124,43,0.0022926372438158427,0.04788149166239334,0.54911473685368,43,14,inf
random_addition,42,124,44,0.0022960698672965085,0.04791732324845064,0.5484396543278521,44,14,inf
random_addition,42,124,45,0.0021523806553554715,0.04639375664198224,0.5766985288236229,45,14,inf
random_addition,42,124,46,0.002167490089725651,0.04655631095486036,0.573727007135939,46,14,inf
random_addition,42,124,47,0.002176658821448967,0.046654676308479165,0.5719238234761881,47,14,inf
random_addition,42,124,48,0.002125039657356346,0.04609815242888099,0.582075591030377,48,14,inf
random_addition,42,124,49,0.002193294267616954,0.046832619696285986,0.5686521861758513,49,14,inf
random_addition,42,124,50,0.0020900592283856216,0.04571716557689925,0.5889550744567149,50,14,inf
random_addition,42,124,51,0.0021577256055271684,0.046451325121326395,0.575647355433166,51,14,inf
random_addition,42,124,52,0.002123285924678396,0.04607912677860113,0.5824204917433522,52,14,inf
random_addition,42,124,53,0.0028505640795421596,0.05339067408772959,0.43938914078678615,53,14,inf
random_addition,42,124,54,0.0029095233350492355,0.05393999754402326,0.4277938221178923,54,14,inf
random_addition,42,124,55,0.0031404104481385963,0.056039365165378136,0.38238602940092437,55,14,inf
random_addition,42,124,56,0.0031515434799731733,0.05613860953010123,0.380196533438626,56,14,inf
random_addition,42,124,57,0.0029099408816968464,0.05394386787853506,0.42771170462172425,57,14,inf
random_addition,42,124,58,0.0028358086368973647,0.05325231109442448,0.44229104411130227,58,14,inf
random_addition,42,124,59,0.0027762097067131454,0.052689749541188234,0.4540121654495498,59,14,inf
random_addition,42,124,60,0.0026341351570172635,0.05132382640662389,0.4819534897470662,60,14,inf
random_addition,42,124,61,0.0026531789109284364,0.05150901776318819,0.47820821865514174,61,14,inf
random_addition,42,124,62,0.002593955771869912,0.05093089211735754,0.4898554344154117,62,14,inf
random_addition,42,124,63,0.002205265900416099,0.04696025873455233,0.5662977653796727,63,14,inf
random_addition,42,124,64,0.002286913562388976,0.04782168506429877,0.5502403940474989,64,14,inf
random_addition,42,124,65,0.002200671286763581,0.046911312993387654,0.5672013726081426,65,14,inf
random_addition,42,124,66,0.0022649642281382886,0.047591640317794136,0.5545570958616228,66,14,inf
random_addition,42,124,67,0.0021732144135254506,0.04661774783840861,0.572601223608794,67,14,inf
random_addition,42,124,68,0.0020803835553835637,0.04561122181419353,0.5908579565543596,68,14,inf
random_addition,42,124,69,0.002137713636646272,0.046235415393897694,0.5795830421098429,69,14,inf
random_addition,42,124,70,0.0021161761081056624,0.04600191417871285,0.5838187554786929,70,14,inf
random_addition,42,124,71,0.001925993367400554,0.04388614094905764,0.6212213560514677,71,14,inf
random_addition,42,124,72,0.0016728789289252566,0.040900842643217715,0.6710005221650381,72,14,inf
random_addition,42,124,73,0.001719194105282651,0.04146316564473401,0.6618918720565654,73,14,inf
random_addition,42,124,74,0.0016588871905428668,0.040729438868499855,0.6737522303384247,74,14,inf
random_addition,42,124,75,0.0016564114101276159,0.04069903451100058,0.6742391337537095,75,14,inf
random_addition,42,124,76,0.0015520173582880422,0.03939565151495838,0.6947699611497846,76,14,inf
random_addition,42,124,77,0.001528696365066226,0.03909854684085108,0.6993564225247866,77,14,inf
random_addition,42,124,78,0.001459194171623077,0.03819940014742479,0.7130251853717613,78,14,inf
random_addition,42,124,79,0.001524281579694529,0.03904204886650455,0.7002246635295165,79,14,inf
random_addition,42,124,80,0.0016212351743236965,0.040264564747724475,0.6811571258519924,80,14,inf
random_addition,42,124,81,0.0016139350495395631,0.04017381049315043,0.6825928168638057,81,14,inf
random_addition,42,124,82,0.0016170625574927233,0.040212716365507106,0.6819777403835398,82,14,inf
random_addition,42,124,83,0.00161659683837698,0.0402069252539532,0.682069331797149,83,14,inf
random_addition,42,124,84,0.0016218394835098384,0.04027206827951401,0.6810382783949207,84,14,inf
random_addition,42,124,85,0.0016456219446341358,0.04056626609184207,0.6763610616781371,85,14,inf
random_addition,42,124,86,0.0017482300791256296,0.041811841374491385,0.6561814646459665,86,14,inf
random_addition,42,124,87,0.0017436282650098718,0.041756775079139816,0.6570864879653471,87,14,inf
random_addition,42,124,88,0.0017810152438665512,0.042202076298051394,0.6497337164592965,88,14,inf
random_addition,42,124,89,0.002019656315612307,0.04494058650721313,0.6028009787478052,89,14,inf
random_addition,42,124,90,0.0024871404735293265,0.04987123894119061,0.5108624402251002,90,14,inf
random_addition,42,124,91,0.002489135294232495,0.04989123464329676,0.510470125540296,91,14,inf
random_addition,42,124,92,0.002573023707351991,0.050724981097601124,0.49397207320936676,92,14,inf
random_addition,42,124,93,0.0025806509261082104,0.05080010754032131,0.4924720537251467,93,14,inf
random_addition,42,124,94,0.0025925718751126465,0.05091730427971071,0.4901276007405685,94,14,inf
random_addition,42,124,95,0.0026172501524471354,0.05115906715771052,0.4852742068597995,95,14,inf
random_addition,42,124,96,0.002494376827685778,0.04994373662117982,0.5094392907683545,96,14,inf
random_addition,42,124,97,0.0025485855265649717,0.0504835173751292,0.49877824810890437,97,14,inf
random_addition,42,124,98,0.0025628257567961677,0.0506243593223279,0.49597766987858194,98,14,inf
random_addition,42,124,99,0.002549626128582886,0.05049382267746111,0.49857359640661547,99,14,inf
random_addition,42,124,100,0.0025564028294818284,0.05056088240410593,0.497240845411522,100,14,inf
random_addition,42,124,101,0.0025876673252191195,0.050869119564025476,0.4910921620881268,101,14,inf
random_addition,42,124,102,0.0029816051222084877,0.05460407605855526,0.41361773924258205,102,14,inf
random_addition,42,124,103,0.003058334782380244,0.055302213177957395,0.39852757479943246,103,14,inf
random_addition,42,124,104,0.0030582798612425765,0.05530171662111925,0.3985383759550346,104,14,inf
random_addition,42,124,105,0.003214392031111074,0.056695608569897846,0.3678363200666175,105,14,inf
random_addition,42,124,106,0.0031886772311915017,0.0564683737254005,0.37289356336132806,106,14,inf
random_addition,42,124,107,0.0028917397011173187,0.05377489842963275,0.43129126964768316,107,14,inf
random_addition,42,124,108,0.0024675479091799796,0.049674419062330055,0.5147156440218175,108,14,inf
random_addition,42,124,109,0.0024492037737818377,0.04948943093006665,0.5183233234916041,109,14,inf
random_addition,42,124,110,0.002342845780891584,0.04840295219190235,0.5392403925749887,110,14,inf
random_addition,42,124,111,0.002330245176895485,0.04827261311443048,0.5417185110230375,111,14,inf
random_addition,42,124,112,0.0022924051792206092,0.04787906827853492,0.5491603762178537,112,14,inf
random_addition,42,124,113,0.0022805828019185188,0.04775544787684981,0.5514854434369468,113,14,inf
random_addition,42,124,114,0.002143156275168778,0.046294235874121285,0.5785126566796794,114,14,inf
random_addition,42,124,115,0.0021932208316997035,0.04683183566442494,0.5686666285709416,115,14,inf
random_addition,42,124,116,0.0021807304908335362,0.046698292161850376,0.5711230619397268,116,14,inf
random_addition,42,124,117,0.0021223110179712603,0.04606854694877255,0.582612223369616,117,14,inf
random_addition,42,124,118,0.002333870176359941,0.04831014568762902,0.541005594558889,118,14,inf
random_addition,42,124,119,0.0023307358683582547,0.04827769535052657,0.5416220083818494,119,14,inf
random_addition,42,124,120,0.0023217039950390993,0.048184063704082694,0.5433982765591183,120,14,inf
random_addition,42,124,121,0.0024605054079721777,0.04960348181299552,0.5161006690705263,121,14,inf
random_addition,42,124,122,0.002461947030737817,0.04961801115258266,0.5158171499652704,122,14,inf
random_addition,42,124,123,0.002432600700301566,0.04932140205125525,0.521588594164225,123,14,inf
random_addition,42,124,124,0.002434477624148744,0.04934042586103959,0.5212194658579379,124,14,inf
random_addition,42,124,125,0.0024674893295296473,0.04967382942284244,0.5147271646848122,125,14,inf
random_addition,42,124,126,0.002462609453147436,0.04962468592492487,0.5156868735758064,126,14,inf
random_addition,42,124,127,0.002457237053026662,0.049570526051542586,0.5167434454555124,127,14,inf
random_addition,42,124,128,0.002412945326867877,0.049121739859942636,0.5254541504125121,128,14,inf
random_addition,42,124,129,0.002379701923693757,0.048782188590650144,0.5319920188120915,129,14,inf
random_addition,42,124,130,0.0023810549604756223,0.04879605476342962,0.5317259216146025,130,14,inf
random_addition,42,124,131,0.002367614907718167,0.0486581432826836,0.5343691316298771,131,14,inf
random_addition,42,124,132,0.0024266904457676737,0.04926144989510229,0.5227509440640898,132,14,inf
random_addition,42,124,133,0.002376747019780326,0.04875189247383455,0.5325731498358385,133,14,inf
random_addition,42,124,134,0.0023425740310417174,0.04840014494856103,0.539293836704843,134,14,inf
random_addition,42,124,135,0.0024758726231420844,0.04975814127499222,0.5130784504991412,135,14,inf
random_addition,42,124,136,0.002325529691585485,0.04822374613803333,0.5426458896742381,136,14,inf
random_addition,42,124,137,0.0022392545765059163,0.047320762636562784,0.5596133266599886,137,14,inf
random_addition,42,124,138,0.0024288997314291746,0.04928386887643029,0.5223164512765639,138,14,inf
random_addition,42,124,139,0.002430875396261347,0.04930390852925706,0.5219279039125421,139,14,inf
random_addition,42,124,140,0.0024511537159509376,0.04950912760240214,0.5179398349172969,140,14,inf
random_addition,42,124,141,0.0024989732315768526,0.04998973126129858,0.5085353314596831,141,14,inf
random_addition,42,124,142,0.002578045723330134,0.05077445936029387,0.4929844102016503,142,14,inf
random_addition,42,124,143,0.0025762955183979462,0.05075722134236611,0.4933286171247203,143,14,inf
random_addition,42,124,144,0.0026232729991395526,0.05121789725417818,0.4840897138384437,144,14,inf
random_addition,42,124,145,0.002586874174016368,0.050861322967618215,0.49124814847006837,145,14,inf
random_addition,42,124,146,0.0025875334297853084,0.05086780346924082,0.49111849485318626,146,14,inf
random_addition,42,124,147,0.002599275406635913,0.0509830894183151,0.48880923972072965,147,14,inf
random_addition,42,124,148,0.0026260349260822497,0.05124485267890083,0.4835465349471001,148,14,inf
random_addition,42,124,149,0.0026474789487277604,0.05145365826379851,0.4793292110684457,149,14,inf
random_addition,42,124,150,0.0026800483819562917,0.05176918370958047,0.47292389007342817,150,14,inf
random_addition,42,125,10,0.00962854819961681,0.0981251659851682,-0.8936142210947935,10,10,inf
random_addition,42,125,11,0.010989019650484226,0.104828524984778,-1.161173569954732,11,11,inf
random_addition,42,125,12,0.009955748482315554,0.0997784970938907,-0.9579636012525661,12,12,inf
random_addition,42,125,13,0.008515696039857374,0.09228052903975667,-0.6747533261801906,13,13,inf
random_addition,42,125,14,0.0076148482673117955,0.08726309796994257,-0.4975866217333287,14,14,inf
random_addition,42,125,15,0.006034281108321259,0.07768063534962404,-0.18674178951044107,15,14,inf
random_addition,42,125,16,0.006287326218812038,0.07929266182196205,-0.2365073211222486,16,14,inf
random_addition,42,125,17,0.0048697103064824195,0.0697833096555503,0.042290436959750655,17,14,inf
random_addition,42,125,18,0.006121347006170603,0.078239037610202,-0.20386474708637814,18,14,inf
random_addition,42,125,19,0.006418606755318546,0.08011620781913324,-0.26232582311526653,19,14,inf
random_addition,42,125,20,0.0063257249905959555,0.07953442644915443,-0.24405907854352749,20,14,inf
random_addition,42,125,21,0.0074150677145729885,0.08611078744601625,-0.45829645171793243,21,14,inf
random_addition,42,125,22,0.007812934739692714,0.08839080687318514,-0.5365436226570959,22,14,inf
random_addition,42,125,23,0.009891061685037764,0.09945381684499477,-0.9452418661890001,23,14,inf
random_addition,42,125,24,0.008309933681063034,0.09115883764651146,-0.634286734467592,24,14,inf
random_addition,42,125,25,0.007695491390162905,0.08772394992339837,-0.5134464337318223,25,14,inf
random_addition,42,125,26,0.006703247548304203,0.08187336287403983,-0.31830517143724824,26,14,inf
random_addition,42,125,27,0.00365909052606917,0.060490416811832017,0.2803789613148989,27,14,inf
random_addition,42,125,28,0.0038107686427524433,0.06173142346287216,0.2505489357673556,28,14,inf
random_addition,42,125,29,0.004025823589099213,0.06344937816164327,0.20825480208526748,29,14,inf
random_addition,42,125,30,0.003987011950762908,0.0631427901724568,0.21588775658411297,30,14,inf
random_addition,42,125,31,0.004082895619512203,0.06389754001142926,0.19703063763427653,31,14,inf
random_addition,42,125,32,0.006728836889010549,0.08202948792361531,-0.32333774109005486,32,14,inf
random_addition,42,125,33,0.004084767606066147,0.06391218667880287,0.1966624803288597,33,14,inf
random_addition,42,125,34,0.004211381063501907,0.06489515439154073,0.17176183709462045,34,14,inf
random_addition,42,125,35,0.004067065599284755,0.06377354937028952,0.20014387452123594,35,14,inf
random_addition,42,125,36,0.004058615953054435,0.06370726766275912,0.20180563805331153,36,14,inf
random_addition,42,125,37,0.0042150726769738375,0.06492359106652865,0.17103581987745464,37,14,inf
random_addition,42,125,38,0.004519233955246489,0.06722524790022338,0.11121744330575245,38,14,inf
random_addition,42,125,39,0.003928020597996502,0.06267392279087453,0.22748938771314775,39,14,inf
random_addition,42,125,40,0.003955754408230995,0.06289478840278417,0.22203507244397047,40,14,inf
random_addition,42,125,41,0.0036127779360754105,0.06010638847972327,0.28948710277192613,41,14,inf
random_addition,42,125,42,0.003789308267601178,0.061557357542386254,0.2547694756383698,42,14,inf
random_addition,42,125,43,0.00406744341493981,0.06377651146730912,0.20006957078587184,43,14,inf
random_addition,42,125,44,0.0032414577169363294,0.05693380118116416,0.36251340258000964,44,14,inf
random_addition,42,125,45,0.004870372119764508,0.06978805141114422,0.042160280365351355,45,14,inf
random_addition,42,125,46,0.004511708661009516,0.06716925383692687,0.1126974176372536,46,14,inf
random_addition,42,125,47,0.00458907134374131,0.06774268479873904,0.09748275877426948,47,14,inf
random_addition,42,125,48,0.004767488530662642,0.06904700232930204,0.06239405013017629,48,14,inf
random_addition,42,125,49,0.004834862551685625,0.06953317590679736,0.049143827802106355,49,14,inf
random_addition,42,125,50,0.004855357583893015,0.06968039597973748,0.04511313868417122,50,14,inf
random_addition,42,125,51,0.004236000635732875,0.06508456526499101,0.16691998854930312,51,14,inf
random_addition,42,125,52,0.003814605202110516,0.061762490251855255,0.2497944125298015,52,14,inf
random_addition,42,125,53,0.00392788340904518,0.06267282831534875,0.2275163682032294,53,14,inf
random_addition,42,125,54,0.003451788574540291,0.05875192400713607,0.3211483395573437,54,14,inf
random_addition,42,125,55,0.0034355343242388017,0.0586134312614336,0.32434500834749,55,14,inf
random_addition,42,125,56,0.0033710143315863464,0.058060436887663415,0.33703393850587915,56,14,inf
random_addition,42,125,57,0.0035660906985748217,0.059716753918601616,0.29866892489525143,57,14,inf
random_addition,42,125,58,0.0037183542837297564,0.060978309944846425,0.2687237572306458,58,14,inf
random_addition,42,125,59,0.0038196361249436353,0.06180320481126877,0.2488049978408451,59,14,inf
random_addition,42,125,60,0.0047181062108514,0.06868847218312109,0.07210590503566872,60,14,inf
random_addition,42,125,61,0.004423718935826862,0.0665110437132576,0.1300020612306384,61,14,inf
random_addition,42,125,62,0.004409812918861179,0.0664064222712019,0.13273691086103767,62,14,inf
random_addition,42,125,63,0.004623485054146324,0.06799621352800701,0.09071472998399288,63,14,inf
random_addition,42,125,64,0.004543259081639419,0.0674037022843658,0.10649250242597752,64,14,inf
random_addition,42,125,65,0.0051411133451638395,0.07170155748073984,-0.01108548670399867,65,14,inf
random_addition,42,125,66,0.0051340337045970436,0.07165217166699865,-0.00969315758235001,66,14,inf
random_addition,42,125,67,0.005324884649884454,0.07297180722638336,-0.04722717170506119,67,14,inf
random_addition,42,125,68,0.005331507860704453,0.07301717510767212,-0.0485297363220778,68,14,inf
random_addition,42,125,69,0.005271583751418318,0.0726056729974891,-0.03674466310250568,69,14,inf
random_addition,42,125,70,0.00511356813391639,0.0715092171256013,-0.005668262563883086,70,14,inf
random_addition,42,125,71,0.00492898597097374,0.070206737361693,0.030632891199105727,71,14,inf
random_addition,42,125,72,0.004963126658113897,0.07044946173047667,0.023918556976930683,72,14,inf
random_addition,42,125,73,0.004965794577964493,0.07046839417756369,0.02339386614451311,73,14,inf
random_addition,42,125,74,0.005221607479653317,0.07226069110971273,-0.026915997662032343,74,14,inf
random_addition,42,125,75,0.004847125906879802,0.06962130354194614,0.046732034942726486,75,14,inf
random_addition,42,125,76,0.005034228856935341,0.07095229987065495,0.00993512644845762,76,14,inf
random_addition,42,125,77,0.0050584285423956234,0.07112263031128435,0.005175855623450465,77,14,inf
random_addition,42,125,78,0.0052161321425678135,0.07222279517276947,-0.025839181515356247,78,14,inf
random_addition,42,125,79,0.005192728601364176,0.07206058979334111,-0.021236485706142894,79,14,inf
random_addition,42,125,80,0.005792957129543547,0.07611147830349603,-0.13928141348793344,80,14,inf
random_addition,42,125,81,0.005810214721034724,0.0762247644865809,-0.14267540601848294,81,14,inf
random_addition,42,125,82,0.005786073684528656,0.07606624536894573,-0.13792766948623214,82,14,inf
random_addition,42,125,83,0.005595494715020155,0.07480303947715063,-0.10044714392608078,83,14,inf
random_addition,42,125,84,0.004172277920303838,0.06459317239696342,0.1794521208751303,84,14,inf
random_addition,42,125,85,0.004147458111795658,0.06440076173303898,0.18433334921626365,85,14,inf
random_addition,42,125,86,0.0045314576854663694,0.06731610272042172,0.10881344335692178,86,14,inf
random_addition,42,125,87,0.00443460078222149,0.06659279827595091,0.1278619650647952,87,14,inf
random_addition,42,125,88,0.004470244352364106,0.06685988597331068,0.1208520638924323,88,14,inf
random_addition,42,125,89,0.0036544696626337864,0.060452209741528776,0.28128773099996185,89,14,inf
random_addition,42,125,90,0.004065407273248144,0.06376054636880195,0.2004700119306394,90,14,inf
random_addition,42,125,91,0.00407325721725787,0.06382207468625467,0.1989261898192013,91,14,inf
random_addition,42,125,92,0.004035235550277903,0.06352350392002871,0.20640378330581455,92,14,inf
random_addition,42,125,93,0.003944645817434208,0.0628064154162153,0.22421976166949198,93,14,inf
random_addition,42,125,94,0.003859325070583117,0.062123466343911596,0.24099950626256417,94,14,inf
random_addition,42,125,95,0.003652845601884764,0.06043877564845903,0.28160712957039147,95,14,inf
random_addition,42,125,96,0.003458374567410634,0.05880794646483274,0.31985309446942833,96,14,inf
random_addition,42,125,97,0.003469315316273656,0.058900894019307176,0.31770141415304687,97,14,inf
random_addition,42,125,98,0.003568371331934816,0.05973584628960082,0.2982204003956015,98,14,inf
random_addition,42,125,99,0.003826301825665017,0.06185710812562302,0.24749407687769587,99,14,inf
random_addition,42,125,100,0.0038233422331245756,0.06183318068096268,0.24807612999796258,100,14,inf
random_addition,42,125,101,0.0032356480406616124,0.05688275697134952,0.36365597209160005,101,14,inf
random_addition,42,125,102,0.0032463057171298456,0.05697636103797649,0.36155996267193724,102,14,inf
random_addition,42,125,103,0.0032533472156802664,0.05703812072360262,0.3601751348124864,103,14,inf
random_addition,42,125,104,0.0032505345324313544,0.057013459221760564,0.3607282957760246,104,14,inf
random_addition,42,125,105,0.00321186642550135,0.056673330813543595,0.3683330224354793,105,14,inf
random_addition,42,125,106,0.0030219702696058217,0.054972450096442145,0.4056792613367206,106,14,inf
random_addition,42,125,107,0.0030218953869269117,0.054971768999431986,0.4056939882615652,107,14,inf
random_addition,42,125,108,0.003042125792818371,0.05515546929197839,0.4017153423120011,108,14,inf
random_addition,42,125,109,0.003014248469761856,0.05490217181279677,0.40719788176566163,109,14,inf
random_addition,42,125,110,0.0030378379930906738,0.05511658546291374,0.402558609476816,110,14,inf
random_addition,42,125,111,0.0030255433530962756,0.05500493935180981,0.4049765550127339,111,14,inf
random_addition,42,125,112,0.002962374755809774,0.054427702099296586,0.41739971078538607,112,14,inf
random_addition,42,125,113,0.003089417807921502,0.055582531499757205,0.3924145806097248,113,14,inf
random_addition,42,125,114,0.0030914237016804852,0.0556005728538878,0.3920200882242406,114,14,inf
random_addition,42,125,115,0.003013005892962036,0.05489085436538619,0.4074422551696433,115,14,inf
random_addition,42,125,116,0.0028890014234901596,0.05374943184341728,0.431829797507605,116,14,inf
random_addition,42,125,117,0.0029431963548724937,0.05425123367143363,0.4211714624555014,117,14,inf
random_addition,42,125,118,0.0031326222238581723,0.05596983315910609,0.38391771330058777,118,14,inf
random_addition,42,125,119,0.0031722410732073505,0.05632265151080292,0.3761260073241872,119,14,inf
random_addition,42,125,120,0.0032879881974989616,0.05734098183235932,0.3533624093169462,120,14,inf
random_addition,42,125,121,0.0031455698529852145,0.056085380028891796,0.3813713465860914,121,14,inf
random_addition,42,125,122,0.003109345299718981,0.055761503743344126,0.38849550775718844,122,14,inf
random_addition,42,125,123,0.003130569748638601,0.05595149460594061,0.3843213667054053,123,14,inf
random_addition,42,125,124,0.0031032497295474023,0.05570681941690265,0.3896943030608295,124,14,inf
random_addition,42,125,125,0.003051564270356254,0.05524096550890701,0.3998591086492844,125,14,inf
random_addition,42,125,126,0.0027349001257804305,0.052296272580179465,0.4621363819253803,126,14,inf
random_addition,42,125,127,0.002747816679432714,0.0524196211301905,0.45959612672008665,127,14,inf
random_addition,42,125,128,0.002773927752923343,0.052668090462094246,0.4544609496336933,128,14,inf
random_addition,42,125,129,0.0031152165877678935,0.05581412534267552,0.3873408212649915,129,14,inf
random_addition,42,125,130,0.0030229306151456407,0.05498118419191825,0.4054903934063053,130,14,inf
random_addition,42,125,131,0.0033052302401577437,0.057491131839247554,0.34997147472301715,131,14,inf
random_addition,42,125,132,0.003492280359819094,0.05909551894872482,0.31318495620485554,132,14,inf
random_addition,42,125,133,0.003518126803928521,0.059313799439325424,0.3081018228896699,133,14,inf
random_addition,42,125,134,0.003479538612050854,0.05898761405626485,0.31569083292430766,134,14,inf
random_addition,42,125,135,0.003477191382796462,0.058967714749653156,0.31615245461473684,135,14,inf
random_addition,42,125,136,0.003530387843718398,0.05941706693971353,0.30569048539307375,136,14,inf
random_addition,42,125,137,0.0035101796597428276,0.059246769192444815,0.3096647610331087,137,14,inf
random_addition,42,125,138,0.0034846097789106257,0.05903058342004275,0.3146935035778553,138,14,inf
random_addition,42,125,139,0.003644718054064218,0.060371500346307595,0.28320554709051426,139,14,inf
random_addition,42,125,140,0.0035880064204692917,0.05989997012077128,0.29435883351028247,140,14,inf
random_addition,42,125,141,0.0032613425314408314,0.057108165190634795,0.3586027229272811,141,14,inf
random_addition,42,125,142,0.0033565946998694697,0.05793612603436193,0.33986979902357517,142,14,inf
random_addition,42,125,143,0.0033591472909128067,0.057958151203370924,0.33936778952015967,143,14,inf
random_addition,42,125,144,0.0032776285922065476,0.05725057722160142,0.3553997980800231,144,14,inf
random_addition,42,125,145,0.0033123725226063714,0.05755321470262431,0.3485668260329545,145,14,inf
random_addition,42,125,146,0.0032475406012940173,0.05698719681905767,0.36131710215276025,146,14,inf
random_addition,42,125,147,0.0026679086327501323,0.05165180183449685,0.47531137375847876,147,14,inf
random_addition,42,125,148,0.002692917699631046,0.05189333001100475,0.4703929246091153,148,14,inf
random_addition,42,125,149,0.0026638602190918776,0.051612597484450226,0.4761075616693884,149,14,inf
random_addition,42,125,150,0.0026800483819562917,0.05176918370958047,0.47292389007342817,150,14,inf
random_addition,42,126,10,0.00962854819961681,0.0981251659851682,-0.8936142210947935,10,10,inf
random_addition,42,126,11,0.011544244748583288,0.10744414711180543,-1.2703678243607053,11,11,inf
random_addition,42,126,12,0.01148670374500802,0.10717604090937498,-1.259051428533707,12,12,inf
random_addition,42,126,13,0.009345600672053096,0.09667264696931131,-0.837967881593727,13,13,inf
random_addition,42,126,14,0.01724948780100475,0.13133730544291194,-2.392398805033108,14,14,inf
random_addition,42,126,15,0.017772682344013302,0.13331422408735424,-2.4952937177967596,15,14,inf
random_addition,42,126,16,0.0105240701620402,0.10258689079039388,-1.0697335163604222,16,14,inf
random_addition,42,126,17,0.009842650347966542,0.0992101322847951,-0.9357209711963441,17,14,inf
random_addition,42,126,18,0.008373830036751245,0.09150863367328377,-0.6468530160397339,18,14,inf
random_addition,42,126,19,0.00864728117175221,0.09299075852874956,-0.7006317319247461,19,14,inf
random_addition,42,126,20,0.010050906438884495,0.10025420908313273,-0.9766779968263908,20,14,inf
random_addition,42,126,21,0.009446771037923596,0.09719450106834027,-0.8578647175023186,21,14,inf
random_addition,42,126,22,0.011045782504503842,0.10509891771328496,-1.1723369297233157,22,14,inf
random_addition,42,126,23,0.010998190413470122,0.10487225759689796,-1.1629771530960693,23,14,inf
random_addition,42,126,24,0.00891684511091647,0.09442904802504613,-0.7536459660660979,24,14,inf
random_addition,42,126,25,0.007141866310787601,0.08450956342797897,-0.40456684963195433,25,14,inf
random_addition,42,126,26,0.007423352720743052,0.08615888068413524,-0.45992583604257176,26,14,inf
random_addition,42,126,27,0.006993967381833238,0.0836299430935669,-0.3754800642364349,27,14,inf
random_addition,42,126,28,0.007054879125264514,0.08399332786158978,-0.38745937214473747,28,14,inf
random_addition,42,126,29,0.007216860819178457,0.08495210897428301,-0.4193157676047168,29,14,inf
random_addition,42,126,30,0.007199510690876184,0.08484993041173448,-0.4159035761704659,30,14,inf
random_addition,42,126,31,0.006968791305536469,0.08347928668559926,-0.37052876990643124,31,14,inf
random_addition,42,126,32,0.006858687401226138,0.0828171926668982,-0.34887500501086777,32,14,inf
random_addition,42,126,33,0.006329034888869002,0.07955523168760809,-0.2447100251151475,33,14,inf
random_addition,42,126,34,0.006665184278625754,0.08164057985233664,-0.3108193960877157,34,14,inf
random_addition,42,126,35,0.0045411425544882155,0.0673880000778196,0.10690875270896538,35,14,inf
random_addition,42,126,36,0.00451994318844132,0.06723052274407303,0.11107796079645182,36,14,inf
random_addition,42,126,37,0.004672917038618152,0.06835873783663762,0.08099310769658352,37,14,inf
random_addition,42,126,38,0.005095235877618818,0.07138092096364979,-0.002062919316889733,38,14,inf
random_addition,42,126,39,0.004847821265409382,0.06962629722604372,0.04659528111721989,39,14,inf
random_addition,42,126,40,0.0070965528860230526,0.08424104039019849,-0.3956552106432154,40,14,inf
random_addition,42,126,41,0.006045861442524227,0.07775513772429592,-0.1890192549265297,41,14,inf
random_addition,42,126,42,0.006073141062126804,0.07793036033617966,-0.19438424605027493,42,14,inf
random_addition,42,126,43,0.006605190897989719,0.0812723255357549,-0.2990206995045206,43,14,inf
random_addition,42,126,44,0.005780038497262361,0.07602656441838182,-0.13674074948567783,44,14,inf
random_addition,42,126,45,0.005427935420961859,0.07367452355435941,-0.06749382058725995,45,14,inf
random_addition,42,126,46,0.005484738524172023,0.07405902054558933,-0.07866509602890548,46,14,inf
random_addition,42,126,47,0.004834879559912934,0.06953329820965588,0.04914048285119166,47,14,inf
random_addition,42,126,48,0.004539969554787965,0.06737929618798319,0.10713944261856378,48,14,inf
random_addition,42,126,49,0.004599612205882052,0.06782044091483078,0.09540972283588123,49,14,inf
random_addition,42,126,50,0.004045138124731771,0.06360140033624866,0.20445627726206417,50,14,inf
random_addition,42,126,51,0.003747734811826215,0.06121874559174024,0.2629455874927673,51,14,inf
random_addition,42,126,52,0.0038639230241542073,0.06216046190428613,0.2400952421835313,52,14,inf
random_addition,42,126,53,0.0037815443213413554,0.061494262507500286,0.25629638486129924,53,14,inf
random_addition,42,126,54,0.004330564281481235,0.06580702304071531,0.14832247408759114,54,14,inf
random_addition,42,126,55,0.0041298974751281005,0.06426427837553379,0.1877869406233762,55,14,inf
random_addition,42,126,56,0.003927847917916732,0.06267254516865206,0.22752334812420583,56,14,inf
random_addition,42,126,57,0.004129962419533831,0.06426478366519124,0.18777416822532378,57,14,inf
random_addition,42,126,58,0.004522160613224928,0.06724701192785393,0.1106418673151297,58,14,inf
random_addition,42,126,59,0.00443886417177889,0.06662480147646889,0.12702349856615092,59,14,inf
random_addition,42,126,60,0.0044037157705484765,0.06636049857067439,0.13393601653239073,60,14,inf
random_addition,42,126,61,0.004457726274357174,0.06676620608030064,0.12331395223149089,61,14,inf
random_addition,42,126,62,0.00437945586108624,0.06617745734830131,0.13870713140950097,62,14,inf
random_addition,42,126,63,0.004004650015337961,0.06328230412475482,0.21241893769060227,63,14,inf
random_addition,42,126,64,0.004075978582381701,0.0638433910626754,0.19839098808448052,64,14,inf
random_addition,42,126,65,0.00408492084829152,0.06391338551736654,0.19663234269531182,65,14,inf
random_addition,42,126,66,0.0037332584504879635,0.06110039648388514,0.2657926048344794,66,14,inf
random_addition,42,126,67,0.00397293893191993,0.063031253612156,0.21865544991256913,67,14,inf
random_addition,42,126,68,0.0038677344573605906,0.06219111236632282,0.2393456604218024,68,14,inf
random_addition,42,126,69,0.003901334720459019,0.06246066538597727,0.23273760958001055,69,14,inf
random_addition,42,126,70,0.003907363979529626,0.06250891120096098,0.23155185545778256,70,14,inf
random_addition,42,126,71,0.004576691909052531,0.06765125208784041,0.09991738059780864,71,14,inf
random_addition,42,126,72,0.004927856637522179,0.07019869398729707,0.030854993414299425,72,14,inf
random_addition,42,126,73,0.0050397212153972075,0.07099099390343262,0.008854962764886398,73,14,inf
random_addition,42,126,74,0.005263967382770513,0.07255320380776105,-0.03524677747264948,74,14,inf
random_addition,42,126,75,0.005428574366394245,0.07367885969797744,-0.06761947983849748,75,14,inf
random_addition,42,126,76,0.00545777768955186,0.0738767736812583,-0.07336279927648781,76,14,inf
random_addition,42,126,77,0.005925667247671457,0.07697835570906576,-0.1653810664948301,77,14,inf
random_addition,42,126,78,0.005699866356496581,0.07549745927179656,-0.12097356395133763,78,14,inf
random_addition,42,126,79,0.005442528305488502,0.07377349324444724,-0.07036375415289808,79,14,inf
random_addition,42,126,80,0.005617027093623486,0.07494682844272656,-0.10468184447407047,80,14,inf
random_addition,42,126,81,0.005247467535743146,0.07243940595934747,-0.032001807999665566,81,14,inf
random_addition,42,126,82,0.005354425528511968,0.07317394022814384,-0.053036877043081354,82,14,inf
random_addition,42,126,83,0.005351938574075787,0.07315694481097325,-0.052547776070646535,83,14,inf
random_addition,42,126,84,0.0053557458916751784,0.07318296175801563,-0.05329654842977738,84,14,inf
random_addition,42,126,85,0.005237871018419527,0.07237313740898295,-0.03011449318332482,85,14,inf
random_addition,42,126,86,0.005056025566849453,0.07110573511925358,0.005648440749768002,86,14,inf
random_addition,42,126,87,0.005215435955936922,0.07221797529657642,-0.025702264829947197,87,14,inf
random_addition,42,126,88,0.00519386147634719,0.07206844993717564,-0.021459284422427505,88,14,inf
random_addition,42,126,89,0.005165060533314921,0.07186835557681086,-0.015795099731632956,89,14,inf
random_addition,42,126,90,0.0051906154067891015,0.07204592567792506,-0.020820890829704508,90,14,inf
random_addition,42,126,91,0.005278303831442453,0.07265193618509043,-0.038066278660404906,91,14,inf
random_addition,42,126,92,0.005211445002847144,0.0721903387084944,-0.02491737749596412,92,14,inf
random_addition,42,126,93,0.005053600087653714,0.07108867763331735,0.006125451593230746,93,14,inf
random_addition,42,126,94,0.005337173996591187,0.07305596482554444,-0.04964407622788025,94,14,inf
random_addition,42,126,95,0.005283092794640611,0.07268488697549588,-0.039008107960973204,95,14,inf
random_addition,42,126,96,0.005092592681878062,0.07136240384038406,-0.0015430908920779363,96,14,inf
random_addition,42,126,97,0.004953756072824368,0.0703829245827734,0.025761438499291356,97,14,inf
random_addition,42,126,98,0.004925557420862423,0.07018231558492796,0.0313071726290709,98,14,inf
random_addition,42,126,99,0.005050852207067224,0.07106934787281521,0.006665868034896882,99,14,inf
random_addition,42,126,100,0.004787775396943605,0.06919375258607965,0.05840430030552368,100,14,inf
random_addition,42,126,101,0.005078049081972776,0.07126043139058853,0.0013171500326815133,101,14,inf
random_addition,42,126,102,0.005136086939435959,0.07166649802687416,-0.01009696037895158,102,14,inf
random_addition,42,126,103,0.0042301674532993026,0.0650397374940836,0.16806718093817163,103,14,inf
random_addition,42,126,104,0.004172739120651452,0.06459674233776384,0.1793614181524652,104,14,inf
random_addition,42,126,105,0.0038556328821623366,0.062093742697330916,0.2417256365529884,105,14,inf
random_addition,42,126,106,0.004160987830046535,0.06450571935918965,0.181672504989687,106,14,inf
random_addition,42,126,107,0.003950506874117793,0.06285305779449234,0.22306708734553515,107,14,inf
random_addition,42,126,108,0.004051350867722203,0.06365022284110404,0.2032344379738571,108,14,inf
random_addition,42,126,109,0.004040450241562676,0.0635645360367137,0.20537822749296009,109,14,inf
random_addition,42,126,110,0.004041300612828631,0.06357122472336545,0.20521098783345604,110,14,inf
random_addition,42,126,111,0.004064234521358804,0.06375134917285127,0.20070065310409868,111,14,inf
random_addition,42,126,112,0.004035300747761808,0.06352401709402364,0.20639096113572797,112,14,inf
random_addition,42,126,113,0.004199512730465054,0.06480364750895627,0.17409594227365133,113,14,inf
random_addition,42,126,114,0.004225454497462651,0.0650034960403104,0.16899406212634815,114,14,inf
random_addition,42,126,115,0.004011107393390409,0.06333330398289994,0.21114898684675787,115,14,inf
random_addition,42,126,116,0.0038906457363923307,0.06237504097307136,0.2348397761598634,116,14,inf
random_addition,42,126,117,0.0037904776190307078,0.06156685487363073,0.2545395032219152,117,14,inf
random_addition,42,126,118,0.0038530007813314116,0.06207254450504999,0.24224328297916442,118,14,inf
random_addition,42,126,119,0.003935486343162622,0.06273345473638943,0.22602112469731772,119,14,inf
random_addition,42,126,120,0.004017578236626536,0.06338436902444115,0.20987638785048413,120,14,inf
random_addition,42,126,121,0.0037125106612651776,0.06093037552210866,0.2698730028253321,121,14,inf
random_addition,42,126,122,0.0036077357544544767,0.06006443002688427,0.29047873168885086,122,14,inf
random_addition,42,126,123,0.0035585411829469234,0.0596535093933871,0.3001536627663185,123,14,inf
random_addition,42,126,124,0.0034952576578851065,0.0591207041389487,0.3125994209983679,124,14,inf
random_addition,42,126,125,0.003260106475073838,0.05709734210165862,0.3588458139796483,125,14,inf
random_addition,42,126,126,0.003267887589988161,0.05716544052124641,0.35731552825512747,126,14,inf
random_addition,42,126,127,0.003252347424226313,0.05702935581107604,0.36037176043829056,127,14,inf
random_addition,42,126,128,0.0032586676977158146,0.0570847413738191,0.3591287734881494,128,14,inf
random_addition,42,126,129,0.0033884243961359315,0.058210174335213354,0.33360995961126394,129,14,inf
random_addition,42,126,130,0.0034378641589231187,0.058633302473279796,0.32388680758870914,130,14,inf
random_addition,42,126,131,0.0035380466085367405,0.059481481223459295,0.30418426185081515,131,14,inf
random_addition,42,126,132,0.0033628028071148223,0.05798967845328013,0.3386488714317759,132,14,inf
random_addition,42,126,133,0.003451863801119648,0.0587525642088892,0.3211335449987538,133,14,inf
random_addition,42,126,134,0.0038610747688066723,0.06213754717404504,0.24065539899217836,134,14,inf
random_addition,42,126,135,0.0038316182696693873,0.061900066798585826,0.24644850969938226,135,14,inf
random_addition,42,126,136,0.00310153906485735,0.05569146312369024,0.39003073373733965,136,14,inf
random_addition,42,126,137,0.00300340499385138,0.054803330134685975,0.4093304317373171,137,14,inf
random_addition,42,126,138,0.0030436192710867004,0.05516900643555855,0.40142162495927325,138,14,inf
random_addition,42,126,139,0.003097714424875753,0.05565711477318738,0.39078291283117306,139,14,inf
random_addition,42,126,140,0.0030447450584624005,0.05517920857046067,0.4012002201389038,140,14,inf
random_addition,42,126,141,0.00299797572779557,0.054753773639773635,0.4103981872493888,141,14,inf
random_addition,42,126,142,0.00294284537664598,0.054247998826186944,0.42124048816397197,142,14,inf
random_addition,42,126,143,0.0026933850153009276,0.05189783247208815,0.4703010192065685,143,14,inf
random_addition,42,126,144,0.0027784478704079014,0.05271098434299915,0.4535719933162581,144,14,inf
random_addition,42,126,145,0.002772590128193361,0.0526553903052039,0.454724015794725,145,14,inf
random_addition,42,126,146,0.002689162671371037,0.05185713713049571,0.47113141339956965,146,14,inf
random_addition,42,126,147,0.0026040270337202727,0.051029668171763305,0.4878747531882074,147,14,inf
random_addition,42,126,148,0.002611944502028695,0.05110718640297757,0.4863176512998364,148,14,inf
random_addition,42,126,149,0.0026473363314678316,0.05145227236447222,0.47935725912574123,149,14,inf
random_addition,42,126,150,0.0026800483819562917,0.05176918370958047,0.47292389007342817,150,14,inf
random_addition,42,127,10,0.00962854819961681,0.0981251659851682,-0.8936142210947935,10,10,inf
random_addition,42,127,11,0.009664158429008005,0.09830645161436764,-0.9006175652536044,11,11,inf
random_addition,42,127,12,0.011607432709287763,0.10773779610372473,-1.2827947882717066,12,12,inf
random_addition,42,127,13,0.014296538345706678,0.119568132651249,-1.8116521579997484,13,13,inf
random_addition,42,127,14,0.005135939456697249,0.0716654690677264,-0.010067955444292842,14,14,inf
random_addition,42,127,15,0.009208477386955629,0.09596081172518096,-0.8110003058678108,15,14,inf
random_addition,42,127,16,0.009131859780758816,0.09556076486068336,-0.7959321787033957,16,14,inf
random_addition,42,127,17,0.00533261287052493,0.07302474149577615,-0.04874705489047737,17,14,inf
random_addition,42,127,18,0.005566647583599123,0.07460996973326771,-0.094773875520068,18,14,inf
random_addition,42,127,19,0.0056780245891404745,0.07535266809569834,-0.11667801695693059,19,14,inf
random_addition,42,127,20,0.006332133878362557,0.07957470627254969,-0.24531949296578914,20,14,inf
random_addition,42,127,21,0.005596221773186404,0.07480789913629712,-0.10059013201261546,21,14,inf
random_addition,42,127,22,0.00555690866440304,0.07454467562745873,-0.09285855500596063,22,14,inf
random_addition,42,127,23,0.004787791819098504,0.06919387125387988,0.058401070615500594,23,14,inf
random_addition,42,127,24,0.004864725635482346,0.06974758515878772,0.04327075545611481,24,14,inf
random_addition,42,127,25,0.004728465947517522,0.06876384186123927,0.07006849043576602,25,14,inf
random_addition,42,127,26,0.008008382651864753,0.08948956727945863,-0.5749817068105292,26,14,inf
random_addition,42,127,27,0.008018676468243289,0.08954706286776405,-0.577006157088974,27,14,inf
random_addition,42,127,28,0.008020822045598777,0.089559042232478,-0.5774281205780254,28,14,inf
random_addition,42,127,29,0.007907232912631259,0.08892262317673304,-0.5550889274733288,29,14,inf
random_addition,42,127,30,0.006844917597244945,0.08273401717096146,-0.3461669439304329,30,14,inf
random_addition,42,127,31,0.005878058225432442,0.0766684956512937,-0.15601796006432944,31,14,inf
random_addition,42,127,32,0.00588029196568962,0.07668306179130838,-0.15645726225501622,32,14,inf
random_addition,42,127,33,0.005761306883212748,0.07590327320486744,-0.1330568658914908,33,14,inf
random_addition,42,127,34,0.0036354529600668055,0.0602947175137823,0.28502768199492057,34,14,inf
random_addition,42,127,35,0.004248934420816265,0.06518385092042557,0.16437634449635397,35,14,inf
random_addition,42,127,36,0.0042272123607171985,0.06501701593211733,0.16864834906675275,36,14,inf
random_addition,42,127,37,0.006518508751350541,0.08073728228860903,-0.28197321298962685,37,14,inf
random_addition,42,127,38,0.006522191343012143,0.0807600850854687,-0.28269745591767004,38,14,inf
random_addition,42,127,39,0.006881494687202122,0.08295477495118724,-0.35336043730796285,39,14,inf
random_addition,42,127,40,0.00651626990471442,0.08072341608674907,-0.28153290654455154,40,14,inf
random_addition,42,127,41,0.00746166099974885,0.08638090645361884,-0.467459796553247,41,14,inf
random_addition,42,127,42,0.007451531544725101,0.08632225405262017,-0.4654676706701699,42,14,inf
random_addition,42,127,43,0.005996243387324627,0.07743541429684887,-0.1792610387343141,43,14,inf
random_addition,42,127,44,0.006013285207683477,0.07754537515341245,-0.18261259628129145,44,14,inf
random_addition,42,127,45,0.00593601995432303,0.07704557063402821,-0.16741709852539333,45,14,inf
random_addition,42,127,46,0.005825226234461354,0.07632316970921317,-0.1456276699232275,46,14,inf
random_addition,42,127,47,0.005255126047212351,0.07249224818704653,-0.03350798171660041,47,14,inf
random_addition,42,127,48,0.0051132083308458596,0.07150670130026877,-0.005597501302992525,48,14,inf
random_addition,42,127,49,0.004861757663043444,0.0697263053878767,0.04385445662285403,49,14,inf
random_addition,42,127,50,0.004886448816490127,0.06990313881715275,0.0389985304403655,50,14,inf
random_addition,42,127,51,0.004666089150432421,0.06830877798959971,0.08233592552337277,51,14,inf
random_addition,42,127,52,0.004626920515003409,0.06802147098529558,0.09003908944087857,52,14,inf
random_addition,42,127,53,0.004362858908330611,0.0660519409883662,0.14197119833977268,53,14,inf
random_addition,42,127,54,0.004603393643373712,0.06784831348953127,0.09466604023057701,54,14,inf
random_addition,42,127,55,0.004678179009855163,0.06839721492762087,0.07995825349439001,55,14,inf
random_addition,42,127,56,0.004938167148953409,0.07027209367133876,0.02882725977593903,56,14,inf
random_addition,42,127,57,0.004832343313346041,0.06951505817695934,0.049639277941344706,57,14,inf
random_addition,42,127,58,0.003072430855956351,0.055429512499717615,0.39575534737407914,58,14,inf
random_addition,42,127,59,0.0028805491316185677,0.053670747447921455,0.4334920813490597,59,14,inf
random_addition,42,127,60,0.0038519222116539095,0.062063855919962864,0.24245540165348756,60,14,inf
random_addition,42,127,61,0.003930954792837219,0.0626973268396446,0.22691232947314577,61,14,inf
random_addition,42,127,62,0.00369999735926703,0.06082760359628703,0.2723339518827912,62,14,inf
random_addition,42,127,63,0.0035240245182163064,0.05936349482818803,0.30694193923786983,63,14,inf
random_addition,42,127,64,0.0035424222497993157,0.05951825140072006,0.30332371918649625,64,14,inf
random_addition,42,127,65,0.003268272412051582,0.05716880628499761,0.3572398465929726,65,14,inf
random_addition,42,127,66,0.003428313543963202,0.05855180222643196,0.32576509494141914,66,14,inf
random_addition,42,127,67,0.003739507140018023,0.0611515097116827,0.2645636960611092,67,14,inf
random_addition,42,127,68,0.0038661856922935244,0.06217865946040912,0.23965025084346614,68,14,inf
random_addition,42,127,69,0.0038901180578344657,0.062370810944178574,0.234943552928762,69,14,inf
random_addition,42,127,70,0.003500319666625865,0.05916349944540016,0.3116038927484093,70,14,inf
random_addition,42,127,71,0.0037605360702844272,0.06132320988242891,0.260428007005883,71,14,inf
random_addition,42,127,72,0.0036034601375922494,0.060028827554702825,0.2913196028904499,72,14,inf
random_addition,42,127,73,0.0034447435241340184,0.058691937471291734,0.3225338659483502,73,14,inf
random_addition,42,127,74,0.003279415775662712,0.057266183526254934,0.35504831871489584,74,14,inf
random_addition,42,127,75,0.0028709346813710008,0.05358110377148833,0.43538292297329595,75,14,inf
random_addition,42,127,76,0.0028414552878931695,0.05330530262453417,0.4411805362335268,76,14,inf
random_addition,42,127,77,0.0028172804240485074,0.05307805972384925,0.4459349254747942,77,14,inf
random_addition,42,127,78,0.0027914823783091137,0.052834480959966984,0.4510085404451709,78,14,inf
random_addition,42,127,79,0.002679974549927623,0.05176847061607695,0.47293841037042017,79,14,inf
random_addition,42,127,80,0.002697222579533768,0.05193479160961145,0.46954629834367023,80,14,inf
random_addition,42,127,81,0.0028539930068019236,0.053422776105345966,0.4387147851843032,81,14,inf
random_addition,42,127,82,0.00280436122638168,0.052956219902686404,0.448475700669544,82,14,inf
random_addition,42,127,83,0.002898447155148971,0.0538372283382881,0.42997213720130023,83,14,inf
random_addition,42,127,84,0.0028205717076491364,0.053109054855543576,0.4452876397882506,84,14,inf
random_addition,42,127,85,0.002759083905006991,0.05252698263756439,0.457380239325912,85,14,inf
random_addition,42,127,86,0.0027690796155578376,0.052622044957962605,0.4554144165189198,86,14,inf
random_addition,42,127,87,0.002774546773422476,0.05267396675230067,0.45433920895212776,87,14,inf
random_addition,42,127,88,0.002742484809696308,0.0523687388591353,0.46064472762528696,88,14,inf
random_addition,42,127,89,0.0027905287037911326,0.05282545507415087,0.45119609640813707,89,14,inf
random_addition,42,127,90,0.0027173867116853565,0.05212855946297918,0.4655806862278373,90,14,inf
random_addition,42,127,91,0.0026237298499733976,0.0512223569349693,0.4839998665200367,91,14,inf
random_addition,42,127,92,0.0025997694898133358,0.05098793474748056,0.48871207004241735,92,14,inf
random_addition,42,127,93,0.002531764225030568,0.05031663964366627,0.5020864369596532,93,14,inf
random_addition,42,127,94,0.0027858037078772224,0.05278071340818749,0.45212534547785155,94,14,inf
random_addition,42,127,95,0.0027847100527377566,0.052770352024008295,0.4523404309592898,95,14,inf
random_addition,42,127,96,0.0027930397482889982,0.052849217101949564,0.4507022577242169,96,14,inf
random_addition,42,127,97,0.0029894866829261488,0.05467619850470723,0.4120676991794312,97,14,inf
random_addition,42,127,98,0.0029960549833089314,0.05473623099290754,0.4107759336135949,98,14,inf
random_addition,42,127,99,0.0029289165318383513,0.054119465369110505,0.4239798272693418,99,14,inf
random_addition,42,127,100,0.002871100056159756,0.053582646968582615,0.4353503992692749,100,14,inf
random_addition,42,127,101,0.0028815745152731267,0.05368029913546614,0.4332904225911559,101,14,inf
random_addition,42,127,102,0.0028386540914606463,0.053279021119579946,0.44173143812348337,102,14,inf
random_addition,42,127,103,0.0028465795069705854,0.05335334578984326,0.4401727732856936,103,14,inf
random_addition,42,127,104,0.002841822577245331,0.05330874766157362,0.44110830267078294,104,14,inf
random_addition,42,127,105,0.002810814514425994,0.053017115297099994,0.44720655419385613,105,14,inf
random_addition,42,127,106,0.0028987820078868903,0.053840338110815116,0.42990628283848764,106,14,inf
random_addition,42,127,107,0.0029869995646757746,0.05465344970517209,0.4125568323686528,107,14,inf
random_addition,42,127,108,0.0029990426133775796,0.05476351534897645,0.41018836644686585,108,14,inf
random_addition,42,127,109,0.0027955280287195266,0.05287275317892503,0.45021289597292946,109,14,inf
random_addition,42,127,110,0.0027595619933091014,0.05253153332341539,0.45728621530598224,110,14,inf
random_addition,42,127,111,0.002730680514826097,0.05225591368281773,0.4629662386332619,111,14,inf
random_addition,42,127,112,0.0026016498231657493,0.05100637041748559,0.488342271200192,112,14,inf
random_addition,42,127,113,0.0026598008086441494,0.05157325671939042,0.4769059122819329,113,14,inf
random_addition,42,127,114,0.002682415615104181,0.05179204200554542,0.4724583342844808,114,14,inf
random_addition,42,127,115,0.002585401790865497,0.05084684642006323,0.4915377171169284,115,14,inf
random_addition,42,127,116,0.0025816194566683384,0.050809639406989876,0.49228157607429,116,14,inf
random_addition,42,127,117,0.002613305322446643,0.05112049806532251,0.4860500233207933,117,14,inf
random_addition,42,127,118,0.0026057697123824325,0.051046740467755945,0.4875320264313745,118,14,inf
random_addition,42,127,119,0.002331996664726925,0.04829075133736195,0.5413740517964825,119,14,inf
random_addition,42,127,120,0.0023828007500427393,0.04881394012003886,0.5313825830465448,120,14,inf
random_addition,42,127,121,0.002369116833376878,0.04867357428191275,0.5340737529572673,121,14,inf
random_addition,42,127,122,0.0023801279460910494,0.048786554972564414,0.5319082344187132,122,14,inf
random_addition,42,127,123,0.0024089460349602733,0.04908101501558697,0.5262406777137774,123,14,inf
random_addition,42,127,124,0.0024183308773647783,0.04917652770748234,0.5243949922925203,124,14,inf
random_addition,42,127,125,0.002456056222897252,0.04955861401307801,0.5169756753493023,125,14,inf
random_addition,42,127,126,0.0024306605860996908,0.04930173005179119,0.5219701499052416,126,14,inf
random_addition,42,127,127,0.002378701120461912,0.04877192963644059,0.5321888434208537,127,14,inf
random_addition,42,127,128,0.0022951442329895654,0.04790766361439019,0.5486216957167326,128,14,inf
random_addition,42,127,129,0.0022902517604480883,0.04785657489256924,0.5495838818520449,129,14,inf
random_addition,42,127,130,0.0023002983117109644,0.0479614252468686,0.54760806037305,130,14,inf
random_addition,42,127,131,0.002287130185998256,0.04782394992049753,0.5501977914101487,131,14,inf
random_addition,42,127,132,0.0022953259919843466,0.04790956054885441,0.5485859497859656,132,14,inf
random_addition,42,127,133,0.0023269736433500668,0.048238715191742686,0.5423619125325858,133,14,inf
random_addition,42,127,134,0.0023336871145248584,0.04830825099840459,0.5410415967148803,134,14,inf
random_addition,42,127,135,0.0023454433977386927,0.048429778006291675,0.5387295279980387,135,14,inf
random_addition,42,127,136,0.002344409043415578,0.048419097920299775,0.5389329509871845,136,14,inf
random_addition,42,127,137,0.002318213743926363,0.048147832183041875,0.5440846925177082,137,14,inf
random_addition,42,127,138,0.0023330122582899127,0.04830126559718609,0.5411743184229918,138,14,inf
random_addition,42,127,139,0.0023543842692493387,0.048521997787079406,0.5369711568406701,139,14,inf
random_addition,42,127,140,0.002575683180447775,0.05075118895600156,0.49344904357183583,140,14,inf
random_addition,42,127,141,0.0026168481579425,0.05115513813824082,0.4853532657682661,141,14,inf
random_addition,42,127,142,0.0025959257043870676,0.05095022771673418,0.48946801440652277,142,14,inf
random_addition,42,127,143,0.0025661759418427826,0.05065743718194578,0.4953188002425737,143,14,inf
random_addition,42,127,144,0.0026801686046188087,0.05177034483774286,0.47290024628635663,144,14,inf
random_addition,42,127,145,0.002723576846839936,0.05218789942927322,0.4643632931467415,145,14,inf
random_addition,42,127,146,0.0026821664504451843,0.05178963651586275,0.4725073366607362,146,14,inf
random_addition,42,127,147,0.002698687471456572,0.051948892879989,0.4692582029714626,147,14,inf
random_addition,42,127,148,0.0027381130649517696,0.05232698218846343,0.4615045039744965,148,14,inf
random_addition,42,127,149,0.0027730931741876425,0.05266016686441131,0.4546250834293374,149,14,inf
random_addition,42,127,150,0.0026800483819562917,0.05176918370958047,0.47292389007342817,150,14,inf
random_addition,42,128,10,0.00962854819961681,0.0981251659851682,-0.8936142210947935,10,10,inf
random_addition,42,128,11,0.010254831709802247,0.10126614295904751,-1.016783294639184,11,11,inf
random_addition,42,128,12,0.0040919681140218255,0.06396849313546338,0.1952463806239716,12,12,inf
random_addition,42,128,13,0.004839235990426108,0.06956461737425218,0.04828371830040645,13,13,inf
random_addition,42,128,14,0.004781815745423265,0.06915067422247786,0.059576364944732174,14,14,inf
random_addition,42,128,15,0.003073438038472344,0.055438597010317135,0.3955572681729387,15,14,inf
random_addition,42,128,16,0.003108341621904642,0.05575250327926668,0.3886928977004308,16,14,inf
random_addition,42,128,17,0.003138747224285231,0.05602452341863544,0.3827131300474914,17,14,inf
random_addition,42,128,18,0.0027230444043441736,0.05218279797351014,0.4644680068232988,18,14,inf
random_addition,42,128,19,0.0025588066968742756,0.05058464882624249,0.496768084888794,19,14,inf
random_addition,42,128,20,0.0032800251266237672,0.05727150361762617,0.3549284797088931,20,14,inf
random_addition,42,128,21,0.0027625487962256454,0.05255995430197448,0.4566988108124782,21,14,inf
random_addition,42,128,22,0.004421846639397012,0.06649696714435187,0.13037027947830848,22,14,inf
random_addition,42,128,23,0.004394853635185483,0.0662936922729869,0.13567890291616558,23,14,inf
random_addition,42,128,24,0.0048963293994695335,0.06997377651284467,0.03705534938600308,24,14,inf
random_addition,42,128,25,0.0048067617703547,0.06933081400326048,0.054670314043742674,25,14,inf
random_addition,42,128,26,0.006530971798454284,0.08081442815768904,-0.28442427858586705,26,14,inf
random_addition,42,128,27,0.007646008861002376,0.08744145962300937,-0.5037148709903236,27,14,inf
random_addition,42,128,28,0.0067395572705196295,0.08209480659895381,-0.325446082499403,28,14,inf
random_addition,42,128,29,0.010654737104524793,0.1032217859975538,-1.0954313448789152,29,14,inf
random_addition,42,128,30,0.009917140651446874,0.09958484147422676,-0.9503707288835554,30,14,inf
random_addition,42,128,31,0.009455532631950125,0.09723956310036633,-0.8595878307592846,31,14,inf
random_addition,42,128,32,0.009699208525811496,0.09848455983458268,-0.9075107500185182,32,14,inf
random_addition,42,128,33,0.009239980427229497,0.09612481691649404,-0.8171959029436704,33,14,inf
random_addition,42,128,34,0.008400949638838149,0.09165669445729618,-0.6521865370563538,34,14,inf
random_addition,42,128,35,0.008588590322849931,0.09267464768128299,-0.6890891998809328,35,14,inf
random_addition,42,128,36,0.00853870399893903,0.09240510807817406,-0.6792782241826876,36,14,inf
random_addition,42,128,37,0.00852788492185674,0.09234654796935693,-0.6771504726465876,37,14,inf
random_addition,42,128,38,0.008541396608856583,0.0924196765243018,-0.6798077707276113,38,14,inf
random_addition,42,128,39,0.006625146795281608,0.08139500473175001,-0.302945358770196,39,14,inf
random_addition,42,128,40,0.006613069167577744,0.08132077943292074,-0.3005700923122647,40,14,inf
random_addition,42,128,41,0.006510497117083404,0.08068765157744649,-0.2803975917985668,41,14,inf
random_addition,42,128,42,0.005532910511317714,0.07438353656097373,-0.08813891887595804,42,14,inf
random_addition,42,128,43,0.005311341018955772,0.07287894770752232,-0.04456359131888932,43,14,inf
random_addition,42,128,44,0.005630644094841755,0.07503761786491996,-0.10735985434856077,44,14,inf
random_addition,42,128,45,0.007023890011269955,0.08380865117199987,-0.3813648472233624,45,14,inf
random_addition,42,128,46,0.007403572148721555,0.08604401285808069,-0.4560356574087059,46,14,inf
random_addition,42,128,47,0.007182448923564291,0.08474932992988377,-0.41254809572325835,47,14,inf
random_addition,42,128,48,0.0058556172474564395,0.07652200498847661,-0.15160456833074254,48,14,inf
random_addition,42,128,49,0.007172892529066504,0.08469293080928599,-0.4106686717282555,49,14,inf
random_addition,42,128,50,0.007156281230294129,0.08459480616618333,-0.40740178341507494,50,14,inf
random_addition,42,128,51,0.007016442627999263,0.08376420851413367,-0.37990019537980757,51,14,inf
random_addition,42,128,52,0.0066529890951683,0.08156585741085727,-0.30842101033473024,52,14,inf
random_addition,42,128,53,0.006685741375970887,0.08176638292092225,-0.3148622913477428,53,14,inf
random_addition,42,128,54,0.006626477388693533,0.08140317800119067,-0.3032070421055315,54,14,inf
random_addition,42,128,55,0.007336932599915279,0.08565589646904222,-0.44292988126356203,55,14,inf
random_addition,42,128,56,0.0072510889213876035,0.08515332595611051,-0.42604729345478276,56,14,inf
random_addition,42,128,57,0.00728540707445033,0.08535459609447127,-0.4327965293036382,57,14,inf
random_addition,42,128,58,0.007144762670940756,0.0845266979772708,-0.4051364670510835,58,14,inf
random_addition,42,128,59,0.005822420863405915,0.0763047892560219,-0.14507594702420956,59,14,inf
random_addition,42,128,60,0.005882623886411068,0.07669826521122279,-0.15691587326771028,60,14,inf
random_addition,42,128,61,0.005471810747268863,0.07397168882260877,-0.07612263358457372,61,14,inf
random_addition,42,128,62,0.0058225348758805225,0.0763055363383321,-0.14509836947449206,62,14,inf
random_addition,42,128,63,0.004628375257300283,0.06803216340305726,0.08975299016149829,63,14,inf
random_addition,42,128,64,0.0045381908319260065,0.06736609556687997,0.10748925806705745,64,14,inf
random_addition,42,128,65,0.004528693751200382,0.06729557007114496,0.10935701702179212,65,14,inf
random_addition,42,128,66,0.003139705637784524,0.05603307628342856,0.38252464208499437,66,14,inf
random_addition,42,128,67,0.0032252045010905386,0.056790883961165266,0.3657098679272296,67,14,inf
random_addition,42,128,68,0.0031996022818407245,0.05656502702059572,0.37074497035990617,68,14,inf
random_addition,42,128,69,0.0035355020893226294,0.05946008820480028,0.3046846838946994,69,14,inf
random_addition,42,128,70,0.0036129620053726255,0.06010791965600395,0.28945090248174254,70,14,inf
random_addition,42,128,71,0.0033396357381016034,0.05778958157057034,0.3432050610498808,71,14,inf
random_addition,42,128,72,0.003240956285295648,0.0569293973733751,0.3626120174558991,72,14,inf
random_addition,42,128,73,0.0032049363080098843,0.05661215689240152,0.3696959453563221,73,14,inf
random_addition,42,128,74,0.0032917610525173705,0.0573738708169265,0.3526204145978178,74,14,inf
random_addition,42,128,75,0.0033750466433504446,0.05809515163376755,0.3362409173003885,75,14,inf
random_addition,42,128,76,0.0034038518379729253,0.058342538837223436,0.33057589646363317,76,14,inf
random_addition,42,128,77,0.0033056765775754367,0.05749501350182846,0.3498836950428382,77,14,inf
random_addition,42,128,78,0.0032998155695772536,0.05744402118216702,0.35103635979200065,78,14,inf
random_addition,42,128,79,0.0032989397002976028,0.05743639699961691,0.35120861406018133,79,14,inf
random_addition,42,128,80,0.003625881336148956,0.0602152915474878,0.286910101108794,80,14,inf
random_addition,42,128,81,0.0037994163898502865,0.06163940614452971,0.2527815452004001,81,14,inf
random_addition,42,128,82,0.0037402557823100454,0.061157630613931126,0.26441646309708433,82,14,inf
random_addition,42,128,83,0.003589282512245234,0.05991062103037519,0.294107868828562,83,14,inf
random_addition,42,128,84,0.003615007537975375,0.060124932748198356,0.2890486144580471,84,14,inf
random_addition,42,128,85,0.003605074140791162,0.06004226961725516,0.2910021823046055,85,14,inf
random_addition,42,128,86,0.00416756645960828,0.06455669182670593,0.18037870801893163,86,14,inf
random_addition,42,128,87,0.004168377139574943,0.06456297034349444,0.18021927431389084,87,14,inf
random_addition,42,128,88,0.004051679858671487,0.06365280715468476,0.2031697364293188,88,14,inf
random_addition,42,128,89,0.004050195612841504,0.06364114716786227,0.20346163806941953,89,14,inf
random_addition,42,128,90,0.003965912214972644,0.0629754890014571,0.2200373707237998,90,14,inf
random_addition,42,128,91,0.003943645233507743,0.06279844929222173,0.22441654314820225,91,14,inf
random_addition,42,128,92,0.003979514235274437,0.06308339112059874,0.21736230709581483,92,14,inf
random_addition,42,128,93,0.00410637407296898,0.06408099619207695,0.1924132090839542,93,14,inf
random_addition,42,128,94,0.0037666426766613443,0.061372980021026716,0.25922704124882123,94,14,inf
random_addition,42,128,95,0.00334407169101819,0.05782794904730921,0.3423326570952233,95,14,inf
random_addition,42,128,96,0.0033870570873051906,0.058198428563881265,0.333878863644649,96,14,inf
random_addition,42,128,97,0.003391883557145328,0.0582398794396531,0.33292965803883057,97,14,inf
random_addition,42,128,98,0.0034323328386048984,0.05858611472529048,0.32497463376965185,98,14,inf
random_addition,42,128,99,0.003494727154043082,0.05911621735228906,0.31270375340640866,99,14,inf
random_addition,42,128,100,0.0035419284667571197,0.05951410309125997,0.30342082983822194,100,14,inf
random_addition,42,128,101,0.0035161384758307435,0.05929703597845969,0.3084928606955879,101,14,inf
random_addition,42,128,102,0.003554552229284242,0.05962006565984511,0.30093815687969294,102,14,inf
random_addition,42,128,103,0.0037804434869038958,0.061485311147491936,0.25651288227115043,103,14,inf
random_addition,42,128,104,0.0036967880296940197,0.06080121733727064,0.2729651199461005,104,14,inf
random_addition,42,128,105,0.0037757639254663404,0.061447245060021534,0.25743319589506675,105,14,inf
random_addition,42,128,106,0.0037230862691176314,0.061017098170247586,0.26779313356457224,106,14,inf
random_addition,42,128,107,0.0037096337022306572,0.06090676236864555,0.27043880469165005,107,14,inf
random_addition,42,128,108,0.0035925508343451337,0.05993789147396773,0.2934650989032128,108,14,inf
random_addition,42,128,109,0.004009697631867324,0.06332217330341185,0.21142623990849907,109,14,inf
random_addition,42,128,110,0.00425470670445666,0.06522811283838173,0.16324112886851083,110,14,inf
random_addition,42,128,111,0.004261092339996891,0.06527704297834647,0.16198528738347884,111,14,inf
random_addition,42,128,112,0.004406399944407844,0.06638071967377157,0.13340812907868405,112,14,inf
random_addition,42,128,113,0.004417841227462766,0.06646684306827552,0.13115801038464936,113,14,inf
random_addition,42,128,114,0.004177484586100402,0.06463346336148483,0.1784281434080751,114,14,inf
random_addition,42,128,115,0.004102792766616488,0.06405304650534968,0.19311753257058806,115,14,inf
random_addition,42,128,116,0.00409571698861356,0.06399778893534963,0.19450910205477956,116,14,inf
random_addition,42,128,117,0.004091395591417855,0.06396401794304243,0.1953589767207351,117,14,inf
random_addition,42,128,118,0.004053136067666668,0.06366424481344822,0.2028833486993108,118,14,inf
random_addition,42,128,119,0.004245682290457333,0.06515890031651342,0.16501593004641346,119,14,inf
random_addition,42,128,120,0.004139004313092576,0.06433509394640359,0.18599592940120424,120,14,inf
random_addition,42,128,121,0.004121098390297894,0.06419578171732075,0.18951742707072683,121,14,inf
random_addition,42,128,122,0.003978971308067724,0.06307908772380688,0.21746908276524468,122,14,inf
random_addition,42,128,123,0.004066016445482683,0.063765323221032,0.20035020807417991,123,14,inf
random_addition,42,128,124,0.0041221664167732566,0.06420409968820727,0.1893073818925417,124,14,inf
random_addition,42,128,125,0.003948478439305132,0.06283691939700045,0.22346601280430478,125,14,inf
random_addition,42,128,126,0.003553374024777523,0.05961018390155765,0.30116987040109067,126,14,inf
random_addition,42,128,127,0.003516618996731139,0.05930108765217666,0.3083983582647273,127,14,inf
random_addition,42,128,128,0.003449627044247272,0.058733525726345354,0.3215734404570153,128,14,inf
random_addition,42,128,129,0.003248374674976454,0.056994514428815465,0.3611530676842444,129,14,inf
random_addition,42,128,130,0.0032122422633104513,0.05667664654256153,0.3682591076764331,130,14,inf
random_addition,42,128,131,0.00315188304291113,0.0561416337748656,0.380129752736599,131,14,inf
random_addition,42,128,132,0.003053969952550061,0.055262735659303557,0.39938599121567087,132,14,inf
random_addition,42,128,133,0.002994527130889515,0.05472227271312399,0.41107641121511496,133,14,inf
random_addition,42,128,134,0.0029697669625454184,0.05449556828353493,0.4159459103255778,134,14,inf
random_addition,42,128,135,0.002832891387130659,0.05322491321862966,0.44286476982053635,135,14,inf
random_addition,42,128,136,0.0027840404191566198,0.05276400685274593,0.45247212554562566,136,14,inf
random_addition,42,128,137,0.002536735295038153,0.050366013293074455,0.5011087933247804,137,14,inf
random_addition,42,128,138,0.0024945312831219815,0.0499452828916003,0.5094089145367091,138,14,inf
random_addition,42,128,139,0.002724487571768077,0.05219662414149096,0.46418418393529237,139,14,inf
random_addition,42,128,140,0.002723041735842698,0.052182772404718955,0.46446853162851753,140,14,inf
random_addition,42,128,141,0.002728907140624175,0.05223894275944121,0.46331500217875843,141,14,inf
random_addition,42,128,142,0.002703563432986975,0.051995802070811205,0.4682992640012189,142,14,inf
random_addition,42,128,143,0.0026398977397559358,0.05137993518637344,0.4808201819629686,143,14,inf
random_addition,42,128,144,0.002676251116533573,0.05173249575009477,0.47367068550474967,144,14,inf
random_addition,42,128,145,0.0027602767363125178,0.05253833587307955,0.45714564920114087,145,14,inf
random_addition,42,128,146,0.002733284895369254,0.052280827225372535,0.4624540438629371,146,14,inf
random_addition,42,128,147,0.002724432048810712,0.052196092275291185,0.46419510344875214,147,14,inf
random_addition,42,128,148,0.0027573927130551015,0.052510881853717724,0.45771284036443893,148,14,inf
random_addition,42,128,149,0.00271594296377847,0.05211470966798597,0.46586462327748146,149,14,inf
random_addition,42,128,150,0.0026800483819562917,0.05176918370958047,0.47292389007342817,150,14,inf
random_addition,42,129,10,0.00962854819961681,0.0981251659851682,-0.8936142210947935,10,10,inf
random_addition,42,129,11,0.006599739675094177,0.0812387818415206,-0.29794862581455694,11,11,inf
random_addition,42,129,12,0.008368272554058458,0.09147826274071047,-0.6457600445924947,12,12,inf
random_addition,42,129,13,0.011428613990622909,0.10690469583055232,-1.24762711172882,13,13,inf
random_addition,42,129,14,0.013723593255832282,0.11714774114694777,-1.6989729723530727,14,14,inf
random_addition,42,129,15,0.013771379137847905,0.1173515195378735,-1.7083708612015642,15,14,inf
random_addition,42,129,16,0.016064833156564866,0.12674712287292705,-2.1594167567232043,16,14,inf
random_addition,42,129,17,0.011400103785150986,0.10677126853770627,-1.2420201054170983,17,14,inf
random_addition,42,129,18,0.016073775684223246,0.12678239500902025,-2.161175453589583,18,14,inf
random_addition,42,129,19,0.01615927125181326,0.12711912229013092,-2.177989579589956,19,14,inf
random_addition,42,129,20,0.012369426276629545,0.11121792246139803,-1.4326535027514837,20,14,inf
random_addition,42,129,21,0.011448661215150664,0.10699841688151589,-1.2515697320151,21,14,inf
random_addition,42,129,22,0.011689009665222613,0.10811572348748638,-1.2988382540849641,22,14,inf
random_addition,42,129,23,0.011825580699595451,0.10874548588146292,-1.3256972205165103,23,14,inf
random_addition,42,129,24,0.011294599348546649,0.10627605256381444,-1.2212709023803914,24,14,inf
random_addition,42,129,25,0.0060717953729065985,0.07792172593639465,-0.19411959387304867,25,14,inf
random_addition,42,129,26,0.0077181362014860965,0.08785292369344401,-0.5178999126848911,26,14,inf
random_addition,42,129,27,0.0072435035920897966,0.08510877505927222,-0.42455551222959387,27,14,inf
random_addition,42,129,28,0.0063470347814207585,0.07966827964391322,-0.24825000350104176,28,14,inf
random_addition,42,129,29,0.007038190051146873,0.08389392141953357,-0.38417718801573986,29,14,inf
random_addition,42,129,30,0.006920738478149396,0.0831909759418015,-0.361078381808712,30,14,inf
random_addition,42,129,31,0.006422571037847789,0.08014094482752115,-0.26310546523972644,31,14,inf
random_addition,42,129,32,0.005775253662773074,0.07599508972804148,-0.13579973216441044,32,14,inf
random_addition,42,129,33,0.004748200432521664,0.06890718708902333,0.0661873755807445,33,14,inf
random_addition,42,129,34,0.00482705186463659,0.06947698802219761,0.05067992937899435,34,14,inf
random_addition,42,129,35,0.0037524324501775523,0.061257101222450545,0.26202171874295865,35,14,inf
random_addition,42,129,36,0.004157556348326996,0.06447911559820743,0.1823473629691904,36,14,inf
random_addition,42,129,37,0.003947260300941013,0.06282722579376725,0.2237055799832539,37,14,inf
random_addition,42,129,38,0.003952493386917808,0.06286885864176164,0.22267640654812837,38,14,inf
random_addition,42,129,39,0.004022576623116627,0.06342378594121158,0.2088933719747843,39,14,inf
random_addition,42,129,40,0.004448120672898358,0.06669423268093246,0.1252030535941766,40,14,inf
random_addition,42,129,41,0.004587444614857412,0.06773067705890302,0.09780268207781984,41,14,inf
random_addition,42,129,42,0.004597862144774653,0.06780753752183198,0.09575390147341334,42,14,inf
random_addition,42,129,43,0.004065576358246139,0.0637618722925083,0.20043675855223386,43,14,inf
random_addition,42,129,44,0.003984433122850904,0.06312236626466805,0.21639492600432952,44,14,inf
random_addition,42,129,45,0.0072565839630744765,0.08518558541839386,-0.4271279848392,45,14,inf
random_addition,42,129,46,0.00646257654825501,0.08039015206015604,-0.2709732145471748,46,14,inf
random_addition,42,129,47,0.006473874603193342,0.08046039151777315,-0.27319516504878694,47,14,inf
random_addition,42,129,48,0.0065403660795317065,0.0808725298202777,-0.2862718202792116,48,14,inf
random_addition,42,129,49,0.006307199896746027,0.0794178814672491,-0.2404158105830747,49,14,inf
random_addition,42,129,50,0.0064925902396903434,0.0805766109965562,-0.2768759063913886,50,14,inf
random_addition,42,129,51,0.0061827018636117035,0.07863015874085276,-0.21593120073806515,51,14,inf
random_addition,42,129,52,0.0063501803593132445,0.07968801891949155,-0.24886863373555723,52,14,inf
random_addition,42,129,53,0.006290841633098553,0.07931482606107482,-0.23719868583767356,53,14,inf
random_addition,42,129,54,0.0069289623118448645,0.08324038870551281,-0.36269573554832113,54,14,inf
random_addition,42,129,55,0.006919351611959999,0.08318264008770099,-0.36080563149531564,55,14,inf
random_addition,42,129,56,0.006237303133061836,0.07897659864201444,-0.22666944893260776,56,14,inf
random_addition,42,129,57,0.00640639182694481,0.08003993894890732,-0.2599235541959417,57,14,inf
random_addition,42,129,58,0.0064755269293087754,0.08047065880995864,-0.27352012247385304,58,14,inf
random_addition,42,129,59,0.006592122531904514,0.08119188710643764,-0.29645058785815603,59,14,inf
random_addition,42,129,60,0.006247199318556253,0.07903922645469307,-0.22861569848117047,60,14,inf
random_addition,42,129,61,0.007080912314735166,0.08414815693011443,-0.39257923204262335,61,14,inf
random_addition,42,129,62,0.0073583756623112565,0.08578097494381406,-0.44714701629316744,62,14,inf
random_addition,42,129,63,0.006893508645558556,0.08302715607292926,-0.35572318212927345,63,14,inf
random_addition,42,129,64,0.006977581809656436,0.0835319209024696,-0.37225756881433125,64,14,inf
random_addition,42,129,65,0.00700050682706569,0.08366903146962854,-0.3767661549568131,65,14,inf
random_addition,42,129,66,0.006974731819712086,0.08351485987363019,-0.37169707086835735,66,14,inf
random_addition,42,129,67,0.0070947827927804515,0.08423053361329519,-0.395307092352964,67,14,inf
random_addition,42,129,68,0.007721927131476608,0.08787449647922091,-0.5186454621480485,68,14,inf
random_addition,42,129,69,0.007432345302692149,0.08621105093137509,-0.4616943769181161,69,14,inf
random_addition,42,129,70,0.007457608465053567,0.0863574459155293,-0.4666627981718323,70,14,inf
random_addition,42,129,71,0.007607266038334839,0.08721964250290665,-0.4960954502378241,71,14,inf
random_addition,42,129,72,0.007466805310325765,0.08641067821933679,-0.46847151082877625,72,14,inf
random_addition,42,129,73,0.007412891087784065,0.08609814799276501,-0.45786838184113776,73,14,inf
random_addition,42,129,74,0.007748924906180637,0.08802797797394098,-0.523955023782636,74,14,inf
random_addition,42,129,75,0.005653306302423232,0.07518847187184503,-0.11181675456529283,75,14,inf
random_addition,42,129,76,0.005700357796509696,0.07550071388079517,-0.12107021380740712,76,14,inf
random_addition,42,129,77,0.0055728742995510856,0.07465168651511556,-0.09599846282366808,77,14,inf
random_addition,42,129,78,0.005031534336041287,0.07093330907296858,0.0104650488187088,78,14,inf
random_addition,42,129,79,0.0050549263804380495,0.07109800546033658,0.0058646140478724185,79,14,inf
random_addition,42,129,80,0.005054365295459725,0.07109405949486726,0.005974960745232294,80,14,inf
random_addition,42,129,81,0.0043644264267915355,0.06606380572440204,0.14166291975115286,81,14,inf
random_addition,42,129,82,0.00374490116949384,0.0611955976316421,0.2635028704088247,82,14,inf
random_addition,42,129,83,0.003759625438356784,0.061315784577519544,0.2606070979272368,83,14,inf
random_addition,42,129,84,0.0038026102038970374,0.06166530794455694,0.25215342852350586,84,14,inf
random_addition,42,129,85,0.003676658888797912,0.06063545900541953,0.2769238504492938,85,14,inf
random_addition,42,129,86,0.0035462921172483993,0.059550752449053064,0.302562645358603,86,14,inf
random_addition,42,129,87,0.0034755785535724275,0.05895403763587722,0.3164696443188867,87,14,inf
random_addition,42,129,88,0.00348150940286778,0.05900431681553291,0.3153032441164868,88,14,inf
random_addition,42,129,89,0.0033445110274863904,0.057831747574203486,0.34224625426825683,89,14,inf
random_addition,42,129,90,0.003391104651690962,0.05823319201014969,0.33308284275730504,90,14,inf
random_addition,42,129,91,0.003404580416892784,0.05834878247995226,0.3304326092955958,91,14,inf
random_addition,42,129,92,0.0033184458517576685,0.05760595326663442,0.34737240479603915,92,14,inf
random_addition,42,129,93,0.0036503142192377985,0.060417830308922865,0.28210496808975594,93,14,inf
random_addition,42,129,94,0.0037387114744838234,0.061145003675556545,0.2647201769281683,94,14,inf
random_addition,42,129,95,0.0036688995390756094,0.06057144161298796,0.2784498556866343,95,14,inf
random_addition,42,129,96,0.003686131542639778,0.060713520262292306,0.2750608954477102,96,14,inf
random_addition,42,129,97,0.0036657066209565834,0.06054507924643078,0.2790777961644334,97,14,inf
random_addition,42,129,98,0.003621866179274091,0.060181942302272785,0.287699748519862,98,14,inf
random_addition,42,129,99,0.003604821067707898,0.06004016212259839,0.29105195333752865,99,14,inf
random_addition,42,129,100,0.0036362080243024257,0.06030097863469901,0.2848791860488269,100,14,inf
random_addition,42,129,101,0.003583430787083809,0.05986176398239371,0.2952587079534109,101,14,inf
random_addition,42,129,102,0.0034098532728401043,0.05839394894028065,0.329395614434,102,14,inf
random_addition,42,129,103,0.00368490514863007,0.06070341957937848,0.275302086236737,103,14,inf
random_addition,42,129,104,0.0036812082986128454,0.06067296184144009,0.2760291333076702,104,14,inf
random_addition,42,129,105,0.003253763064721132,0.05704176596776376,0.3600933511789327,105,14,inf
random_addition,42,129,106,0.0029075089839963545,0.053921322164764786,0.4281899777709496,106,14,inf
random_addition,42,129,107,0.0029496616412179833,0.05431078752161474,0.4198999563142375,107,14,inf
random_addition,42,129,108,0.002937378423957044,0.05419758688315416,0.42231565537954796,108,14,inf
random_addition,42,129,109,0.002945703978364355,0.05427433996249383,0.4206782965693372,109,14,inf
random_addition,42,129,110,0.0029482049505008645,0.054297375171373286,0.4201864387828803,110,14,inf
random_addition,42,129,111,0.0028495392394790203,0.05338107566805881,0.4395906926383919,111,14,inf
random_addition,42,129,112,0.0028416912504584902,0.05330751589089938,0.44113413026867376,112,14,inf
random_addition,42,129,113,0.002883623167001162,0.053699377715213444,0.4328875211395713,113,14,inf
random_addition,42,129,114,0.0029281337503404836,0.054112232908469816,0.42413377427626764,114,14,inf
random_addition,42,129,115,0.0029133286236852993,0.05397525936654033,0.42704544878816153,115,14,inf
random_addition,42,129,116,0.0030388199852449988,0.05512549306124163,0.4023654843794615,116,14,inf
random_addition,42,129,117,0.003015111752163008,0.05491003325589057,0.40702810291658165,117,14,inf
random_addition,42,129,118,0.0027129343701206253,0.0520858365596697,0.4664563132828571,118,14,inf
random_addition,42,129,119,0.003027261073779224,0.05502055137654678,0.40463873665781,119,14,inf
random_addition,42,129,120,0.0030313558162594237,0.05505774982924224,0.40383343741316,120,14,inf
random_addition,42,129,121,0.0030316874642127324,0.05506076156586224,0.40376821332456825,121,14,inf
random_addition,42,129,122,0.0028966802726516565,0.05382081635066172,0.43031962404506463,122,14,inf
random_addition,42,129,123,0.0026497031619782526,0.05147526747845273,0.4788917825221518,123,14,inf
random_addition,42,129,124,0.0026381193420595343,0.051362625926441245,0.4811699334622447,124,14,inf
random_addition,42,129,125,0.002641031216854631,0.05139096435030803,0.48059726483061627,125,14,inf
random_addition,42,129,126,0.00264710198238518,0.05144999496972939,0.47940334777237925,126,14,inf
random_addition,42,129,127,0.0027891650286584898,0.052812546129290996,0.45146428581432696,127,14,inf
random_addition,42,129,128,0.002809745152384813,0.05300702927334084,0.4474168620332831,128,14,inf
random_addition,42,129,129,0.002687559389225685,0.05184167618071087,0.47144672551183464,129,14,inf
random_addition,42,129,130,0.002704828713396954,0.05200796778760879,0.4680504255545147,130,14,inf
random_addition,42,129,131,0.0027123397340966375,0.05208012801536338,0.4665732583516311,131,14,inf
random_addition,42,129,132,0.0026755193399757788,0.05172542256933024,0.47381460154149524,132,14,inf
random_addition,42,129,133,0.002756349576562252,0.052500948339646705,0.4579179905133972,133,14,inf
random_addition,42,129,134,0.0027470944576429334,0.052412731827705124,0.4597381636527125,134,14,inf
random_addition,42,129,135,0.0026824821952321208,0.05179268476563192,0.4724452401944379,135,14,inf
random_addition,42,129,136,0.0027872126183856425,0.05279405855193975,0.45184825978230503,136,14,inf
random_addition,42,129,137,0.0028187635238184775,0.053092028816183676,0.44564324922646537,137,14,inf
random_addition,42,129,138,0.002791654040377153,0.05283610546186342,0.45097478024305915,138,14,inf
random_addition,42,129,139,0.002795743689294488,0.05287479256975377,0.45017048273230276,139,14,inf
random_addition,42,129,140,0.0028054185835313314,0.0529662022758979,0.44826775379179606,140,14,inf
random_addition,42,129,141,0.0027784633057705817,0.05271113075784451,0.4535689576953448,141,14,inf
random_addition,42,129,142,0.002810405412556138,0.053013256951031956,0.44728701088395895,142,14,inf
random_addition,42,129,143,0.0028104017624411134,0.0530132225245845,0.4472877287398159,143,14,inf
random_addition,42,129,144,0.002830470108236547,0.05320216262743975,0.4433409546047917,144,14,inf
random_addition,42,129,145,0.002860106554737417,0.053479964049515,0.4375124542542409,145,14,inf
random_addition,42,129,146,0.002874026520044364,0.05360994795785912,0.43477486145043376,146,14,inf
random_addition,42,129,147,0.002852723113916703,0.053410889469439685,0.4389645307510145,147,14,inf
random_addition,42,129,148,0.002721798127556559,0.05217085515454543,0.4647131078914475,148,14,inf
random_addition,42,129,149,0.0026838425889939054,0.05180581616955673,0.47217769612442884,149,14,inf
random_addition,42,129,150,0.0026800483819562917,0.05176918370958047,0.47292389007342817,150,14,inf
random_addition,42,130,10,0.00962854819961681,0.0981251659851682,-0.8936142210947935,10,10,inf
random_addition,42,130,11,0.008064140228617424,0.08980055806406452,-0.5859473620769009,11,11,inf
random_addition,42,130,12,0.011639278965264125,0.10788549005897005,-1.2890578844265206,12,12,inf
random_addition,42,130,13,0.013895909296098543,0.11788091150011754,-1.7328617889852538,13,13,inf
random_addition,42,130,14,0.01003589147860252,0.10017929665655734,-0.9737250550401875,14,14,inf
random_addition,42,130,15,0.006693586930699623,0.08181434428448121,-0.3164052502340373,15,14,inf
random_addition,42,130,16,0.0063703133712251225,0.07981424290955294,-0.25282812553841505,16,14,inf
random_addition,42,130,17,0.0025294685766200477,0.05029382244987994,0.5025379144188373,17,14,inf
random_addition,42,130,18,0.003075203013961522,0.055454513017080244,0.39521015637405665,18,14,inf
random_addition,42,130,19,0.0027770237092948576,0.052697473462158105,0.4538520782969717,19,14,inf
random_addition,42,130,20,0.004343805681969321,0.06590755405846375,0.14571833234663278,20,14,inf
random_addition,42,130,21,0.0040692906440336135,0.0637909918721571,0.19970628244695232,21,14,inf
random_addition,42,130,22,0.004199698144535986,0.06480507807676791,0.17405947751133943,22,14,inf
random_addition,42,130,23,0.004228203816665868,0.06502464007332812,0.16845336275676415,23,14,inf
random_addition,42,130,24,0.004263762635402029,0.06529749333168945,0.16146012935873177,24,14,inf
random_addition,42,130,25,0.00440161206082401,0.06634464605997993,0.13434974605513061,25,14,inf
random_addition,42,130,26,0.004817891432137487,0.06941103249583229,0.05248148085820603,26,14,inf
random_addition,42,130,27,0.005282739448290958,0.07268245626209228,-0.03893861652168207,27,14,inf
random_addition,42,130,28,0.005820589806267593,0.07629279000185793,-0.1447158391694343,28,14,inf
random_addition,42,130,29,0.0031746131050710107,0.056343705105992195,0.37565950778793356,29,14,inf
random_addition,42,130,30,0.0033006053625604785,0.057450895228538246,0.3508810338598093,30,14,inf
random_addition,42,130,31,0.003684626136605552,0.06070112137848486,0.27535695859407794,31,14,inf
random_addition,42,130,32,0.003403727156803757,0.05834147030032545,0.3306004170902266,32,14,inf
random_addition,42,130,33,0.0032364814957540717,0.056890082578196985,0.36349205927909656,33,14,inf
random_addition,42,130,34,0.0031075193062021825,0.05574512809387187,0.388854619766533,34,14,inf
random_addition,42,130,35,0.003062239437482691,0.055337504799933754,0.39775965940064395,35,14,inf
random_addition,42,130,36,0.002853300539840265,0.053416294703397996,0.43885097033486276,36,14,inf
random_addition,42,130,37,0.0029240232750654457,0.054074238552802995,0.4249421676368139,37,14,inf
random_addition,42,130,38,0.0032658057717219607,0.05714722890676293,0.3577249524583286,38,14,inf
random_addition,42,130,39,0.003233608942203839,0.056864830450849314,0.36405699473362263,39,14,inf
random_addition,42,130,40,0.0029372275898275945,0.05419619534457741,0.4223453194209622,40,14,inf
random_addition,42,130,41,0.0028796861517790826,0.05366270727217443,0.43366180069435334,41,14,inf
random_addition,42,130,42,0.002772892525669274,0.052658261703832136,0.45466454429923675,42,14,inf
random_addition,42,130,43,0.0022706847298139135,0.04765170227614029,0.5534320640187962,43,14,inf
random_addition,42,130,44,0.002186763225857149,0.0467628402244469,0.5699366242135009,44,14,inf
random_addition,42,130,45,0.0021790145504964283,0.04667991592212253,0.5714605301600164,45,14,inf
random_addition,42,130,46,0.002392774251786148,0.048915991779643474,0.5294211279710865,46,14,inf
random_addition,42,130,47,0.0024303533420200023,0.04929861399694724,0.522030574566009,47,14,inf
random_addition,42,130,48,0.0023613308794755393,0.04859352713557166,0.5356049903491049,48,14,inf
random_addition,42,130,49,0.002540317962528847,0.05040156706421782,0.50040420214767,49,14,inf
random_addition,42,130,50,0.0022038214540206643,0.04694487676009667,0.5665818397987127,50,14,inf
random_addition,42,130,51,0.002107202364489429,0.04590427392399785,0.5855835914826124,51,14,inf
random_addition,42,130,52,0.001971188467892322,0.04439806829009931,0.6123329874998695,52,14,inf
random_addition,42,130,53,0.00199593296822036,0.04467586561243509,0.6074665697654782,53,14,inf
random_addition,42,130,54,0.0019231986961637762,0.04385428937018335,0.6217709746531024,54,14,inf
random_addition,42,130,55,0.0019087142778060786,0.043688834704144704,0.6246195765417561,55,14,inf
random_addition,42,130,56,0.0019272374887441626,0.04390031308253009,0.620976678887249,56,14,inf
random_addition,42,130,57,0.0018093661288148904,0.04253664454108822,0.6441580431796078,57,14,inf
random_addition,42,130,58,0.0018208164234351676,0.04267102557280722,0.6419061522112949,58,14,inf
random_addition,42,130,59,0.0017500223710720318,0.04183326871130239,0.6558289806112294,59,14,inf
random_addition,42,130,60,0.0018369728855922329,0.04285992167039311,0.6387287150869301,60,14,inf
random_addition,42,130,61,0.00204716558499764,0.04524561398630413,0.5973908231729422,61,14,inf
random_addition,42,130,62,0.0021137936302042084,0.04597601146472156,0.5842873094020992,62,14,inf
random_addition,42,130,63,0.002029945382559508,0.04505491518757424,0.6007774625240623,63,14,inf
random_addition,42,130,64,0.0020670866005341186,0.04546522407878486,0.5934730239848955,64,14,inf
random_addition,42,130,65,0.0016283509095075224,0.040352830253992375,0.6797576981232956,65,14,inf
random_addition,42,130,66,0.0016985384343997513,0.041213328358672405,0.6659541534430438,66,14,inf
random_addition,42,130,67,0.0016916479940117923,0.04112964860063592,0.6673092732012607,67,14,inf
random_addition,42,130,68,0.0016447524776105158,0.04055554804968755,0.6765320568361367,68,14,inf
random_addition,42,130,69,0.0015521915503147502,0.039397862255644664,0.6947357033892025,69,14,inf
random_addition,42,130,70,0.0015527597141835074,0.03940507218853313,0.6946239645102474,70,14,inf
random_addition,42,130,71,0.0017546623251219855,0.041888689704047626,0.6549164564391462,71,14,inf
random_addition,42,130,72,0.002083167722919707,0.04564173225152292,0.5903104036802345,72,14,inf
random_addition,42,130,73,0.0020500260438331827,0.04527721329579795,0.5968282663453142,73,14,inf
random_addition,42,130,74,0.001847234625786065,0.042979467490722414,0.6367105731239502,74,14,inf
random_addition,42,130,75,0.0018608133448211478,0.04313714576581473,0.6340400920777935,75,14,inf
random_addition,42,130,76,0.0019178072460015049,0.04379277618513703,0.6228312930404588,76,14,inf
random_addition,42,130,77,0.0019077836464802833,0.0436781827286837,0.6248026006775437,77,14,inf
random_addition,42,130,78,0.001939195485000892,0.04403629735798517,0.6186249399440464,78,14,inf
random_addition,42,130,79,0.0022037743357194396,0.04694437491030677,0.5665911063966902,79,14,inf
random_addition,42,130,80,0.0027001021502074726,0.051962507158599194,0.4689799828550496,80,14,inf
random_addition,42,130,81,0.0027055148795248193,0.05201456410972622,0.4679154795677656,81,14,inf
random_addition,42,130,82,0.0027992248961390175,0.05290770167129751,0.44948584547955095,82,14,inf
random_addition,42,130,83,0.002904234757556945,0.05389095246474073,0.42883390888291073,83,14,inf
random_addition,42,130,84,0.0029714415554937318,0.054510930605647635,0.4156165737573091,84,14,inf
random_addition,42,130,85,0.0029087369105654176,0.05393270724305815,0.4279484855786241,85,14,inf
random_addition,42,130,86,0.0029135717336986793,0.053977511370001854,0.4269976371587151,86,14,inf
random_addition,42,130,87,0.002988599568493014,0.05466808546577257,0.4122421649941621,87,14,inf
random_addition,42,130,88,0.0028897520718755123,0.053756414239377166,0.43168217001194553,88,14,inf
random_addition,42,130,89,0.002914069569604564,0.05398212268524242,0.42689972944390586,89,14,inf
random_addition,42,130,90,0.0028938834703515,0.05379482754272477,0.43086966175577346,90,14,inf
random_addition,42,130,91,0.0029239667835208863,0.05407371619854591,0.42495327763906254,91,14,inf
random_addition,42,130,92,0.0029369602299374508,0.05419372869564753,0.4223979001921886,92,14,inf
random_addition,42,130,93,0.0030750224546142076,0.05545288499811536,0.39524566637418734,93,14,inf
random_addition,42,130,94,0.003257108355722259,0.05707108160638152,0.3594354440384059,94,14,inf
random_addition,42,130,95,0.003269814842569287,0.05718229483475884,0.3569365019658467,95,14,inf
random_addition,42,130,96,0.0033883121664199803,0.058209210322937556,0.33363203145239184,96,14,inf
random_addition,42,130,97,0.0035165641989428537,0.05930062562016402,0.30840913516162083,97,14,inf
random_addition,42,130,98,0.0034641173428544628,0.05885675273793537,0.3187236821194521,98,14,inf
random_addition,42,130,99,0.003774796748715975,0.06143937457946634,0.2576234072967064,99,14,inf
random_addition,42,130,100,0.003205878939182992,0.056620481622668944,0.369510561250885,100,14,inf
random_addition,42,130,101,0.003335582955392896,0.05775450593151062,0.3440021082072623,101,14,inf
random_addition,42,130,102,0.0037521508177764326,0.06125480240582311,0.26207710644096105,102,14,inf
random_addition,42,130,103,0.0036666325073652557,0.06055272502014468,0.27889570519555296,103,14,inf
random_addition,42,130,104,0.0036875548111068982,0.060725240313290636,0.2747809860206709,104,14,inf
random_addition,42,130,105,0.0037000002054126567,0.06082762699146381,0.27233339214089425,105,14,inf
random_addition,42,130,106,0.0037680909865628253,0.06138477813401972,0.2589422070070291,106,14,inf
random_addition,42,130,107,0.0037292221380414254,0.06106735738544305,0.2665864128407426,107,14,inf
random_addition,42,130,108,0.0037295643854112354,0.06107015953320603,0.26651910420052305,108,14,inf
random_addition,42,130,109,0.0036975285766939676,0.06080730693505483,0.2728194790559665,109,14,inf
random_addition,42,130,110,0.003659948219673624,0.06049750589630637,0.2802102815956863,110,14,inf
random_addition,42,130,111,0.003679716485099717,0.06066066670503809,0.27632252325858664,111,14,inf
random_addition,42,130,112,0.0035352022047438853,0.05945756642130491,0.30474366118714513,112,14,inf
random_addition,42,130,113,0.0037294834636273306,0.06106949699831603,0.2665350188158546,113,14,inf
random_addition,42,130,114,0.0037349633549992726,0.0611143465562651,0.26545730699296766,114,14,inf
random_addition,42,130,115,0.003776617680288501,0.0614541917226848,0.2572652908029329,115,14,inf
random_addition,42,130,116,0.0037562387471150303,0.06128816155763713,0.26127314711397676,116,14,inf
random_addition,42,130,117,0.0037730003119456497,0.06142475325099524,0.2579767064800371,117,14,inf
random_addition,42,130,118,0.003709269466205175,0.060903772183709404,0.27051043776689554,118,14,inf
random_addition,42,130,119,0.003370011968306742,0.05805180417787842,0.3372310699239923,119,14,inf
random_addition,42,130,120,0.0034517535347502065,0.05875162580516565,0.32115523071512087,120,14,inf
random_addition,42,130,121,0.003504637042751916,0.05919997502323726,0.31075480889271123,121,14,inf
random_addition,42,130,122,0.0030641433003154683,0.05535470440997286,0.39738523309457796,122,14,inf
random_addition,42,130,123,0.003071161831518117,0.055418064126403016,0.3960049221462397,123,14,inf
random_addition,42,130,124,0.0025817030267835093,0.05081046178478906,0.49226514062054705,124,14,inf
random_addition,42,130,125,0.002618902530812188,0.051175214028005664,0.4849492391589766,125,14,inf
random_addition,42,130,126,0.0025686960394324374,0.05068230499328575,0.4948231811175111,126,14,inf
random_addition,42,130,127,0.0025981421348112944,0.050971974013287874,0.4890321164825191,127,14,inf
random_addition,42,130,128,0.0025977369014203674,0.050967998797484364,0.4891118123718695,128,14,inf
random_addition,42,130,129,0.0025423537243413428,0.05042175844158296,0.5000038357124625,129,14,inf
random_addition,42,130,130,0.0023367731079142083,0.048340181091036556,0.5404346847643839,130,14,inf
random_addition,42,130,131,0.002336767759965242,0.048340125775231925,0.5404357365275372,131,14,inf
random_addition,42,130,132,0.002319333390165168,0.04815945795132217,0.5438644954540968,132,14,inf
random_addition,42,130,133,0.002321936084196681,0.04818647200404571,0.54335263236435,133,14,inf
random_addition,42,130,134,0.0023376129872182475,0.04834886748640807,0.5402695085237752,134,14,inf
random_addition,42,130,135,0.002362214422542177,0.04860261744538227,0.5354312269030226,135,14,inf
random_addition,42,130,136,0.0023543317220459494,0.04852145630590604,0.5369814911225943,136,14,inf
random_addition,42,130,137,0.002361363247812484,0.04859386018637009,0.5355986245770403,137,14,inf
random_addition,42,130,138,0.0025608553860496054,0.05060489488230961,0.4963651760725757,138,14,inf
random_addition,42,130,139,0.0025172918817520746,0.050172620837983684,0.5049326640830539,139,14,inf
random_addition,42,130,140,0.0025721137368810666,0.05071601065621257,0.4941510340442502,140,14,inf
random_addition,42,130,141,0.002522067004989582,0.050220185234520806,0.5039935566410427,141,14,inf
random_addition,42,130,142,0.002689292251038964,0.05185838650632089,0.47110592940168505,142,14,inf
random_addition,42,130,143,0.0026591951086795264,0.051567384155874404,0.47702503325873524,143,14,inf
random_addition,42,130,144,0.0026253270292095035,0.05123794520869766,0.4836857546464265,144,14,inf
random_addition,42,130,145,0.0026326981694354003,0.051309825271924285,0.4822360972663038,145,14,inf
random_addition,42,130,146,0.002666820455194845,0.05164126697898537,0.47552538198184213,146,14,inf
random_addition,42,130,147,0.0025819877339838685,0.05081326336680088,0.49220914821211004,147,14,inf
random_addition,42,130,148,0.002571001441731604,0.05070504355319699,0.4943697853938215,148,14,inf
random_addition,42,130,149,0.0025996500852325456,0.05098676382388419,0.4887355529401045,149,14,inf
random_addition,42,130,150,0.0026800483819562917,0.05176918370958047,0.47292389007342817,150,14,inf
random_addition,42,131,10,0.00962854819961681,0.0981251659851682,-0.8936142210947935,10,10,inf
random_addition,42,131,11,0.01629884376845744,0.12766692511554212,-2.20543883745439,11,11,inf
random_addition,42,131,12,0.017987374088290837,0.1341170164009431,-2.537516421748303,12,12,inf
random_addition,42,131,13,0.010583644885545371,0.10287684329111858,-1.0814498770524392,13,13,inf
random_addition,42,131,14,0.008966332678597866,0.0946907211853298,-0.7633785197165655,14,14,inf
random_addition,42,131,15,0.011256887549344056,0.10609848042900547,-1.2138542495483535,15,14,inf
random_addition,42,131,16,0.011276556129608319,0.10619113018330824,-1.2177224031396325,16,14,inf
random_addition,42,131,17,0.010623503241799876,0.10307038004101797,-1.0892886860471322,17,14,inf
random_addition,42,131,18,0.010921883856503771,0.10450781720284742,-1.1479701989386384,18,14,inf
random_addition,42,131,19,0.007896463481296084,0.08886204747413873,-0.5529709395994973,19,14,inf
random_addition,42,131,20,0.007428845969267598,0.08619075338612373,-0.4610061747717795,20,14,inf
random_addition,42,131,21,0.00994658016024549,0.09973254313535522,-0.9561604981579437,21,14,inf
random_addition,42,131,22,0.01008405240832087,0.10041938263264154,-0.9831967032601594,22,14,inf
random_addition,42,131,23,0.010657341387929967,0.1032344002158678,-1.0959435205454393,23,14,inf
random_addition,42,131,24,0.011004039574662259,0.10490014096588364,-1.1641274879736936,24,14,inf
random_addition,42,131,25,0.009626202192953386,0.09811321110305883,-0.8931528398472219,25,14,inf
random_addition,42,131,26,0.011271382546254113,0.10616676761705666,-1.2167049318853542,26,14,inf
random_addition,42,131,27,0.011169052394387083,0.10568373760606256,-1.1965800047618749,27,14,inf
random_addition,42,131,28,0.011063934808764869,0.10518524045114347,-1.1759068824079466,28,14,inf
random_addition,42,131,29,0.011098460143133728,0.10534922943777865,-1.1826968639081197,29,14,inf
random_addition,42,131,30,0.012414424764926577,0.11142003753780814,-1.4415032042433888,30,14,inf
random_addition,42,131,31,0.013214035676073982,0.11495231914178149,-1.598759995329666,31,14,inf
random_addition,42,131,32,0.013540133805297843,0.1163620806160574,-1.6628926186669295,32,14,inf
random_addition,42,131,33,0.012913990420240856,0.1136397396170937,-1.5397511030607105,33,14,inf
random_addition,42,131,34,0.011485518427883595,0.10717051099945168,-1.2588183161976847,34,14,inf
random_addition,42,131,35,0.01040251307542095,0.10199271089357782,-1.0458272925845233,35,14,inf
random_addition,42,131,36,0.009117595979519198,0.09548610359376487,-0.7931269648420489,36,14,inf
random_addition,42,131,37,0.008468223588371206,0.09202295142175786,-0.665417078660755,37,14,inf
random_addition,42,131,38,0.00811578458204849,0.09008764944235415,-0.5961040835336417,38,14,inf
random_addition,42,131,39,0.00823285462668349,0.09073507936120125,-0.619127855839612,39,14,inf
random_addition,42,131,40,0.007377504388436959,0.08589240006215311,-0.45090899858500433,40,14,inf
random_addition,42,131,41,0.008224492203319235,0.09068898611914919,-0.6174832461355242,41,14,inf
random_addition,42,131,42,0.007855151018265274,0.08862928984407623,-0.5448461563111187,42,14,inf
random_addition,42,131,43,0.0080793525206171,0.08988521858802535,-0.5889391124289611,43,14,inf
random_addition,42,131,44,0.008260868650007008,0.0908893208798867,-0.6246372796754511,44,14,inf
random_addition,42,131,45,0.00808586777580487,0.08992145336795258,-0.5902204457745339,45,14,inf
random_addition,42,131,46,0.008240100439615738,0.0907749989788804,-0.6205528655220109,46,14,inf
random_addition,42,131,47,0.00765935226356277,0.0875177254249833,-0.5063390731361008,47,14,inf
random_addition,42,131,48,0.007121483513156145,0.08438888263957608,-0.40055823331094365,48,14,inf
random_addition,42,131,49,0.007448231790562862,0.08630313893806449,-0.4648187191067368,49,14,inf
random_addition,42,131,50,0.007472489633306904,0.08644356328441641,-0.469589427529324,50,14,inf
random_addition,42,131,51,0.008053537144642872,0.08974150179623067,-0.5838620891795316,51,14,inf
random_addition,42,131,52,0.0072095170748323195,0.08490887512405472,-0.4178714980802123,52,14,inf
random_addition,42,131,53,0.006818978893031266,0.08257710877132515,-0.34106566613055134,53,14,inf
random_addition,42,131,54,0.007051003675768048,0.08397025470824802,-0.3866972005143421,54,14,inf
random_addition,42,131,55,0.006988695312251598,0.08359841692431501,-0.37444322402673524,55,14,inf
random_addition,42,131,56,0.007492002364917568,0.08655635369467436,-0.473426930889574,56,14,inf
random_addition,42,131,57,0.007420091152645317,0.0861399509672795,-0.4592843944041338,57,14,inf
random_addition,42,131,58,0.007135163288529418,0.08446989575303984,-0.4032485887675683,58,14,inf
random_addition,42,131,59,0.007750092446395802,0.08803460936697455,-0.5241846399936474,59,14,inf
random_addition,42,131,60,0.00799273582554429,0.08940210190786506,-0.5719044980536983,60,14,inf
random_addition,42,131,61,0.007011587359392106,0.08373522173728393,-0.3789453260172473,61,14,inf
random_addition,42,131,62,0.0071496031927060335,0.08455532622316606,-0.4060884362018027,62,14,inf
random_addition,42,131,63,0.0054813091043339115,0.07403586363603731,-0.07799064355269425,63,14,inf
random_addition,42,131,64,0.004735518473907812,0.06881510353045915,0.06868149376810329,64,14,inf
random_addition,42,131,65,0.004186808658685278,0.06470555353820319,0.17659440938304893,65,14,inf
random_addition,42,131,66,0.004059785255030379,0.06371644414929618,0.20157567536272736,66,14,inf
random_addition,42,131,67,0.00418925940747991,0.06472448846827536,0.17611242885248157,67,14,inf
random_addition,42,131,68,0.004866370476648603,0.0697593755465787,0.04294727007085286,68,14,inf
random_addition,42,131,69,0.004520472621382954,0.06723446007355867,0.11097383899879243,69,14,inf
random_addition,42,131,70,0.004428616048146526,0.06654784781002708,0.12903896260574066,70,14,inf
random_addition,42,131,71,0.004443026691399203,0.06665603267071334,0.12620486981909607,71,14,inf
random_addition,42,131,72,0.004475610035401581,0.0669000002645858,0.11979681303892831,72,14,inf
random_addition,42,131,73,0.004449063009152892,0.06670129690757813,0.12501772748938467,73,14,inf
random_addition,42,131,74,0.004332914995359599,0.06582488127873531,0.1478601670878743,74,14,inf
random_addition,42,131,75,0.003986526567005341,0.063138946514852,0.21598321537675358,75,14,inf
random_addition,42,131,76,0.003984567635863269,0.06312343174973355,0.2163684717821711,76,14,inf
random_addition,42,131,77,0.0038848618579972287,0.06232866000482626,0.23597727208915464,77,14,inf
random_addition,42,131,78,0.0033253570434268525,0.05766590884939604,0.346013203953071,78,14,inf
random_addition,42,131,79,0.0032643831955699405,0.05713478096194944,0.35800472573008335,79,14,inf
random_addition,42,131,80,0.003170736894737449,0.05630929669901276,0.376421829049604,80,14,inf
random_addition,42,131,81,0.003171897745979988,0.05631960356731915,0.376193528336363,81,14,inf
random_addition,42,131,82,0.003023287232611009,0.05498442718271246,0.40542025864767794,82,14,inf
random_addition,42,131,83,0.0036306623773386436,0.060254978029525855,0.28596982980301267,83,14,inf
random_addition,42,131,84,0.003613363537224218,0.06011125965427956,0.2893719345616953,84,14,inf
random_addition,42,131,85,0.003466959658923892,0.058880893835979525,0.31816469336867326,85,14,inf
random_addition,42,131,86,0.0035390905536338557,0.05949025595535672,0.303978952676373,86,14,inf
random_addition,42,131,87,0.0036580050367722417,0.06048144373915227,0.28059244084752366,87,14,inf
random_addition,42,131,88,0.0037287458896615895,0.06106345789145575,0.266680075009341,88,14,inf
random_addition,42,131,89,0.00373575576717304,0.061120829241536306,0.2653014659533731,89,14,inf
random_addition,42,131,90,0.0034374993120893094,0.05863019113127049,0.32395856078957597,90,14,inf
random_addition,42,131,91,0.0029829790486710322,0.05461665541454394,0.41334753374178634,91,14,inf
random_addition,42,131,92,0.002772284560000432,0.05265248864014342,0.4547841108644747,92,14,inf
random_addition,42,131,93,0.0027883123178374714,0.052804472517367994,0.45163198558626416,93,14,inf
random_addition,42,131,94,0.0025041257445820274,0.05004124043808294,0.5075220040401492,94,14,inf
random_addition,42,131,95,0.002502097155510168,0.05002096715888416,0.5079209598365572,95,14,inf
random_addition,42,131,96,0.0025057895388418258,0.050057861908413805,0.5071947912136656,96,14,inf
random_addition,42,131,97,0.002573543923457779,0.05073010864819608,0.49386976405584326,97,14,inf
random_addition,42,131,98,0.0026194559747352636,0.05118062108586866,0.4848403952022774,98,14,inf
random_addition,42,131,99,0.00263271775226583,0.05131001610081437,0.48223224597684433,99,14,inf
random_addition,42,131,100,0.002675649628262945,0.05172668197616145,0.47378897818184584,100,14,inf
random_addition,42,131,101,0.003051252856432045,0.05523814675052056,0.3999203533793625,101,14,inf
random_addition,42,131,102,0.0030500119424431765,0.05522691320763072,0.4001643997639016,102,14,inf
random_addition,42,131,103,0.0031153659520910416,0.05581546337791205,0.3873114462854438,103,14,inf
random_addition,42,131,104,0.0031048851068385965,0.05572149591350358,0.3893726789040761,104,14,inf
random_addition,42,131,105,0.0029206635018204966,0.05404316332174216,0.42560292295157076,105,14,inf
random_addition,42,131,106,0.0026887355305785033,0.051853018529093395,0.471215417743982,106,14,inf
random_addition,42,131,107,0.0026383922136429512,0.051365282182062925,0.48111626872482227,107,14,inf
random_addition,42,131,108,0.0026362094819980665,0.05134403063646315,0.4815455392231256,108,14,inf
random_addition,42,131,109,0.0026165773615063723,0.05115249125415469,0.48540652239344395,109,14,inf
random_addition,42,131,110,0.002629879754022659,0.051282353241857564,0.48279038555524145,110,14,inf
random_addition,42,131,111,0.0025533524989411493,0.05053070847456178,0.4978407436694027,111,14,inf
random_addition,42,131,112,0.002831021802478984,0.0532073472603078,0.44323245475190465,112,14,inf
random_addition,42,131,113,0.0028096130390199334,0.053005783071471864,0.44744284432483383,113,14,inf
random_addition,42,131,114,0.002845265744699926,0.053341032467509715,0.44043114649703174,114,14,inf
random_addition,42,131,115,0.002834720524693329,0.05324209354160793,0.4425050394822546,115,14,inf
random_addition,42,131,116,0.0028106885181751104,0.053015927023632343,0.4472313334531517,116,14,inf
random_addition,42,131,117,0.0027917087329529843,0.05283662302752688,0.45096402403794544,117,14,inf
random_addition,42,131,118,0.0027651415035861064,0.052584612802473944,0.45618891176777054,118,14,inf
random_addition,42,131,119,0.002760044759992398,0.0525361281404749,0.4571912712045446,119,14,inf
random_addition,42,131,120,0.002754907754491639,0.05248721515275543,0.4582015488152925,120,14,inf
random_addition,42,131,121,0.0028873951433633143,0.05373448746720596,0.43214569922281654,121,14,inf
random_addition,42,131,122,0.0031364517374139526,0.05600403322452725,0.3831645757372957,122,14,inf
random_addition,42,131,123,0.0031602234402756065,0.05621586466715252,0.3784894748118769,123,14,inf
random_addition,42,131,124,0.003100100529642964,0.055678546403825635,0.3903136456242652,124,14,inf
random_addition,42,131,125,0.003145938981941037,0.05608867070934234,0.3812987512346768,125,14,inf
random_addition,42,131,126,0.0030455683357107763,0.0551866680975648,0.4010383089687972,126,14,inf
random_addition,42,131,127,0.0031618326823030464,0.05623017590496269,0.3781729905896277,127,14,inf
random_addition,42,131,128,0.003271508113465291,0.057197098820353565,0.3566034920683663,128,14,inf
random_addition,42,131,129,0.003355961215831501,0.05793065868632516,0.3399943842007239,129,14,inf
random_addition,42,131,130,0.003217976626958892,0.05672721240250478,0.36713134964599115,130,14,inf
random_addition,42,131,131,0.003161871275187003,0.05623051907271533,0.3781654006568177,131,14,inf
random_addition,42,131,132,0.003110039884052162,0.055767731566311374,0.3883589061902861,132,14,inf
random_addition,42,131,133,0.0031253148307196096,0.05590451529813678,0.38535483375524404,133,14,inf
random_addition,42,131,134,0.002978650605114895,0.05457701535550378,0.4141987941917713,134,14,inf
random_addition,42,131,135,0.0029683775041324024,0.054482818430514425,0.41621917044288304,135,14,inf
random_addition,42,131,136,0.0029824431590893593,0.05461174927695833,0.4134529253451469,136,14,inf
random_addition,42,131,137,0.002973857508140238,0.054533086361769754,0.4151414364682734,137,14,inf
random_addition,42,131,138,0.0029867520142622863,0.05465118493008442,0.41260551727666805,138,14,inf
random_addition,42,131,139,0.002986845589641328,0.054652041038202114,0.4125871141212989,139,14,inf
random_addition,42,131,140,0.0029156460531744232,0.05399672261512196,0.426589687717436,140,14,inf
random_addition,42,131,141,0.0028772516509213706,0.05364001911745903,0.43414058579776216,141,14,inf
random_addition,42,131,142,0.002845200966719884,0.053340425258146223,0.4404438861647032,142,14,inf
random_addition,42,131,143,0.002590896372656118,0.05090084844731095,0.49045711617876186,143,14,inf
random_addition,42,131,144,0.0026214765491460084,0.0512003569240099,0.4844430156223405,144,14,inf
random_addition,42,131,145,0.0026007310473982427,0.05099736314161981,0.48852296374316717,145,14,inf
random_addition,42,131,146,0.0026182099614836785,0.05116844693249619,0.48508544444168067,146,14,inf
random_addition,42,131,147,0.002650852765109813,0.051486432825646536,0.4786656939371017,147,14,inf
random_addition,42,131,148,0.0026679711834136284,0.05165240733415654,0.47529907212966827,148,14,inf
random_addition,42,131,149,0.0026564119347651047,0.051540391294256825,0.47757239072061497,149,14,inf
random_addition,42,131,150,0.0026800483819562917,0.05176918370958047,0.47292389007342817,150,14,inf
random_addition,42,132,10,0.00962854819961681,0.0981251659851682,-0.8936142210947935,10,10,inf
random_addition,42,132,11,0.017555265741178997,0.1324962857637111,-2.4525351250687777,11,11,inf
random_addition,42,132,12,0.014464112576537439,0.12026683905606499,-1.8446084189034204,12,12,inf
random_addition,42,132,13,0.01470021792535967,0.12124445523552684,-1.8910424645079402,13,13,inf
random_addition,42,132,14,0.015217880815573468,0.123360775028262,-1.9928494857036059,14,14,inf
random_addition,42,132,15,0.014433126971982744,0.12013794975769623,-1.838514584171791,15,14,inf
random_addition,42,132,16,0.01416497722387729,0.11901670985150485,-1.7857784742340872,16,14,inf
random_addition,42,132,17,0.014784274053854709,0.12159060018708152,-1.9075735008582293,17,14,inf
random_addition,42,132,18,0.015578312595302509,0.12481311067072445,-2.0637343927196588,18,14,inf
random_addition,42,132,19,0.01580641777700868,0.1257235768541791,-2.108595072339189,19,14,inf
random_addition,42,132,20,0.01792513480072497,0.13388478181154484,-2.5252760301957924,20,14,inf
random_addition,42,132,21,0.014799342664596846,0.12165254894410082,-1.9105369939001595,21,14,inf
random_addition,42,132,22,0.013271210599319405,0.11520074044605531,-1.6100043953682768,22,14,inf
random_addition,42,132,23,0.013951836440392513,0.1181178921264366,-1.7438607925302012,23,14,inf
random_addition,42,132,24,0.011859855208741919,0.10890296235062626,-1.3324378730630047,24,14,inf
random_addition,42,132,25,0.010731290190491568,0.10359194076032927,-1.1104867830664862,25,14,inf
random_addition,42,132,26,0.014669506383402541,0.12111773769106877,-1.885002528746484,26,14,inf
random_addition,42,132,27,0.016395070716080172,0.12804323768196496,-2.224363467906798,27,14,inf
random_addition,42,132,28,0.014577474587546786,0.12073721293597424,-1.8669029446957661,28,14,inf
random_addition,42,132,29,0.014190711546968465,0.11912477301958843,-1.7908395570853561,29,14,inf
random_addition,42,132,30,0.02017211835533392,0.14202858288152395,-2.967182735688836,30,14,inf
random_addition,42,132,31,0.020722500502405514,0.14395311911315264,-3.075424543189257,31,14,inf
random_addition,42,132,32,0.019893950883089973,0.1410459176406392,-2.9124764736058255,32,14,inf
random_addition,42,132,33,0.01976140201693944,0.14057525392806317,-2.8864085334834892,33,14,inf
random_addition,42,132,34,0.01985302319299735,0.14090075653805892,-2.9044273623183074,34,14,inf
random_addition,42,132,35,0.019165758608995834,0.13844045149086964,-2.7692653458917955,35,14,inf
random_addition,42,132,36,0.02092768610614553,0.14466404565801944,-3.1157777064233034,36,14,inf
random_addition,42,132,37,0.02033623265246135,0.14260516348457145,-2.9994585430569543,37,14,inf
random_addition,42,132,38,0.02031907424272444,0.14254499024071116,-2.996084056268751,38,14,inf
random_addition,42,132,39,0.017095522218452872,0.1307498459595761,-2.3621189112594045,39,14,inf
random_addition,42,132,40,0.01740251891675061,0.1319186071665048,-2.422494920360017,40,14,inf
random_addition,42,132,41,0.017215462482687186,0.13120770740580442,-2.3857071600096162,41,14,inf
random_addition,42,132,42,0.017103103838830284,0.1307788355921182,-2.363609963063682,42,14,inf
random_addition,42,132,43,0.012800401914501833,0.11313886120384027,-1.5174120333109347,43,14,inf
random_addition,42,132,44,0.01225291093204668,0.11069286757531706,-1.409738821440894,44,14,inf
random_addition,42,132,45,0.012266346998852819,0.11075354169891281,-1.4123812475525166,45,14,inf
random_addition,42,132,46,0.00930232238395937,0.09644854785822009,-0.829456486095683,46,14,inf
random_addition,42,132,47,0.009306112219028103,0.0964681927840887,-0.8302018202242532,47,14,inf
random_addition,42,132,48,0.009268979734332859,0.09627554068574665,-0.8228990992297944,48,14,inf
random_addition,42,132,49,0.008645093797728067,0.09297899654076756,-0.7002015484253135,49,14,inf
random_addition,42,132,50,0.00864544044723794,0.09298086065012487,-0.7002697228196273,50,14,inf
random_addition,42,132,51,0.008139653243027428,0.09022002684009481,-0.6007982528861935,51,14,inf
random_addition,42,132,52,0.008248883200492895,0.09082336263590385,-0.6222801415923662,52,14,inf
random_addition,42,132,53,0.007858818511326594,0.08864997750324922,-0.5455674298481779,53,14,inf
random_addition,42,132,54,0.007775117402000797,0.08817662616589952,-0.5291062139249874,54,14,inf
random_addition,42,132,55,0.008961924412477654,0.09466744114254728,-0.7625115608311193,55,14,inf
random_addition,42,132,56,0.00912415589577192,0.09552044752707098,-0.7944170815291982,56,14,inf
random_addition,42,132,57,0.007689244215121407,0.08768833568452196,-0.5122178228078287,57,14,inf
random_addition,42,132,58,0.007137078834256934,0.08448123362177505,-0.40362531270928637,58,14,inf
random_addition,42,132,59,0.0073911925683355665,0.08597204527249289,-0.45360100693138605,59,14,inf
random_addition,42,132,60,0.007433950931266894,0.08622036262546623,-0.46201015049476535,60,14,inf
random_addition,42,132,61,0.00738396505928028,0.0859300009268025,-0.45217959701096544,61,14,inf
random_addition,42,132,62,0.00712937470127493,0.08443562459812168,-0.40211016676272404,62,14,inf
random_addition,42,132,63,0.006385381931720666,0.07990858484368664,-0.25579160869851614,63,14,inf
random_addition,42,132,64,0.005901461915711176,0.076820973149988,-0.1606206851916414,64,14,inf
random_addition,42,132,65,0.005618628240831749,0.07495750956930032,-0.10499673671543186,65,14,inf
random_addition,42,132,66,0.005633214281332959,0.07505474189771728,-0.10786532428958506,66,14,inf
random_addition,42,132,67,0.005612655766175313,0.07491765990856436,-0.1038221501931349,67,14,inf
random_addition,42,132,68,0.005429077769096815,0.0736822758137723,-0.06771848235650557,68,14,inf
random_addition,42,132,69,0.005402430723332808,0.07350122940014547,-0.06247789740405185,69,14,inf
random_addition,42,132,70,0.0056512351758913155,0.07517469771067467,-0.11140943306954765,70,14,inf
random_addition,42,132,71,0.00524902731509632,0.07245017125650098,-0.03230856456396869,71,14,inf
random_addition,42,132,72,0.005474600948821008,0.07399054634763153,-0.07667137314835082,72,14,inf
random_addition,42,132,73,0.004169638227800649,0.06457273594792658,0.17997126032998123,73,14,inf
random_addition,42,132,74,0.00415460333533742,0.06445621254260461,0.18292812211129683,74,14,inf
random_addition,42,132,75,0.004202768862048625,0.06482876569894436,0.1734555698161866,75,14,inf
random_addition,42,132,76,0.004219576823580287,0.06495826986289188,0.17015000449895257,76,14,inf
random_addition,42,132,77,0.003411964778169429,0.058412025972135476,0.32898035177584706,77,14,inf
random_addition,42,132,78,0.0034071096085011377,0.05837045150160428,0.3299352016804329,78,14,inf
random_addition,42,132,79,0.003351121644776328,0.057888873238095835,0.3409461663784814,79,14,inf
random_addition,42,132,80,0.0031891393640910795,0.05647246553933235,0.37280267723680194,80,14,inf
random_addition,42,132,81,0.0030127920027113054,0.05488890600760144,0.4074843202465521,81,14,inf
random_addition,42,132,82,0.003017094814688933,0.05492808766641101,0.4066381006729868,82,14,inf
random_addition,42,132,83,0.002974458760993011,0.05453859881765401,0.41502319009001565,83,14,inf
random_addition,42,132,84,0.002594011019586548,0.050931434493704845,0.4898445690326213,84,14,inf
random_addition,42,132,85,0.002552918786667102,0.05052641672102923,0.4979260404050032,85,14,inf
random_addition,42,132,86,0.0025380682574289914,0.05037924431180951,0.500846644090322,86,14,inf
random_addition,42,132,87,0.0025887048122421917,0.05087931615344483,0.4908881230014066,87,14,inf
random_addition,42,132,88,0.002621030523735653,0.051196001052188175,0.4845307339410848,88,14,inf
random_addition,42,132,89,0.002616477529262789,0.0511515154151154,0.48542615606533857,89,14,inf
random_addition,42,132,90,0.0026755311846642415,0.05172553706501501,0.4738122720864151,90,14,inf
random_addition,42,132,91,0.0026752615801055217,0.051722930892453514,0.473865294309068,91,14,inf
random_addition,42,132,92,0.0028052417876773773,0.052964533299910965,0.44830252363833334,92,14,inf
random_addition,42,132,93,0.003036183888174942,0.05510157791002851,0.40288391673255963,93,14,inf
random_addition,42,132,94,0.0029693902587388157,0.054492111894647796,0.4160199953974427,94,14,inf
random_addition,42,132,95,0.0029821793408337186,0.05460933382521452,0.413504809595016,95,14,inf
random_addition,42,132,96,0.002978798232077742,0.05457836780334991,0.41416976089303625,96,14,inf
random_addition,42,132,97,0.002963185715697737,0.054435151471248215,0.41724022202916367,97,14,inf
random_addition,42,132,98,0.0025236869276303387,0.05023631084813393,0.503674971898461,98,14,inf
random_addition,42,132,99,0.002591152624130794,0.05090336554817171,0.4904067200622795,99,14,inf
random_addition,42,132,100,0.0026653578632594285,0.051627103959639535,0.4758130250232585,100,14,inf
random_addition,42,132,101,0.0028221606077208587,0.05312401159288386,0.44497515615008054,101,14,inf
random_addition,42,132,102,0.0027675686072258644,0.052607685818954864,0.45571158145036095,102,14,inf
random_addition,42,132,103,0.002766557358640884,0.052598073716067624,0.4559104603116265,103,14,inf
random_addition,42,132,104,0.0028761972150713197,0.053630189399920265,0.4343479581533337,104,14,inf
random_addition,42,132,105,0.0028731471844991455,0.05360174609561843,0.4349477974174164,105,14,inf
random_addition,42,132,106,0.0026224138637594803,0.05120950950516398,0.48425867710682247,106,14,inf
random_addition,42,132,107,0.0027123963911617993,0.05208067195382371,0.4665621157970017,107,14,inf
random_addition,42,132,108,0.0029538689398552797,0.05434950726414435,0.41907252102837644,108,14,inf
random_addition,42,132,109,0.002914853268636537,0.05398938107291597,0.42674560198863065,109,14,inf
random_addition,42,132,110,0.0029120066439318414,0.05396301181301727,0.4273054381042296,110,14,inf
random_addition,42,132,111,0.002885431652131595,0.05371621405247763,0.4325318524457423,111,14,inf
random_addition,42,132,112,0.002806109672397094,0.05297272574067804,0.44813183966672576,112,14,inf
random_addition,42,132,113,0.0031471363589317103,0.05609934365865353,0.38106326712528216,113,14,inf
random_addition,42,132,114,0.003147831848831442,0.056105542050954665,0.3809264874636492,114,14,inf
random_addition,42,132,115,0.0031866383271742507,0.056450317334575284,0.37329454776338644,115,14,inf
random_addition,42,132,116,0.00297127374035461,0.05450939130420197,0.41564957739683683,116,14,inf
random_addition,42,132,117,0.0030155197698102354,0.05491374845892635,0.40694785945690015,117,14,inf
random_addition,42,132,118,0.003019938731156469,0.054953969202929,0.4060787971772899,118,14,inf
random_addition,42,132,119,0.0030239420870424795,0.05499038176847365,0.40529147062704685,119,14,inf
random_addition,42,132,120,0.003043390289509197,0.05516693112281303,0.40146665799670944,120,14,inf
random_addition,42,132,121,0.003072563223492224,0.05543070650363591,0.3957293150955732,121,14,inf
random_addition,42,132,122,0.0030616593343271684,0.055332263050838326,0.3978737463390095,122,14,inf
random_addition,42,132,123,0.0031672027676849708,0.05627790656807492,0.37711687394183346,123,14,inf
random_addition,42,132,124,0.0031533794824483174,0.05615495955343853,0.379835453001075,124,14,inf
random_addition,42,132,125,0.003088996979066605,0.055578745749311445,0.3924973436065712,125,14,inf
random_addition,42,132,126,0.0030725575539182616,0.05543065536251814,0.3957304301116338,126,14,inf
random_addition,42,132,127,0.003065123449523195,0.05536355705266051,0.3971924704433384,127,14,inf
random_addition,42,132,128,0.003165891364636969,0.05626625422610758,0.3773747831727787,128,14,inf
random_addition,42,132,129,0.003080011531576457,0.05549785159424153,0.3942644813720467,129,14,inf
random_addition,42,132,130,0.003056536219468928,0.05528594956649409,0.39888129212376777,130,14,inf
random_addition,42,132,131,0.0030595092263023833,0.055312830575756866,0.398296600859568,131,14,inf
random_addition,42,132,132,0.00307021261550163,0.05540949932549138,0.3961916012706983,132,14,inf
random_addition,42,132,133,0.0029848811020372467,0.05463406539913762,0.4129734632974291,133,14,inf
random_addition,42,132,134,0.002983860671218485,0.05462472582282207,0.41317414799775887,134,14,inf
random_addition,42,132,135,0.0029735800387964088,0.054530542256577726,0.4151960054317869,135,14,inf
random_addition,42,132,136,0.003002234296657115,0.05479264819897935,0.4095606688208002,136,14,inf
random_addition,42,132,137,0.003000258528628182,0.054774615732364404,0.4099492364801822,137,14,inf
random_addition,42,132,138,0.0028253103545713373,0.05315364855371019,0.4443557060206049,138,14,inf
random_addition,42,132,139,0.0028424477240683484,0.05331461079355591,0.44098535714568443,139,14,inf
random_addition,42,132,140,0.0027314791358127822,0.05226355456542142,0.46280917652729336,140,14,inf
random_addition,42,132,141,0.0027337984947464434,0.052285738923213504,0.462353035999194,141,14,inf
random_addition,42,132,142,0.002768751585061847,0.05261892801133302,0.4554789291743361,142,14,inf
random_addition,42,132,143,0.0027898258018955414,0.052818801594655115,0.4513343337620903,143,14,inf
random_addition,42,132,144,0.00280258036483957,0.05293940276239967,0.44882593672507676,144,14,inf
random_addition,42,132,145,0.0028026689809160475,0.052940239713435824,0.44880850889907875,145,14,inf
random_addition,42,132,146,0.0027998517699947957,0.052913625560859046,0.44936256030472255,146,14,inf
random_addition,42,132,147,0.0026629349800796538,0.05160363339998118,0.47628952531698465,147,14,inf
random_addition,42,132,148,0.0026461554436436768,0.05144079551915655,0.47958950036616266,148,14,inf
random_addition,42,132,149,0.002722806959812473,0.05218052280125673,0.4645147042415002,149,14,inf
random_addition,42,132,150,0.0026800483819562917,0.05176918370958047,0.47292389007342817,150,14,inf
random_addition,42,133,10,0.00962854819961681,0.0981251659851682,-0.8936142210947935,10,10,inf
random_addition,42,133,11,0.015617767496310029,0.12497106663668206,-2.0714938555265956,11,11,inf
random_addition,42,133,12,0.014443766819789376,0.12018222339343441,-1.8406070872884839,12,12,inf
random_addition,42,133,13,0.013507288488996416,0.1162208608167932,-1.6564330406749725,13,13,inf
random_addition,42,133,14,0.00507301185211691,0.07122507881439591,0.002307805102608973,14,14,inf
random_addition,42,133,15,0.008289504210799204,0.09104671444263765,-0.630268939196799,15,14,inf
random_addition,42,133,16,0.010651465923606858,0.10320593938144673,-1.0947880127194294,16,14,inf
random_addition,42,133,17,0.010600403474871883,0.1029582608384188,-1.084745732503984,17,14,inf
random_addition,42,133,18,0.01519801411798612,0.12328022598124211,-1.988942369044099,18,14,inf
random_addition,42,133,19,0.015156931113971988,0.12311348875721129,-1.9808627126895146,19,14,inf
random_addition,42,133,20,0.017920758546240097,0.13386843745349422,-2.5244153669311045,20,14,inf
random_addition,42,133,21,0.008636863197631822,0.09293472546702779,-0.6985828639603995,21,14,inf
random_addition,42,133,22,0.0090754457243042,0.09526513383344506,-0.7848374157799098,22,14,inf
random_addition,42,133,23,0.008936568351700942,0.09453342452117633,-0.7575248695582193,23,14,inf
random_addition,42,133,24,0.00942518184248068,0.09708337572664374,-0.8536188429774005,24,14,inf
random_addition,42,133,25,0.009176379565258092,0.09579342130469133,-0.8046877351279105,25,14,inf
random_addition,42,133,26,0.010523673781809904,0.10258495884782479,-1.069655561592425,26,14,inf
random_addition,42,133,27,0.009039270335984007,0.09507507736512238,-0.7777229237135492,27,14,inf
random_addition,42,133,28,0.008320771480008884,0.0912182628644554,-0.6364181679696899,28,14,inf
random_addition,42,133,29,0.009075704334685079,0.09526649114292537,-0.7848882758145488,29,14,inf
random_addition,42,133,30,0.009573532145801986,0.09784442828184947,-0.8827943986529829,30,14,inf
random_addition,42,133,31,0.009413163649708945,0.0970214597380855,-0.8512552653878609,31,14,inf
random_addition,42,133,32,0.009059900105367025,0.09518350752817961,-0.7817801111390787,32,14,inf
random_addition,42,133,33,0.009035449810022111,0.0950549830888529,-0.7769715537101467,33,14,inf
random_addition,42,133,34,0.00905570310569807,0.09516145808938653,-0.7809547013167153,34,14,inf
random_addition,42,133,35,0.009452902406734787,0.09722603769944956,-0.8590705532041238,35,14,inf
random_addition,42,133,36,0.007786683262213387,0.08824218527560039,-0.5313808327900231,36,14,inf
random_addition,42,133,37,0.007811470974843404,0.08838252641129582,-0.5362557489426452,37,14,inf
random_addition,42,133,38,0.006348860952030544,0.07967973990940573,-0.24860915033866915,38,14,inf
random_addition,42,133,39,0.006177817463501809,0.07859909327404362,-0.21497060218074782,39,14,inf
random_addition,42,133,40,0.006774475795863694,0.08230720379082072,-0.33231339154749095,40,14,inf
random_addition,42,133,41,0.0057156684170542316,0.07560203976781467,-0.1240813021039866,41,14,inf
random_addition,42,133,42,0.0056506287034567195,0.0751706638487164,-0.11129016017367133,42,14,inf
random_addition,42,133,43,0.005741773523572501,0.07577449124588367,-0.12921530568597595,43,14,inf
random_addition,42,133,44,0.006110577276234352,0.0781701815031432,-0.2017467004876763,44,14,inf
random_addition,42,133,45,0.006001142530550315,0.07746704157608134,-0.18022453677067563,45,14,inf
random_addition,42,133,46,0.005749714301543547,0.07582687057727984,-0.13077699180737135,46,14,inf
random_addition,42,133,47,0.005819072950198808,0.07628284833564362,-0.14441752418324372,47,14,inf
random_addition,42,133,48,0.005729728273648924,0.07569496861515251,-0.12684640685729942,48,14,inf
random_addition,42,133,49,0.004382041231991957,0.06619698808852224,0.13819867520069629,49,14,inf
random_addition,42,133,50,0.004168947184089253,0.06456738483235365,0.18010716557469408,50,14,inf
random_addition,42,133,51,0.004165566914974595,0.06454120323463605,0.18077195174327743,51,14,inf
random_addition,42,133,52,0.004201760938612534,0.06482099149667903,0.17365379473159315,52,14,inf
random_addition,42,133,53,0.004127416870913963,0.06424497545266838,0.18827479271897918,53,14,inf
random_addition,42,133,54,0.004116903366179575,0.06416309972390342,0.1903424483681847,54,14,inf
random_addition,42,133,55,0.004115538492358641,0.06415246287056048,0.19061087351637307,55,14,inf
random_addition,42,133,56,0.0036588081398693647,0.06048808262682299,0.28043449725995584,56,14,inf
random_addition,42,133,57,0.004165373226014741,0.06453970271092625,0.18081004390018884,57,14,inf
random_addition,42,133,58,0.004115942031004221,0.06415560794664969,0.19053151092689546,58,14,inf
random_addition,42,133,59,0.004048311272859325,0.06362634102994863,0.20383222488205788,59,14,inf
random_addition,42,133,60,0.004071002941122385,0.06380441161175601,0.1993695307320712,60,14,inf
random_addition,42,133,61,0.004079871801051519,0.0638738741666068,0.197625321850469,61,14,inf
random_addition,42,133,62,0.004359157914327885,0.06602391925906766,0.14269906039441016,62,14,inf
random_addition,42,133,63,0.004205334177279184,0.06484854799669137,0.17295105788962517,63,14,inf
random_addition,42,133,64,0.004059879977865914,0.06371718746041694,0.2015570465409453,64,14,inf
random_addition,42,133,65,0.00406543461126427,0.06376076074878867,0.2004646354548676,65,14,inf
random_addition,42,133,66,0.0041059522849696654,0.06407770505386148,0.1924961607125103,66,14,inf
random_addition,42,133,67,0.004104799834849142,0.06406871182448685,0.19272280920531348,67,14,inf
random_addition,42,133,68,0.004106131989998174,0.06407910728153268,0.1924608187283885,68,14,inf
random_addition,42,133,69,0.004107419044803122,0.06408914919706082,0.19220769798459103,69,14,inf
random_addition,42,133,70,0.003957417792242118,0.06290801055701982,0.2217079402997153,70,14,inf
random_addition,42,133,71,0.004330490822344676,0.06580646489779463,0.14833692104914487,71,14,inf
random_addition,42,133,72,0.004264283717024465,0.06530148326818055,0.16135764998695734,72,14,inf
random_addition,42,133,73,0.004497417307715055,0.06706278631040508,0.1155080500686474,73,14,inf
random_addition,42,133,74,0.0044494609752691455,0.06670428003710965,0.1249394608305251,74,14,inf
random_addition,42,133,75,0.003945746760805856,0.06281517938210363,0.2240032428359201,75,14,inf
random_addition,42,133,76,0.003851730247591014,0.06206230939621095,0.24249315458070997,76,14,inf
random_addition,42,133,77,0.003693456234466014,0.060773812077785726,0.27362037291827535,77,14,inf
random_addition,42,133,78,0.0038027041939286466,0.061666070037976695,0.2521349438198094,78,14,inf
random_addition,42,133,79,0.0036764437619560045,0.060633685043513595,0.27696615872243424,79,14,inf
random_addition,42,133,80,0.003943250416960788,0.06279530569207215,0.2244941903918508,80,14,inf
random_addition,42,133,81,0.003318901067950547,0.057609904252225126,0.3472828789569784,81,14,inf
random_addition,42,133,82,0.0033716202457715764,0.05806565461416565,0.3369147753990298,82,14,inf
random_addition,42,133,83,0.003333204369018506,0.05773391004443148,0.34446989679711704,83,14,inf
random_addition,42,133,84,0.0034616656176260667,0.05883592115048482,0.31920585468196705,84,14,inf
random_addition,42,133,85,0.003909622690122802,0.06252697569947552,0.23110764243501913,85,14,inf
random_addition,42,133,86,0.003829468712233748,0.06188270123575528,0.24687125593742343,86,14,inf
random_addition,42,133,87,0.003861548873595845,0.062141362019156335,0.24056215839635275,87,14,inf
random_addition,42,133,88,0.0035983898401071137,0.059986580500201156,0.2923167612599138,88,14,inf
random_addition,42,133,89,0.0038592872998513723,0.06212316234587042,0.24100693450546118,89,14,inf
random_addition,42,133,90,0.0039464665027078814,0.06282090816525882,0.22386169361448627,90,14,inf
random_addition,42,133,91,0.004018132780560767,0.06338874332687758,0.2097673275582873,91,14,inf
random_addition,42,133,92,0.004005437254352836,0.06328852387560352,0.21226411403878453,92,14,inf
random_addition,42,133,93,0.004014976871991776,0.06336384514841074,0.21038798949223847,93,14,inf
random_addition,42,133,94,0.004062072971747799,0.06373439394665803,0.2011257578029736,94,14,inf
random_addition,42,133,95,0.0040154891331371885,0.06336788723902027,0.21028724481404226,95,14,inf
random_addition,42,133,96,0.004032873168052348,0.06350490664548959,0.20686838508016614,96,14,inf
random_addition,42,133,97,0.0040978260539853775,0.06401426445711438,0.19409431925487097,97,14,inf
random_addition,42,133,98,0.0041154064317309785,0.06415143359061416,0.19063684543627257,98,14,inf
random_addition,42,133,99,0.004200947898875752,0.06481471977009352,0.17381369252469425,99,14,inf
random_addition,42,133,100,0.004471747523552658,0.06687112623212396,0.12055644026565382,100,14,inf
random_addition,42,133,101,0.004524061869348402,0.06726114680369642,0.11026795366182363,101,14,inf
random_addition,42,133,102,0.00443051175726752,0.06656208948994555,0.1286661398627733,102,14,inf
random_addition,42,133,103,0.004435755131289863,0.06660146493351225,0.12763494311229917,103,14,inf
random_addition,42,133,104,0.004456070853380543,0.0667538077818827,0.12363951831250941,104,14,inf
random_addition,42,133,105,0.004488724054754351,0.06699794067547413,0.11721772291783339,105,14,inf
random_addition,42,133,106,0.004537258992617179,0.06735917897819999,0.10767251977280878,106,14,inf
random_addition,42,133,107,0.004147821646375436,0.06440358411125452,0.1842618540919878,107,14,inf
random_addition,42,133,108,0.0038784405104607075,0.062277126703635804,0.23724013693249957,108,14,inf
random_addition,42,133,109,0.003715946105093247,0.060958560556276645,0.2691973656312572,109,14,inf
random_addition,42,133,110,0.003632824693644219,0.06027291840988139,0.28554457432089275,110,14,inf
random_addition,42,133,111,0.003571861301528352,0.05976505083682563,0.29753403980244664,111,14,inf
random_addition,42,133,112,0.003512696756113961,0.05926800786355115,0.30916973214760823,112,14,inf
random_addition,42,133,113,0.0034771914125986576,0.058967715002352414,0.31615244875363924,113,14,inf
random_addition,42,133,114,0.0035740116461724066,0.05978303811427123,0.29711113874677164,114,14,inf
random_addition,42,133,115,0.0035470404572526737,0.05955703532961218,0.3024154718444938,115,14,inf
random_addition,42,133,116,0.003544387058638516,0.059534755048110476,0.30293730683413445,116,14,inf
random_addition,42,133,117,0.003434496574929006,0.058604578105545695,0.3245490990172588,117,14,inf
random_addition,42,133,118,0.0034199476563873377,0.05848031853869588,0.3274103859403641,118,14,inf
random_addition,42,133,119,0.003390813199331999,0.058230689497308884,0.33314016171341987,119,14,inf
random_addition,42,133,120,0.00331837999292632,0.057605381631635075,0.3473853570311052,120,14,inf
random_addition,42,133,121,0.0033993138850197543,0.05830363526419047,0.33146836042275063,121,14,inf
random_addition,42,133,122,0.0033983371589155287,0.05829525845997707,0.3316604498637268,122,14,inf
random_addition,42,133,123,0.0033983761400010588,0.058295592800837515,0.3316527835846177,123,14,inf
random_addition,42,133,124,0.0033792033437281647,0.05813091555900496,0.33542343300422084,124,14,inf
random_addition,42,133,125,0.0029954994097163667,0.054731155749868525,0.41088519640523646,125,14,inf
random_addition,42,133,126,0.002558754154807631,0.050584129475633274,0.49677841816049195,126,14,inf
random_addition,42,133,127,0.002481699688513874,0.04981666075234142,0.5119324611322594,127,14,inf
random_addition,42,133,128,0.0026513983601060996,0.051491730987665386,0.47855839360246066,128,14,inf
random_addition,42,133,129,0.002762234632177102,0.052556965591414255,0.45676059640026834,129,14,inf
random_addition,42,133,130,0.0029780598174451683,0.054571602665169805,0.41431498241764386,130,14,inf
random_addition,42,133,131,0.0029630393368067836,0.05443380692921251,0.417269009873793,131,14,inf
random_addition,42,133,132,0.00296124698171953,0.05441734081815768,0.4176215063262292,132,14,inf
random_addition,42,133,133,0.003023612685545224,0.054987386604067885,0.4053562529126751,133,14,inf
random_addition,42,133,134,0.003014104609366645,0.05490086164502926,0.4072261743061959,134,14,inf
random_addition,42,133,135,0.0029822008778882907,0.05460953101692314,0.41350057397486095,135,14,inf
random_addition,42,133,136,0.0029479078801368333,0.054294639515672566,0.42024486261317473,136,14,inf
random_addition,42,133,137,0.0029483155196812485,0.05429839334346136,0.4201646935137028,137,14,inf
random_addition,42,133,138,0.0028977389559092003,0.053830650710438195,0.43011141636613337,138,14,inf
random_addition,42,133,139,0.0029459587957427744,0.054276687405761734,0.42062818249174694,139,14,inf
random_addition,42,133,140,0.002977163353320335,0.054563388396619346,0.41449128700482485,140,14,inf
random_addition,42,133,141,0.0028283842556286517,0.05318255593358269,0.4437511722284181,141,14,inf
random_addition,42,133,142,0.002803183140924383,0.05294509553230009,0.4487073907778919,142,14,inf
random_addition,42,133,143,0.002814425056411634,0.05305115509026768,0.44649648103348716,143,14,inf
random_addition,42,133,144,0.002813231311967971,0.05303990301620065,0.4467312507420672,144,14,inf
random_addition,42,133,145,0.0029063929241538986,0.05391097220560856,0.4284094695100419,145,14,inf
random_addition,42,133,146,0.002920809899060067,0.054044517752127895,0.4255741314983804,146,14,inf
random_addition,42,133,147,0.002911033286802477,0.05395399231569872,0.4274968649802401,147,14,inf
random_addition,42,133,148,0.002912542964427737,0.053967980918575575,0.42719996175441677,148,14,inf
random_addition,42,133,149,0.0023830267905981697,0.048816255393036544,0.5313381284100374,149,14,inf
random_addition,42,133,150,0.0026800483819562917,0.05176918370958047,0.47292389007342817,150,14,inf
random_addition,42,134,10,0.00962854819961681,0.0981251659851682,-0.8936142210947935,10,10,inf
random_addition,42,134,11,0.006612374542672934,0.08131650842647473,-0.30043348276627646,11,11,inf
random_addition,42,134,12,0.010032950500239064,0.10016461700739969,-0.973146662707562,12,12,inf
random_addition,42,134,13,0.006077232979406193,0.07795660959409531,-0.19518898967217457,13,13,inf
random_addition,42,134,14,0.00549812874309093,0.074149367786185,-0.08129850539060168,14,14,inf
random_addition,42,134,15,0.00446638776934767,0.0668310389665436,0.12161052511559423,15,14,inf
random_addition,42,134,16,0.003452693740984593,0.05875962679412279,0.3209703235142338,16,14,inf
random_addition,42,134,17,0.003338381320632928,0.05777872723271886,0.34345176311841985,17,14,inf
random_addition,42,134,18,0.003544954486829436,0.05953952037789216,0.3028257126384676,18,14,inf
random_addition,42,134,19,0.006292971720668476,0.0793282529787999,-0.237617603002646,19,14,inf
random_addition,42,134,20,0.007217102553300739,0.08495353172941511,-0.4193633086422841,20,14,inf
random_addition,42,134,21,0.005286751868219336,0.07271005341917537,-0.039727725666681035,21,14,inf
random_addition,42,134,22,0.005898755183021561,0.07680335398289297,-0.1600883611685906,22,14,inf
random_addition,42,134,23,0.006573471562870368,0.08107694840625397,-0.29278256444818207,23,14,inf
random_addition,42,134,24,0.004024326803870261,0.06343758195163385,0.20854916980682925,24,14,inf
random_addition,42,134,25,0.003987246848864544,0.06314465019987477,0.2158415599637561,25,14,inf
random_addition,42,134,26,0.004004523580305806,0.06328130514066382,0.21244380324353607,26,14,inf
random_addition,42,134,27,0.004301398317573543,0.06558504644790261,0.1540584462074318,27,14,inf
random_addition,42,134,28,0.003180339074718516,0.056394495074594965,0.3745334005774503,28,14,inf
random_addition,42,134,29,0.0030281538757616832,0.055028664128449305,0.40446315229186436,29,14,inf
random_addition,42,134,30,0.003600313633502878,0.060002613555601714,0.2919384152769947,30,14,inf
random_addition,42,134,31,0.0035411779532365413,0.05950779741543575,0.30356843081047946,31,14,inf
random_addition,42,134,32,0.004501054372138861,0.06708989769062747,0.11479276082948342,32,14,inf
random_addition,42,134,33,0.004501036950077957,0.06708976784933718,0.11479618716766071,33,14,inf
random_addition,42,134,34,0.003619739558306359,0.06016427144332722,0.2881179839198298,34,14,inf
random_addition,42,134,35,0.003597700850019905,0.05998083735677508,0.29245226262525814,35,14,inf
random_addition,42,134,36,0.0030299868373457454,0.05504531621623901,0.40410266989614463,36,14,inf
random_addition,42,134,37,0.0033831612450168427,0.058164948594637673,0.334645045856901,37,14,inf
random_addition,42,134,38,0.0034732341791937245,0.05893415121297434,0.316930704550507,38,14,inf
random_addition,42,134,39,0.0032784000982550737,0.057257314801299176,0.3552480685778321,39,14,inf
random_addition,42,134,40,0.011212268063945766,0.1058879977331981,-1.2050790852830393,40,14,inf
random_addition,42,134,41,0.011229366003565892,0.10596870294368,-1.2084416796165627,41,14,inf
random_addition,42,134,42,0.01102575795942182,0.10500360926854763,-1.1683987697274216,42,14,inf
random_addition,42,134,43,0.010399603263626888,0.10197844509320039,-1.0452550296763765,43,14,inf
random_addition,42,134,44,0.010129406315672062,0.10064495176446786,-0.9921163038231862,44,14,inf
random_addition,42,134,45,0.011355327182270145,0.10656137753553181,-1.2332140413844281,45,14,inf
random_addition,42,134,46,0.010712427080370788,0.10350085545719315,-1.106777038581829,46,14,inf
random_addition,42,134,47,0.009282494051663098,0.09634570074301758,-0.8255569146090587,47,14,inf
random_addition,42,134,48,0.00808201674055207,0.08990003748915831,-0.5894630756114048,48,14,inf
random_addition,42,134,49,0.007706404596674663,0.0877861298650001,-0.5155926973865268,49,14,inf
random_addition,42,134,50,0.007917250731800881,0.08897893420243289,-0.5570590983080874,50,14,inf
random_addition,42,134,51,0.008126519126133335,0.09014720808840025,-0.5982152102491773,51,14,inf
random_addition,42,134,52,0.007413694258894418,0.08610281214277742,-0.45802633880463905,52,14,inf
random_addition,42,134,53,0.004204258142131214,0.06484025094130354,0.17316267810654185,53,14,inf
random_addition,42,134,54,0.004790551290112162,0.06921380852194281,0.057858374723468775,54,14,inf
random_addition,42,134,55,0.0045569010104424745,0.0675048221273301,0.10380959012714763,55,14,inf
random_addition,42,134,56,0.004724899617139169,0.06873790524258917,0.07076986864788748,56,14,inf
random_addition,42,134,57,0.005181436431430481,0.0719821952390345,-0.019015692588618238,57,14,inf
random_addition,42,134,58,0.005184227360197512,0.07200157887294911,-0.019564575171303167,58,14,inf
random_addition,42,134,59,0.005571628470312113,0.0746433417681183,-0.09575344977340716,59,14,inf
random_addition,42,134,60,0.00591364398400329,0.07690022096199263,-0.16301649162912812,60,14,inf
random_addition,42,134,61,0.005034773553611875,0.07095613823773018,0.009828002783343726,61,14,inf
random_addition,42,134,62,0.004713696714946124,0.06865636689299925,0.07297310577881111,62,14,inf
random_addition,42,134,63,0.004149042748477092,0.06441306349240884,0.18402170404473595,63,14,inf
random_addition,42,134,64,0.004355361644192501,0.06599516379396676,0.14344566008591575,64,14,inf
random_addition,42,134,65,0.004275797360621103,0.0653895814378797,0.15909330038832536,65,14,inf
random_addition,42,134,66,0.003863516478823055,0.06215719169028677,0.2401751960877575,66,14,inf
random_addition,42,134,67,0.0033971207181195937,0.058284824080712415,0.3318996831876452,67,14,inf
random_addition,42,134,68,0.0036962916463723315,0.0607971351822792,0.27306274198605673,68,14,inf
random_addition,42,134,69,0.0037015918003150453,0.06084070841398089,0.27202037851943217,69,14,inf
random_addition,42,134,70,0.0035956606572202614,0.059963827906666045,0.2928535004878191,70,14,inf
random_addition,42,134,71,0.003583393935393528,0.0598614561750174,0.29526595545151146,71,14,inf
random_addition,42,134,72,0.003362409362540516,0.05798628598677894,0.3387262488541737,72,14,inf
random_addition,42,134,73,0.003357406368099439,0.05794313046513313,0.3397101709601106,73,14,inf
random_addition,42,134,74,0.0033806178248839682,0.058143080627740804,0.33514525174817156,74,14,inf
random_addition,42,134,75,0.0032704354475558673,0.05718772112574401,0.356814449668459,75,14,inf
random_addition,42,134,76,0.00328123539574691,0.057282068710434245,0.354690460147125,76,14,inf
random_addition,42,134,77,0.0033953353620863685,0.05826950627975466,0.3322508031596433,77,14,inf
random_addition,42,134,78,0.0035627234102900717,0.0596885534276889,0.2993311581676342,78,14,inf
random_addition,42,134,79,0.003341745342800176,0.057807831154612396,0.3427901721823914,79,14,inf
random_addition,42,134,80,0.0032420781325073747,0.056939249490201176,0.36239138753433875,80,14,inf
random_addition,42,134,81,0.0032205507590910066,0.05674989655577362,0.3666251037290269,81,14,inf
random_addition,42,134,82,0.0034633530190197855,0.0588502592944142,0.31887399911977876,82,14,inf
random_addition,42,134,83,0.0033143932810238428,0.05757076759105999,0.3481694102650329,83,14,inf
random_addition,42,134,84,0.003047410380681165,0.05520335479553,0.40067604017401015,84,14,inf
random_addition,42,134,85,0.002791121627244754,0.052831066875889926,0.45107948814482246,85,14,inf
random_addition,42,134,86,0.0029443451673233515,0.054261820530860844,0.4209455293709684,86,14,inf
random_addition,42,134,87,0.0029150780369900883,0.05399146263058715,0.42670139755179215,87,14,inf
random_addition,42,134,88,0.0028945209260304813,0.053800752095398086,0.43074429548933213,88,14,inf
random_addition,42,134,89,0.0029637889208426233,0.05444069177410059,0.41712159170017593,89,14,inf
random_addition,42,134,90,0.002964909149300829,0.05445097932361574,0.4169012801334314,90,14,inf
random_addition,42,134,91,0.0029780040750012745,0.054571091935211216,0.41432594509678167,91,14,inf
random_addition,42,134,92,0.002986999151125227,0.05465344592178271,0.4125569137002494,92,14,inf
random_addition,42,134,93,0.002948463545616431,0.05429975640476144,0.4201355817504191,93,14,inf
random_addition,42,134,94,0.003043115526530924,0.05516444077964467,0.4015206947084027,94,14,inf
random_addition,42,134,95,0.0030767133333600757,0.05546812898737504,0.3949131269328362,95,14,inf
random_addition,42,134,96,0.003086626303836606,0.05555741448120679,0.3929635763382411,96,14,inf
random_addition,42,134,97,0.003167207763454535,0.056277950952877936,0.37711589144061985,97,14,inf
random_addition,42,134,98,0.0030292413463092857,0.05503854418777159,0.40424928311332675,98,14,inf
random_addition,42,134,99,0.0030042684085647437,0.0548112069613938,0.40916062686683896,99,14,inf
random_addition,42,134,100,0.0029537444442019225,0.0543483619274944,0.41909700517019866,100,14,inf
random_addition,42,134,101,0.002891287503096712,0.053770693719690024,0.4313802019129447,101,14,inf
random_addition,42,134,102,0.0028578932298013553,0.05345926701518976,0.43794774143232207,102,14,inf
random_addition,42,134,103,0.002855155950087954,0.05343365933648896,0.43848607303589837,103,14,inf
random_addition,42,134,104,0.0031241455259254374,0.05589405626652477,0.3855847970000795,104,14,inf
random_addition,42,134,105,0.0030587640564123724,0.05530609420680846,0.3984431509179571,105,14,inf
random_addition,42,134,106,0.0031064192241201825,0.05573526015118421,0.3890709692131641,106,14,inf
random_addition,42,134,107,0.0031084137257671603,0.05575314991789397,0.38867871727606884,107,14,inf
random_addition,42,134,108,0.0034554890173734655,0.058783407670646874,0.32042058589936995,108,14,inf
random_addition,42,134,109,0.0035578599553721516,0.05964779925003228,0.300287637504425,109,14,inf
random_addition,42,134,110,0.003588920015507096,0.05990759564117972,0.2941791598440099,110,14,inf
random_addition,42,134,111,0.0035959372062476535,0.059966133827750255,0.2927991125198469,111,14,inf
random_addition,42,134,112,0.003598728060399995,0.059989399566923444,0.29225024461138216,112,14,inf
random_addition,42,134,113,0.0034932794207332292,0.059103971277175864,0.3129884742518627,113,14,inf
random_addition,42,134,114,0.0033983350971043456,0.05829524077576441,0.3316608553532042,114,14,inf
random_addition,42,134,115,0.003375321348899834,0.05809751585825192,0.33618689188304074,115,14,inf
random_addition,42,134,116,0.003453720849614149,0.05876836606214392,0.32076832551129364,116,14,inf
random_addition,42,134,117,0.003399492151664604,0.058305164022276826,0.3314333013207099,117,14,inf
random_addition,42,134,118,0.0034377259549398117,0.05863212391632945,0.32391398770172064,118,14,inf
random_addition,42,134,119,0.0034861493489253296,0.059043622423809075,0.3143907215162429,119,14,inf
random_addition,42,134,120,0.0034427254327838394,0.05867474271595777,0.32293075719310915,120,14,inf
random_addition,42,134,121,0.0035772832451080225,0.05981039412266084,0.29646772437715274,121,14,inf
random_addition,42,134,122,0.003529270715475251,0.05940766546057209,0.3059101872509399,122,14,inf
random_addition,42,134,123,0.0034845645754144226,0.059030200536796605,0.31470239359756325,123,14,inf
random_addition,42,134,124,0.0036219293392533588,0.06018246704193306,0.28768732705896616,124,14,inf
random_addition,42,134,125,0.0035476660342197764,0.059562287013006615,0.3022924417244034,125,14,inf
random_addition,42,134,126,0.003464381457661924,0.05885899640379475,0.318671739547733,126,14,inf
random_addition,42,134,127,0.0030124941545330544,0.05488619274947985,0.40754289704695545,127,14,inf
random_addition,42,134,128,0.0030198524316689635,0.05495318399937317,0.4060957694075187,128,14,inf
random_addition,42,134,129,0.003030719569215655,0.055051971528871285,0.40395856598137536,129,14,inf
random_addition,42,134,130,0.002725005968685777,0.0522015897141627,0.4640822325553775,130,14,inf
random_addition,42,134,131,0.0026997576316966925,0.05195919198464014,0.4690477381529323,131,14,inf
random_addition,42,134,132,0.0027959250835868817,0.052876507861118076,0.4501348085263289,132,14,inf
random_addition,42,134,133,0.002686370220108277,0.05183020567302697,0.47168059540637386,133,14,inf
random_addition,42,134,134,0.0026961882587251606,0.05192483277512948,0.46974971474163063,134,14,inf
random_addition,42,134,135,0.002813192742467052,0.053039539425480044,0.4467388360762138,135,14,inf
random_addition,42,134,136,0.0027861741710746646,0.05278422274766073,0.4520524877256209,136,14,inf
random_addition,42,134,137,0.0027755314403743584,0.052683312731588536,0.4541455578113254,137,14,inf
random_addition,42,134,138,0.0027144444501683556,0.05210033061477015,0.4661593309139588,138,14,inf
random_addition,42,134,139,0.002737094686964729,0.052317250376570146,0.4617047849513095,139,14,inf
random_addition,42,134,140,0.002773860076376655,0.05266744797668343,0.45447425935272734,140,14,inf
random_addition,42,134,141,0.0027328279886385362,0.05227645730764984,0.46254390217439423,141,14,inf
random_addition,42,134,142,0.002649337307323155,0.05147171366219659,0.47896373392784497,142,14,inf
random_addition,42,134,143,0.0028964695762958024,0.053818858927849836,0.4303610609894001,143,14,inf
random_addition,42,134,144,0.0029065329002619686,0.05391227040537218,0.4283819408792079,144,14,inf
random_addition,42,134,145,0.0026189863847603818,0.05117603330427615,0.4849327478847467,145,14,inf
random_addition,42,134,146,0.0026649416256022017,0.051623072609078606,0.47589488508468625,146,14,inf
random_addition,42,134,147,0.002715925198082239,0.05211453921970566,0.46586811719726384,147,14,inf
random_addition,42,134,148,0.002714736724806054,0.05210313546041211,0.46610185024304795,148,14,inf
random_addition,42,134,149,0.002667597064332677,0.05164878570046615,0.4753726488722244,149,14,inf
random_addition,42,134,150,0.0026800483819562917,0.05176918370958047,0.47292389007342817,150,14,inf
random_addition,42,135,10,0.00962854819961681,0.0981251659851682,-0.8936142210947935,10,10,inf
random_addition,42,135,11,0.01148519515265292,0.10716900276037339,-1.2587547387443196,11,11,inf
random_addition,42,135,12,0.007020056718237883,0.08378577873504478,-0.3806109663631674,12,12,inf
random_addition,42,135,13,0.007559309797086243,0.08694429134271119,-0.4866640574114154,13,13,inf
random_addition,42,135,14,0.010693575768132967,0.10340974696871165,-1.1030696143471705,14,14,inf
random_addition,42,135,15,0.013396858788150418,0.11574480026398774,-1.6347152024694633,15,14,inf
random_addition,42,135,16,0.013924332417800066,0.11800140854159355,-1.7384516688244656,16,14,inf
random_addition,42,135,17,0.013324067264275916,0.11542992360855098,-1.6203995380591838,17,14,inf
random_addition,42,135,18,0.0124456188279723,0.11155993379333057,-1.4476380358059977,18,14,inf
random_addition,42,135,19,0.009071566156043145,0.09524476970439451,-0.7840744341259225,19,14,inf
random_addition,42,135,20,0.008320046109779492,0.09121428676353005,-0.6362755118440249,20,14,inf
random_addition,42,135,21,0.006219868285168396,0.07886614156384472,-0.22324059598103219,21,14,inf
random_addition,42,135,22,0.004270623335934553,0.06535000639582642,0.1601108584379528,22,14,inf
random_addition,42,135,23,0.003902349785112818,0.06246879048863375,0.23253798022531302,23,14,inf
random_addition,42,135,24,0.003419528796159986,0.058476737222249206,0.327492761773846,24,14,inf
random_addition,42,135,25,0.005087434208866305,0.07132625189133596,-0.0005285913380761453,25,14,inf
random_addition,42,135,26,0.005230054443528252,0.07231911533977896,-0.02857723366428755,26,14,inf
random_addition,42,135,27,0.00506694997449588,0.07118251171808902,0.0034999742055454863,27,14,inf
random_addition,42,135,28,0.004403183969289345,0.06635649153842708,0.13404060409909457,28,14,inf
random_addition,42,135,29,0.004041973105464789,0.06357651378822834,0.20507873096637608,29,14,inf
random_addition,42,135,30,0.004159076843736368,0.06449090512418296,0.18204833224611516,30,14,inf
random_addition,42,135,31,0.0038447227338615796,0.06200582822494656,0.24387129875961144,31,14,inf
random_addition,42,135,32,0.0040693760800625655,0.06379166152454853,0.1996894800302158,32,14,inf
random_addition,42,135,33,0.004038514879960585,0.06354931061750856,0.20575884855614657,33,14,inf
random_addition,42,135,34,0.0039649751129687705,0.06296804834968898,0.2202216674261025,34,14,inf
random_addition,42,135,35,0.0038095772353512586,0.06172177278198722,0.2507832458576442,35,14,inf
random_addition,42,135,36,0.003779316099889931,0.06147614252610464,0.25673460168700235,36,14,inf
random_addition,42,135,37,0.00649826093002748,0.08061179150736869,-0.27799114200564823,37,14,inf
random_addition,42,135,38,0.006493330434972087,0.08058120398065598,-0.2770214781102853,38,14,inf
random_addition,42,135,39,0.005984236863341183,0.07735784939707918,-0.17689975600615893,39,14,inf
random_addition,42,135,40,0.004825064970894124,0.06946268761640399,0.05107068509507284,40,14,inf
random_addition,42,135,41,0.00400992018263366,0.0633239305684167,0.21138247159708667,41,14,inf
random_addition,42,135,42,0.0039812805185226,0.06309738915773457,0.21701493810436756,42,14,inf
random_addition,42,135,43,0.0037121194880819,0.06092716543613284,0.2699499335408886,43,14,inf
random_addition,42,135,44,0.0034839711300639767,0.059025173697872135,0.3148191045005727,44,14,inf
random_addition,42,135,45,0.004377824862425392,0.06616513328351566,0.13902789443573682,45,14,inf
random_addition,42,135,46,0.004313496538984385,0.06567721476268909,0.15167912965434693,46,14,inf
random_addition,42,135,47,0.004176353485118777,0.06462471265018342,0.17865059323746746,47,14,inf
random_addition,42,135,48,0.004471334724402715,0.06686803963331597,0.12063762408740775,48,14,inf
random_addition,42,135,49,0.004408358403518201,0.06639546975146875,0.13302296550615778,49,14,inf
random_addition,42,135,50,0.004432882794640813,0.06657989782690278,0.1281998359095985,50,14,inf
random_addition,42,135,51,0.004571782322088419,0.06761495634908314,0.10088293256911351,51,14,inf
random_addition,42,135,52,0.00512085847530625,0.07156017380712718,-0.007102029508418317,52,14,inf
random_addition,42,135,53,0.00499933627245369,0.07070598470040347,0.016797333794299818,53,14,inf
random_addition,42,135,54,0.004707033579871382,0.06860782447994822,0.07428352216485667,54,14,inf
random_addition,42,135,55,0.004740707223437415,0.06885279386805894,0.06766103983307015,55,14,inf
random_addition,42,135,56,0.004598612191368453,0.06781306799849461,0.09560639233007628,56,14,inf
random_addition,42,135,57,0.004067048602514908,0.06377341611137753,0.2001472172188502,57,14,inf
random_addition,42,135,58,0.004206358358171429,0.06485644423009504,0.1727496356749444,58,14,inf
random_addition,42,135,59,0.004298279382302543,0.06556126434337994,0.15467183672710272,59,14,inf
random_addition,42,135,60,0.004476121492984545,0.06690382270830678,0.1196962263946586,60,14,inf
random_addition,42,135,61,0.004451701919647002,0.06672107552825421,0.12449874182963128,61,14,inf
random_addition,42,135,62,0.004455790918501946,0.06675171097808615,0.12369457216446111,62,14,inf
random_addition,42,135,63,0.004365778703978913,0.06607403956153213,0.14139697194055956,63,14,inf
random_addition,42,135,64,0.004541838125139581,0.0673931608187328,0.10677195716617993,64,14,inf
random_addition,42,135,65,0.004489979682095913,0.0670073106615682,0.11697078290765917,65,14,inf
random_addition,42,135,66,0.004424965281505389,0.06652041251755275,0.12975694661394555,66,14,inf
random_addition,42,135,67,0.004149435677826027,0.06441611349519642,0.18394442794998078,67,14,inf
random_addition,42,135,68,0.0035688620939276043,0.059739953916349856,0.2981238838835115,68,14,inf
random_addition,42,135,69,0.003517403908527569,0.05930770530485536,0.30824399229914135,69,14,inf
random_addition,42,135,70,0.0034685376396374652,0.05889429208028114,0.3178543572039798,70,14,inf
random_addition,42,135,71,0.003386927593130429,0.058197316030298415,0.33390433082888016,71,14,inf
random_addition,42,135,72,0.0033715882852531354,0.058065379403334096,0.33692106096679963,72,14,inf
random_addition,42,135,73,0.0032834711966634443,0.0573015811009037,0.3542507526934868,73,14,inf
random_addition,42,135,74,0.003267443265486055,0.057161554085644446,0.3574029120619616,74,14,inf
random_addition,42,135,75,0.0032080529214139493,0.05663967621212139,0.36908301147041944,75,14,inf
random_addition,42,135,76,0.0031003630731570716,0.055680904026039944,0.39026201207353006,76,14,inf
random_addition,42,135,77,0.003038061757982575,0.05511861534892341,0.40251460238740844,77,14,inf
random_addition,42,135,78,0.0034388525469186888,0.05864173042227428,0.32369242464274794,78,14,inf
random_addition,42,135,79,0.00335524580015018,0.05792448359847656,0.3401350825988685,79,14,inf
random_addition,42,135,80,0.003273229613594701,0.05721214568249211,0.35626493042240637,80,14,inf
random_addition,42,135,81,0.0030110031456466184,0.05487260833646072,0.4078361287546439,81,14,inf
random_addition,42,135,82,0.003010619641874158,0.054869113733266715,0.4079115511529452,82,14,inf
random_addition,42,135,83,0.002834414061303458,0.053239215445979836,0.4425653106073789,83,14,inf
random_addition,42,135,84,0.0027606244624034707,0.0525416450294761,0.45707726307924346,84,14,inf
random_addition,42,135,85,0.0025508578106709767,0.050506017568909316,0.4983313656289817,85,14,inf
random_addition,42,135,86,0.00252902369840901,0.05028939946359481,0.5026254071217465,86,14,inf
random_addition,42,135,87,0.002250848533284863,0.047443108385569165,0.557333182137656,87,14,inf
random_addition,42,135,88,0.0021387280463123896,0.046246384143113176,0.5793835415693718,88,14,inf
random_addition,42,135,89,0.0021522654509853892,0.04639251503190347,0.5767211856799837,89,14,inf
random_addition,42,135,90,0.00213534586089734,0.04620980264940914,0.5800487046103141,90,14,inf
random_addition,42,135,91,0.0021663855633499117,0.04654444718062415,0.5739442306268863,91,14,inf
random_addition,42,135,92,0.0021827373336558743,0.04671977454628687,0.5707283829051417,92,14,inf
random_addition,42,135,93,0.002122617884264371,0.046071877368568034,0.5825518730068654,93,14,inf
random_addition,42,135,94,0.0020363018158207104,0.04512540100454189,0.5995273641531228,94,14,inf
random_addition,42,135,95,0.002107010152114302,0.045902180254474866,0.5856213932445671,95,14,inf
random_addition,42,135,96,0.002013123408216769,0.04486784381064872,0.6040857836937656,96,14,inf
random_addition,42,135,97,0.0019820088760528474,0.04451975826588513,0.6102049741850859,97,14,inf
random_addition,42,135,98,0.002026900817420698,0.045021115239637255,0.6013762269197298,98,14,inf
random_addition,42,135,99,0.0020515086733010864,0.0452935831360369,0.5965366825897125,99,14,inf
random_addition,42,135,100,0.0019744515734154825,0.04443480137702297,0.6116912435011392,100,14,inf
random_addition,42,135,101,0.0020689152063001273,0.04548532957229317,0.5931133982332764,101,14,inf
random_addition,42,135,102,0.00197042141418998,0.044389429081595315,0.612483841374097,102,14,inf
random_addition,42,135,103,0.002273407755236939,0.04768026588890774,0.5528965357586116,103,14,inf
random_addition,42,135,104,0.002253085088282411,0.047466673448667236,0.5568933263814387,104,14,inf
random_addition,42,135,105,0.002225834073307549,0.04717874599125701,0.5622526919291668,105,14,inf
random_addition,42,135,106,0.0021163610766961657,0.0460039245792809,0.58378237832752,106,14,inf
random_addition,42,135,107,0.0022970641683757514,0.04792769729890798,0.5482441084755938,107,14,inf
random_addition,42,135,108,0.0025540955603475446,0.0505380605123262,0.4976946082794015,108,14,inf
random_addition,42,135,109,0.0023817612447790165,0.04880329133141551,0.5315870190538721,109,14,inf
random_addition,42,135,110,0.002576294509594845,0.050757211404832366,0.4933288155226365,110,14,inf
random_addition,42,135,111,0.002656655417694841,0.051542753299516714,0.47752450575096184,111,14,inf
random_addition,42,135,112,0.002673468857980535,0.051705597936592275,0.47421786294558166,112,14,inf
random_addition,42,135,113,0.0026842830649423206,0.05181006721615328,0.47209106919971733,113,14,inf
random_addition,42,135,114,0.002558403291134094,0.05058066123662377,0.4968474213402134,114,14,inf
random_addition,42,135,115,0.0026372589764610366,0.05135424983836329,0.4813391386735475,115,14,inf
random_addition,42,135,116,0.0026426534732177814,0.05140674540581013,0.480278221122693,116,14,inf
random_addition,42,135,117,0.00259494589784654,0.05094061147892259,0.4896607096665557,117,14,inf
random_addition,42,135,118,0.002558677439991477,0.05058337118057155,0.49679350540561196,118,14,inf
random_addition,42,135,119,0.0025752242386639247,0.05074666726656958,0.49353930211035446,119,14,inf
random_addition,42,135,120,0.0025754953453292102,0.05074933837331488,0.4934859844734506,120,14,inf
random_addition,42,135,121,0.0025854297273729433,0.05084712113161318,0.4915322229378797,121,14,inf
random_addition,42,135,122,0.0025946632447128772,0.050937837063551074,0.4897162981085975,122,14,inf
random_addition,42,135,123,0.002517972751949849,0.05017940565560586,0.5047987596290806,123,14,inf
random_addition,42,135,124,0.002534402241234753,0.050342846971886214,0.5015676271768947,124,14,inf
random_addition,42,135,125,0.0025249031816855514,0.05024841471813366,0.503435775300213,125,14,inf
random_addition,42,135,126,0.002514130345413558,0.050141104349760365,0.5055544328115276,126,14,inf
random_addition,42,135,127,0.0025201891088912458,0.05020148512635105,0.5043628761566982,127,14,inf
random_addition,42,135,128,0.0025449387261963696,0.050447385722120125,0.4994954520836171,128,14,inf
random_addition,42,135,129,0.0024570724649697717,0.04956886588343304,0.5167758144356213,129,14,inf
random_addition,42,135,130,0.0024080412197183846,0.04907179658131934,0.5264186246870887,130,14,inf
random_addition,42,135,131,0.002424001085946846,0.04923414552875723,0.5232798514234114,131,14,inf
random_addition,42,135,132,0.0023844869710603575,0.048831208986265716,0.531050959624958,132,14,inf
random_addition,42,135,133,0.002233100515010131,0.04725569293757241,0.5608236252558221,133,14,inf
random_addition,42,135,134,0.0022891297097846655,0.04784485039985668,0.5498045517857666,134,14,inf
random_addition,42,135,135,0.002375324229504602,0.0487372981350485,0.5328529652185827,135,14,inf
random_addition,42,135,136,0.002349523391551906,0.0484718824840949,0.5379271293241673,136,14,inf
random_addition,42,135,137,0.002307300392004967,0.04803436678051421,0.5462309847696377,137,14,inf
random_addition,42,135,138,0.0022885197731660188,0.04783847586583438,0.54992450597108,138,14,inf
random_addition,42,135,139,0.0022518732380998117,0.04745390645773867,0.5571316568848574,139,14,inf
random_addition,42,135,140,0.002263958179003746,0.04758106954455465,0.5547549521644417,140,14,inf
random_addition,42,135,141,0.0023708936844501877,0.0486918235892864,0.5337243056271579,141,14,inf
random_addition,42,135,142,0.0023539882280471983,0.04851791656746195,0.5370490449331389,142,14,inf
random_addition,42,135,143,0.0024026876639063844,0.04901721803515969,0.5274714905199078,143,14,inf
random_addition,42,135,144,0.002402734109035941,0.04901769179628862,0.5274623563123402,144,14,inf
random_addition,42,135,145,0.002438123042774989,0.049377353541628664,0.5205025336258516,145,14,inf
random_addition,42,135,146,0.002454486959182707,0.04954277908214987,0.5172842971710874,146,14,inf
random_addition,42,135,147,0.002679100908900147,0.051760031963863265,0.47311022641573275,147,14,inf
random_addition,42,135,148,0.0026165476404875153,0.05115220073943559,0.4854123675263555,148,14,inf
random_addition,42,135,149,0.002601898303067749,0.051008806132546845,0.4882934034927944,149,14,inf
random_addition,42,135,150,0.0026800483819562917,0.05176918370958047,0.47292389007342817,150,14,inf
random_addition,42,136,10,0.00962854819961681,0.0981251659851682,-0.8936142210947935,10,10,inf
random_addition,42,136,11,0.008775871039134452,0.09367961912355564,-0.7259210690621352,11,11,inf
random_addition,42,136,12,0.008337814009110074,0.09131163129147389,-0.6397698649026418,12,12,inf
random_addition,42,136,13,0.004561140177646216,0.06753621382374211,0.10297588735740681,13,13,inf
random_addition,42,136,14,0.004255343772921366,0.06523299604434374,0.1631158387542,14,14,inf
random_addition,42,136,15,0.005063027588460009,0.07115495477097859,0.004271376687432049,15,14,inf
random_addition,42,136,16,0.005636678326441312,0.07507781514163363,-0.10854658640134907,16,14,inf
random_addition,42,136,17,0.0027501824590516286,0.05244218205845013,0.45913085679179866,17,14,inf
random_addition,42,136,18,0.0022140416870881498,0.04705360440059985,0.5645718609028014,18,14,inf
random_addition,42,136,19,0.0026534563180929936,0.05151171049473113,0.4781536619202167,19,14,inf
random_addition,42,136,20,0.002519264602858374,0.05019227632672555,0.5045446956517081,20,14,inf
random_addition,42,136,21,0.002413988242023714,0.0491323543301531,0.5252490437931603,21,14,inf
random_addition,42,136,22,0.003877998526618889,0.062273578077856495,0.23732706040954,22,14,inf
random_addition,42,136,23,0.00368485180949528,0.06070298023569584,0.27531257626514893,23,14,inf
random_addition,42,136,24,0.0034031611278458676,0.05833661909852051,0.33071173610343496,24,14,inf
random_addition,42,136,25,0.0033836106716649437,0.05816881184677012,0.334556658628158,25,14,inf
random_addition,42,136,26,0.003515317154072669,0.05929011008652851,0.3086543872859877,26,14,inf
random_addition,42,136,27,0.003461722739145219,0.05883640657913448,0.31919462078473193,27,14,inf
random_addition,42,136,28,0.0030729567638622694,0.05543425623080253,0.39565191883334927,28,14,inf
random_addition,42,136,29,0.002647848222557843,0.051457246550489305,0.47925658722509723,29,14,inf
random_addition,42,136,30,0.002281799598165122,0.04776818604641715,0.5512461402077399,30,14,inf
random_addition,42,136,31,0.0025128577479226976,0.050128412581316575,0.5058047102839422,31,14,inf
random_addition,42,136,32,0.002589449109835797,0.050886629971297934,0.4907417444946205,32,14,inf
random_addition,42,136,33,0.0028068780401322322,0.05297997772868758,0.4479807273660835,33,14,inf
random_addition,42,136,34,0.0028219258299035216,0.053121801832237595,0.44502132911452863,34,14,inf
random_addition,42,136,35,0.0027717586460882823,0.052647494205216284,0.4548875405864299,35,14,inf
random_addition,42,136,36,0.002989981599683985,0.05468072420592091,0.41197036556365985,36,14,inf
random_addition,42,136,37,0.0035921893375188904,0.05993487580298211,0.2935361932693482,37,14,inf
random_addition,42,136,38,0.0035026265657907944,0.059182992200384685,0.31115020264115967,38,14,inf
random_addition,42,136,39,0.003646837052209987,0.06038904745241464,0.28278881084532814,39,14,inf
random_addition,42,136,40,0.0035508429576334064,0.05958894996250065,0.30166764687157,40,14,inf
random_addition,42,136,41,0.003219096426228988,0.056737081580118205,0.3669111224862298,41,14,inf
random_addition,42,136,42,0.0032098075270930006,0.056655163287144455,0.36873793906725094,42,14,inf
random_addition,42,136,43,0.0026440904796962753,0.05142072033428038,0.47999560988711865,43,14,inf
random_addition,42,136,44,0.0025695012289688726,0.050690247868489184,0.4946648271969345,44,14,inf
random_addition,42,136,45,0.0025383195152156026,0.050381737913807643,0.5007972300656919,45,14,inf
random_addition,42,136,46,0.0026399002230776936,0.05137995935262788,0.48081969357642274,46,14,inf
random_addition,42,136,47,0.0030095978629443407,0.05485980188575548,0.40811250098174634,47,14,inf
random_addition,42,136,48,0.0029738312053407046,0.0545328451975569,0.4151466093514764,48,14,inf
random_addition,42,136,49,0.0029140649924159225,0.05398208028981397,0.42690062962421604,49,14,inf
random_addition,42,136,50,0.0026913338396748116,0.051878067038728534,0.470704417024708,50,14,inf
random_addition,42,136,51,0.0024423917707761004,0.04942056020297727,0.5196630172334207,51,14,inf
random_addition,42,136,52,0.002381306347487442,0.048798630590288515,0.5316764821756849,52,14,inf
random_addition,42,136,53,0.0023803060187405933,0.04878837995609808,0.5318732134690773,53,14,inf
random_addition,42,136,54,0.0027278468705456975,0.05222879350076639,0.46352352193243074,54,14,inf
random_addition,42,136,55,0.0027316479534175817,0.05226516960096448,0.4627759757362092,55,14,inf
random_addition,42,136,56,0.0027201085520538746,0.052154659926548025,0.46504539102834075,56,14,inf
random_addition,42,136,57,0.002736566997841005,0.052312206967791035,0.46180856379816004,57,14,inf
random_addition,42,136,58,0.002773229134109192,0.05266145776665503,0.4545983446484114,58,14,inf
random_addition,42,136,59,0.0028695398215074536,0.05356808584882844,0.4356572453757276,59,14,inf
random_addition,42,136,60,0.0028255268642043713,0.05315568515412412,0.44431312579858007,60,14,inf
random_addition,42,136,61,0.002840693355505083,0.05329815527300249,0.44133038291608806,61,14,inf
random_addition,42,136,62,0.002852887627034611,0.05341242951818061,0.4389321765089036,62,14,inf
random_addition,42,136,63,0.002826828690850154,0.05316792915706003,0.444057099926481,63,14,inf
random_addition,42,136,64,0.0029732764407347837,0.05452775844223549,0.41525571304243303,64,14,inf
random_addition,42,136,65,0.002772592447153774,0.05265541232536095,0.4547235597325726,65,14,inf
random_addition,42,136,66,0.0027665548806303595,0.052598050159966575,0.45591094765362994,66,14,inf
random_addition,42,136,67,0.00278694614171492,0.052791534754304315,0.45190066685373564,67,14,inf
random_addition,42,136,68,0.0029907577671286116,0.05468782101280514,0.4118177193203607,68,14,inf
random_addition,42,136,69,0.0030729171411247487,0.05543389884470286,0.39565971130399935,69,14,inf
random_addition,42,136,70,0.003139674394197002,0.05603279748680234,0.3825307866563693,70,14,inf
random_addition,42,136,71,0.003108673298092239,0.05575547774068696,0.38862766805909643,71,14,inf
random_addition,42,136,72,0.002966087018415602,0.054461794116753094,0.4166696325724407,72,14,inf
random_addition,42,136,73,0.003211673658477147,0.05667163010252261,0.3683709332784041,73,14,inf
random_addition,42,136,74,0.0031795403356878007,0.056387412918911264,0.37469048589874165,74,14,inf
random_addition,42,136,75,0.0031880188742892356,0.0564625439941315,0.37302304020112165,75,14,inf
random_addition,42,136,76,0.00317146298192736,0.056315743641786,0.37627903192172285,76,14,inf
random_addition,42,136,77,0.003220057437682153,0.05674554993726074,0.36672212359287437,77,14,inf
random_addition,42,136,78,0.0032328283621062175,0.056857966566754896,0.3642105087985591,78,14,inf
random_addition,42,136,79,0.003212809126021889,0.056681647171036666,0.3681476246917159,79,14,inf
random_addition,42,136,80,0.0032022254582794634,0.056588209534137617,0.3702290790639542,80,14,inf
random_addition,42,136,81,0.003062789195754529,0.05534247189776157,0.3976515402885894,81,14,inf
random_addition,42,136,82,0.002800049157112677,0.05291549071030786,0.44932374084349824,82,14,inf
random_addition,42,136,83,0.0026816487850910265,0.05178463850497584,0.47260914416650746,83,14,inf
random_addition,42,136,84,0.0024323347441043185,0.04931870582349377,0.521640898875886,84,14,inf
random_addition,42,136,85,0.002353559578068656,0.048513498926264394,0.5371333460840924,85,14,inf
random_addition,42,136,86,0.0020234728081913317,0.04498302800158446,0.6020504019762591,86,14,inf
random_addition,42,136,87,0.0020175000825813777,0.04491659028222621,0.6032250378527412,87,14,inf
random_addition,42,136,88,0.0020283681050809136,0.045037407841492315,0.6010876603858955,88,14,inf
random_addition,42,136,89,0.001787736109318715,0.04228162850835709,0.6484119464339058,89,14,inf
random_addition,42,136,90,0.001787708114896749,0.0422812974599497,0.6484174520028085,90,14,inf
random_addition,42,136,91,0.0017157059387975441,0.041421080850184776,0.6625778780384441,91,14,inf
random_addition,42,136,92,0.00175661629102167,0.04191200652583541,0.6545321765312652,92,14,inf
random_addition,42,136,93,0.0017882416773051368,0.0422876066632428,0.6483125180767982,93,14,inf
random_addition,42,136,94,0.0018766400352084275,0.043320203545325446,0.6309275100593112,94,14,inf
random_addition,42,136,95,0.0018577341793562768,0.04310144057170568,0.6346456612033253,95,14,inf
random_addition,42,136,96,0.0018432855693000464,0.04293350171253268,0.6374872207936507,96,14,inf
random_addition,42,136,97,0.0018969030487906084,0.043553450480881634,0.6269424512647797,97,14,inf
random_addition,42,136,98,0.0021301362379442896,0.046153398985819986,0.5810732636513989,98,14,inf
random_addition,42,136,99,0.0021279515536308745,0.0461297252715738,0.5815029181744609,99,14,inf
random_addition,42,136,100,0.002129727546096251,0.04614897123551349,0.5811536397038884,100,14,inf
random_addition,42,136,101,0.0020049328100495796,0.04477647607895891,0.6056966011137044,101,14,inf
random_addition,42,136,102,0.0022232759383702893,0.04715162710204484,0.5627557917315719,102,14,inf
random_addition,42,136,103,0.002230637168640312,0.04722962172874468,0.5613080833091719,103,14,inf
random_addition,42,136,104,0.002208780432118954,0.046997664113431786,0.5656065742390104,104,14,inf
random_addition,42,136,105,0.002436640492624961,0.049362338808295554,0.5207941017822733,105,14,inf
random_addition,42,136,106,0.0024467634784680085,0.049464770073942614,0.5188032481712275,106,14,inf
random_addition,42,136,107,0.002397239089438836,0.04896160832161088,0.528543043352437,107,14,inf
random_addition,42,136,108,0.0023388293343456993,0.04836144470904172,0.5400302936213228,108,14,inf
random_addition,42,136,109,0.0023142078569408204,0.04810621432768141,0.5448725168507913,109,14,inf
random_addition,42,136,110,0.0022888911741625745,0.047842357531402806,0.5498514637850488,110,14,inf
random_addition,42,136,111,0.002144600122840349,0.046309827497415156,0.57822870000965,111,14,inf
random_addition,42,136,112,0.002085777067036826,0.04567030837466314,0.5897972327404968,112,14,inf
random_addition,42,136,113,0.0019610575491567925,0.0442838294319359,0.6143254012462241,113,14,inf
random_addition,42,136,114,0.0017739049683599523,0.042117751226293555,0.6511320704516183,114,14,inf
random_addition,42,136,115,0.0017856741857800516,0.04225723826494168,0.6488174580078914,115,14,inf
random_addition,42,136,116,0.0017866107725203022,0.04226831878038565,0.6486332626407542,116,14,inf
random_addition,42,136,117,0.0018027216115617743,0.04245846925598913,0.6454647980612327,117,14,inf
random_addition,42,136,118,0.0018159880190437387,0.04261441093155857,0.6428557382788154,118,14,inf
random_addition,42,136,119,0.001631775484262733,0.04039524086155117,0.6790841985132581,119,14,inf
random_addition,42,136,120,0.0016451931056862983,0.04056098008784179,0.6764453999930471,120,14,inf
random_addition,42,136,121,0.0017116159632955493,0.041371680692178184,0.6633822397775082,121,14,inf
random_addition,42,136,122,0.001703741728818409,0.0412764064426448,0.6649308390135531,122,14,inf
random_addition,42,136,123,0.0017033839434692163,0.04127207219742203,0.665001203455968,123,14,inf
random_addition,42,136,124,0.0017659956300348893,0.042023750784941714,0.65268757344348,124,14,inf
random_addition,42,136,125,0.0017860356245921315,0.042261514698270476,0.6487463750512067,125,14,inf
random_addition,42,136,126,0.0017827422037817702,0.04222253194423293,0.649394081055607,126,14,inf
random_addition,42,136,127,0.001613204269722085,0.040164714236778594,0.6827365368749825,127,14,inf
random_addition,42,136,128,0.0016340510885936108,0.040423397786351546,0.6786366630558662,128,14,inf
random_addition,42,136,129,0.0017058180810683092,0.04130155058915233,0.6645224897934111,129,14,inf
random_addition,42,136,130,0.001706582643927166,0.04131080541368282,0.6643721257850023,130,14,inf
random_addition,42,136,131,0.0017107115333805292,0.04136074870430333,0.663560110969879,131,14,inf
random_addition,42,136,132,0.001547772466913789,0.03934173950035495,0.695604789672906,132,14,inf
random_addition,42,136,133,0.0017360552209835657,0.04166599597973827,0.6585758530874701,133,14,inf
random_addition,42,136,134,0.0018596953654872977,0.04312418538926037,0.6342599613168085,134,14,inf
random_addition,42,136,135,0.002004318603964995,0.044769616973623916,0.6058173949605379,135,14,inf
random_addition,42,136,136,0.00220773154082639,0.0469865038157383,0.5658128561650916,136,14,inf
random_addition,42,136,137,0.0022567473921804174,0.047505235418640095,0.5561730733796921,137,14,inf
random_addition,42,136,138,0.0022849691360400217,0.04780135077631198,0.5506227978439922,138,14,inf
random_addition,42,136,139,0.002317121077202457,0.04813648384751899,0.5442995836107796,139,14,inf
random_addition,42,136,140,0.0023792861749044325,0.04877792712799953,0.5320737827295114,140,14,inf
random_addition,42,136,141,0.00233364648170403,0.048307830438801845,0.5410495878352204,141,14,inf
random_addition,42,136,142,0.002338697309412551,0.0483600797085008,0.540056258521302,142,14,inf
random_addition,42,136,143,0.002388458919721707,0.04887186224937318,0.530269809828056,143,14,inf
random_addition,42,136,144,0.0027071057684981545,0.0520298545884779,0.4676026047789983,144,14,inf
random_addition,42,136,145,0.0026942397132784994,0.05190606624739058,0.4701329286272291,145,14,inf
random_addition,42,136,146,0.0026990279605062614,0.0519521699306801,0.4691912401341529,146,14,inf
random_addition,42,136,147,0.0026800666295054647,0.05176935994877148,0.4729203013892468,147,14,inf
random_addition,42,136,148,0.002673119087848929,0.05170221550232571,0.4742866510620861,148,14,inf
random_addition,42,136,149,0.0026961316935419405,0.051924288088927524,0.4697608392261473,149,14,inf
random_addition,42,136,150,0.0026800483819562917,0.05176918370958047,0.47292389007342817,150,14,inf
random_addition,42,137,10,0.00962854819961681,0.0981251659851682,-0.8936142210947935,10,10,inf
random_addition,42,137,11,0.010765227209267116,0.10375561290487911,-1.1171610625157489,11,11,inf
random_addition,42,137,12,0.01536220772782666,0.12394437352226466,-2.0212337745770026,12,12,inf
random_addition,42,137,13,0.015439302780680304,0.1242549909688955,-2.0363957995711264,13,13,inf
random_addition,42,137,14,0.012785336493026222,0.11307226226191029,-1.5144491674913358,14,14,inf
random_addition,42,137,15,0.012699263453098728,0.11269100875002729,-1.4975214719467416,15,14,inf
random_addition,42,137,16,0.014761619477329005,0.12149740522879081,-1.9031181014155947,16,14,inf
random_addition,42,137,17,0.014859560253709997,0.12189979595434111,-1.9223797848111759,17,14,inf
random_addition,42,137,18,0.014810918499420168,0.12170011708876934,-1.9128135744383714,18,14,inf
random_addition,42,137,19,0.018749509330860566,0.1369288476941969,-2.6874029990191115,19,14,inf
random_addition,42,137,20,0.01886834515895523,0.13736209505884522,-2.7107740420248043,20,14,inf
random_addition,42,137,21,0.01982558741110994,0.14080336434584914,-2.899031659282732,21,14,inf
random_addition,42,137,22,0.022063534079985927,0.1485379886762505,-3.339161110823925,22,14,inf
random_addition,42,137,23,0.021644799108450376,0.14712171528516915,-3.2568099109824997,23,14,inf
random_addition,42,137,24,0.021994310063991006,0.1483047877311822,-3.3255470562009766,24,14,inf
random_addition,42,137,25,0.011942676564627934,0.1092825537980694,-1.348726070833293,25,14,inf
random_addition,42,137,26,0.011349530196649981,0.10653417384412375,-1.2320739677012265,26,14,inf
random_addition,42,137,27,0.011085361184766048,0.10528704186539789,-1.1801207357803554,27,14,inf
random_addition,42,137,28,0.008164705524247527,0.09035876008582415,-0.6057252008544378,28,14,inf
random_addition,42,137,29,0.008406407078897876,0.09168646071747931,-0.653259833455107,29,14,inf
random_addition,42,137,30,0.008045703544855861,0.0896978458205985,-0.5823214814314561,30,14,inf
random_addition,42,137,31,0.007426850967187888,0.0861791794297665,-0.4606138244162603,31,14,inf
random_addition,42,137,32,0.006048212330001514,0.07777025350351839,-0.18948159606736348,32,14,inf
random_addition,42,137,33,0.005749717283914388,0.07582689024293683,-0.13077757834022363,33,14,inf
random_addition,42,137,34,0.006395982452245916,0.07997488638470152,-0.25787637745092473,34,14,inf
random_addition,42,137,35,0.006334190398956459,0.07958762717254773,-0.24572394196078307,35,14,inf
random_addition,42,137,36,0.005543147138155765,0.07445231452517621,-0.09015212187964083,36,14,inf
random_addition,42,137,37,0.005743554213979538,0.07578624026813534,-0.1295655080849487,37,14,inf
random_addition,42,137,38,0.005339076649403212,0.07306898555066446,-0.050018264563230774,38,14,inf
random_addition,42,137,39,0.0037447698640501693,0.06119452478817177,0.26352869380922606,39,14,inf
random_addition,42,137,40,0.003844301867787814,0.062002434369852075,0.24395406907616768,40,14,inf
random_addition,42,137,41,0.0030517179446318283,0.05524235643626934,0.3998288860458752,41,14,inf
random_addition,42,137,42,0.0024385679323754962,0.04938185833254451,0.5204150386830136,42,14,inf
random_addition,42,137,43,0.0027527940058693556,0.05246707544612483,0.45861725265433384,43,14,inf
random_addition,42,137,44,0.0027466922598245068,0.05240889485406563,0.45981726254621913,44,14,inf
random_addition,42,137,45,0.002655467925692492,0.0515312325264251,0.4777580458129177,45,14,inf
random_addition,42,137,46,0.0033168668971906047,0.057592246849646395,0.3476829324852263,46,14,inf
random_addition,42,137,47,0.0044590677208364805,0.06677625117387528,0.12305013445986113,47,14,inf
random_addition,42,137,48,0.004198517286509634,0.06479596659136766,0.17429171289152712,48,14,inf
random_addition,42,137,49,0.004182663274957105,0.06467351293193455,0.17740966807177583,49,14,inf
random_addition,42,137,50,0.004235355745112376,0.06507961082483804,0.16704681702071034,50,14,inf
random_addition,42,137,51,0.004232393814400392,0.06505685063389091,0.16762932998131785,51,14,inf
random_addition,42,137,52,0.00424020324571848,0.06511684302635133,0.16609347536481578,52,14,inf
random_addition,42,137,53,0.004299260176044761,0.06556874389558459,0.1544789473174304,53,14,inf
random_addition,42,137,54,0.004230669748659292,0.06504359882924139,0.16796839619750803,54,14,inf
random_addition,42,137,55,0.004231198877794601,0.06504766619790907,0.16786433414841773,55,14,inf
random_addition,42,137,56,0.004235946978493736,0.06508415305198137,0.16693054113822858,56,14,inf
random_addition,42,137,57,0.004359428099345549,0.06602596534201942,0.142645924014847,57,14,inf
random_addition,42,137,58,0.004136829978327343,0.06431819321410812,0.18642354851340137,58,14,inf
random_addition,42,137,59,0.004059981965945683,0.06371798777382791,0.20153698888799199,59,14,inf
random_addition,42,137,60,0.004039605763380345,0.06355789300614319,0.20554430817950953,60,14,inf
random_addition,42,137,61,0.0040365732367870985,0.06353403211497834,0.20614070499487247,61,14,inf
random_addition,42,137,62,0.004049792891796168,0.06363798309025961,0.20354083986420435,62,14,inf
random_addition,42,137,63,0.0039086815495109695,0.06251944936986385,0.2312927333967788,63,14,inf
random_addition,42,137,64,0.0039219046996081435,0.06262511237202009,0.2286921808988771,64,14,inf
random_addition,42,137,65,0.003910252339363898,0.06253201051752533,0.23098381143448599,65,14,inf
random_addition,42,137,66,0.0037201632674548255,0.06099314115090996,0.26836799047988513,66,14,inf
random_addition,42,137,67,0.003621885276033133,0.06018210096061065,0.28769599282442915,67,14,inf
random_addition,42,137,68,0.003651976738057532,0.06043158725416314,0.2817780060997842,68,14,inf
random_addition,42,137,69,0.0037037694544420226,0.06085860214005923,0.2715921065995144,69,14,inf
random_addition,42,137,70,0.003711146179905861,0.06091917743950472,0.2701413507894129,70,14,inf
random_addition,42,137,71,0.0038534798972945754,0.062076403707806524,0.24214905685258836,71,14,inf
random_addition,42,137,72,0.003892045471547502,0.062386260278586195,0.2345644949502098,72,14,inf
random_addition,42,137,73,0.003785322502579812,0.06152497462477991,0.25555334265237106,73,14,inf
random_addition,42,137,74,0.003768143867605393,0.06138520886667564,0.25893180707007535,74,14,inf
random_addition,42,137,75,0.003576219544572899,0.059801501189960936,0.2966769187872068,75,14,inf
random_addition,42,137,76,0.003306328977948216,0.05750068676066588,0.3497553896536839,76,14,inf
random_addition,42,137,77,0.003308739898648873,0.05752164721779856,0.34928124198053034,77,14,inf
random_addition,42,137,78,0.003004022041372213,0.05480895949908384,0.40920907907476445,78,14,inf
random_addition,42,137,79,0.0030208745221914886,0.05496248286050666,0.4058947582988267,79,14,inf
random_addition,42,137,80,0.0028523232746525975,0.05340714628823185,0.439043165795568,80,14,inf
random_addition,42,137,81,0.0029252027045504527,0.05408514310372538,0.42471021320305236,81,14,inf
random_addition,42,137,82,0.0028957288308580176,0.05381197664886524,0.4305067409056367,82,14,inf
random_addition,42,137,83,0.002800625759879694,0.05292093876604698,0.4492103423147783,83,14,inf
random_addition,42,137,84,0.0029106741664816456,0.05395066418943928,0.42756749196704147,84,14,inf
random_addition,42,137,85,0.002823132347476424,0.05313315676182269,0.4447840473575406,85,14,inf
random_addition,42,137,86,0.0028734572750920007,0.053604638559475434,0.4348868129424691,86,14,inf
random_addition,42,137,87,0.0028800259122750533,0.05366587288282054,0.43359498113925543,87,14,inf
random_addition,42,137,88,0.0028295747890376547,0.053193747649866285,0.44351703402323506,88,14,inf
random_addition,42,137,89,0.0027129325082003346,0.052085818686090884,0.4664566794604643,89,14,inf
random_addition,42,137,90,0.0026841899166757718,0.051809168268519536,0.47210938835630767,90,14,inf
random_addition,42,137,91,0.002669419585415297,0.05166642609485678,0.4750142197748417,91,14,inf
random_addition,42,137,92,0.0026774378579545463,0.05174396445919607,0.4734372930571107,92,14,inf
random_addition,42,137,93,0.0029740507695388044,0.05453485829759535,0.41510342839840375,93,14,inf
random_addition,42,137,94,0.002901327798877471,0.053863974963582764,0.4294056106785985,94,14,inf
random_addition,42,137,95,0.00239239302015033,0.04891209482480105,0.5294961035159091,95,14,inf
random_addition,42,137,96,0.0023843601182731815,0.04882991007848757,0.531075907336368,96,14,inf
random_addition,42,137,97,0.0023715477367260715,0.048698539369534194,0.5335956753637707,97,14,inf
random_addition,42,137,98,0.002455126423175945,0.04954923231671652,0.5171585359362294,98,14,inf
random_addition,42,137,99,0.0024737334476485967,0.04973664089631101,0.5134991549555044,99,14,inf
random_addition,42,137,100,0.0024717175111627606,0.04971637065557743,0.5138956224103336,100,14,inf
random_addition,42,137,101,0.0024955151427456302,0.049955131295449824,0.5092154221704377,101,14,inf
random_addition,42,137,102,0.0025158586294556267,0.0501583355929563,0.50521453699626,102,14,inf
random_addition,42,137,103,0.0026218333508938587,0.051203841173234836,0.48437284462149655,103,14,inf
random_addition,42,137,104,0.0026372865334419637,0.05135451814049046,0.481333719134704,104,14,inf
random_addition,42,137,105,0.002936084742803228,0.05418565070941963,0.4225700793051119,105,14,inf
random_addition,42,137,106,0.0029573120624379425,0.054381173786871705,0.41839537367943724,106,14,inf
random_addition,42,137,107,0.002930896544445052,0.054137755258645996,0.4235904248431126,107,14,inf
random_addition,42,137,108,0.003078476873574391,0.05548402358854656,0.39456629740463867,108,14,inf
random_addition,42,137,109,0.002970061028860219,0.0544982662922429,0.41588807729155164,109,14,inf
random_addition,42,137,110,0.0028114366185955776,0.05302298198513148,0.44708420705718477,110,14,inf
random_addition,42,137,111,0.0028087865757105636,0.05299798652506115,0.4476053820868505,111,14,inf
random_addition,42,137,112,0.0028050193321502823,0.05296243321591524,0.44834627321936416,112,14,inf
random_addition,42,137,113,0.00318002874151174,0.056391743558004484,0.3745944327664622,113,14,inf
random_addition,42,137,114,0.003206760161435205,0.05662826292087022,0.36933725423157737,114,14,inf
random_addition,42,137,115,0.0032262924931455274,0.05680046208566905,0.36549589618558664,115,14,inf
random_addition,42,137,116,0.0035727742849708524,0.059772688453597705,0.2973544864165675,116,14,inf
random_addition,42,137,117,0.0035402523194994887,0.05950001949158915,0.30375047208728145,117,14,inf
random_addition,42,137,118,0.003439599527959741,0.058648099099286595,0.32354551839136925,118,14,inf
random_addition,42,137,119,0.0033557026014629497,0.05792842654054182,0.340045245019605,119,14,inf
random_addition,42,137,120,0.003374158586825985,0.058087508010121976,0.33641556839305475,120,14,inf
random_addition,42,137,121,0.0032034389206880344,0.05659893038466393,0.369990431489471,121,14,inf
random_addition,42,137,122,0.0032193978349867166,0.05673973770636164,0.3668518454386247,122,14,inf
random_addition,42,137,123,0.0031621723456817055,0.056233196118322365,0.3781061901342653,123,14,inf
random_addition,42,137,124,0.0030489892413411244,0.05521765334873553,0.4003655309532176,124,14,inf
random_addition,42,137,125,0.0030502516001468345,0.0552290829196614,0.40011726708860795,125,14,inf
random_addition,42,137,126,0.0030064866581261925,0.05483143859252822,0.40872437117923033,126,14,inf
random_addition,42,137,127,0.003127226762127026,0.055921612656709266,0.38497882062971545,127,14,inf
random_addition,42,137,128,0.003063005528962124,0.05534442635859661,0.3976089947635628,128,14,inf
random_addition,42,137,129,0.0030586300159205207,0.05530488238772885,0.39846951221109395,129,14,inf
random_addition,42,137,130,0.00311483104109164,0.05581067139079801,0.3874166454343173,130,14,inf
random_addition,42,137,131,0.0032419521400683035,0.05693814310344432,0.36241616604397797,131,14,inf
random_addition,42,137,132,0.002636630275206863,0.05134812825417167,0.4814627832366781,132,14,inf
random_addition,42,137,133,0.002641403928636697,0.05139459046083252,0.48052396485680315,133,14,inf
random_addition,42,137,134,0.0028412744788059155,0.05330360662099625,0.4412160953491723,134,14,inf
random_addition,42,137,135,0.002765340196478832,0.05258650203691849,0.4561498355041953,135,14,inf
random_addition,42,137,136,0.0027743458835083152,0.052672059799369106,0.45437871729652646,136,14,inf
random_addition,42,137,137,0.0026581347710886135,0.05155710204315807,0.47723356628985136,137,14,inf
random_addition,42,137,138,0.0026480060857426635,0.051458780453316845,0.47922554080298185,138,14,inf
random_addition,42,137,139,0.002608964043914038,0.05107801918549738,0.4869038079824727,139,14,inf
random_addition,42,137,140,0.002573900882653056,0.0507336267445277,0.49379956209034304,140,14,inf
random_addition,42,137,141,0.0028140333767863396,0.053047463434044984,0.44657351134929324,141,14,inf
random_addition,42,137,142,0.002934456385783985,0.05417062290378416,0.42289032280856986,142,14,inf
random_addition,42,137,143,0.0029457047678630487,0.054274347235715774,0.4206781413012819,143,14,inf
random_addition,42,137,144,0.0026812366946684643,0.05178065946536858,0.47269018860522893,144,14,inf
random_addition,42,137,145,0.0026374620358629746,0.05135622684605027,0.4812992036632775,145,14,inf
random_addition,42,137,146,0.0026212411312188217,0.051198057885224725,0.48448931447504173,146,14,inf
random_addition,42,137,147,0.002699449918408174,0.051956230794854376,0.46910825509142373,147,14,inf
random_addition,42,137,148,0.0027260353350048094,0.05221144831361039,0.4638797905402341,148,14,inf
random_addition,42,137,149,0.002675460599164713,0.05172485475247575,0.47382615389942984,149,14,inf
random_addition,42,137,150,0.0026800483819562917,0.05176918370958047,0.47292389007342817,150,14,inf
random_addition,42,138,10,0.00962854819961681,0.0981251659851682,-0.8936142210947935,10,10,inf
random_addition,42,138,11,0.0059779131679645985,0.07731696558947847,-0.17565609608498312,11,11,inf
random_addition,42,138,12,0.005990792045850481,0.07740020701426115,-0.17818894172389488,12,12,inf
random_addition,42,138,13,0.005860947745798024,0.07655682690523441,-0.1526528995283314,13,13,inf
random_addition,42,138,14,0.006728361690232704,0.08202659136056248,-0.3232442853431532,14,14,inf
random_addition,42,138,15,0.0063817196452957805,0.07988566608156798,-0.2550713591331497,15,14,inf
random_addition,42,138,16,0.006297945142476229,0.07935959389057021,-0.2385957091581552,16,14,inf
random_addition,42,138,17,0.006938488166131363,0.08329758799708047,-0.36456915330258943,17,14,inf
random_addition,42,138,18,0.006645298393249276,0.08151869965381732,-0.30690850583019413,18,14,inf
random_addition,42,138,19,0.005644682225412948,0.0751311002542419,-0.11012068631783456,19,14,inf
random_addition,42,138,20,0.011184839163025262,0.1057583999643776,-1.1996847355041043,20,14,inf
random_addition,42,138,21,0.010891472089809753,0.10436221581496702,-1.1419892189708896,21,14,inf
random_addition,42,138,22,0.011964571719698214,0.10938268473436832,-1.3530321174100561,22,14,inf
random_addition,42,138,23,0.012288204271251052,0.1108521730560617,-1.4166798438714596,23,14,inf
random_addition,42,138,24,0.01064136397923997,0.10315698705972354,-1.092801297264797,24,14,inf
random_addition,42,138,25,0.008940565792992735,0.09455456516209429,-0.7583110329050915,25,14,inf
random_addition,42,138,26,0.007878982535594856,0.08876363295626681,-0.5495330207469595,26,14,inf
random_addition,42,138,27,0.008060051502343079,0.08977778958263051,-0.585143246019241,27,14,inf
random_addition,42,138,28,0.008093860041477243,0.08996588265268808,-0.5917922578091432,28,14,inf
random_addition,42,138,29,0.00737843420225041,0.08589781255800645,-0.4510918619433859,29,14,inf
random_addition,42,138,30,0.00731405292425822,0.08552223643157503,-0.4384302123311299,30,14,inf
random_addition,42,138,31,0.007568405340091257,0.08699658234718911,-0.4884528472918628,31,14,inf
random_addition,42,138,32,0.007912011289155581,0.08894948729000961,-0.5560286747283265,32,14,inf
random_addition,42,138,33,0.008117235689907513,0.09009570294918351,-0.5963894680403423,33,14,inf
random_addition,42,138,34,0.008018987241451891,0.08954879810166014,-0.5770672758116666,34,14,inf
random_addition,42,138,35,0.010405901106627728,0.10200931872445639,-1.0464936052976825,35,14,inf
random_addition,42,138,36,0.010600282603345845,0.10295767384389493,-1.0847219611071037,36,14,inf
random_addition,42,138,37,0.010821052720665697,0.10402428908993176,-1.1281400782606612,37,14,inf
random_addition,42,138,38,0.01027577329207192,0.10136948896029771,-1.0209018052573948,38,14,inf
random_addition,42,138,39,0.010341050966369064,0.10169095813477746,-1.0337397461189242,39,14,inf
random_addition,42,138,40,0.009904482883885615,0.09952126850018349,-0.9478813682692246,40,14,inf
random_addition,42,138,41,0.009168602955217944,0.09575282217886814,-0.8031583353618565,41,14,inf
random_addition,42,138,42,0.009328080120790118,0.09658198652331665,-0.8345221736484403,42,14,inf
random_addition,42,138,43,0.009307804602506894,0.09647696410287222,-0.8305346555963722,43,14,inf
random_addition,42,138,44,0.008734261756330792,0.09345727235657368,-0.7177379112263875,44,14,inf
random_addition,42,138,45,0.008504863149895384,0.09222181493494576,-0.6726228581114535,45,14,inf
random_addition,42,138,46,0.00850664361270636,0.09223146758404292,-0.6729730157498741,46,14,inf
random_addition,42,138,47,0.008764941407633297,0.09362126578739094,-0.723771575159956,47,14,inf
random_addition,42,138,48,0.00949089422520675,0.09742122061033084,-0.8665422764849631,48,14,inf
random_addition,42,138,49,0.008623142220953972,0.09286087562022002,-0.6958844055816462,49,14,inf
random_addition,42,138,50,0.008316787423490237,0.09119642220772829,-0.6356346369611774,50,14,inf
random_addition,42,138,51,0.008302930065684732,0.09112041519706071,-0.6329093569643085,51,14,inf
random_addition,42,138,52,0.009364369808217934,0.09676967401111743,-0.8416591445362354,52,14,inf
random_addition,42,138,53,0.009370194901183446,0.0967997670512871,-0.8428047459966022,53,14,inf
random_addition,42,138,54,0.009313674896722704,0.09650738260217559,-0.8316891466347522,54,14,inf
random_addition,42,138,55,0.00933536454653886,0.09661969026310765,-0.8359547771837141,55,14,inf
random_addition,42,138,56,0.008880174680604685,0.0942346787579004,-0.7464341157546641,56,14,inf
random_addition,42,138,57,0.007766265463735993,0.08812641751334269,-0.5273653329702497,57,14,inf
random_addition,42,138,58,0.007801576776775468,0.08832653495284114,-0.5343098902545702,58,14,inf
random_addition,42,138,59,0.0074481217407038865,0.08630250135832615,-0.4647970759707556,59,14,inf
random_addition,42,138,60,0.007387137097244286,0.08594845604921758,-0.45280343105883714,60,14,inf
random_addition,42,138,61,0.0070304074125154565,0.08384752478466766,-0.382646602626898,61,14,inf
random_addition,42,138,62,0.0069674483977966006,0.08347124293909011,-0.37026466475359676,62,14,inf
random_addition,42,138,63,0.0064708653248693486,0.0804416889732516,-0.2726033403924206,63,14,inf
random_addition,42,138,64,0.00644033302689438,0.08025168550812113,-0.2665986559426501,64,14,inf
random_addition,42,138,65,0.006495387273258278,0.08059396548910022,-0.2774259895847544,65,14,inf
random_addition,42,138,66,0.0057719200130118675,0.07597315323857413,-0.13514411446742236,66,14,inf
random_addition,42,138,67,0.005705997124628172,0.07553805083948203,-0.12217928151950419,67,14,inf
random_addition,42,138,68,0.005308023632421909,0.07285618458594925,-0.04391117205617623,68,14,inf
random_addition,42,138,69,0.004700226624747393,0.06855819881492944,0.07562222315673128,69,14,inf
random_addition,42,138,70,0.00453179919298072,0.06731863926863585,0.10874628022158939,70,14,inf
random_addition,42,138,71,0.003780151363836217,0.061482935549924886,0.2565703331332948,71,14,inf
random_addition,42,138,72,0.0037441767647056943,0.06118967857985278,0.2636453366644038,72,14,inf
random_addition,42,138,73,0.003737160642129427,0.06113232076511922,0.2650251739162849,73,14,inf
random_addition,42,138,74,0.0035351171471360117,0.0594568511370726,0.3047603891810796,74,14,inf
random_addition,42,138,75,0.0034086204662531483,0.058383392041342956,0.32963806636304704,75,14,inf
random_addition,42,138,76,0.0034536915803450342,0.05876811703930146,0.32077408180010136,76,14,inf
random_addition,42,138,77,0.00366435842024015,0.060533944363804264,0.27934294226918366,77,14,inf
random_addition,42,138,78,0.003669942882480734,0.06058005350344892,0.27824466484493415,78,14,inf
random_addition,42,138,79,0.00326887462058245,0.057174072975278316,0.35712141226471505,79,14,inf
random_addition,42,138,80,0.0032667685682758046,0.05715565211136869,0.35753560249522065,80,14,inf
random_addition,42,138,81,0.0033084048598385533,0.0575187348595095,0.3493471329375767,81,14,inf
random_addition,42,138,82,0.0033375117677302913,0.057771201889265655,0.34362277516595696,82,14,inf
random_addition,42,138,83,0.003500849896043278,0.059167980327566344,0.31149961431053463,83,14,inf
random_addition,42,138,84,0.003501955406404232,0.05917732172381775,0.3112821973025216,84,14,inf
random_addition,42,138,85,0.0039225888448271755,0.06263057436130676,0.22855763235747772,85,14,inf
random_addition,42,138,86,0.0034918950398302928,0.05909225871322142,0.31326073579232183,86,14,inf
random_addition,42,138,87,0.003477378407013932,0.058969300547097654,0.31611567319031564,87,14,inf
random_addition,42,138,88,0.0035854018059519577,0.05987822480628461,0.2948710742955225,88,14,inf
random_addition,42,138,89,0.0035691006364129015,0.059741950390097755,0.2980769705344656,89,14,inf
random_addition,42,138,90,0.003689282430461309,0.0607394635345202,0.2744412209272915,90,14,inf
random_addition,42,138,91,0.0036920637457831295,0.060762354676091423,0.2738942289885735,91,14,inf
random_addition,42,138,92,0.003740488083820026,0.061159529787434,0.26437077713968327,92,14,inf
random_addition,42,138,93,0.003516280499111131,0.05929823352437348,0.30846492945425297,93,14,inf
random_addition,42,138,94,0.0035653892723067466,0.05971088068607552,0.29880687204249934,94,14,inf
random_addition,42,138,95,0.0033574226669725394,0.0579432711103933,0.3397069655155045,95,14,inf
random_addition,42,138,96,0.003345784601127993,0.057842757551209406,0.3419957848195557,96,14,inf
random_addition,42,138,97,0.003382029848008088,0.058155222018388755,0.33486755390495415,97,14,inf
random_addition,42,138,98,0.0034107147987236207,0.05840132531649963,0.3292261810333412,98,14,inf
random_addition,42,138,99,0.0033731932548225372,0.05807919812482381,0.33660541699451674,99,14,inf
random_addition,42,138,100,0.003407928275993723,0.05837746376808197,0.32977419709550815,100,14,inf
random_addition,42,138,101,0.003352780721622191,0.057903201307200544,0.34061988130994536,101,14,inf
random_addition,42,138,102,0.0034330607674946763,0.05859232686533857,0.32483147444084637,102,14,inf
random_addition,42,138,103,0.003319301011059568,0.057613375279179466,0.34720422348959434,103,14,inf
random_addition,42,138,104,0.003310970736022945,0.05754103523593354,0.34884251069010996,104,14,inf
random_addition,42,138,105,0.0031343311727303307,0.055985097773696264,0.3835816200682175,105,14,inf
random_addition,42,138,106,0.0031495350835659417,0.05612071884398793,0.3805915180115319,106,14,inf
random_addition,42,138,107,0.003185656253739405,0.05644161809993938,0.3734876888459078,107,14,inf
random_addition,42,138,108,0.0029292796574194166,0.054122820117021034,0.4239084125814685,108,14,inf
random_addition,42,138,109,0.0029997801271549047,0.05477024855845466,0.41004332209043304,109,14,inf
random_addition,42,138,110,0.0027798567286015175,0.052724346639873285,0.4532949179092882,110,14,inf
random_addition,42,138,111,0.0027689583725118627,0.052620892927732255,0.4554382609813774,111,14,inf
random_addition,42,138,112,0.0026725784637901887,0.051696986989477334,0.474392973779143,112,14,inf
random_addition,42,138,113,0.002613292475351333,0.051120372410139316,0.48605254991585967,113,14,inf
random_addition,42,138,114,0.0026375607284991904,0.05135718770044939,0.4812797941141346,114,14,inf
random_addition,42,138,115,0.00266124148752874,0.05158722213425278,0.4766225788065913,115,14,inf
random_addition,42,138,116,0.00258980480616556,0.05089012483935916,0.49067179089263746,116,14,inf
random_addition,42,138,117,0.0026080175971539784,0.05106875362835849,0.48708994248657467,117,14,inf
random_addition,42,138,118,0.0025379104479488464,0.05037767807222606,0.5008776799505192,118,14,inf
random_addition,42,138,119,0.0025510840335434973,0.05050825708281268,0.49828687513678493,119,14,inf
random_addition,42,138,120,0.0027494058349103565,0.05243477696062372,0.4592835928520925,120,14,inf
random_addition,42,138,121,0.002768478501618293,0.052616333030897286,0.4555326355775797,121,14,inf
random_addition,42,138,122,0.002852603614617044,0.05340977077854804,0.43898803227674343,122,14,inf
random_addition,42,138,123,0.0029076253682390196,0.053922401358239044,0.4281670888730127,123,14,inf
random_addition,42,138,124,0.0027663097491369614,0.05259571987469096,0.45595915684075905,124,14,inf
random_addition,42,138,125,0.0028117868633832466,0.053026284646232255,0.44701532559166735,125,14,inf
random_addition,42,138,126,0.002793932392989454,0.05285766162997994,0.45052670429039443,126,14,inf
random_addition,42,138,127,0.0027537642774264877,0.05247632111177848,0.4584264326074464,127,14,inf
random_addition,42,138,128,0.0027798483540433594,0.05272426722149261,0.4532965649055014,128,14,inf
random_addition,42,138,129,0.002870502736610971,0.05357707286340838,0.43546787209785376,129,14,inf
random_addition,42,138,130,0.0029132441918871804,0.0539744772266224,0.42706205370619443,130,14,inf
random_addition,42,138,131,0.002905367896521777,0.05390146469736956,0.4286110582502092,131,14,inf
random_addition,42,138,132,0.002912629471871807,0.053968782382705346,0.4271829486260691,132,14,inf
random_addition,42,138,133,0.002914963582883119,0.05399040269235931,0.42672390685642725,133,14,inf
random_addition,42,138,134,0.0025678049231816673,0.05067351303375036,0.49499843395626975,134,14,inf
random_addition,42,138,135,0.0025802353845307455,0.050796017408166416,0.4925537768909065,135,14,inf
random_addition,42,138,136,0.002803418764832817,0.052947320657733166,0.4486610514155508,136,14,inf
random_addition,42,138,137,0.0025444898469390497,0.050442936541591724,0.4995837316588545,137,14,inf
random_addition,42,138,138,0.0025574623315923035,0.05057135880705899,0.4970324766915363,138,14,inf
random_addition,42,138,139,0.00261549613198202,0.05114192147330818,0.48561916417090967,139,14,inf
random_addition,42,138,140,0.0026176909576020547,0.05116337515842807,0.4851875151911511,140,14,inf
random_addition,42,138,141,0.0026304158413667893,0.05128757979634825,0.48268495505860287,141,14,inf
random_addition,42,138,142,0.0026556752363000413,0.051533243991621965,0.47771727473232484,142,14,inf
random_addition,42,138,143,0.002681940805993802,0.05178745799895764,0.47255171339679136,143,14,inf
random_addition,42,138,144,0.002654945869692144,0.05152616684454748,0.477860716812322,144,14,inf
random_addition,42,138,145,0.0026696206768362734,0.051668372113279064,0.4749746718007748,145,14,inf
random_addition,42,138,146,0.002433875027410818,0.04933431896166013,0.521337976533573,146,14,inf
random_addition,42,138,147,0.002511842215612862,0.05011828224922381,0.5060044316109812,147,14,inf
random_addition,42,138,148,0.0024924802979017524,0.049924746347895975,0.5098122749083626,148,14,inf
random_addition,42,138,149,0.0024925904478231556,0.04992584949525802,0.5097906120934399,149,14,inf
random_addition,42,138,150,0.0026800483819562917,0.05176918370958047,0.47292389007342817,150,14,inf
random_addition,42,139,10,0.00962854819961681,0.0981251659851682,-0.8936142210947935,10,10,inf
random_addition,42,139,11,0.017555265741178997,0.1324962857637111,-2.4525351250687777,11,11,inf
random_addition,42,139,12,0.017620107905280447,0.13274075450019276,-2.465287415603498,12,12,inf
random_addition,42,139,13,0.014231669958045482,0.11929656306049007,-1.7988947101656483,13,13,inf
random_addition,42,139,14,0.006711026099608097,0.08192085265430345,-0.3198349529851203,14,14,inf
random_addition,42,139,15,0.006690046748085892,0.08179270595894167,-0.3157090144149237,15,14,inf
random_addition,42,139,16,0.014699562063626515,0.12124175049720502,-1.8909134783846713,16,14,inf
random_addition,42,139,17,0.018841588413961864,0.13726466556970102,-2.7055118828935183,17,14,inf
random_addition,42,139,18,0.018839845111596604,0.13725831527305224,-2.705169033475092,18,14,inf
random_addition,42,139,19,0.030653471103887876,0.1750813271136813,-5.028515161875647,19,14,inf
random_addition,42,139,20,0.03179084501631038,0.1782998738538824,-5.252198667489836,20,14,inf
random_addition,42,139,21,0.033149383998838544,0.1820697229053709,-5.519377964294868,21,14,inf
random_addition,42,139,22,0.03237556128812448,0.17993210188325062,-5.367192851935708,22,14,inf
random_addition,42,139,23,0.0271364435326913,0.16473142849101777,-4.336833167173126,23,14,inf
random_addition,42,139,24,0.025789801584286322,0.1605920346227867,-4.071993620093333,24,14,inf
random_addition,42,139,25,0.022823339077150985,0.15107395234503856,-3.488589406560961,25,14,inf
random_addition,42,139,26,0.011817666915720015,0.10870909306824345,-1.3241408432331943,26,14,inf
random_addition,42,139,27,0.012726723754427124,0.11281278187522513,-1.5029219971383867,27,14,inf
random_addition,42,139,28,0.013483982686962931,0.11612055238829572,-1.6518495668999353,28,14,inf
random_addition,42,139,29,0.011812440252091602,0.10868505072958103,-1.323112932859745,29,14,inf
random_addition,42,139,30,0.011997536522346454,0.10953326673822184,-1.3595151943803492,30,14,inf
random_addition,42,139,31,0.011054008904675495,0.10513804689395506,-1.1739547882031722,31,14,inf
random_addition,42,139,32,0.008504100248680754,0.0922176786125131,-0.6724728208930313,32,14,inf
random_addition,42,139,33,0.008339401781073074,0.09132032512575212,-0.6400821266794599,33,14,inf
random_addition,42,139,34,0.007823283926399539,0.0884493297114203,-0.538578962431953,34,14,inf
random_addition,42,139,35,0.009103255479958066,0.09541098196726656,-0.7903066669795276,35,14,inf
random_addition,42,139,36,0.009302611914429514,0.0964500488047026,-0.8295134270803817,36,14,inf
random_addition,42,139,37,0.009589463512538223,0.09792580616230954,-0.885927567017287,37,14,inf
random_addition,42,139,38,0.009905244117556253,0.09952509290403226,-0.9480310775373733,38,14,inf
random_addition,42,139,39,0.010015122063807537,0.10007558175602846,-0.9696404040207158,39,14,inf
random_addition,42,139,40,0.009428165324611475,0.09709874007736391,-0.8542055943831295,40,14,inf
random_addition,42,139,41,0.009461993462367622,0.09727277862982851,-0.8608584605681626,41,14,inf
random_addition,42,139,42,0.00860625054688431,0.09276987952392905,-0.69256237680085,42,14,inf
random_addition,42,139,43,0.008755087921551798,0.09356862680167856,-0.7218337231614556,43,14,inf
random_addition,42,139,44,0.008710530019391276,0.0933302202900608,-0.7130706702645846,44,14,inf
random_addition,42,139,45,0.008944150937633198,0.09457352133463784,-0.7590161112549234,45,14,inf
random_addition,42,139,46,0.008832298899956558,0.0939803112356868,-0.7370185468441905,46,14,inf
random_addition,42,139,47,0.00610007551970816,0.07810298022296051,-0.19968135531910103,47,14,inf
random_addition,42,139,48,0.006231139436840822,0.07893756670205146,-0.22545725550773765,48,14,inf
random_addition,42,139,49,0.005508336274329102,0.07421816674055687,-0.08330598626042196,49,14,inf
random_addition,42,139,50,0.005290506970112855,0.07273587127485898,-0.04046622893839036,50,14,inf
random_addition,42,139,51,0.00526777693415033,0.07257945256166053,-0.035995989141870854,51,14,inf
random_addition,42,139,52,0.0055703235453964306,0.07463460018916449,-0.0954968145749775,52,14,inf
random_addition,42,139,53,0.005551166256011465,0.0745061491154352,-0.09172921484291807,53,14,inf
random_addition,42,139,54,0.005475164666975067,0.07399435564267769,-0.07678223770353432,54,14,inf
random_addition,42,139,55,0.005245868954215658,0.07242837119676003,-0.03168742034212113,55,14,inf
random_addition,42,139,56,0.005438473687508369,0.07374600794285999,-0.06956634605885204,56,14,inf
random_addition,42,139,57,0.005421720056534876,0.07363233023974507,-0.06627146574993459,57,14,inf
random_addition,42,139,58,0.0052233263093648665,0.07227258338654338,-0.027254034125884896,58,14,inf
random_addition,42,139,59,0.004627930987526871,0.06802889817957418,0.0898403632050242,59,14,inf
random_addition,42,139,60,0.004989622212544089,0.07063725796308977,0.018707765316065328,60,14,inf
random_addition,42,139,61,0.0049303440660808506,0.07021640880934349,0.03036579919778759,61,14,inf
random_addition,42,139,62,0.004914118717986733,0.07010077544497445,0.03355678388792571,62,14,inf
random_addition,42,139,63,0.0050628816211482335,0.07115392906332182,0.00430008358816758,63,14,inf
random_addition,42,139,64,0.005096885808471382,0.07139247725405935,-0.002387405673655696,64,14,inf
random_addition,42,139,65,0.004807801729163787,0.06933831357311618,0.054465788839172524,65,14,inf
random_addition,42,139,66,0.0046156694083983995,0.0679387180361714,0.09225180677152955,66,14,inf
random_addition,42,139,67,0.004872220961818091,0.06980129627605845,0.04179667481105154,67,14,inf
random_addition,42,139,68,0.0048591624044661995,0.0697076925774064,0.04436485740679408,68,14,inf
random_addition,42,139,69,0.004816617284316938,0.06940185360865327,0.052732063228751236,69,14,inf
random_addition,42,139,70,0.0047627989419297065,0.06901303457992343,0.06331633578858176,70,14,inf
random_addition,42,139,71,0.004724908783687922,0.06873797192009612,0.07076806589354523,71,14,inf
random_addition,42,139,72,0.0045961457757610295,0.06779488015891044,0.0960914540000729,72,14,inf
random_addition,42,139,73,0.004632605145079259,0.06806324371552724,0.08892111234504596,73,14,inf
random_addition,42,139,74,0.00469761667390391,0.06853916160782761,0.07613551341930425,74,14,inf
random_addition,42,139,75,0.004654066613342018,0.06822071982427345,0.08470035749546723,75,14,inf
random_addition,42,139,76,0.004261959798870222,0.06528368708084908,0.16181468716164893,76,14,inf
random_addition,42,139,77,0.004337397295589374,0.06585891963575909,0.14697864816286577,77,14,inf
random_addition,42,139,78,0.004429241939931315,0.06655255021358171,0.12891587057151366,78,14,inf
random_addition,42,139,79,0.004426337248777601,0.06653072409629705,0.1294871264205294,79,14,inf
random_addition,42,139,80,0.004682631460906068,0.06842975566890523,0.07908260490709229,80,14,inf
random_addition,42,139,81,0.00482449226786615,0.06945856511522643,0.051183316675219026,81,14,inf
random_addition,42,139,82,0.004750102038586422,0.06892098402218604,0.06581339310566159,82,14,inf
random_addition,42,139,83,0.004900243701928546,0.07000174070641776,0.03628553667401524,83,14,inf
random_addition,42,139,84,0.004696029914936483,0.06852758506569806,0.0764475759736869,84,14,inf
random_addition,42,139,85,0.00465249060658092,0.06820916805372222,0.08501030544956034,85,14,inf
random_addition,42,139,86,0.004590306119885078,0.0677517979088753,0.09723991949910227,86,14,inf
random_addition,42,139,87,0.0046429953466807635,0.0681395285181866,0.0868777063086682,87,14,inf
random_addition,42,139,88,0.004687562260547728,0.0684657743733884,0.07811288110977188,88,14,inf
random_addition,42,139,89,0.0042804459875837985,0.06542511740596113,0.15817907054363545,89,14,inf
random_addition,42,139,90,0.004556639693274549,0.06750288655512851,0.10386098249649978,90,14,inf
random_addition,42,139,91,0.004236598448213167,0.06508915768554059,0.1668024187775411,91,14,inf
random_addition,42,139,92,0.00389665142217623,0.06242316414742391,0.2336586581167226,92,14,inf
random_addition,42,139,93,0.0038574793484809793,0.06210860929437222,0.24136249822649658,93,14,inf
random_addition,42,139,94,0.0036050258060379876,0.06004186710985916,0.2910116881381005,94,14,inf
random_addition,42,139,95,0.003618973454121613,0.060157904336185224,0.28826865105562227,95,14,inf
random_addition,42,139,96,0.0033090083054936803,0.05752398026470074,0.3492284553082482,96,14,inf
random_addition,42,139,97,0.003252533947671198,0.05703099111598183,0.36033507749913085,97,14,inf
random_addition,42,139,98,0.0032671855735098175,0.057159299973930905,0.3574535914770457,98,14,inf
random_addition,42,139,99,0.003099280077130487,0.0556711781546833,0.3904750012630541,99,14,inf
random_addition,42,139,100,0.0031621791142761877,0.05623325630155333,0.378104858977532,100,14,inf
random_addition,42,139,101,0.0032671142706316124,0.05715867624981891,0.35746761437451424,101,14,inf
random_addition,42,139,102,0.003246203816343261,0.056975466793553003,0.3615800031572334,102,14,inf
random_addition,42,139,103,0.00315907742746403,0.05620567077674663,0.3787148573007597,103,14,inf
random_addition,42,139,104,0.003129972005485622,0.05594615273176183,0.3844389228427977,104,14,inf
random_addition,42,139,105,0.0031951196993269676,0.05652538986444028,0.37162654480075685,105,14,inf
random_addition,42,139,106,0.003214667807021631,0.05669804059243697,0.3677820841449354,106,14,inf
random_addition,42,139,107,0.003080268475568833,0.05550016644631647,0.3942139490604353,107,14,inf
random_addition,42,139,108,0.003169975929752815,0.056302539283346845,0.3765714854761789,108,14,inf
random_addition,42,139,109,0.002990554592050772,0.05468596339144783,0.4118576770802217,109,14,inf
random_addition,42,139,110,0.0028812802153668363,0.05367755783720825,0.4333483015648355,110,14,inf
random_addition,42,139,111,0.00289016098432828,0.05376021748773232,0.4316017505738651,111,14,inf
random_addition,42,139,112,0.003143196348530424,0.056064216292840696,0.3818381357318945,112,14,inf
random_addition,42,139,113,0.0031464708829289207,0.05609341211701175,0.38119414405465457,113,14,inf
random_addition,42,139,114,0.003072578324828863,0.05543084272161901,0.3957263451664391,114,14,inf
random_addition,42,139,115,0.0030478865649406846,0.05520766762815365,0.40058239061573886,115,14,inf
random_addition,42,139,116,0.0027574538462496355,0.0525114639507378,0.4577008175044863,116,14,inf
random_addition,42,139,117,0.002681081451422922,0.05177916039704508,0.4727207197726898,117,14,inf
random_addition,42,139,118,0.002662888807576137,0.05160318602156399,0.4762986059081049,118,14,inf
random_addition,42,139,119,0.0027671820042148338,0.052604011293957746,0.455787613365498,119,14,inf
random_addition,42,139,120,0.0027921049454089943,0.05284037230573791,0.4508861022655536,120,14,inf
random_addition,42,139,121,0.002788158338627073,0.0528030144842799,0.4516622681601805,121,14,inf
random_addition,42,139,122,0.0026989754457262686,0.051951664513529,0.4692015680394769,122,14,inf
random_addition,42,139,123,0.0027026431228908006,0.05198695146756348,0.4684802582954576,123,14,inf
random_addition,42,139,124,0.0027003118218952515,0.05196452464802552,0.46893874742874153,124,14,inf
random_addition,42,139,125,0.0027043341806267046,0.052003213175982735,0.4681476836527376,125,14,inf
random_addition,42,139,126,0.00264061305851566,0.05138689578594586,0.48067950262606873,126,14,inf
random_addition,42,139,127,0.0026641598551860168,0.05161550014468538,0.4760486332455749,127,14,inf
random_addition,42,139,128,0.0026474575942107797,0.051453450751244856,0.47933341078954605,128,14,inf
random_addition,42,139,129,0.0028797755600044926,0.053663540323058194,0.4336442170790865,129,14,inf
random_addition,42,139,130,0.0029024008114628564,0.05387393443459329,0.42919458489890927,130,14,inf
random_addition,42,139,131,0.0029843271398176923,0.05462899541285463,0.41308240918575523,131,14,inf
random_addition,42,139,132,0.0029869674207927337,0.054653155634352295,0.4125631539981224,132,14,inf
random_addition,42,139,133,0.002935329956627944,0.054178685445735425,0.42271852056601367,133,14,inf
random_addition,42,139,134,0.002936854934401095,0.05419275721349759,0.42241860831151534,134,14,inf
random_addition,42,139,135,0.0026827143299920893,0.05179492571663839,0.47239958703120144,135,14,inf
random_addition,42,139,136,0.002911779147024579,0.05396090387516298,0.42735017915655826,136,14,inf
random_addition,42,139,137,0.002854624964989624,0.0534286904667298,0.43859050009099965,137,14,inf
random_addition,42,139,138,0.002817876993644822,0.05308367916454946,0.4458176001368477,138,14,inf
random_addition,42,139,139,0.0028375573639326536,0.053268727823486205,0.44194712784124945,139,14,inf
random_addition,42,139,140,0.0028204941763629804,0.053108324925222224,0.4453028876057825,140,14,inf
random_addition,42,139,141,0.002789832334047276,0.052818863430097354,0.45133304910575767,141,14,inf
random_addition,42,139,142,0.0027272860554308016,0.05222342439395181,0.46363381555665684,142,14,inf
random_addition,42,139,143,0.002640292350711225,0.05138377516990383,0.4807425751523421,143,14,inf
random_addition,42,139,144,0.00270750150518199,0.052033657426534895,0.46752477657512126,144,14,inf
random_addition,42,139,145,0.0028164843522277814,0.05307056012732277,0.44609148624485917,145,14,inf
random_addition,42,139,146,0.002736005505644021,0.05230683995085175,0.46191899058184527,146,14,inf
random_addition,42,139,147,0.002749431328309281,0.052435020056344796,0.4592785791509876,147,14,inf
random_addition,42,139,148,0.002708772663949754,0.05204587076752347,0.4672747820515436,148,14,inf
random_addition,42,139,149,0.0026950975622418464,0.051914329064737474,0.46996421835410507,149,14,inf
random_addition,42,139,150,0.0026800483819562917,0.05176918370958047,0.47292389007342817,150,14,inf
random_addition,42,140,10,0.00962854819961681,0.0981251659851682,-0.8936142210947935,10,10,inf
random_addition,42,140,11,0.013340811519883127,0.11550243079642579,-1.6236925745463173,11,11,inf
random_addition,42,140,12,0.008663938274864887,0.09308027865700064,-0.703907628423625,12,12,inf
random_addition,42,140,13,0.007345594487674705,0.08570644367650955,-0.44463338562400434,13,13,inf
random_addition,42,140,14,0.008240263327572252,0.09077589618159797,-0.6205849001490913,14,14,inf
random_addition,42,140,15,0.007143588791887945,0.08451975385605394,-0.4049056042021717,15,14,inf
random_addition,42,140,16,0.007722954349755862,0.08788034108807193,-0.5188474817154263,16,14,inf
random_addition,42,140,17,0.010673853926750226,0.10331434521280297,-1.0991909860706852,17,14,inf
random_addition,42,140,18,0.01048241109424774,0.10238364661530541,-1.0615405674782123,18,14,inf
random_addition,42,140,19,0.012521334512090893,0.11189876903742459,-1.4625287849858783,19,14,inf
random_addition,42,140,20,0.007082683112953214,0.08415867817969347,-0.3929274889780272,20,14,inf
random_addition,42,140,21,0.0074819522005438776,0.08649827859873212,-0.47145039883221607,21,14,inf
random_addition,42,140,22,0.008050998234286467,0.0897273549943743,-0.5833627702108459,22,14,inf
random_addition,42,140,23,0.008867283122907473,0.09416625256909968,-0.7438987764198641,23,14,inf
random_addition,42,140,24,0.00817141993504449,0.09039590662770351,-0.6070457014644788,24,14,inf
random_addition,42,140,25,0.009235836127025086,0.09610325762961985,-0.8163808573479208,25,14,inf
random_addition,42,140,26,0.009130351916371755,0.09555287497700818,-0.7956356320810363,26,14,inf
random_addition,42,140,27,0.009104753881430543,0.09541883399743754,-0.7906013525622726,27,14,inf
random_addition,42,140,28,0.011352353667371178,0.10654742449900503,-1.2326292502006915,28,14,inf
random_addition,42,140,29,0.011889954435104995,0.10904106765391192,-1.3383573867740481,29,14,inf
random_addition,42,140,30,0.012763969464247623,0.11297773879949811,-1.5102469857377763,30,14,inf
random_addition,42,140,31,0.012559702266651753,0.11207007748124274,-1.4700744423541217,31,14,inf
random_addition,42,140,32,0.010360810458421806,0.10178806638512103,-1.0376257790261665,32,14,inf
random_addition,42,140,33,0.008360044233302586,0.09143327749404254,-0.644141808397793,33,14,inf
random_addition,42,140,34,0.00838485900149929,0.09156887572477501,-0.6490220454778046,34,14,inf
random_addition,42,140,35,0.007547355446334354,0.08687551695578194,-0.4843130354174008,35,14,inf
random_addition,42,140,36,0.007516863139623631,0.08669984509573031,-0.4783162159151928,36,14,inf
random_addition,42,140,37,0.007183838368672822,0.0847575269145627,-0.41282135322401525,37,14,inf
random_addition,42,140,38,0.004910198584187416,0.07007280916437855,0.0343277434300171,38,14,inf
random_addition,42,140,39,0.00496187625475972,0.07044058670084825,0.02416446960305929,39,14,inf
random_addition,42,140,40,0.005920289759435064,0.07694341920811074,-0.16432349395252221,40,14,inf
random_addition,42,140,41,0.00560811170384942,0.07488732672388179,-0.10292848472421268,41,14,inf
random_addition,42,140,42,0.005938875425614259,0.07706409946021726,-0.16797867446944004,42,14,inf
random_addition,42,140,43,0.004787343241834817,0.06919062972567035,0.05848929079866494,43,14,inf
random_addition,42,140,44,0.0040607487079545295,0.06372400417389455,0.20138619631347687,44,14,inf
random_addition,42,140,45,0.0035794021089855534,0.059828104674856226,0.29605101453804994,45,14,inf
random_addition,42,140,46,0.0038789647685376384,0.062281335635466575,0.23713703285809307,46,14,inf
random_addition,42,140,47,0.007551064124493048,0.08689685911753686,-0.4850424086891725,47,14,inf
random_addition,42,140,48,0.007511554359893409,0.08666922383345434,-0.4772721560439228,48,14,inf
random_addition,42,140,49,0.007456828984138501,0.08635293268985426,-0.4665095002794357,49,14,inf
random_addition,42,140,50,0.007351369689131695,0.08574012881452707,-0.4457691750890329,50,14,inf
random_addition,42,140,51,0.0065747923173117215,0.08108509306470407,-0.2930423127862358,51,14,inf
random_addition,42,140,52,0.006614805045736858,0.08133145176213726,-0.3009114816370142,52,14,inf
random_addition,42,140,53,0.0055497659008007915,0.07449675094123764,-0.09145381168903222,53,14,inf
random_addition,42,140,54,0.005209642680062032,0.07217785449888374,-0.024562920729883198,54,14,inf
random_addition,42,140,55,0.005296980197711818,0.07278035585040663,-0.04173929685929112,55,14,inf
random_addition,42,140,56,0.00508875466849182,0.07133550776781378,-0.0007882816956894523,56,14,inf
random_addition,42,140,57,0.004936059695155473,0.07025709711591757,0.029241725633027515,57,14,inf
random_addition,42,140,58,0.004903556769022899,0.07002540088441407,0.03563396690095666,58,14,inf
random_addition,42,140,59,0.0045512329160382736,0.06746282617885403,0.10492431520799939,59,14,inf
random_addition,42,140,60,0.004620412691378288,0.06797361761285248,0.09131896124599637,60,14,inf
random_addition,42,140,61,0.004636942639271097,0.06809509996520378,0.08806807193694921,61,14,inf
random_addition,42,140,62,0.004465345875102614,0.06682324352426043,0.12181543095585301,62,14,inf
random_addition,42,140,63,0.0044440780367142425,0.06666391855204915,0.1259981052686605,63,14,inf
random_addition,42,140,64,0.004430836055770241,0.06656452550548408,0.12860236116593327,64,14,inf
random_addition,42,140,65,0.0041484689705627974,0.06440860944441198,0.184134547019163,65,14,inf
random_addition,42,140,66,0.0041577005303481,0.06448023364061346,0.18231900717557248,66,14,inf
random_addition,42,140,67,0.0041201633938911545,0.06418849892224583,0.18970130967231613,67,14,inf
random_addition,42,140,68,0.004555459719942659,0.06749414581978691,0.10409304388680041,68,14,inf
random_addition,42,140,69,0.0043250194426996905,0.06576488000977186,0.14941295889929196,69,14,inf
random_addition,42,140,70,0.00437019156901878,0.06610742446214933,0.14052910860103807,70,14,inf
random_addition,42,140,71,0.004039111116476558,0.0635540015772143,0.20564158872399174,71,14,inf
random_addition,42,140,72,0.004031390863349044,0.06349323478410156,0.20715990496540526,72,14,inf
random_addition,42,140,73,0.004020461835716899,0.06340711187017509,0.20930928010669525,73,14,inf
random_addition,42,140,74,0.003944776913558335,0.06280745905987867,0.22419397943526198,74,14,inf
random_addition,42,140,75,0.0038347557212371126,0.06192540448989504,0.24583147764185176,75,14,inf
random_addition,42,140,76,0.0038166811724484745,0.06177929404297588,0.2493861384189977,76,14,inf
random_addition,42,140,77,0.003134308885031483,0.05598489872306177,0.3835860033150599,77,14,inf
random_addition,42,140,78,0.0031007131266348204,0.055684047326274876,0.3901931682322919,78,14,inf
random_addition,42,140,79,0.003099521460926764,0.05567334605470345,0.3904275291229251,79,14,inf
random_addition,42,140,80,0.0031094682556397414,0.05576260624862993,0.3884713264294023,80,14,inf
random_addition,42,140,81,0.0032124066817850482,0.056678097019792824,0.3682267720475042,81,14,inf
random_addition,42,140,82,0.0031108564188227134,0.05577505193922022,0.38819832104063756,82,14,inf
random_addition,42,140,83,0.0030909101853450844,0.055595954757024224,0.3921210797564342,83,14,inf
random_addition,42,140,84,0.0031185755970432947,0.055844208267673515,0.38668021619755855,84,14,inf
random_addition,42,140,85,0.0029910478187177942,0.05469047283318909,0.41176067584893183,85,14,inf
random_addition,42,140,86,0.0031338881579088505,0.05598114109152162,0.3836687463045636,86,14,inf
random_addition,42,140,87,0.0031112934214474917,0.055778969347304114,0.3881123772028149,87,14,inf
random_addition,42,140,88,0.003286579220511099,0.05732869456486079,0.35363950808678124,88,14,inf
random_addition,42,140,89,0.0034080763737794105,0.05837873220428318,0.3297450712016271,89,14,inf
random_addition,42,140,90,0.003495930749616965,0.05912639638619087,0.31246704630914945,90,14,inf
random_addition,42,140,91,0.0031429062096108825,0.05606162867426242,0.3818951963782917,91,14,inf
random_addition,42,140,92,0.0033130726954055216,0.05755929721083747,0.34842912540122817,92,14,inf
random_addition,42,140,93,0.0031913281879600046,0.05649184178233176,0.3723722086012673,93,14,inf
random_addition,42,140,94,0.003066754490140093,0.055378285366559456,0.39687169916574694,94,14,inf
random_addition,42,140,95,0.003070978270287893,0.05541640795186831,0.39604102251659545,95,14,inf
random_addition,42,140,96,0.0030337812694108983,0.05507977187144931,0.4033564316917353,96,14,inf
random_addition,42,140,97,0.0028554823615520317,0.05343671361107485,0.43842187879004824,97,14,inf
random_addition,42,140,98,0.0028942605675594145,0.0537983323864171,0.4307954993149945,98,14,inf
random_addition,42,140,99,0.0029011288127999487,0.05386212781537644,0.42944474460184257,99,14,inf
random_addition,42,140,100,0.002902320438851529,0.053873188497169246,0.42921039151031537,100,14,inf
random_addition,42,140,101,0.002838444817382073,0.053277057138904294,0.441772595353325,101,14,inf
random_addition,42,140,102,0.002843290272102459,0.05332251186977653,0.4408196560548999,102,14,inf
random_addition,42,140,103,0.002862157531207439,0.053499135798697146,0.43710909560346123,103,14,inf
random_addition,42,140,104,0.002885215168267215,0.05371419894466653,0.4325744275999327,104,14,inf
random_addition,42,140,105,0.0029587572257566246,0.05439445951341575,0.41811115826551126,105,14,inf
random_addition,42,140,106,0.0029250260755263797,0.05408351019974924,0.4247449502397176,106,14,inf
random_addition,42,140,107,0.002875424510594992,0.053622984909411676,0.4344999233462935,107,14,inf
random_addition,42,140,108,0.0029107839176182307,0.05395168132336777,0.42754590757978905,108,14,inf
random_addition,42,140,109,0.0029979054636291905,0.054753131998354125,0.41041200586689286,109,14,inf
random_addition,42,140,110,0.0030139959071481506,0.054899871649650975,0.4072475524062519,110,14,inf
random_addition,42,140,111,0.0030052516357622163,0.05482017544446767,0.4089672588776986,111,14,inf
random_addition,42,140,112,0.0030031876572476587,0.05480134722110086,0.4093731745968884,112,14,inf
random_addition,42,140,113,0.002871484288256627,0.0535862322640492,0.435274833633859,113,14,inf
random_addition,42,140,114,0.0028833441632962874,0.05369677982240916,0.4329423918607159,114,14,inf
random_addition,42,140,115,0.0029272782779410397,0.05410432771914868,0.4243020171585544,115,14,inf
random_addition,42,140,116,0.0029285508418384924,0.05411608671955588,0.42405174629284237,116,14,inf
random_addition,42,140,117,0.0029312283767340885,0.05414081987497131,0.42352516450183253,117,14,inf
random_addition,42,140,118,0.002969826188477091,0.054496111682184184,0.4159342625606034,118,14,inf
random_addition,42,140,119,0.0030108400469144748,0.054871122158330926,0.4078682048342591,119,14,inf
random_addition,42,140,120,0.003154574376350492,0.0561655978010605,0.3796004572323519,120,14,inf
random_addition,42,140,121,0.003164232415078707,0.0562515103359786,0.37770104320809017,121,14,inf
random_addition,42,140,122,0.0031393868403453004,0.056030231485737235,0.3825873389061606,122,14,inf
random_addition,42,140,123,0.0031264571207168883,0.05591473080250756,0.3851301834197399,123,14,inf
random_addition,42,140,124,0.0029260917464118503,0.05409336138947043,0.4245353683274814,124,14,inf
random_addition,42,140,125,0.0029193570204064136,0.05403107458126678,0.4258598642613107,125,14,inf
random_addition,42,140,126,0.0031971104653086883,0.056542996607083784,0.3712350275443954,126,14,inf
random_addition,42,140,127,0.003142226032266751,0.05605556201008738,0.38202896457106716,127,14,inf
random_addition,42,140,128,0.003020580651869242,0.0549598094235164,0.40595255278765585,128,14,inf
random_addition,42,140,129,0.0027978784745560283,0.05289497589144009,0.44975064168810486,129,14,inf
random_addition,42,140,130,0.002819428844768069,0.05309829417945617,0.44551240279088444,130,14,inf
random_addition,42,140,131,0.0027900738424952508,0.0528211495756695,0.45128555245079793,131,14,inf
random_addition,42,140,132,0.0027866148896491167,0.052788397301387326,0.45196581308446193,132,14,inf
random_addition,42,140,133,0.0030487858419316442,0.05521581152108193,0.4004055328316284,133,14,inf
random_addition,42,140,134,0.0030630913833150585,0.055345201990010466,0.39759211007645423,134,14,inf
random_addition,42,140,135,0.0030585115173567454,0.05530381105635258,0.39849281692545924,135,14,inf
random_addition,42,140,136,0.0030588002974853462,0.05530642184670191,0.39843602350791063,136,14,inf
random_addition,42,140,137,0.0030388629603700975,0.05512588285343009,0.4023570326060111,137,14,inf
random_addition,42,140,138,0.0029420207091403897,0.054240397391062595,0.4214026727512935,138,14,inf
random_addition,42,140,139,0.002963873012308993,0.054441464090424614,0.4171050537140446,139,14,inf
random_addition,42,140,140,0.003026008225959237,0.05500916492693956,0.40488513002881565,140,14,inf
random_addition,42,140,141,0.0029902454704315963,0.05468313698418916,0.41191847099037127,141,14,inf
random_addition,42,140,142,0.0029364313191378054,0.0541888486603822,0.4225019193019376,142,14,inf
random_addition,42,140,143,0.0027360996984647774,0.05230774033032566,0.46190046599628876,143,14,inf
random_addition,42,140,144,0.002641869186048431,0.05139911658821026,0.4804324642449701,144,14,inf
random_addition,42,140,145,0.002796987305348084,0.052886551271075374,0.4499259049417731,145,14,inf
random_addition,42,140,146,0.0027820971152564683,0.052745588585743054,0.4528543085938844,146,14,inf
random_addition,42,140,147,0.0030622191384261097,0.055337321388246735,0.39776365154789395,147,14,inf
random_addition,42,140,148,0.002831323419165287,0.053210181536669156,0.44317313681168546,148,14,inf
random_addition,42,140,149,0.00274729218715049,0.05241461806739118,0.4596992768548612,149,14,inf
random_addition,42,140,150,0.0026800483819562917,0.05176918370958047,0.47292389007342817,150,14,inf
random_addition,42,141,10,0.00962854819961681,0.0981251659851682,-0.8936142210947935,10,10,inf
random_addition,42,141,11,0.013922713846859072,0.1179945500727007,-1.7381333499161342,11,11,inf
random_addition,42,141,12,0.01374782543487423,0.11725112125209819,-1.7037386335816027,12,12,inf
random_addition,42,141,13,0.008825325895694014,0.09394320569202444,-0.7356471895261856,13,13,inf
random_addition,42,141,14,0.008897672410880178,0.09432747431623609,-0.7498753355730239,14,14,inf
random_addition,42,141,15,0.00676440510018806,0.08224600355146784,-0.33033282166796774,15,14,inf
random_addition,42,141,16,0.007056187027354953,0.08400111325068825,-0.3877165928541224,16,14,inf
random_addition,42,141,17,0.006547590399045997,0.08091718234742233,-0.28769260292332177,17,14,inf
random_addition,42,141,18,0.00590134530492334,0.07682021416868962,-0.1605977517398267,18,14,inf
random_addition,42,141,19,0.005645277502306979,0.07513506173756017,-0.1102377574243667,19,14,inf
random_addition,42,141,20,0.004476891471748992,0.06690957683134001,0.1195447972582957,20,14,inf
random_addition,42,141,21,0.004581827610571368,0.06768919862556631,0.09890735943680384,21,14,inf
random_addition,42,141,22,0.005322432438401628,0.07295500283326448,-0.046744903512521585,22,14,inf
random_addition,42,141,23,0.004449938661134867,0.0667078605648155,0.1248455159564077,23,14,inf
random_addition,42,141,24,0.004169921931984521,0.06457493269051483,0.17991546518142654,24,14,inf
random_addition,42,141,25,0.0033311027017583726,0.05771570584995364,0.34488322463525944,25,14,inf
random_addition,42,141,26,0.003343759299028275,0.05782524793745614,0.34239409417819733,26,14,inf
random_addition,42,141,27,0.0035840827486871988,0.05986720929429731,0.29513048885555815,27,14,inf
random_addition,42,141,28,0.003978405716119825,0.06307460436752517,0.21758031583316673,28,14,inf
random_addition,42,141,29,0.003964184113945954,0.06296176708087182,0.22037723054604785,29,14,inf
random_addition,42,141,30,0.004690225232238587,0.06848521907856167,0.07758916341530309,30,14,inf
random_addition,42,141,31,0.005728437473184625,0.07568644180554814,-0.12659254946726328,31,14,inf
random_addition,42,141,32,0.005809663604665676,0.0762211493265857,-0.14256701981401343,32,14,inf
random_addition,42,141,33,0.006533674203274345,0.08083114624496145,-0.284955751461355,33,14,inf
random_addition,42,141,34,0.006941424536859914,0.08331521191751189,-0.36514663946714054,34,14,inf
random_addition,42,141,35,0.006428512721695397,0.08017800647119755,-0.26427399623711256,35,14,inf
random_addition,42,141,36,0.00642756833365164,0.08017211693382956,-0.2640882666138282,36,14,inf
random_addition,42,141,37,0.005578843902335545,0.07469165885382079,-0.09717248454455318,37,14,inf
random_addition,42,141,38,0.0049336705047878585,0.07024009186204029,0.029711599674598688,38,14,inf
random_addition,42,141,39,0.005476660514735106,0.07400446280282767,-0.07707642105623491,39,14,inf
random_addition,42,141,40,0.003999699779792169,0.06324317970969019,0.21339248388188103,40,14,inf
random_addition,42,141,41,0.006388753156244767,0.07992967631765292,-0.256454616097866,41,14,inf
random_addition,42,141,42,0.006649818566881094,0.08154641970608577,-0.30779747318992223,42,14,inf
random_addition,42,141,43,0.006617088523077766,0.08134548864613063,-0.3013605654528342,43,14,inf
random_addition,42,141,44,0.006740368202618504,0.08209974544795193,-0.32560556579043864,44,14,inf
random_addition,42,141,45,0.004304928164982518,0.06561195138831429,0.15336424297830997,45,14,inf
random_addition,42,141,46,0.004341866738787947,0.06589284284949275,0.1460996577869823,46,14,inf
random_addition,42,141,47,0.0049875840506698075,0.0706228295289123,0.019108603763359655,47,14,inf
random_addition,42,141,48,0.004879656110670863,0.0698545353622144,0.04033442906935969,48,14,inf
random_addition,42,141,49,0.004512060328064187,0.06717187155397851,0.112628256459264,49,14,inf
random_addition,42,141,50,0.004618656966075019,0.06796070163024377,0.09166425384189758,50,14,inf
random_addition,42,141,51,0.004429149456517103,0.06655185539500084,0.12893405897382892,51,14,inf
random_addition,42,141,52,0.004376830546452549,0.06615761895996974,0.13922344321706948,52,14,inf
random_addition,42,141,53,0.004305132684273825,0.06561350992191947,0.1533240208565032,53,14,inf
random_addition,42,141,54,0.004298946208381083,0.06556634966490878,0.15454069428286898,54,14,inf
random_addition,42,141,55,0.0044708061834470795,0.0668640873971004,0.12074157046117806,55,14,inf
random_addition,42,141,56,0.004841829948963819,0.0695832591142713,0.047773573190873275,56,14,inf
random_addition,42,141,57,0.004887315734775992,0.06990933939593473,0.03882803653405609,57,14,inf
random_addition,42,141,58,0.004874148761809982,0.06981510410942594,0.04141754086433502,58,14,inf
random_addition,42,141,59,0.0046280328477112396,0.06802964682924086,0.08982033070482942,59,14,inf
random_addition,42,141,60,0.004701253528593241,0.06856568769139008,0.0754202654279148,60,14,inf
random_addition,42,141,61,0.004612673323869058,0.06791666455200121,0.09284103664863497,61,14,inf
random_addition,42,141,62,0.004750082535968134,0.06892084253669664,0.06581722862006878,62,14,inf
random_addition,42,141,63,0.0047372932680370804,0.06882799770469195,0.06833245097026674,63,14,inf
random_addition,42,141,64,0.004595833651013315,0.06779257814107172,0.09615283852542122,64,14,inf
random_addition,42,141,65,0.004482849993102904,0.0669540886959333,0.118372954885121,65,14,inf
random_addition,42,141,66,0.004540801760561138,0.06738547143532601,0.10697577550548643,66,14,inf
random_addition,42,141,67,0.0044966156452643565,0.06705680908949035,0.11566571032912365,67,14,inf
random_addition,42,141,68,0.004501144850604302,0.06709057199491074,0.11477496673370602,68,14,inf
random_addition,42,141,69,0.0036046431252164794,0.060038680242127905,0.2910869486894032,69,14,inf
random_addition,42,141,70,0.003744476071808553,0.06119212426291927,0.26358647294220006,70,14,inf
random_addition,42,141,71,0.003928648531183979,0.06267893211585515,0.2273658942031136,71,14,inf
random_addition,42,141,72,0.0036414677328557633,0.06034457500766546,0.2838447768410285,72,14,inf
random_addition,42,141,73,0.003976584573254239,0.06306016629580229,0.21793847388123622,73,14,inf
random_addition,42,141,74,0.003962489466967311,0.06294830789598169,0.22071051107307715,74,14,inf
random_addition,42,141,75,0.003971853629128071,0.06302264378085126,0.21886889276586863,75,14,inf
random_addition,42,141,76,0.00327394962802069,0.05721843783275361,0.3561233276046003,76,14,inf
random_addition,42,141,77,0.0032426381837807315,0.05694416724986617,0.3622812441322615,77,14,inf
random_addition,42,141,78,0.0032674660631078567,0.057161753499239826,0.35739842853028525,78,14,inf
random_addition,42,141,79,0.003330752040648558,0.05771266793909772,0.3449521879774543,79,14,inf
random_addition,42,141,80,0.003504337624932581,0.05919744610143736,0.3108136943891523,80,14,inf
random_addition,42,141,81,0.0034085160367070696,0.05838249769157765,0.3296586041709758,81,14,inf
random_addition,42,141,82,0.0029270447520330974,0.054102169568632806,0.4243479439141884,82,14,inf
random_addition,42,141,83,0.002856297465680201,0.05344433988440872,0.4382615750000297,83,14,inf
random_addition,42,141,84,0.0028357520613522084,0.05325177988905355,0.44230217063366606,84,14,inf
random_addition,42,141,85,0.0028613927906355925,0.05349198809761694,0.43725949456208657,85,14,inf
random_addition,42,141,86,0.002877934102371741,0.05364638014229609,0.4340063703641541,86,14,inf
random_addition,42,141,87,0.0027796323376705926,0.05272221863380365,0.45333904811968706,87,14,inf
random_addition,42,141,88,0.002776140371519386,0.052689091579940776,0.4540258013691302,88,14,inf
random_addition,42,141,89,0.002650231891480067,0.05148040298482586,0.478787799067638,89,14,inf
random_addition,42,141,90,0.002600730584675992,0.05099735860489239,0.4885230547451974,90,14,inf
random_addition,42,141,91,0.0026352005470559633,0.05133420445527488,0.4817439630680208,91,14,inf
random_addition,42,141,92,0.0026278510928974454,0.05126257009648897,0.4831893555221405,92,14,inf
random_addition,42,141,93,0.0024900113008637747,0.04990001303470546,0.5102978442596321,93,14,inf
random_addition,42,141,94,0.002513704356550704,0.05013685626912306,0.5056382106098004,94,14,inf
random_addition,42,141,95,0.002428971125199689,0.04928459318285674,0.5223024105036103,95,14,inf
random_addition,42,141,96,0.0026605695642237825,0.05158070922567644,0.4767547237052171,96,14,inf
random_addition,42,141,97,0.0024568175854753484,0.049566294853209965,0.5168259407293573,97,14,inf
random_addition,42,141,98,0.0024122583227184262,0.04911474648940404,0.5255892612101505,98,14,inf
random_addition,42,141,99,0.0024137279460715528,0.04912970533263509,0.5253002353234396,99,14,inf
random_addition,42,141,100,0.0026602954225492825,0.051578051752167633,0.4768086382271851,100,14,inf
random_addition,42,141,101,0.0027483114009453887,0.05242433977596083,0.45949883150252524,101,14,inf
random_addition,42,141,102,0.0025867115967575178,0.05085972470194385,0.4912801219932832,102,14,inf
random_addition,42,141,103,0.0024838180155893636,0.049837917448358166,0.5115158568642102,103,14,inf
random_addition,42,141,104,0.0024765022056156822,0.04976446729962737,0.5129546326295475,104,14,inf
random_addition,42,141,105,0.0024045037009122134,0.04903573901668265,0.5271143366241201,105,14,inf
random_addition,42,141,106,0.0024074421795215865,0.049065692489983125,0.5265364359097306,106,14,inf
random_addition,42,141,107,0.0023238218007915726,0.04820603490011985,0.5429817748179151,107,14,inf
random_addition,42,141,108,0.002343326500729702,0.048407917748336395,0.5391458510197148,108,14,inf
random_addition,42,141,109,0.002426156633030205,0.04925603143809096,0.5228559272214792,109,14,inf
random_addition,42,141,110,0.0024262401090576736,0.049256878799388754,0.5228395102716485,110,14,inf
random_addition,42,141,111,0.002426895605015823,0.049263532201983075,0.5227105960841212,111,14,inf
random_addition,42,141,112,0.002384286399473335,0.0488291552197387,0.5310904053650279,112,14,inf
random_addition,42,141,113,0.002375856225578637,0.048742755621514026,0.5327483393382865,113,14,inf
random_addition,42,141,114,0.002553813759666471,0.05053527243091177,0.4977500290724569,114,14,inf
random_addition,42,141,115,0.002542626981899791,0.050424468087425484,0.4999500950666277,115,14,inf
random_addition,42,141,116,0.0025435725517211887,0.05043384331697505,0.49976413302710576,116,14,inf
random_addition,42,141,117,0.002497917693602301,0.04997917259821636,0.5087429205663769,117,14,inf
random_addition,42,141,118,0.002497158625719095,0.04997157817919197,0.5088922038963885,118,14,inf
random_addition,42,141,119,0.0023905187303254498,0.04889293129201244,0.5298647137978816,119,14,inf
random_addition,42,141,120,0.0023947107725417875,0.04893578212864067,0.5290402789410666,120,14,inf
random_addition,42,141,121,0.002453481014319599,0.049532625756359805,0.5174821329671937,121,14,inf
random_addition,42,141,122,0.0024738494312665188,0.04973780686023981,0.5134763448470894,122,14,inf
random_addition,42,141,123,0.00240601963002544,0.049051193971456394,0.5268162039391644,123,14,inf
random_addition,42,141,124,0.0023984309609181927,0.04897377829939398,0.5283086419934536,124,14,inf
random_addition,42,141,125,0.002432130797102327,0.0493166381366606,0.5216810084474761,125,14,inf
random_addition,42,141,126,0.002464069738701841,0.04963939704208585,0.5153996841225936,126,14,inf
random_addition,42,141,127,0.0027404185989482015,0.0523490076214268,0.4610510823503482,127,14,inf
random_addition,42,141,128,0.002812825245330966,0.05303607494273088,0.44681111050312394,128,14,inf
random_addition,42,141,129,0.002866569315901413,0.05354035222055803,0.43624144473193627,129,14,inf
random_addition,42,141,130,0.0027215003905320676,0.052168001596113185,0.46477166283161453,130,14,inf
random_addition,42,141,131,0.0027110504120022743,0.052067748290110204,0.46682682499561956,131,14,inf
random_addition,42,141,132,0.00271168416511124,0.05207383378541703,0.46670218690118204,132,14,inf
random_addition,42,141,133,0.0027124596250199264,0.05208127902634426,0.4665496798065989,133,14,inf
random_addition,42,141,134,0.0029515752008323765,0.05432840141981334,0.4195236229747137,134,14,inf
random_addition,42,141,135,0.0028664483239585056,0.05353922229504745,0.43626523981079735,135,14,inf
random_addition,42,141,136,0.0029401763274022564,0.054223392806078234,0.421765401110341,136,14,inf
random_addition,42,141,137,0.002915446518319767,0.05399487492642026,0.4266289295668352,137,14,inf
random_addition,42,141,138,0.002451414216056187,0.04951175836158707,0.5178886032369158,138,14,inf
random_addition,42,141,139,0.0025572410767722787,0.05056917120907044,0.4970759901335422,139,14,inf
random_addition,42,141,140,0.0025883226863563286,0.05087556079647996,0.4909632744153807,140,14,inf
random_addition,42,141,141,0.002528237158842564,0.050281578722655124,0.502780093215392,141,14,inf
random_addition,42,141,142,0.0024333995557426257,0.04932949985295437,0.5214314859489023,142,14,inf
random_addition,42,141,143,0.0023954208582907767,0.0489430368723762,0.5289006287628044,143,14,inf
random_addition,42,141,144,0.0024010306461456567,0.04900031271477415,0.5277973706350891,144,14,inf
random_addition,42,141,145,0.0023515215945101075,0.048492490083621276,0.5375341494626307,145,14,inf
random_addition,42,141,146,0.002354068532767835,0.0485187441384032,0.5370332516735667,146,14,inf
random_addition,42,141,147,0.00256931632630154,0.0506884239871545,0.4947011913832189,147,14,inf
random_addition,42,141,148,0.0025942181011651606,0.05093346739782361,0.48980384299437985,148,14,inf
random_addition,42,141,149,0.0025703055397687845,0.05069818083293309,0.4945066460945172,149,14,inf
random_addition,42,141,150,0.0026800483819562917,0.05176918370958047,0.47292389007342817,150,14,inf
random_addition,42,142,10,0.00962854819961681,0.0981251659851682,-0.8936142210947935,10,10,inf
random_addition,42,142,11,0.008532696710192866,0.09237259718224267,-0.6780967908903441,11,11,inf
random_addition,42,142,12,0.008040119350823195,0.08966671261300481,-0.5812232567547566,12,12,inf
random_addition,42,142,13,0.01017380496609179,0.10086528127206006,-1.0008480372153041,13,13,inf
random_addition,42,142,14,0.006758189893925809,0.08220821062354909,-0.3291104979363688,14,14,inf
random_addition,42,142,15,0.005030202525011611,0.07092392068274012,0.010726971618836179,15,14,inf
random_addition,42,142,16,0.004968706678039301,0.07048905360436683,0.022821153207880918,16,14,inf
random_addition,42,142,17,0.004256036524372022,0.06523830565221649,0.16297959765414516,17,14,inf
random_addition,42,142,18,0.0044919224647780465,0.06702180589015821,0.11658870236559649,18,14,inf
random_addition,42,142,19,0.003360192772807457,0.05796716978434825,0.33916217810891014,19,14,inf
random_addition,42,142,20,0.004335767046352799,0.06584654164307188,0.14729926380234815,20,14,inf
random_addition,42,142,21,0.004435068173352341,0.06659630750538907,0.12777004482159304,21,14,inf
random_addition,42,142,22,0.005425051153007397,0.07365494656170349,-0.066926581300216,22,14,inf
random_addition,42,142,23,0.00793097841855324,0.0890560408874841,-0.5597588763346477,23,14,inf
random_addition,42,142,24,0.00841489819631928,0.09173275421745103,-0.654929752986984,24,14,inf
random_addition,42,142,25,0.008481673656420463,0.09209600239109439,-0.6680622583498153,25,14,inf
random_addition,42,142,26,0.007173917281938789,0.08469898040672502,-0.4108702064323291,26,14,inf
random_addition,42,142,27,0.0068215988270534725,0.08259297080898273,-0.34158091975133886,27,14,inf
random_addition,42,142,28,0.0027149028332807113,0.05210472947133217,0.4660691822474857,28,14,inf
random_addition,42,142,29,0.0025479850267724866,0.05047756954105939,0.49889634638532565,29,14,inf
random_addition,42,142,30,0.0028780357941292334,0.05364732793093458,0.43398637098790716,30,14,inf
random_addition,42,142,31,0.002649389097684148,0.05147221675510146,0.4789535484915717,31,14,inf
random_addition,42,142,32,0.002953710958699411,0.05434805386303553,0.4191035906514614,32,14,inf
random_addition,42,142,33,0.0030786365996305345,0.055485462957702125,0.3945348846178798,33,14,inf
random_addition,42,142,34,0.003068431399267294,0.055393423790801144,0.39654190708235915,34,14,inf
random_addition,42,142,35,0.0029545008674171985,0.054355320506986236,0.4189482419581424,35,14,inf
random_addition,42,142,36,0.002964144245073428,0.0544439550829422,0.41705171127764484,36,14,inf
random_addition,42,142,37,0.00297570886474834,0.054550058338633696,0.4147773363849857,37,14,inf
random_addition,42,142,38,0.002773166984065067,0.05266086767292262,0.4546105674887563,38,14,inf
random_addition,42,142,39,0.002606106676458711,0.05105004090555375,0.48746575683874116,39,14,inf
random_addition,42,142,40,0.00248028579867226,0.04980246779701042,0.512210526096534,40,14,inf
random_addition,42,142,41,0.0025768120326682717,0.050762309173916345,0.4932270359987385,41,14,inf
random_addition,42,142,42,0.002813679730265902,0.053044130026477974,0.44664306182216384,42,14,inf
random_addition,42,142,43,0.002050874403161685,0.04528658082878067,0.5966614223667885,43,14,inf
random_addition,42,142,44,0.002060669593562414,0.04539459872674737,0.5947350351839431,44,14,inf
random_addition,42,142,45,0.0015668201865040132,0.03958307954800906,0.6918587386642077,45,14,inf
random_addition,42,142,46,0.0022434811219715555,0.04736540005079188,0.5587821061650695,46,14,inf
random_addition,42,142,47,0.002353245594541319,0.04851026277543051,0.5371950961693834,47,14,inf
random_addition,42,142,48,0.00199480525981732,0.044663242826930065,0.6076883523878396,48,14,inf
random_addition,42,142,49,0.001980035511649239,0.04449758995326869,0.6105930691315518,49,14,inf
random_addition,42,142,50,0.002096257309390058,0.04578490263602248,0.5877361186920269,50,14,inf
random_addition,42,142,51,0.002967183082144814,0.05447185587204473,0.41645407340175034,51,14,inf
random_addition,42,142,52,0.0030305126311788656,0.05505009201789644,0.4039992637897287,52,14,inf
random_addition,42,142,53,0.003024370659410279,0.054994278424307735,0.4052071847395372,53,14,inf
random_addition,42,142,54,0.00296564489000445,0.05445773489601316,0.41675658448144615,54,14,inf
random_addition,42,142,55,0.0029893542451752105,0.0546749873815734,0.412093745266898,55,14,inf
random_addition,42,142,56,0.0023760515803524667,0.04874475951681849,0.5327099195713378,56,14,inf
random_addition,42,142,57,0.0023342421562863344,0.048313995449417495,0.5409324385166718,57,14,inf
random_addition,42,142,58,0.002241196806607242,0.04734128015387038,0.5592313547921368,58,14,inf
random_addition,42,142,59,0.0024696114378332675,0.04969518525806366,0.5143098167753319,59,14,inf
random_addition,42,142,60,0.0022553460342424744,0.047490483617694125,0.5564486737365807,60,14,inf
random_addition,42,142,61,0.00224336687621087,0.04736419403104913,0.5588045744949413,61,14,inf
random_addition,42,142,62,0.0024090138195579963,0.049081705548584965,0.5262273467447093,62,14,inf
random_addition,42,142,63,0.0026308064000747427,0.05129138719195205,0.48260814518984374,63,14,inf
random_addition,42,142,64,0.0028131798515434766,0.053039417903512825,0.446741371290838,64,14,inf
random_addition,42,142,65,0.002815462065211403,0.05306092785856089,0.4462925359973371,65,14,inf
random_addition,42,142,66,0.0028196543177738944,0.05310041730319918,0.44546805977245085,66,14,inf
random_addition,42,142,67,0.0028989432963202394,0.05384183593006687,0.4298745627842534,67,14,inf
random_addition,42,142,68,0.002798577548649416,0.052901583611924284,0.44961315713514916,68,14,inf
random_addition,42,142,69,0.0028672681210399303,0.053546877789838784,0.43610401307343105,69,14,inf
random_addition,42,142,70,0.0027657847195744303,0.05259072845639648,0.4560624126406463,70,14,inf
random_addition,42,142,71,0.00335362625102835,0.057910502078883326,0.3404535938827379,71,14,inf
random_addition,42,142,72,0.003356887176326801,0.05793865010790984,0.33981227866147534,72,14,inf
random_addition,42,142,73,0.003326474086315607,0.057675593506401016,0.3457935188815664,73,14,inf
random_addition,42,142,74,0.0033348587351848093,0.057748235775517937,0.34414453816210133,74,14,inf
random_addition,42,142,75,0.0035074534726846135,0.05922375767109525,0.3102009110814622,75,14,inf
random_addition,42,142,76,0.003481681693004271,0.059005776776551895,0.3152693603942631,76,14,inf
random_addition,42,142,77,0.003622124942136236,0.060184092101951955,0.28764885849724486,77,14,inf
random_addition,42,142,78,0.0029051802465645685,0.05389972399339878,0.4286479627367622,78,14,inf
random_addition,42,142,79,0.002784304658011239,0.052766510762141915,0.4524201585779688,79,14,inf
random_addition,42,142,80,0.0028875935040281187,0.05373633318368605,0.4321066882973902,80,14,inf
random_addition,42,142,81,0.0029957035139488606,0.05473302032547501,0.41084505591165177,81,14,inf
random_addition,42,142,82,0.0025324418236903224,0.05032337253891399,0.5019531759080694,82,14,inf
random_addition,42,142,83,0.002588713711259465,0.05087940360557958,0.49088637286158143,83,14,inf
random_addition,42,142,84,0.0027046451376169693,0.0520062028763586,0.46808652878632295,84,14,inf
random_addition,42,142,85,0.0024834270517795,0.04983399494099886,0.5115927464030008,85,14,inf
random_addition,42,142,86,0.002310996756067321,0.0480728276271255,0.545504033269816,86,14,inf
random_addition,42,142,87,0.002285363082374437,0.04780547125983005,0.5505453217421197,87,14,inf
random_addition,42,142,88,0.004121426551241223,0.06419833760496624,0.1894528887606708,88,14,inf
random_addition,42,142,89,0.004158239459636215,0.06448441253230283,0.18221301776335985,89,14,inf
random_addition,42,142,90,0.004139160137845414,0.06433630497507153,0.18596528387065747,90,14,inf
random_addition,42,142,91,0.0040729136564188265,0.06381938307770474,0.19899375677500153,91,14,inf
random_addition,42,142,92,0.003900326023450476,0.062452590206095344,0.232935986631312,92,14,inf
random_addition,42,142,93,0.003907580804772354,0.06251064553156009,0.23150921316585982,93,14,inf
random_addition,42,142,94,0.003785620587838929,0.0615273970507361,0.25549471922607037,94,14,inf
random_addition,42,142,95,0.002922711966006937,0.054062112111967445,0.42520005838316144,95,14,inf
random_addition,42,142,96,0.0029539258417086807,0.054350030742481466,0.4190613303320665,96,14,inf
random_addition,42,142,97,0.0029532940792507253,0.05434421845284671,0.41918557693185876,97,14,inf
random_addition,42,142,98,0.0028648710656938017,0.05352449033567533,0.4365754338938992,98,14,inf
random_addition,42,142,99,0.0027934673416305346,0.052853262355606154,0.4506181643785129,99,14,inf
random_addition,42,142,100,0.00283591368601669,0.05325329741918983,0.4422703844539849,100,14,inf
random_addition,42,142,101,0.002873840371860766,0.053608211795029746,0.434811470588217,101,14,inf
random_addition,42,142,102,0.0027861156277433005,0.05278366819143304,0.4520640012458862,102,14,inf
random_addition,42,142,103,0.0028474896001740076,0.05336187403169052,0.4399937883134223,103,14,inf
random_addition,42,142,104,0.002800991425673416,0.05292439348422819,0.44913842805181725,104,14,inf
random_addition,42,142,105,0.0027740684772017835,0.05266942639901999,0.4544332738627065,105,14,inf
random_addition,42,142,106,0.0027732740276388795,0.05266188401148291,0.4545895155887766,106,14,inf
random_addition,42,142,107,0.0027636480802045484,0.05257041069084917,0.4564826183261016,107,14,inf
random_addition,42,142,108,0.0027603560846925354,0.05253909101509594,0.45713004402186497,108,14,inf
random_addition,42,142,109,0.002807965529139546,0.05299023994227188,0.4477668545571366,109,14,inf
random_addition,42,142,110,0.002814896784434529,0.053055600877141416,0.4464037078682992,110,14,inf
random_addition,42,142,111,0.002836024119748634,0.053254334281339334,0.44224866582299693,111,14,inf
random_addition,42,142,112,0.0027910686939683666,0.05283056590619077,0.45108989835442603,112,14,inf
random_addition,42,142,113,0.002855057562583356,0.05343273867755008,0.43850542257583125,113,14,inf
random_addition,42,142,114,0.0029086217060915946,0.05393163919344186,0.42797114245538703,114,14,inf
random_addition,42,142,115,0.002902758879578231,0.05387725753579363,0.4291241648458195,115,14,inf
random_addition,42,142,116,0.0029561260397554983,0.054370267975755816,0.4186286247751847,116,14,inf
random_addition,42,142,117,0.002952628930760671,0.05433809833588834,0.41931638945040195,117,14,inf
random_addition,42,142,118,0.0030065536670512453,0.05483204963387057,0.40871119275909995,118,14,inf
random_addition,42,142,119,0.0029669750658540017,0.05446994644621933,0.4164949832666993,119,14,inf
random_addition,42,142,120,0.0029528777902325183,0.05434038820465417,0.4192674470942779,120,14,inf
random_addition,42,142,121,0.002976900098422498,0.05456097596655047,0.41454306046100764,121,14,inf
random_addition,42,142,122,0.0029902879467002884,0.05468352536825226,0.4119101173253341,122,14,inf
random_addition,42,142,123,0.002987903410802695,0.05466171796424528,0.412379075987926,123,14,inf
random_addition,42,142,124,0.0028145404239157436,0.05305224240233153,0.44647379209410554,124,14,inf
random_addition,42,142,125,0.0029139359581005246,0.05398088511779447,0.4269260063694512,125,14,inf
random_addition,42,142,126,0.002963064848843741,0.054434041268711084,0.4172639925072088,126,14,inf
random_addition,42,142,127,0.0029880640369383655,0.05466318721899013,0.41234748618555084,127,14,inf
random_addition,42,142,128,0.0031978504360883667,0.05654953966292181,0.3710894999775657,128,14,inf
random_addition,42,142,129,0.0032594998016321373,0.05709202923028868,0.35896512640691647,129,14,inf
random_addition,42,142,130,0.0032875341634158567,0.05733702262426832,0.3534517026744497,130,14,inf
random_addition,42,142,131,0.002978193974941786,0.054572831839128394,0.41428859811357277,131,14,inf
random_addition,42,142,132,0.0030794489031920258,0.055492782442332314,0.39437513160589954,132,14,inf
random_addition,42,142,133,0.0030695610324936364,0.05540361930861229,0.39631974591146657,133,14,inf
random_addition,42,142,134,0.003069183360736071,0.05540021083656696,0.39639402134699486,134,14,inf
random_addition,42,142,135,0.003080016838593532,0.05549789940703641,0.3942634376588309,135,14,inf
random_addition,42,142,136,0.003082379732275746,0.055519183461896715,0.3937987352980167,136,14,inf
random_addition,42,142,137,0.003078496652345282,0.05548420182669371,0.3945624075802271,137,14,inf
random_addition,42,142,138,0.0033118501808215295,0.05754867662094003,0.34866955323663495,138,14,inf
random_addition,42,142,139,0.0033052090594059254,0.057490947630091514,0.3499756402703069,139,14,inf
random_addition,42,142,140,0.0032217993180588948,0.05676089602938712,0.36637955383215226,140,14,inf
random_addition,42,142,141,0.003251704016831146,0.05702371451274589,0.3604982972087555,141,14,inf
random_addition,42,142,142,0.003154633069395836,0.05616612029859135,0.3795889142683413,142,14,inf
random_addition,42,142,143,0.0031614267934406497,0.056226566616152635,0.37825281538834965,143,14,inf
random_addition,42,142,144,0.0031486724507105287,0.05611303280620759,0.38076116911663394,144,14,inf
random_addition,42,142,145,0.003150953199408296,0.056133351934552204,0.3803126219338918,145,14,inf
random_addition,42,142,146,0.0033642031068477837,0.05800175089467372,0.33837347918850535,146,14,inf
random_addition,42,142,147,0.0034163202654400255,0.05844929653503133,0.3281237727294102,147,14,inf
random_addition,42,142,148,0.0033966967518235915,0.05828118694590555,0.33198306321449145,148,14,inf
random_addition,42,142,149,0.002805102290264349,0.05296321638896517,0.4483299581258221,149,14,inf
random_addition,42,142,150,0.0026800483819562917,0.05176918370958047,0.47292389007342817,150,14,inf
random_addition,42,143,10,0.00962854819961681,0.0981251659851682,-0.8936142210947935,10,10,inf
random_addition,42,143,11,0.01052384132287974,0.10258577544123619,-1.069688511331667,11,11,inf
random_addition,42,143,12,0.0058401607742796565,0.07642094460473291,-0.14856479568706482,12,12,inf
random_addition,42,143,13,0.00850477541817477,0.09222133927771148,-0.6726056042087518,13,13,inf
random_addition,42,143,14,0.018951448571400038,0.13766426032707269,-2.7271177109107594,14,14,inf
random_addition,42,143,15,0.009752846096607587,0.0987564990094707,-0.9180594708369383,15,14,inf
random_addition,42,143,16,0.015714308046423923,0.12535672317998714,-2.090480161127191,16,14,inf
random_addition,42,143,17,0.015548859439508868,0.12469506581861557,-2.057941939536615,17,14,inf
random_addition,42,143,18,0.015338622657349943,0.12384919320427543,-2.0165953780156176,18,14,inf
random_addition,42,143,19,0.010580121786171341,0.10285971896797765,-1.0807570009366754,19,14,inf
random_addition,42,143,20,0.013170153899329717,0.11476129094485525,-1.5901299137465306,20,14,inf
random_addition,42,143,21,0.010686496718464816,0.10337551314728656,-1.1016774014355724,21,14,inf
random_addition,42,143,22,0.006930777716566529,0.08325129258195653,-0.3630527650949067,22,14,inf
random_addition,42,143,23,0.006875983681722056,0.08292155137069046,-0.3522766063779792,23,14,inf
random_addition,42,143,24,0.004762067092884173,0.06900773212390168,0.06346026608124755,24,14,inf
random_addition,42,143,25,0.004281380588719465,0.06543225954160123,0.15799526567867983,25,14,inf
random_addition,42,143,26,0.005215547016208922,0.07221874421650464,-0.025724106680462988,26,14,inf
random_addition,42,143,27,0.004219516946283957,0.064957808970777,0.17016178036562535,27,14,inf
random_addition,42,143,28,0.004293764190746939,0.06552682039246936,0.15555982427864223,28,14,inf
random_addition,42,143,29,0.004409680238612658,0.06640542326205487,0.13276300463968926,29,14,inf
random_addition,42,143,30,0.003911049594771286,0.06253838497092234,0.23082701789240923,30,14,inf
random_addition,42,143,31,0.0036954970746026785,0.06079060021584487,0.2732190077461175,31,14,inf
random_addition,42,143,32,0.00396256255555067,0.06294888843776886,0.2206961369869761,32,14,inf
random_addition,42,143,33,0.0029722939650397165,0.05451874874792814,0.4154489332361204,33,14,inf
random_addition,42,143,34,0.003335740238356271,0.057755867566475626,0.343971175895349,34,14,inf
random_addition,42,143,35,0.0033010120507726503,0.057454434561421366,0.350801051855653,35,14,inf
random_addition,42,143,36,0.0033901216759275356,0.058224751402883086,0.3332761612977564,36,14,inf
random_addition,42,143,37,0.0037481696046615678,0.06122229663008051,0.2628600782468058,37,14,inf
random_addition,42,143,38,0.004174371838286784,0.06460937887247319,0.17904031706129342,38,14,inf
random_addition,42,143,39,0.004222800644164559,0.06498307967590147,0.1695159865371504,39,14,inf
random_addition,42,143,40,0.004222787172688395,0.06498297602209671,0.16951863592710137,40,14,inf
random_addition,42,143,41,0.004354372789962809,0.06598767149977948,0.14364013472457493,41,14,inf
random_addition,42,143,42,0.00412782438678355,0.06424814695213824,0.1881946479422203,42,14,inf
random_addition,42,143,43,0.0040651821450200356,0.06375878092482662,0.20051428714279784,43,14,inf
random_addition,42,143,44,0.003941470866619787,0.0627811346394742,0.22484416857786715,44,14,inf
random_addition,42,143,45,0.003828485607302897,0.06187475743227522,0.2470645998807982,45,14,inf
random_addition,42,143,46,0.003315034336499651,0.05757633486511321,0.34804333603864546,46,14,inf
random_addition,42,143,47,0.0032388044169855573,0.056910494787741545,0.3630352181658538,47,14,inf
random_addition,42,143,48,0.0032042004087362804,0.056605657038287974,0.36984067219373307,48,14,inf
random_addition,42,143,49,0.002868349778218781,0.053556976933157655,0.4358912871905921,49,14,inf
random_addition,42,143,50,0.0028748540969985017,0.05361766590405164,0.4346121046716426,50,14,inf
random_addition,42,143,51,0.0028846431034547657,0.053708873600688795,0.43268693366437605,51,14,inf
random_addition,42,143,52,0.0024539210849730962,0.0495370677873963,0.5173955857504717,52,14,inf
random_addition,42,143,53,0.0029565336450083396,0.05437401626704008,0.41854846241972143,53,14,inf
random_addition,42,143,54,0.0031798696607883226,0.05639033304377908,0.37462571863780236,54,14,inf
random_addition,42,143,55,0.0032568836571856114,0.057069112987548805,0.35947963474458855,55,14,inf
random_addition,42,143,56,0.002894806631165067,0.053803407244941905,0.43068810682052394,56,14,inf
random_addition,42,143,57,0.0029069767839395907,0.053916386970378406,0.42829464376784365,57,14,inf
random_addition,42,143,58,0.0029086249467305423,0.053931669237383545,0.42797050512981416,58,14,inf
random_addition,42,143,59,0.0028092871723473904,0.053002709103850444,0.4475069314283634,59,14,inf
random_addition,42,143,60,0.0027236552161500694,0.05218865026181525,0.4643478805178499,60,14,inf
random_addition,42,143,61,0.0022817312593481865,0.04776747072379054,0.5512595801732383,61,14,inf
random_addition,42,143,62,0.002274274635113574,0.047689355574526,0.5527260494061164,62,14,inf
random_addition,42,143,63,0.0021671554177122676,0.04655271654492644,0.5737928259562646,63,14,inf
random_addition,42,143,64,0.002149018408474877,0.04635750649544124,0.5773597706199904,64,14,inf
random_addition,42,143,65,0.002238525323070911,0.04731305658135935,0.5597567464826534,65,14,inf
random_addition,42,143,66,0.0020466637039797345,0.045240067462148356,0.5974895264263405,66,14,inf
random_addition,42,143,67,0.002147599276966637,0.046342197584562574,0.5776388664452274,67,14,inf
random_addition,42,143,68,0.002127654961775695,0.046126510401023134,0.5815612478980271,68,14,inf
random_addition,42,143,69,0.0020948755591513038,0.04576981056494885,0.5880078628686007,69,14,inf
random_addition,42,143,70,0.0020961484915224247,0.045783714260885656,0.5877575195364105,70,14,inf
random_addition,42,143,71,0.0021253455577438054,0.04610147023408045,0.582015430629045,71,14,inf
random_addition,42,143,72,0.002034457613397433,0.04510496218153201,0.5998900572469201,72,14,inf
random_addition,42,143,73,0.0020515465177680333,0.045294000902636466,0.5965292398455608,73,14,inf
random_addition,42,143,74,0.0020696052408884385,0.04549291418329275,0.5929776914494098,74,14,inf
random_addition,42,143,75,0.002134373628444773,0.04619928168754113,0.5802399102999178,75,14,inf
random_addition,42,143,76,0.0022913374247646888,0.0478679164447826,0.5493703678988893,76,14,inf
random_addition,42,143,77,0.002291888161238015,0.047873668767267195,0.5492620564072348,77,14,inf
random_addition,42,143,78,0.002282747468658401,0.047778106583019814,0.5510597257028096,78,14,inf
random_addition,42,143,79,0.0022182951005845692,0.04709878024518861,0.5637353563625492,79,14,inf
random_addition,42,143,80,0.002197804902756773,0.046880751943167175,0.567765094719294,80,14,inf
random_addition,42,143,81,0.00219502702654075,0.046851115531444394,0.5683114103006306,81,14,inf
random_addition,42,143,82,0.0020496783448607043,0.04527337346455093,0.5968966471339123,82,14,inf
random_addition,42,143,83,0.0020817984947584635,0.04562673004674413,0.5905796851819003,83,14,inf
random_addition,42,143,84,0.0020615815083279082,0.04540464192489473,0.5945556919711796,84,14,inf
random_addition,42,143,85,0.001918262010162608,0.0437979681054111,0.6227418561009684,85,14,inf
random_addition,42,143,86,0.002018890591096736,0.0449320664013657,0.6029515712153367,86,14,inf
random_addition,42,143,87,0.0020484553912950556,0.04525986512678817,0.5971371613023664,87,14,inf
random_addition,42,143,88,0.0020237415054650586,0.044986014554137366,0.6019975581862973,88,14,inf
random_addition,42,143,89,0.0022373862796699904,0.047301017744547424,0.5599807583209608,89,14,inf
random_addition,42,143,90,0.0022798743812698636,0.04774803012973272,0.5516247661455214,90,14,inf
random_addition,42,143,91,0.0022480442949255513,0.047413545479383326,0.5578846822731327,91,14,inf
random_addition,42,143,92,0.002184788152656005,0.046741717476532725,0.5703250552234365,92,14,inf
random_addition,42,143,93,0.0024993556889019906,0.04999355647382961,0.5084601148626605,93,14,inf
random_addition,42,143,94,0.002868988712793151,0.053562941599515905,0.4357656300747639,94,14,inf
random_addition,42,143,95,0.0028696619683480367,0.053569225945014703,0.43563322316702124,95,14,inf
random_addition,42,143,96,0.0028622096784748996,0.053499623161989654,0.4370988399755922,96,14,inf
random_addition,42,143,97,0.0028944743342562826,0.053800319090654865,0.43075345853700864,97,14,inf
random_addition,42,143,98,0.002879876851651423,0.053664484080734653,0.43362429639123945,98,14,inf
random_addition,42,143,99,0.0029498059494622044,0.05431211604662632,0.41987157569674327,99,14,inf
random_addition,42,143,100,0.002832102786795279,0.053217504514917635,0.44301986119868353,100,14,inf
random_addition,42,143,101,0.002845477053928154,0.05334301316881297,0.4403895890211459,101,14,inf
random_addition,42,143,102,0.0028899322729584293,0.05375809030237615,0.4316467304704702,102,14,inf
random_addition,42,143,103,0.0029046767623156795,0.05389505322676358,0.4287469812922108,103,14,inf
random_addition,42,143,104,0.00287986433023144,0.05366436741667081,0.43362675893683367,104,14,inf
random_addition,42,143,105,0.00289773257871618,0.05383059147655894,0.4301126705472563,105,14,inf
random_addition,42,143,106,0.002809395641819294,0.05300373233857493,0.4474855991017973,106,14,inf
random_addition,42,143,107,0.002802046728837973,0.052934362458028836,0.44893088512441615,107,14,inf
random_addition,42,143,108,0.0027817528130053963,0.05274232468336408,0.45292202136069704,108,14,inf
random_addition,42,143,109,0.0028245135235786677,0.053146152481423035,0.4445124160944651,109,14,inf
random_addition,42,143,110,0.0027902691440288177,0.05282299824914161,0.45124714315443293,110,14,inf
random_addition,42,143,111,0.002491716335791937,0.04991709462490718,0.509962520769476,111,14,inf
random_addition,42,143,112,0.0024915255717676784,0.04991518377976464,0.510000037689132,112,14,inf
random_addition,42,143,113,0.0024943906674352234,0.049943875174391736,0.5094365689513346,113,14,inf
random_addition,42,143,114,0.0024917399556314565,0.049917331215034486,0.5099578755350038,114,14,inf
random_addition,42,143,115,0.0024178676483539796,0.0491718176230448,0.5244860939855571,115,14,inf
random_addition,42,143,116,0.0024335246037675076,0.049330767313792184,0.5214068931740283,116,14,inf
random_addition,42,143,117,0.0023865531718856377,0.048852360965317095,0.5306446068513857,117,14,inf
random_addition,42,143,118,0.002423124407265868,0.04922524156635362,0.5234522648738313,118,14,inf
random_addition,42,143,119,0.0025192721644673724,0.05019235165308926,0.5045432085354746,119,14,inf
random_addition,42,143,120,0.002730576929403779,0.052254922537534956,0.46298661043020717,120,14,inf
random_addition,42,143,121,0.0026893366810580585,0.05185881488289198,0.471097191499121,121,14,inf
random_addition,42,143,122,0.002754305752992378,0.05248148009529055,0.45831994242733953,122,14,inf
random_addition,42,143,123,0.002585570541792314,0.05084850579704692,0.491504529439179,123,14,inf
random_addition,42,143,124,0.0026089237222764647,0.05107762447761705,0.48691173790344766,124,14,inf
random_addition,42,143,125,0.0026387161978496223,0.05136843581275979,0.48105255183953044,125,14,inf
random_addition,42,143,126,0.0026529302747800953,0.05150660418606623,0.4782571170909823,126,14,inf
random_addition,42,143,127,0.0026845290013656708,0.05181244060421851,0.4720427017097192,127,14,inf
random_addition,42,143,128,0.0026769425231079856,0.05173917783564004,0.47353470889698657,128,14,inf
random_addition,42,143,129,0.0026731801337611825,0.05170280585965507,0.4742746453676464,129,14,inf
random_addition,42,143,130,0.0026253264702629487,0.05123793975427728,0.48368586457256735,130,14,inf
random_addition,42,143,131,0.002569660267511222,0.05069181657339991,0.4946335496212033,131,14,inf
random_addition,42,143,132,0.0023998120499057955,0.0489878765604899,0.5280370278629218,132,14,inf
random_addition,42,143,133,0.0023982456946221318,0.04897188677825403,0.5283450776933782,133,14,inf
random_addition,42,143,134,0.002387529193721517,0.04886234944946382,0.5304526559164988,134,14,inf
random_addition,42,143,135,0.0023785256113420935,0.04877013031910099,0.5322233602097123,135,14,inf
random_addition,42,143,136,0.0023178085674671767,0.04814362436987037,0.5441643772104845,136,14,inf
random_addition,42,143,137,0.0022857263762504033,0.047809270819061896,0.5504738739562538,137,14,inf
random_addition,42,143,138,0.0024821313735741064,0.049820993301760916,0.5118475630819881,138,14,inf
random_addition,42,143,139,0.002616919742481757,0.05115583781428819,0.48533918747746485,139,14,inf
random_addition,42,143,140,0.00248292865422461,0.049828994112109164,0.5116907645754327,140,14,inf
random_addition,42,143,141,0.0024848438397478034,0.04984820798933301,0.5113141114738884,141,14,inf
random_addition,42,143,142,0.0025413951052482772,0.05041225153916731,0.5001923641083961,142,14,inf
random_addition,42,143,143,0.002510232178724062,0.05010221730346933,0.5063210721559431,143,14,inf
random_addition,42,143,144,0.002635554027965162,0.0513376472772678,0.48167444516535596,144,14,inf
random_addition,42,143,145,0.0024492641555726186,0.04949004097364053,0.5183114484077029,145,14,inf
random_addition,42,143,146,0.0024309957336668183,0.04930512887790497,0.5219042375593592,146,14,inf
random_addition,42,143,147,0.002753126741662449,0.0524702462512084,0.4585518146239469,147,14,inf
random_addition,42,143,148,0.002684146920343849,0.05180875331779224,0.472117844300433,148,14,inf
random_addition,42,143,149,0.002716776182219263,0.0521227031361504,0.46570075700646607,149,14,inf
random_addition,42,143,150,0.0026800483819562917,0.05176918370958047,0.47292389007342817,150,14,inf
random_addition,42,144,10,0.00962854819961681,0.0981251659851682,-0.8936142210947935,10,10,inf
random_addition,42,144,11,0.007173248508043609,0.08469503236934034,-0.4107386809175415,11,11,inf
random_addition,42,144,12,0.006873730004977804,0.08290796104704182,-0.3518333833453693,12,12,inf
random_addition,42,144,13,0.005942144035749133,0.0770853036301287,-0.16862150104165963,13,13,inf
random_addition,42,144,14,0.00763410576492245,0.08737336988420699,-0.5013739290804202,14,14,inf
random_addition,42,144,15,0.006847886657264208,0.08275195863098474,-0.34675085898794733,15,14,inf
random_addition,42,144,16,0.00988814042302934,0.09943912923507195,-0.9446673514056692,16,14,inf
random_addition,42,144,17,0.007710688238530321,0.08781052464557036,-0.5164351468366188,17,14,inf
random_addition,42,144,18,0.008350349619717867,0.09138024742644259,-0.6422352013193995,18,14,inf
random_addition,42,144,19,0.008834125132960004,0.09399002677390833,-0.7373777059525695,19,14,inf
random_addition,42,144,20,0.007035241801384344,0.08387634828355574,-0.3835973656414917,20,14,inf
random_addition,42,144,21,0.0070328100921940835,0.08386185123281076,-0.3831191295659402,21,14,inf
random_addition,42,144,22,0.006742510403358358,0.08211279074150603,-0.32602686521183943,22,14,inf
random_addition,42,144,23,0.004810543586717722,0.0693580823460231,0.053926556927080815,23,14,inf
random_addition,42,144,24,0.005802872066410371,0.0761765847646793,-0.1412313508059,24,14,inf
random_addition,42,144,25,0.007599536033318548,0.08717531779878149,-0.4945752161252124,25,14,inf
random_addition,42,144,26,0.007692516414392751,0.08770699182159168,-0.5128613552434578,26,14,inf
random_addition,42,144,27,0.007114711592938456,0.0843487498006844,-0.39922642251636864,27,14,inf
random_addition,42,144,28,0.007941332113630312,0.08911415215121733,-0.5617951027555326,28,14,inf
random_addition,42,144,29,0.008213065600834896,0.09062596537877483,-0.6152360146199773,29,14,inf
random_addition,42,144,30,0.00816338015307351,0.09035142584969819,-0.605464544559084,30,14,inf
random_addition,42,144,31,0.008780683607665141,0.09370530191864888,-0.7268675407441347,31,14,inf
random_addition,42,144,32,0.010665012392864343,0.10327154686971791,-1.0974521513101898,32,14,inf
random_addition,42,144,33,0.010514514708918605,0.1025403077278326,-1.0678542775027116,33,14,inf
random_addition,42,144,34,0.010463008138301307,0.102288846597766,-1.0577246533289841,34,14,inf
random_addition,42,144,35,0.010820508338599951,0.10402167244665869,-1.1280330164689945,35,14,inf
random_addition,42,144,36,0.010737156853758045,0.10362025310603157,-1.1116405600182615,36,14,inf
random_addition,42,144,37,0.010760865284255088,0.10373459058701243,-1.1163032173803367,37,14,inf
random_addition,42,144,38,0.010441343785132649,0.10218289379897522,-1.053463997786685,38,14,inf
random_addition,42,144,39,0.010347832463174583,0.10172429632676051,-1.035073440308849,39,14,inf
random_addition,42,144,40,0.010670935007438705,0.10330021784797312,-1.0986169320176824,40,14,inf
random_addition,42,144,41,0.010755435467806374,0.10370841560744419,-1.115235353624342,41,14,inf
random_addition,42,144,42,0.010759222233685833,0.10372667079245257,-1.1159800841457703,42,14,inf
random_addition,42,144,43,0.009658856440816547,0.09827948128076656,-0.8995748410514424,43,14,inf
random_addition,42,144,44,0.008036645851037045,0.08964734157261466,-0.5805401352232795,44,14,inf
random_addition,42,144,45,0.008056544092126918,0.08975825361562532,-0.5844534554374377,45,14,inf
random_addition,42,144,46,0.008705589056471084,0.09330374620812974,-0.7120989476894253,46,14,inf
random_addition,42,144,47,0.00898583678659983,0.09479365372534086,-0.7672143271006688,47,14,inf
random_addition,42,144,48,0.007146227596229853,0.08453536299224043,-0.40542456898532797,48,14,inf
random_addition,42,144,49,0.0069797799246983485,0.0835450772020611,-0.37268986471363785,49,14,inf
random_addition,42,144,50,0.005664098121611562,0.07526020277418578,-0.11393914538297811,50,14,inf
random_addition,42,144,51,0.005354085212981749,0.07317161480370478,-0.052969948331262895,51,14,inf
random_addition,42,144,52,0.0049907187413681135,0.0706450192254777,0.018492114676740945,52,14,inf
random_addition,42,144,53,0.0049597017359683535,0.07042514988246992,0.024592124907057644,53,14,inf
random_addition,42,144,54,0.00472866972329261,0.06876532355259161,0.07002841453879571,54,14,inf
random_addition,42,144,55,0.004734597687589108,0.06880841291287794,0.06886258171942661,55,14,inf
random_addition,42,144,56,0.004813625060931399,0.06938029303001969,0.05332053374767887,56,14,inf
random_addition,42,144,57,0.004688371042785578,0.06847168058975607,0.07795382062467981,57,14,inf
random_addition,42,144,58,0.004681457885518871,0.06842118009446249,0.07931340803510822,58,14,inf
random_addition,42,144,59,0.004593404942188523,0.06777466298100289,0.09663048452917777,59,14,inf
random_addition,42,144,60,0.004580832756236568,0.06768184953321361,0.09910301409597355,60,14,inf
random_addition,42,144,61,0.005199032779091715,0.07210431872704794,-0.022476307156862996,61,14,inf
random_addition,42,144,62,0.00516348461493355,0.07185739081634922,-0.015485169158883982,62,14,inf
random_addition,42,144,63,0.0053377074027458294,0.07305961540239471,-0.04974897942399137,63,14,inf
random_addition,42,144,64,0.005471699246728411,0.07397093514839738,-0.0761007051479412,64,14,inf
random_addition,42,144,65,0.005183972426905399,0.07199980851992177,-0.01951443829735644,65,14,inf
random_addition,42,144,66,0.0051637474929845184,0.07185921995808553,-0.015536868501859313,66,14,inf
random_addition,42,144,67,0.005177443830681765,0.07195445664225229,-0.018230481215087968,67,14,inf
random_addition,42,144,68,0.005244958902829221,0.07242208850087949,-0.03150844359385574,68,14,inf
random_addition,42,144,69,0.004605204127353901,0.06786165432225993,0.09430997842968314,69,14,inf
random_addition,42,144,70,0.004654437976036761,0.06822344154348094,0.08462732284212493,70,14,inf
random_addition,42,144,71,0.0043600341109440695,0.0660305543740477,0.1425267417500533,71,14,inf
random_addition,42,144,72,0.003426017883308883,0.05853219527156728,0.32621657480855004,72,14,inf
random_addition,42,144,73,0.0033869639790391004,0.05819762863759227,0.3338971749344837,73,14,inf
random_addition,42,144,74,0.0033864116278204,0.0581928829653627,0.334005803992685,74,14,inf
random_addition,42,144,75,0.0034123223763876686,0.058415086890183335,0.3289100241358479,75,14,inf
random_addition,42,144,76,0.003143944758185354,0.05607089047077239,0.3816909485198249,76,14,inf
random_addition,42,144,77,0.003285770228539542,0.05732163839720164,0.3537986098194966,77,14,inf
random_addition,42,144,78,0.0032830532827649436,0.057297934367348216,0.3543329424156534,78,14,inf
random_addition,42,144,79,0.003287501684799624,0.0573367393980476,0.35345809013477136,79,14,inf
random_addition,42,144,80,0.0031264344532680685,0.05591452810556545,0.3851346413507334,80,14,inf
random_addition,42,144,81,0.0031135130810845545,0.055798862722142954,0.38767584420037327,81,14,inf
random_addition,42,144,82,0.0030921706173498075,0.05560728924655299,0.3918731948293004,82,14,inf
random_addition,42,144,83,0.002490787992277925,0.04990779490498378,0.5101450949690074,83,14,inf
random_addition,42,144,84,0.002362040150673587,0.048600824588411945,0.5354655003658393,84,14,inf
random_addition,42,144,85,0.0023500138728304943,0.048476941661273296,0.5378306680191959,85,14,inf
random_addition,42,144,86,0.0024096671764717004,0.049088360906346225,0.5260988532358655,86,14,inf
random_addition,42,144,87,0.002417419155857075,0.04916725694867546,0.5245742974979233,87,14,inf
random_addition,42,144,88,0.002382728395084167,0.048813198984333804,0.531396812853124,88,14,inf
random_addition,42,144,89,0.0027329691404907623,0.05227780734203341,0.4625161423139077,89,14,inf
random_addition,42,144,90,0.0026930921641268634,0.05189501097530343,0.47035861326294914,90,14,inf
random_addition,42,144,91,0.002761069286844961,0.05254587792439062,0.4569897809510105,91,14,inf
random_addition,42,144,92,0.002767887241051478,0.0526107141279367,0.45564891680653363,92,14,inf
random_addition,42,144,93,0.0027420765676147104,0.05236484094900614,0.460725015223722,93,14,inf
random_addition,42,144,94,0.002739577615618294,0.052340974538293554,0.46121647571601454,94,14,inf
random_addition,42,144,95,0.0027702292431679154,0.05263296726546885,0.455188323119762,95,14,inf
random_addition,42,144,96,0.003067496486846477,0.055384984308443,0.3967257731667194,96,14,inf
random_addition,42,144,97,0.0031546565719292215,0.056166329521602366,0.3795842921040722,97,14,inf
random_addition,42,144,98,0.0031627472123152804,0.05623830733863956,0.37799313304507565,98,14,inf
random_addition,42,144,99,0.00331843535900189,0.057605862193025895,0.3473744683710609,99,14,inf
random_addition,42,144,100,0.0033107894477176734,0.05753945991854349,0.3488781640519526,100,14,inf
random_addition,42,144,101,0.0032493301762672707,0.05700289620946703,0.3609651524560029,101,14,inf
random_addition,42,144,102,0.003120104431027095,0.05585789497490122,0.38637954555506937,102,14,inf
random_addition,42,144,103,0.0029328530927641124,0.054155822334852534,0.4232056370594902,103,14,inf
random_addition,42,144,104,0.0029623091996425705,0.05442709986433753,0.41741260349651166,104,14,inf
random_addition,42,144,105,0.0030605250718752875,0.05532201254360951,0.3980968179241339,105,14,inf
random_addition,42,144,106,0.003040448967817257,0.05514026630165343,0.40204511785059405,106,14,inf
random_addition,42,144,107,0.0030993570359801924,0.05567186934152824,0.39045986602467553,107,14,inf
random_addition,42,144,108,0.003195636270519836,0.05652995905287599,0.37152495248000983,108,14,inf
random_addition,42,144,109,0.003185781269384106,0.0564427255665786,0.37346310243913516,109,14,inf
random_addition,42,144,110,0.003176288049537298,0.05635856678036887,0.37533010208780604,110,14,inf
random_addition,42,144,111,0.0032072258126372094,0.056632374245101265,0.369245676174335,111,14,inf
random_addition,42,144,112,0.003178122046258846,0.05637483522156713,0.3749694161150753,112,14,inf
random_addition,42,144,113,0.0030739027282115344,0.05544278788274932,0.3954658792033573,113,14,inf
random_addition,42,144,114,0.0033603222545101445,0.05796828662734603,0.33913671337752005,114,14,inf
random_addition,42,144,115,0.0033382781927802597,0.0577778347879207,0.3434720449266795,115,14,inf
random_addition,42,144,116,0.0032389397249538926,0.056911683554028626,0.36300860760237574,116,14,inf
random_addition,42,144,117,0.0032581171316411056,0.057079918812495745,0.35923705146808027,117,14,inf
random_addition,42,144,118,0.0032578831732333518,0.05707786938239156,0.3592830632819989,118,14,inf
random_addition,42,144,119,0.0032729533647984322,0.05720973138198109,0.35631925934493236,119,14,inf
random_addition,42,144,120,0.0030323352540418524,0.05506664375138413,0.40364081467554336,120,14,inf
random_addition,42,144,121,0.0030331657673210713,0.055074184218389215,0.4034774804195649,121,14,inf
random_addition,42,144,122,0.0029136462365132627,0.053978201493874015,0.42698298494051135,122,14,inf
random_addition,42,144,123,0.003143701381908919,0.05606872017363085,0.3817388125143316,123,14,inf
random_addition,42,144,124,0.003198238227531531,0.05655296833528308,0.37101323433747424,124,14,inf
random_addition,42,144,125,0.0031494996634231637,0.05612040327210028,0.38059848397199525,125,14,inf
random_addition,42,144,126,0.0027744586241278046,0.052673130001242616,0.4543565449777164,126,14,inf
random_addition,42,144,127,0.0027677690581895164,0.052609590933493454,0.45567215943288397,127,14,inf
random_addition,42,144,128,0.0027681938918136173,0.05261362838479796,0.45558860883153485,128,14,inf
random_addition,42,144,129,0.0027911118306174526,0.05283097415926998,0.45108141481459574,129,14,inf
random_addition,42,144,130,0.0026870295027067743,0.051836565305841534,0.47155093651301294,130,14,inf
random_addition,42,144,131,0.002732910599802549,0.05227724743903937,0.46252765531435336,131,14,inf
random_addition,42,144,132,0.002739626109801367,0.05234143778882432,0.4612069385279771,132,14,inf
random_addition,42,144,133,0.0026396924385615464,0.05137793727429651,0.48086055785902726,133,14,inf
random_addition,42,144,134,0.002644529069962217,0.051424984880524924,0.47990935381324307,134,14,inf
random_addition,42,144,135,0.0024107512729102058,0.04909940196082031,0.5258856476320265,135,14,inf
random_addition,42,144,136,0.002400364772403915,0.04899351765697085,0.5279283257864448,136,14,inf
random_addition,42,144,137,0.0024397724274416756,0.04939405255131103,0.520178154685627,137,14,inf
random_addition,42,144,138,0.002522188230677588,0.05022139216188245,0.5039697155923185,138,14,inf
random_addition,42,144,139,0.0024306931012849304,0.049302059807729434,0.5219637552530163,139,14,inf
random_addition,42,144,140,0.0024299397021299417,0.049294418569752314,0.522111923733297,140,14,inf
random_addition,42,144,141,0.0024470707067448,0.049467875502641104,0.5187428266183626,141,14,inf
random_addition,42,144,142,0.0023774154393485653,0.04875874731110886,0.53244169400534,142,14,inf
random_addition,42,144,143,0.0023778378503617336,0.04876307876213041,0.5323586198507426,143,14,inf
random_addition,42,144,144,0.002364104279535469,0.04862205548447607,0.5350595550783466,144,14,inf
random_addition,42,144,145,0.002462969978141271,0.0496283183086156,0.5156159703366854,145,14,inf
random_addition,42,144,146,0.00265683181027404,0.05154446439991437,0.4774898152151156,146,14,inf
random_addition,42,144,147,0.0027318507267910927,0.05226710941683204,0.46273609697818885,147,14,inf
random_addition,42,144,148,0.0027017389193649158,0.051978254293164904,0.4686580849646379,148,14,inf
random_addition,42,144,149,0.002685942625807207,0.05182608055609846,0.47176468894078616,149,14,inf
random_addition,42,144,150,0.0026800483819562917,0.05176918370958047,0.47292389007342817,150,14,inf
random_addition,42,145,10,0.00962854819961681,0.0981251659851682,-0.8936142210947935,10,10,inf
random_addition,42,145,11,0.012828843851290628,0.11326448627566642,-1.5230056134501382,11,11,inf
random_addition,42,145,12,0.016584078520898708,0.12877918512282452,-2.261534997786716,12,12,inf
random_addition,42,145,13,0.020280661731824433,0.14241018830064242,-2.988529596821676,13,13,inf
random_addition,42,145,14,0.020121527938364626,0.14185037165395312,-2.9572332883746513,14,14,inf
random_addition,42,145,15,0.019329309772867245,0.13902988805601207,-2.8014304037346625,15,14,inf
random_addition,42,145,16,0.02065988862560826,0.14373548144285134,-3.063110875764564,16,14,inf
random_addition,42,145,17,0.014460507898182984,0.12025185195323598,-1.8438994989236939,17,14,inf
random_addition,42,145,18,0.020351389977278624,0.14265829796152282,-3.002439483197949,18,14,inf
random_addition,42,145,19,0.018982504645433662,0.1377770105838912,-2.7332254046380218,19,14,inf
random_addition,42,145,20,0.019183574108364233,0.13850478009211173,-2.7727690602899067,20,14,inf
random_addition,42,145,21,0.014124394850965241,0.11884609733165512,-1.7777972753161562,21,14,inf
random_addition,42,145,22,0.014195400764573545,0.11914445335211181,-1.7917617697552934,22,14,inf
random_addition,42,145,23,0.016180573426610542,0.12720288293356619,-2.1821790067289286,23,14,inf
random_addition,42,145,24,0.01609729342745354,0.12687510956627207,-2.1658006091276434,24,14,inf
random_addition,42,145,25,0.01470317444624734,0.1212566470188226,-1.8916239135365776,25,14,inf
random_addition,42,145,26,0.016579205280887473,0.1287602628177167,-2.2605765940485023,26,14,inf
random_addition,42,145,27,0.017894264094483952,0.13376944379971067,-2.5192047921294387,27,14,inf
random_addition,42,145,28,0.017336830615137314,0.1316693989320879,-2.409576222803987,28,14,inf
random_addition,42,145,29,0.01659143269486421,0.1288077353844256,-2.262981318469416,29,14,inf
random_addition,42,145,30,0.008037482621876113,0.08965200846537746,-0.5807047001325272,30,14,inf
random_addition,42,145,31,0.008687558448708173,0.09320707295429984,-0.7085529286461607,31,14,inf
random_addition,42,145,32,0.010083672328794145,0.100417490153828,-0.9831219542967609,32,14,inf
random_addition,42,145,33,0.011063499028127208,0.105183168939366,-1.1758211788942243,33,14,inf
random_addition,42,145,34,0.011148114341153984,0.10558463117875624,-1.1924621881874287,34,14,inf
random_addition,42,145,35,0.008751386987368288,0.09354884813490912,-0.7211058728712623,35,14,inf
random_addition,42,145,36,0.008458599126461025,0.09197064274245899,-0.6635242680764728,36,14,inf
random_addition,42,145,37,0.008542498473699459,0.09242563753472009,-0.6800244707838334,37,14,inf
random_addition,42,145,38,0.009786276057124402,0.09892560870231935,-0.9246340288422457,38,14,inf
random_addition,42,145,39,0.009598059436241504,0.09796968631286672,-0.8876180984484561,39,14,inf
random_addition,42,145,40,0.009577494063144627,0.09786467219147381,-0.8835735756241412,40,14,inf
random_addition,42,145,41,0.007932993152771135,0.08906735177814111,-0.5601551073434807,41,14,inf
random_addition,42,145,42,0.0077457060152401076,0.08800969273460797,-0.5233219753173042,42,14,inf
random_addition,42,145,43,0.009303550079372455,0.09645491215781836,-0.8296979328273393,43,14,inf
random_addition,42,145,44,0.009976396705417893,0.09988191380534261,-0.9620244179090669,44,14,inf
random_addition,42,145,45,0.009979986924668486,0.09989988450778352,-0.9627304942654216,45,14,inf
random_addition,42,145,46,0.010979138357958126,0.10478138364212473,-1.1592302493562054,46,14,inf
random_addition,42,145,47,0.009953664432714587,0.09976805316690603,-0.9575537382202539,47,14,inf
random_addition,42,145,48,0.009596742068130255,0.09796296273658864,-0.8873590160885654,48,14,inf
random_addition,42,145,49,0.008156839013694699,0.0903152202770646,-0.6041781206566339,49,14,inf
random_addition,42,145,50,0.008014456964396902,0.0895234995093294,-0.5761763214456523,50,14,inf
random_addition,42,145,51,0.00803817106325101,0.08965584790325175,-0.5808400935844651,51,14,inf
random_addition,42,145,52,0.007933368947214761,0.08906946136142714,-0.5602290135739847,52,14,inf
random_addition,42,145,53,0.007809536089668763,0.08837157964905212,-0.5358752215768443,53,14,inf
random_addition,42,145,54,0.008883992222683965,0.09425493208678241,-0.7471848989278989,54,14,inf
random_addition,42,145,55,0.008858728239469333,0.09412081724820144,-0.7422163162397393,55,14,inf
random_addition,42,145,56,0.005740842105951291,0.07576834501261916,-0.1290321269121113,56,14,inf
random_addition,42,145,57,0.0038403079793011058,0.06197021848679497,0.24473953370480173,57,14,inf
random_addition,42,145,58,0.0037996826876824366,0.06164156623320368,0.25272917330055067,58,14,inf
random_addition,42,145,59,0.0040119527542065965,0.06333997753557066,0.21098273257557365,59,14,inf
random_addition,42,145,60,0.004034934465414483,0.06352113400604939,0.2064629966542143,60,14,inf
random_addition,42,145,61,0.00414927582206584,0.06441487267755669,0.18397586624519813,61,14,inf
random_addition,42,145,62,0.004429123131101506,0.06655165761347726,0.12893923630485726,62,14,inf
random_addition,42,145,63,0.004462973494408457,0.0668054900020085,0.12228199909542836,63,14,inf
random_addition,42,145,64,0.00460603244845398,0.06786775706072788,0.09414707530221,64,14,inf
random_addition,42,145,65,0.004241485286556595,0.06512668643925157,0.16584134070102752,65,14,inf
random_addition,42,145,66,0.004220729727948158,0.06496714344919405,0.16992326667085,66,14,inf
random_addition,42,145,67,0.00392903466102115,0.06268201226046552,0.22728995534548968,67,14,inf
random_addition,42,145,68,0.003873083338076843,0.06223410108675824,0.23829371402435506,68,14,inf
random_addition,42,145,69,0.003468602756330133,0.058894844904542644,0.3178415509228344,69,14,inf
random_addition,42,145,70,0.0033614164709831556,0.05797772392033992,0.3389215175004996,70,14,inf
random_addition,42,145,71,0.0034122919729997147,0.05841482665385317,0.328916003467997,71,14,inf
random_addition,42,145,72,0.0034041136455075826,0.05834478250458718,0.3305244076555035,72,14,inf
random_addition,42,145,73,0.00341439621093253,0.058432835041032624,0.32850217006429616,73,14,inf
random_addition,42,145,74,0.0037369762046924196,0.06113081223648529,0.2650614466072845,74,14,inf
random_addition,42,145,75,0.003407119572422393,0.058370536852271566,0.3299332421095199,75,14,inf
random_addition,42,145,76,0.0034252167212937405,0.058525351099277825,0.3263741366500471,76,14,inf
random_addition,42,145,77,0.0034446322971923037,0.05869098991491201,0.32255574057723846,77,14,inf
random_addition,42,145,78,0.003495527949203125,0.05912299002252106,0.31254626371307137,78,14,inf
random_addition,42,145,79,0.0029588526211735593,0.05439533639176763,0.41809239716940516,79,14,inf
random_addition,42,145,80,0.0030084275372128763,0.05484913433421604,0.40834266501088856,80,14,inf
random_addition,42,145,81,0.002972844329511574,0.05452379599323193,0.415340694904745,81,14,inf
random_addition,42,145,82,0.002945111328526474,0.054268879926956975,0.42079485102156344,82,14,inf
random_addition,42,145,83,0.00294545358557415,0.05427203318076586,0.4207275404780305,83,14,inf
random_addition,42,145,84,0.002898030222646872,0.05383335604109103,0.43005413391553415,84,14,inf
random_addition,42,145,85,0.0028086474827154822,0.052996674260895674,0.44763273703882045,85,14,inf
random_addition,42,145,86,0.002853688017855829,0.05341992154483034,0.43877476633552437,86,14,inf
random_addition,42,145,87,0.0028573663159273074,0.05345433860714495,0.4380513678134238,87,14,inf
random_addition,42,145,88,0.002872498399780553,0.053595693854828985,0.4350753917280109,88,14,inf
random_addition,42,145,89,0.002760065970070526,0.05253633000191892,0.45718709988974815,89,14,inf
random_addition,42,145,90,0.0027160221271542934,0.052115469173310655,0.4658490544823588,90,14,inf
random_addition,42,145,91,0.002853362421326317,0.05341687393816973,0.4388388003109317,91,14,inf
random_addition,42,145,92,0.0029732031883677257,0.05452708674014894,0.4152701193393237,92,14,inf
random_addition,42,145,93,0.003226789666211579,0.05680483840494205,0.3653981188292602,93,14,inf
random_addition,42,145,94,0.0031882636903886124,0.056464711903883934,0.372974893041475,94,14,inf
random_addition,42,145,95,0.0032063085128775336,0.056624274943503985,0.36942607843580966,95,14,inf
random_addition,42,145,96,0.0030153784454564994,0.054912461659048756,0.4069756532426789,96,14,inf
random_addition,42,145,97,0.0031257971098267376,0.05590882854994136,0.38525998554377316,97,14,inf
random_addition,42,145,98,0.002664027579482707,0.05161421877237615,0.4760746474636792,98,14,inf
random_addition,42,145,99,0.002685569882508055,0.05182248433361773,0.47183799511295865,99,14,inf
random_addition,42,145,100,0.0026770424112583947,0.051740143131406145,0.4735150642300844,100,14,inf
random_addition,42,145,101,0.002702558430735657,0.05198613690913816,0.4684969144170317,101,14,inf
random_addition,42,145,102,0.0026708204330285856,0.051679980969700307,0.47473871978178817,102,14,inf
random_addition,42,145,103,0.0029884560443110032,0.05466677276290419,0.412270391412776,103,14,inf
random_addition,42,145,104,0.0029766094439528804,0.05455831232683871,0.41460022249890605,104,14,inf
random_addition,42,145,105,0.0029945287941895416,0.05472228791077308,0.4110760840994876,105,14,inf
random_addition,42,145,106,0.0029623305085806927,0.05442729562067817,0.41740841273925233,106,14,inf
random_addition,42,145,107,0.002994159581085144,0.05471891429008021,0.4111486960001197,107,14,inf
random_addition,42,145,108,0.002987136593037041,0.05465470330206762,0.41252988346127784,108,14,inf
random_addition,42,145,109,0.0029743977167522055,0.05453803917223469,0.4150351954557373,109,14,inf
random_addition,42,145,110,0.002852358560437956,0.05340747663424997,0.43903622625872685,110,14,inf
random_addition,42,145,111,0.0031156219112759135,0.05581775623648727,0.3872611076526151,111,14,inf
random_addition,42,145,112,0.002995975175074695,0.05473550196238904,0.4107916292308549,112,14,inf
random_addition,42,145,113,0.0030007875749545588,0.05477944482152552,0.40984519071684633,113,14,inf
random_addition,42,145,114,0.0030769240818452033,0.05547002868076781,0.3948716797364117,114,14,inf
random_addition,42,145,115,0.0031380566400239984,0.056018359847678494,0.3828489449336844,115,14,inf
random_addition,42,145,116,0.0032166801762256543,0.056715784189462236,0.3673863182554338,116,14,inf
random_addition,42,145,117,0.003149599768412051,0.056121295141969514,0.3805787966601981,117,14,inf
random_addition,42,145,118,0.003144174764204771,0.05607294146203471,0.38164571400883984,118,14,inf
random_addition,42,145,119,0.0031811458138375033,0.056401647261737874,0.37437474190568,119,14,inf
random_addition,42,145,120,0.0034962816167658692,0.05912936340572143,0.31239804244593916,120,14,inf
random_addition,42,145,121,0.0036043698442857824,0.06003640432509081,0.29114069393177966,121,14,inf
random_addition,42,145,122,0.003499050196368949,0.05915276998052542,0.3118535551982321,122,14,inf
random_addition,42,145,123,0.0035414345755771653,0.059509953584061595,0.3035179617570374,123,14,inf
random_addition,42,145,124,0.003568476839025602,0.05973672939679241,0.29819965067057574,124,14,inf
random_addition,42,145,125,0.0036450908318837274,0.06037458763323959,0.2831322341293391,125,14,inf
random_addition,42,145,126,0.003400887979724322,0.058317132814673954,0.3311587885063907,126,14,inf
random_addition,42,145,127,0.0033882738361884985,0.05820888107658915,0.33363956973022224,127,14,inf
random_addition,42,145,128,0.003299265723815318,0.057439235055973,0.35114449611043874,128,14,inf
random_addition,42,145,129,0.0033017626504681305,0.05746096632034768,0.35065343393566717,129,14,inf
random_addition,42,145,130,0.0032106377437880903,0.05666248974222797,0.36857466313947673,130,14,inf
random_addition,42,145,131,0.0032557090162252133,0.057058820669772116,0.35971064743530534,131,14,inf
random_addition,42,145,132,0.0030487550723829943,0.055215532890510025,0.40041158417537126,132,14,inf
random_addition,42,145,133,0.002925857152971357,0.054091192933520674,0.4245815050311551,133,14,inf
random_addition,42,145,134,0.0028995376130636426,0.05384735474527642,0.4297576805073191,134,14,inf
random_addition,42,145,135,0.002545314250834595,0.05045110752832484,0.49942159891483473,135,14,inf
random_addition,42,145,136,0.0025416629881740574,0.05041490839200303,0.5001396804735085,136,14,inf
random_addition,42,145,137,0.00256344256714678,0.050630450986997734,0.4958563638594996,137,14,inf
random_addition,42,145,138,0.0026700797569505943,0.05167281448644533,0.47488438605726724,138,14,inf
random_addition,42,145,139,0.0026763800257301393,0.051733741656003765,0.4736453333662146,139,14,inf
random_addition,42,145,140,0.002671139437418507,0.05168306722146536,0.4746759822603235,140,14,inf
random_addition,42,145,141,0.0026613735807937424,0.05158850240890641,0.4765966004680159,141,14,inf
random_addition,42,145,142,0.002645332700875637,0.051432797910240476,0.4797513064218176,142,14,inf
random_addition,42,145,143,0.0026022835158576443,0.05101258193678932,0.48821764498777676,143,14,inf
random_addition,42,145,144,0.0026287074799565572,0.0512709223630369,0.48302093275681013,144,14,inf
random_addition,42,145,145,0.0026823629160851103,0.05179153324709658,0.47246869842348516,145,14,inf
random_addition,42,145,146,0.002691421087760761,0.051878907927603496,0.47068725823681057,146,14,inf
random_addition,42,145,147,0.002433563545483638,0.04933116201229845,0.5213992346375669,147,14,inf
random_addition,42,145,148,0.0025254553121799774,0.05025390842690723,0.5033271896511131,148,14,inf
random_addition,42,145,149,0.0027705699120459107,0.05263620343495445,0.4551213249162237,149,14,inf
random_addition,42,145,150,0.0026800483819562917,0.05176918370958047,0.47292389007342817,150,14,inf
random_addition,42,146,10,0.00962854819961681,0.0981251659851682,-0.8936142210947935,10,10,inf
random_addition,42,146,11,0.008687923819123275,0.09320903292666047,-0.708624784818001,11,11,inf
random_addition,42,146,12,0.00895195132736,0.09461475216561105,-0.7605501876920482,12,12,inf
random_addition,42,146,13,0.017907595221526188,0.13381926326776047,-2.5218265800903077,13,13,inf
random_addition,42,146,14,0.017937761193540958,0.1339319274614569,-2.5277592204443944,14,14,inf
random_addition,42,146,15,0.018199080214601645,0.1349039666377592,-2.5791519542464414,15,14,inf
random_addition,42,146,16,0.016316848595283998,0.12773742049722156,-2.208979786247529,16,14,inf
random_addition,42,146,17,0.01895323377723069,0.13767074408613722,-2.7274688013429222,17,14,inf
random_addition,42,146,18,0.015202225954640422,0.12329730716702787,-1.989770696806516,18,14,inf
random_addition,42,146,19,0.023101443961772564,0.15199159174695343,-3.5432833597465825,19,14,inf
random_addition,42,146,20,0.014222772179359655,0.1192592645430939,-1.797144813929339,20,14,inf
random_addition,42,146,21,0.014731168154616225,0.12137202377243377,-1.8971293420985504,21,14,inf
random_addition,42,146,22,0.016828194313296727,0.12972353029923572,-2.309544430413029,22,14,inf
random_addition,42,146,23,0.017093729771778438,0.1307429912912292,-2.3617663967948257,23,14,inf
random_addition,42,146,24,0.013569258003325993,0.11648715810477132,-1.66862037683158,24,14,inf
random_addition,42,146,25,0.015810121942085857,0.12573830737721045,-2.109323558038384,25,14,inf
random_addition,42,146,26,0.01578772909817177,0.12564923039227804,-2.104919632669016,26,14,inf
random_addition,42,146,27,0.017904694272485228,0.133808423772516,-2.521256060190033,27,14,inf
random_addition,42,146,28,0.01994349652108272,0.14122144497590555,-2.922220447749302,28,14,inf
random_addition,42,146,29,0.018942759076227014,0.13763269624702923,-2.7254087770930497,29,14,inf
random_addition,42,146,30,0.018314435080323876,0.1353308356595934,-2.6018384080788883,30,14,inf
random_addition,42,146,31,0.010617048520711856,0.10303906308149281,-1.0880192577395538,31,14,inf
random_addition,42,146,32,0.006777022095926427,0.08232267060735109,-0.3328141638248896,32,14,inf
random_addition,42,146,33,0.006753848367743219,0.08218180070881399,-0.328256664570199,33,14,inf
random_addition,42,146,34,0.007257310843218308,0.08518985176192237,-0.4272709379146642,34,14,inf
random_addition,42,146,35,0.007708217380753321,0.08779645426071216,-0.5159492115400581,35,14,inf
random_addition,42,146,36,0.0085258329367497,0.0923354370583131,-0.6767469156305548,36,14,inf
random_addition,42,146,37,0.009235347909874597,0.09610071753048775,-0.816284841321415,37,14,inf
random_addition,42,146,38,0.005854689732015103,0.07651594429930995,-0.15142215698548167,38,14,inf
random_addition,42,146,39,0.005763683328265575,0.07591892602154995,-0.133524233354829,39,14,inf
random_addition,42,146,40,0.005764234601940161,0.07592255660829765,-0.1336326504960499,40,14,inf
random_addition,42,146,41,0.005544079523211456,0.07445857588761322,-0.09033549091559423,41,14,inf
random_addition,42,146,42,0.0051993484725001895,0.07210650783736645,-0.02253839351873177,42,14,inf
random_addition,42,146,43,0.005092826265428559,0.07136404042253044,-0.0015890289840794214,43,14,inf
random_addition,42,146,44,0.004614444988895324,0.06792970623295322,0.09249260924097169,44,14,inf
random_addition,42,146,45,0.004434866113498001,0.06659479043812662,0.12780978325419556,45,14,inf
random_addition,42,146,46,0.004433068262702988,0.06658129063560564,0.12816336052901034,46,14,inf
random_addition,42,146,47,0.004424569825195959,0.06651744000783523,0.12983471967753035,47,14,inf
random_addition,42,146,48,0.0038769826614258943,0.06226542107322405,0.2375268472035913,48,14,inf
random_addition,42,146,49,0.003883986132677854,0.062321634547545794,0.2361494980451515,49,14,inf
random_addition,42,146,50,0.0030076805472047533,0.05484232441467769,0.4084895730257909,50,14,inf
random_addition,42,146,51,0.003096188576604322,0.055643405508688286,0.39108299628364307,51,14,inf
random_addition,42,146,52,0.003065272410113162,0.05536490233092769,0.3971631748646388,52,14,inf
random_addition,42,146,53,0.003010787256949547,0.05487064112027075,0.40787858685927947,53,14,inf
random_addition,42,146,54,0.0027731970556873512,0.05266115319367162,0.4546046534038467,54,14,inf
random_addition,42,146,55,0.002938926738849703,0.05421186898502673,0.4220111534921722,55,14,inf
random_addition,42,146,56,0.002677325043552059,0.05174287432634622,0.4734594798865751,56,14,inf
random_addition,42,146,57,0.00212242925257743,0.04606983017743206,0.5825889705669063,57,14,inf
random_addition,42,146,58,0.0022275764098622962,0.047197207648994405,0.5619100324534492,58,14,inf
random_addition,42,146,59,0.0021699011431507527,0.04658219770632074,0.573252833360315,59,14,inf
random_addition,42,146,60,0.002060558163714389,0.04539337136316699,0.5947569497177336,60,14,inf
random_addition,42,146,61,0.002097942664126457,0.045803304074340065,0.5874046656390566,61,14,inf
random_addition,42,146,62,0.001997288920161153,0.04469103847709463,0.6071998992534784,62,14,inf
random_addition,42,146,63,0.002099410354908577,0.04581932294249422,0.5871160198245919,63,14,inf
random_addition,42,146,64,0.0024413647184412792,0.0494101681685185,0.5198650041650645,64,14,inf
random_addition,42,146,65,0.0022906873661751102,0.04786112583480575,0.5494982127374101,65,14,inf
random_addition,42,146,66,0.0022858054539514885,0.047810097824115445,0.5504583220104939,66,14,inf
random_addition,42,146,67,0.002298642269631834,0.04794415782586898,0.5479337486042101,67,14,inf
random_addition,42,146,68,0.0023190619744472203,0.04815663998294752,0.5439178738713493,68,14,inf
random_addition,42,146,69,0.002224636990894908,0.04716605761450609,0.5624881181048897,69,14,inf
random_addition,42,146,70,0.002265459800073149,0.04759684653496646,0.5544596333943876,70,14,inf
random_addition,42,146,71,0.0022817389282593628,0.04776755099708758,0.5512580719542459,71,14,inf
random_addition,42,146,72,0.002261808315424061,0.04755847259347235,0.5551777586108037,72,14,inf
random_addition,42,146,73,0.0022227627521033966,0.047146184915678985,0.562856718350301,73,14,inf
random_addition,42,146,74,0.002196070532821862,0.04686225061626748,0.5681061874266573,74,14,inf
random_addition,42,146,75,0.002126657274325758,0.046115694446964124,0.5817574597364312,75,14,inf
random_addition,42,146,76,0.002194736650429315,0.04684801650474986,0.5683685175947606,76,14,inf
random_addition,42,146,77,0.002165873327228384,0.046538944199760096,0.5740449703837192,77,14,inf
random_addition,42,146,78,0.002178297677573315,0.04667223668920652,0.5716015151490077,78,14,inf
random_addition,42,146,79,0.002142784085983169,0.04629021587747425,0.5785858538762034,79,14,inf
random_addition,42,146,80,0.002097185107142118,0.0457950336515011,0.5875536518256648,80,14,inf
random_addition,42,146,81,0.0020220275756626656,0.044966960934253335,0.6023346310014802,81,14,inf
random_addition,42,146,82,0.0020222740511750452,0.04496970147971904,0.6022861574906542,82,14,inf
random_addition,42,146,83,0.0020752025199657987,0.04555439078690218,0.591876893380938,83,14,inf
random_addition,42,146,84,0.002123491810109081,0.0460813607666818,0.5823800009475044,84,14,inf
random_addition,42,146,85,0.0021247222485512186,0.04609470955056793,0.5821380147535415,85,14,inf
random_addition,42,146,86,0.0021376283182960257,0.046234492733196776,0.5795998213831037,86,14,inf
random_addition,42,146,87,0.002073218860642108,0.04553261315411304,0.5922670129947442,87,14,inf
random_addition,42,146,88,0.0019058397813401528,0.0436559249282403,0.6251848941029832,88,14,inf
random_addition,42,146,89,0.0020294520215925075,0.045049439747820476,0.6008744901676775,89,14,inf
random_addition,42,146,90,0.0020173533440752418,0.04491495679698737,0.6032538964216801,90,14,inf
random_addition,42,146,91,0.0019953103494043515,0.04466889689039065,0.6075890181159327,91,14,inf
random_addition,42,146,92,0.0020847511605493747,0.04565907533611883,0.5899989943221888,92,14,inf
random_addition,42,146,93,0.002072828308015949,0.0455283242390487,0.5923438216674171,93,14,inf
random_addition,42,146,94,0.0021012123647983177,0.045838983025349916,0.5867616245945921,94,14,inf
random_addition,42,146,95,0.002118453508475765,0.046026660844295075,0.5833708668003016,95,14,inf
random_addition,42,146,96,0.0020603468532693946,0.045391043756113324,0.5947985074329167,96,14,inf
random_addition,42,146,97,0.0020996565680932665,0.04582200964703825,0.5870675979048712,97,14,inf
random_addition,42,146,98,0.0020122967791911224,0.04485863104455064,0.6042483540466457,98,14,inf
random_addition,42,146,99,0.002344703176852188,0.04842213519509634,0.5388751047525377,99,14,inf
random_addition,42,146,100,0.002276267961522383,0.04771025006769911,0.5523340285991629,100,14,inf
random_addition,42,146,101,0.002277406202391153,0.04772217725954206,0.5521101745921569,101,14,inf
random_addition,42,146,102,0.00230477442787842,0.0480080662793079,0.5467277576467985,102,14,inf
random_addition,42,146,103,0.0023011609930654563,0.04797041789546404,0.547438399729797,103,14,inf
random_addition,42,146,104,0.0023004785632739395,0.0479633043406513,0.5475726109038311,104,14,inf
random_addition,42,146,105,0.0022766506927902595,0.047714260895357685,0.5522587581267424,105,14,inf
random_addition,42,146,106,0.0022751923057201715,0.047698975939952544,0.5525455742114237,106,14,inf
random_addition,42,146,107,0.002237218539880751,0.04729924460158694,0.5600137471416804,107,14,inf
random_addition,42,146,108,0.0023313739027319607,0.048284302860577374,0.541496528305461,108,14,inf
random_addition,42,146,109,0.0023264068875731435,0.048232840343205415,0.5424733744868515,109,14,inf
random_addition,42,146,110,0.0023172134816878873,0.04813744365551506,0.5442814107311225,110,14,inf
random_addition,42,146,111,0.0023106150610115147,0.04806885749642397,0.5455790999538905,111,14,inf
random_addition,42,146,112,0.0024400675414083194,0.049397039804104856,0.520120115613433,112,14,inf
random_addition,42,146,113,0.0025387421164230076,0.05038593173121846,0.5007141185062332,113,14,inf
random_addition,42,146,114,0.002317251158736076,0.048137835002584776,0.5442740009126555,114,14,inf
random_addition,42,146,115,0.0023454306061776284,0.04842964594313723,0.5387320436713717,115,14,inf
random_addition,42,146,116,0.0023945287950015237,0.048933922742832744,0.5290760678524393,116,14,inf
random_addition,42,146,117,0.0024035436066584415,0.04902594829943059,0.527303155134953,117,14,inf
random_addition,42,146,118,0.002386164182816255,0.04884837953111909,0.5307211080246013,118,14,inf
random_addition,42,146,119,0.002416104044482342,0.04915388127587019,0.5248329360330264,119,14,inf
random_addition,42,146,120,0.002568080374456068,0.05067623086276315,0.49494426187968965,120,14,inf
random_addition,42,146,121,0.0025589325217533878,0.05058589251711773,0.49674333933260884,121,14,inf
random_addition,42,146,122,0.0026063046674706957,0.05105198005435926,0.4874268186116928,122,14,inf
random_addition,42,146,123,0.0026206580764311293,0.051192363458148024,0.4846039819009882,123,14,inf
random_addition,42,146,124,0.002618630673211821,0.05117255781385,0.48500270447975957,124,14,inf
random_addition,42,146,125,0.002623320023928662,0.05121835631810789,0.48408046563117957,125,14,inf
random_addition,42,146,126,0.0026232982820693753,0.05121814407091861,0.4840847415295898,126,14,inf
random_addition,42,146,127,0.0025522773129290966,0.05052006841770008,0.49805219688961155,127,14,inf
random_addition,42,146,128,0.0026445467419176044,0.0514251567028979,0.4799058783291573,128,14,inf
random_addition,42,146,129,0.0026605216184409676,0.051580244458910504,0.47676415304121855,129,14,inf
random_addition,42,146,130,0.0026935871587872515,0.05189977994931435,0.47026126432634474,130,14,inf
random_addition,42,146,131,0.002853832981630994,0.05342127836013468,0.438746256796962,131,14,inf
random_addition,42,146,132,0.002810109868353367,0.05301046942211856,0.4473451345692463,132,14,inf
random_addition,42,146,133,0.002772553214178667,0.05265503977948043,0.4547312755499584,133,14,inf
random_addition,42,146,134,0.002861039312119753,0.0534886839632436,0.4373290119940575,134,14,inf
random_addition,42,146,135,0.003118154718090382,0.055840439809249194,0.38676298904701334,135,14,inf
random_addition,42,146,136,0.0030301209691865824,0.055046534579268315,0.4040762906377098,136,14,inf
random_addition,42,146,137,0.00300382313232668,0.054807144902162895,0.40924819784838595,137,14,inf
random_addition,42,146,138,0.0027736403506408696,0.052665361962497416,0.4545174720748738,138,14,inf
random_addition,42,146,139,0.002799037706545556,0.05290593262145141,0.4495226594279128,139,14,inf
random_addition,42,146,140,0.0028323169073334953,0.05321951622603775,0.4429777508319087,140,14,inf
random_addition,42,146,141,0.0028602562219426477,0.05348136331417373,0.4374830197078917,141,14,inf
random_addition,42,146,142,0.0029547103913538505,0.054357247827257135,0.418907035589552,142,14,inf
random_addition,42,146,143,0.002642913733570806,0.051409276726781576,0.48022703659357635,143,14,inf
random_addition,42,146,144,0.0025944592794208696,0.050935834924155994,0.4897564112772236,144,14,inf
random_addition,42,146,145,0.002594530649868177,0.050936535511047244,0.4897423750911667,145,14,inf
random_addition,42,146,146,0.0025476239833674688,0.050473993138719156,0.49896735157863203,146,14,inf
random_addition,42,146,147,0.0025597976565066385,0.050594442940965746,0.4965731961876657,147,14,inf
random_addition,42,146,148,0.0025685665310355476,0.050681027328138756,0.4948486510987603,148,14,inf
random_addition,42,146,149,0.002501173751836404,0.05001173614099399,0.5081025625343056,149,14,inf
random_addition,42,146,150,0.0026800483819562917,0.05176918370958047,0.47292389007342817,150,14,inf
random_addition,42,147,10,0.00962854819961681,0.0981251659851682,-0.8936142210947935,10,10,inf
random_addition,42,147,11,0.017332786822427938,0.13165404218035973,-2.408780943679566,11,11,inf
random_addition,42,147,12,0.01924063281800597,0.13871060816680883,-2.7839906049895746,12,12,inf
random_addition,42,147,13,0.01696885862298473,0.1302645716339816,-2.337208407546808,13,13,inf
random_addition,42,147,14,0.009181057316164648,0.09581783401937578,-0.8056076926807787,14,14,inf
random_addition,42,147,15,0.00777814612015641,0.08819379864909102,-0.5297018617477176,15,14,inf
random_addition,42,147,16,0.007962923104588467,0.08923521224599887,-0.5660413303983995,16,14,inf
random_addition,42,147,17,0.005705964448223369,0.07553783454814791,-0.12217285516076903,17,14,inf
random_addition,42,147,18,0.005561714118047763,0.07457690070020183,-0.09380362742724446,18,14,inf
random_addition,42,147,19,0.005463514187733268,0.0739155882594008,-0.07449097709835639,19,14,inf
random_addition,42,147,20,0.005164523258967808,0.07186461757337757,-0.015689435791106376,20,14,inf
random_addition,42,147,21,0.005319843329505219,0.07293725611445237,-0.04623571216564781,21,14,inf
random_addition,42,147,22,0.006527259359387959,0.0807914559801218,-0.28369416566902883,22,14,inf
random_addition,42,147,23,0.006659346778460959,0.08160482080404906,-0.30967135454515593,23,14,inf
random_addition,42,147,24,0.0064242395402277774,0.0801513539513075,-0.2634336039963878,24,14,inf
random_addition,42,147,25,0.005573932738815797,0.07465877536375612,-0.09620662251734902,25,14,inf
random_addition,42,147,26,0.006306765065305012,0.079415143803339,-0.2403302937446672,26,14,inf
random_addition,42,147,27,0.006224525286560081,0.07889566075875201,-0.22415647279653217,27,14,inf
random_addition,42,147,28,0.006385888626530843,0.0799117552462142,-0.25589125866426543,28,14,inf
random_addition,42,147,29,0.006548306453443828,0.08092160683923563,-0.28783342693569614,29,14,inf
random_addition,42,147,30,0.006192154384821129,0.07869024326319705,-0.21779019632247532,30,14,inf
random_addition,42,147,31,0.006598401525573531,0.08123054552059546,-0.2976854564447087,31,14,inf
random_addition,42,147,32,0.006378635611254691,0.07986636094911731,-0.25446483252109187,32,14,inf
random_addition,42,147,33,0.006441993854209828,0.0802620324575065,-0.2669252852701576,33,14,inf
random_addition,42,147,34,0.00529882499785979,0.07279302849765072,-0.04210210750559562,34,14,inf
random_addition,42,147,35,0.0054668377061183795,0.07393806669178184,-0.07514460229165043,35,14,inf
random_addition,42,147,36,0.005481040718939648,0.07403405107745792,-0.07793786109901824,36,14,inf
random_addition,42,147,37,0.005148761260437096,0.07175486924548811,-0.01258957650268111,37,14,inf
random_addition,42,147,38,0.005078152269398141,0.07126115540319383,0.0012968565084597872,38,14,inf
random_addition,42,147,39,0.004326064340105971,0.06577282372002871,0.14920746243740612,39,14,inf
random_addition,42,147,40,0.004173932855726321,0.06460598157853746,0.1791266502864144,40,14,inf
random_addition,42,147,41,0.0032878571010298376,0.057339838690301854,0.35338819161902546,41,14,inf
random_addition,42,147,42,0.003490006064578115,0.059076273279364155,0.31363223420793573,42,14,inf
random_addition,42,147,43,0.0037274113626129166,0.06105252953492522,0.26694253195979833,43,14,inf
random_addition,42,147,44,0.0038317621121790003,0.06190122868068937,0.2464202206763484,44,14,inf
random_addition,42,147,45,0.003333900939857762,0.05773994232641527,0.34433290455073995,45,14,inf
random_addition,42,147,46,0.0033399736535384833,0.05779250516752569,0.3431386043563547,46,14,inf
random_addition,42,147,47,0.0032051573782638067,0.05661410935680086,0.36965246821231146,47,14,inf
random_addition,42,147,48,0.0032072418930645975,0.05663251621696318,0.36924251369071315,48,14,inf
random_addition,42,147,49,0.0032164281182360116,0.056713562030928824,0.3674358896533052,49,14,inf
random_addition,42,147,50,0.0032634036498215926,0.05712620808194425,0.3581973697009947,50,14,inf
random_addition,42,147,51,0.003191542808938768,0.056493741325378405,0.37232999981453163,51,14,inf
random_addition,42,147,52,0.0031599542272544153,0.05621347015844526,0.37854242003215954,52,14,inf
random_addition,42,147,53,0.003097936619588588,0.05565911084080115,0.3907392145436065,53,14,inf
random_addition,42,147,54,0.003509307186262133,0.05923940568795515,0.3098363474609189,54,14,inf
random_addition,42,147,55,0.003153041783549678,0.056151952624549736,0.37990186710875296,55,14,inf
random_addition,42,147,56,0.003220789443024002,0.05675199946278547,0.3665781625619374,56,14,inf
random_addition,42,147,57,0.0031584856586352275,0.05620040621414784,0.3788312384878909,57,14,inf
random_addition,42,147,58,0.0031079742754530175,0.05574920874284242,0.3887651424927343,58,14,inf
random_addition,42,147,59,0.003295691634069955,0.05740811470576224,0.3518474003311973,59,14,inf
random_addition,42,147,60,0.003986743675574797,0.06314066578342992,0.21594051736391517,60,14,inf
random_addition,42,147,61,0.003706660690147156,0.06088235122058901,0.2710234969883587,61,14,inf
random_addition,42,147,62,0.003297447779848778,0.0574234079435275,0.35150202504178174,62,14,inf
random_addition,42,147,63,0.0032466302135918945,0.05697920860798169,0.36149614504310146,63,14,inf
random_addition,42,147,64,0.0033252602112324864,0.05766506924675012,0.34603224761536666,64,14,inf
random_addition,42,147,65,0.0032847024499707547,0.05731232371812152,0.35400860624272845,65,14,inf
random_addition,42,147,66,0.003089052381057695,0.05557924415694851,0.39248644788314224,66,14,inf
random_addition,42,147,67,0.002903269897254775,0.0538819997518167,0.42902366471646747,67,14,inf
random_addition,42,147,68,0.002910176701999887,0.05394605362767407,0.4276653266351158,68,14,inf
random_addition,42,147,69,0.002863264857764519,0.05350948381141907,0.43689132141025877,69,14,inf
random_addition,42,147,70,0.003006781480812115,0.054834126972279906,0.4086663893922372,70,14,inf
random_addition,42,147,71,0.002967145797308316,0.05447151363151492,0.41646140608526183,71,14,inf
random_addition,42,147,72,0.0029937127826411255,0.05471483146863495,0.411236566348797,72,14,inf
random_addition,42,147,73,0.002714164996690167,0.05209764866757584,0.46621429009050974,73,14,inf
random_addition,42,147,74,0.0025935655765537994,0.050927061338288504,0.48993217281711854,74,14,inf
random_addition,42,147,75,0.002263059106414965,0.04757162080920688,0.5549317697494625,75,14,inf
random_addition,42,147,76,0.002590052746612959,0.050892560817991456,0.49062302927796353,76,14,inf
random_addition,42,147,77,0.0026271872023894286,0.05125609429511215,0.48331992063758333,77,14,inf
random_addition,42,147,78,0.0025606122979635625,0.05060249300146745,0.49641298338964646,78,14,inf
random_addition,42,147,79,0.002585139154031205,0.05084426372788975,0.49158936902063055,79,14,inf
random_addition,42,147,80,0.002673547670543448,0.05170636005892745,0.47420236314365527,80,14,inf
random_addition,42,147,81,0.0025795766356662853,0.050789532737231254,0.4926833308165878,81,14,inf
random_addition,42,147,82,0.002664609836694804,0.05161985893718428,0.4759601368942451,82,14,inf
random_addition,42,147,83,0.002540609248762088,0.0504044566359175,0.5003469158629428,83,14,inf
random_addition,42,147,84,0.002432126979357475,0.049316599430186535,0.521681759270528,84,14,inf
random_addition,42,147,85,0.0024304157223106397,0.04929924667082287,0.5220183064438562,85,14,inf
random_addition,42,147,86,0.002939757667856471,0.05421953216191072,0.42184773747645365,86,14,inf
random_addition,42,147,87,0.00294095230778002,0.05423054773630836,0.4216127916568533,87,14,inf
random_addition,42,147,88,0.00258801168955748,0.05087250425875927,0.49102443711081567,88,14,inf
random_addition,42,147,89,0.0028267312361474864,0.05316701266901768,0.44407626601539274,89,14,inf
random_addition,42,147,90,0.002756133117246749,0.05249888681911978,0.4579605608396423,90,14,inf
random_addition,42,147,91,0.0027968558776385335,0.05288530871270899,0.44995175238779406,91,14,inf
random_addition,42,147,92,0.002879063821501639,0.05365690842288287,0.43378419229889775,92,14,inf
random_addition,42,147,93,0.002776230720802794,0.05268994895426256,0.454008032679149,93,14,inf
random_addition,42,147,94,0.0028512405414284456,0.05339700873109322,0.4392561033006207,94,14,inf
random_addition,42,147,95,0.002887105233407965,0.05373178978414887,0.4322027148395955,95,14,inf
random_addition,42,147,96,0.002839492255917137,0.05328688634098578,0.4415665991361799,96,14,inf
random_addition,42,147,97,0.002838443369384368,0.05327704354958492,0.4417728801261681,97,14,inf
random_addition,42,147,98,0.002896339774587416,0.05381765300147728,0.4303865886552357,98,14,inf
random_addition,42,147,99,0.002946745010109021,0.0542839295750503,0.42047356035413197,99,14,inf
random_addition,42,147,100,0.0029408025868785624,0.05422916730762664,0.4216422367634589,100,14,inf
random_addition,42,147,101,0.0028529671481913174,0.05341317391984226,0.43891653735021685,101,14,inf
random_addition,42,147,102,0.002809298272489832,0.0530028138167195,0.44750474840064747,102,14,inf
random_addition,42,147,103,0.0028102732400679493,0.053012010337922,0.4473130048030922,103,14,inf
random_addition,42,147,104,0.0027853681341395986,0.05277658698835686,0.45221100830123884,104,14,inf
random_addition,42,147,105,0.0028026723531817004,0.052940271563165414,0.4488078456869241,105,14,inf
random_addition,42,147,106,0.0027886905157502024,0.052808053512226734,0.45155760667356737,106,14,inf
random_addition,42,147,107,0.0027253566194033654,0.05220494822718787,0.46401327125698677,107,14,inf
random_addition,42,147,108,0.002492390212362639,0.04992384412645563,0.5098299917286395,108,14,inf
random_addition,42,147,109,0.002205816457375324,0.04696612031427893,0.5661894891924535,109,14,inf
random_addition,42,147,110,0.002148407878987104,0.04635092101552141,0.5774798414028828,110,14,inf
random_addition,42,147,111,0.0021596163200496084,0.04647167223212016,0.575275514961114,111,14,inf
random_addition,42,147,112,0.002234963439691639,0.047275399942164835,0.5604572501184082,112,14,inf
random_addition,42,147,113,0.0024620592707079994,0.04961914218029166,0.5157950761074774,113,14,inf
random_addition,42,147,114,0.002472679670737176,0.04972604620052932,0.5137063977198295,114,14,inf
random_addition,42,147,115,0.0024805213305653107,0.049804832401738997,0.512164204830549,115,14,inf
random_addition,42,147,116,0.0025570764166484164,0.0505675431146147,0.4971083732868201,116,14,inf
random_addition,42,147,117,0.0024961575522187964,0.04996156074642581,0.5090890816579394,117,14,inf
random_addition,42,147,118,0.0023603697509489065,0.04858363665833288,0.535794012266906,118,14,inf
random_addition,42,147,119,0.0025309945615183934,0.050308990861658055,0.5022378040964111,119,14,inf
random_addition,42,147,120,0.0024047073733472176,0.04903781574812664,0.5270742810506969,120,14,inf
random_addition,42,147,121,0.0024009905625707916,0.04899990369960733,0.5278052537370712,121,14,inf
random_addition,42,147,122,0.0026246071145686503,0.051230919517110465,0.4838273378398251,122,14,inf
random_addition,42,147,123,0.003118597147098212,0.055844401215325176,0.38667597802066933,123,14,inf
random_addition,42,147,124,0.0027949818669777953,0.05286758805712433,0.45032030776749277,124,14,inf
random_addition,42,147,125,0.002800421065180675,0.05291900476370162,0.44925059893343033,125,14,inf
random_addition,42,147,126,0.00283565667949628,0.053250884307176345,0.44232092906277465,126,14,inf
random_addition,42,147,127,0.0025254975601655344,0.05025432877042071,0.503318880881753,127,14,inf
random_addition,42,147,128,0.0025315938319343716,0.0503149464069512,0.5021199475973366,128,14,inf
random_addition,42,147,129,0.0025442985611069105,0.05044104044433372,0.49962135120071305,129,14,inf
random_addition,42,147,130,0.002544551753470836,0.050443550167200125,0.4995715567092631,130,14,inf
random_addition,42,147,131,0.002541779194672431,0.05041606088016428,0.5001168265319441,131,14,inf
random_addition,42,147,132,0.002581079448887984,0.05080432510021154,0.49238777758994745,132,14,inf
random_addition,42,147,133,0.0025945403071574867,0.05093663030823188,0.48974047582452807,133,14,inf
random_addition,42,147,134,0.002632855532312384,0.05131135870655136,0.48220514923804947,134,14,inf
random_addition,42,147,135,0.0026521283817453967,0.0514988192267104,0.4784148226996391,135,14,inf
random_addition,42,147,136,0.002633238868954172,0.051315093968092584,0.48212975970877603,136,14,inf
random_addition,42,147,137,0.0028830624091569787,0.05369415619187044,0.43299780350055883,137,14,inf
random_addition,42,147,138,0.0028732046404043718,0.053602282044744806,0.4349364977575958,138,14,inf
random_addition,42,147,139,0.0027881805044678467,0.0528032243756747,0.4516579088787561,139,14,inf
random_addition,42,147,140,0.0027577167894442174,0.05251396756525084,0.4576491053499353,140,14,inf
random_addition,42,147,141,0.0027779209221074712,0.05270598563832642,0.4536756264678806,141,14,inf
random_addition,42,147,142,0.0027791954712378156,0.052718075374939624,0.4534249651730865,142,14,inf
random_addition,42,147,143,0.002744559855406055,0.052388546986970874,0.46023663535800674,143,14,inf
random_addition,42,147,144,0.0026978070512434704,0.05194041828136803,0.4694313522564332,144,14,inf
random_addition,42,147,145,0.002638893480577143,0.051370161383600337,0.48101768624120467,145,14,inf
random_addition,42,147,146,0.0026037413794501064,0.05102686919114386,0.4879309318536811,146,14,inf
random_addition,42,147,147,0.0026469741549698745,0.05144875270567669,0.4794284871606287,147,14,inf
random_addition,42,147,148,0.002735715141768096,0.05230406429492928,0.46197609546965857,148,14,inf
random_addition,42,147,149,0.0027247654751748826,0.052199286155797976,0.4641295296060718,149,14,inf
random_addition,42,147,150,0.0026800483819562917,0.05176918370958047,0.47292389007342817,150,14,inf
random_addition,42,148,10,0.00962854819961681,0.0981251659851682,-0.8936142210947935,10,10,inf
random_addition,42,148,11,0.017332786822427938,0.13165404218035973,-2.408780943679566,11,11,inf
random_addition,42,148,12,0.017138230671684622,0.13091306532078692,-2.370518239249872,12,12,inf
random_addition,42,148,13,0.010259743697306948,0.10129039291713182,-1.0177493187167403,13,13,inf
random_addition,42,148,14,0.01030847399983258,0.10153065546834897,-1.0273329435735445,14,14,inf
random_addition,42,148,15,0.012652561427775225,0.11248360515104068,-1.488336741551973,15,14,inf
random_addition,42,148,16,0.012015004342208372,0.10961297524567232,-1.3629505318181745,16,14,inf
random_addition,42,148,17,0.01705233738132119,0.13058459856093746,-2.3536258944480575,17,14,inf
random_addition,42,148,18,0.011092009382770456,0.1053186089101563,-1.181428214542969,18,14,inf
random_addition,42,148,19,0.01183826134995953,0.1088037745207377,-1.328191081414782,19,14,inf
random_addition,42,148,20,0.01360054606855254,0.11662137912300874,-1.6747736954872305,20,14,inf
random_addition,42,148,21,0.013407444676023575,0.11579052066565541,-1.6367970934673526,21,14,inf
random_addition,42,148,22,0.012619530652557429,0.11233668435803787,-1.4818406899781031,22,14,inf
random_addition,42,148,23,0.012088822047179454,0.1099491793838383,-1.377468011816601,23,14,inf
random_addition,42,148,24,0.014033472070677963,0.11846295653358464,-1.7599157976308373,24,14,inf
random_addition,42,148,25,0.011970446025307245,0.10940953352111162,-1.3541873973556622,25,14,inf
random_addition,42,148,26,0.010764536184888233,0.10375228279362451,-1.1170251610730966,26,14,inf
random_addition,42,148,27,0.012836927939331328,0.11330016742852293,-1.5245954838813898,27,14,inf
random_addition,42,148,28,0.0044615463490079495,0.06679480779976801,0.12256267098592988,28,14,inf
random_addition,42,148,29,0.004347793053890286,0.06593779685347613,0.14493414930908688,29,14,inf
random_addition,42,148,30,0.004155984251382299,0.0644669237003155,0.18265654199282932,30,14,inf
random_addition,42,148,31,0.004745100223936661,0.0688846878771811,0.06679708318600464,31,14,inf
random_addition,42,148,32,0.005882836386158339,0.07669965049567265,-0.1569576648789759,32,14,inf
random_addition,42,148,33,0.012930909271779792,0.11371415598675387,-1.5430784767430685,33,14,inf
random_addition,42,148,34,0.013202987511115174,0.11490425366850078,-1.59658718985066,34,14,inf
random_addition,42,148,35,0.01263797703928192,0.11241875750639624,-1.4854684788726638,35,14,inf
random_addition,42,148,36,0.012511691576554481,0.11185567297439357,-1.4606323412555997,36,14,inf
random_addition,42,148,37,0.012174353377267189,0.11033745228736791,-1.3942891711072334,37,14,inf
random_addition,42,148,38,0.011548953731331276,0.10746605850840198,-1.2712939241748842,38,14,inf
random_addition,42,148,39,0.01130487132617778,0.1063243684494659,-1.2232910577057656,39,14,inf
random_addition,42,148,40,0.011281496101280564,0.10621438744953794,-1.2186939307693891,40,14,inf
random_addition,42,148,41,0.010688569671663394,0.10338553898714943,-1.1020850821757122,41,14,inf
random_addition,42,148,42,0.01104786932155795,0.10510884511570827,-1.1727473370213382,42,14,inf
random_addition,42,148,43,0.00963295865504891,0.09814763703242636,-0.8944816105448521,43,14,inf
random_addition,42,148,44,0.0095088728976252,0.09751344982937071,-0.8700780815785425,44,14,inf
random_addition,42,148,45,0.0093764847977511,0.09683225081423597,-0.8440417588195945,45,14,inf
random_addition,42,148,46,0.008080054399677966,0.08988912281070478,-0.5890771486254458,46,14,inf
random_addition,42,148,47,0.007674959774186382,0.08760684775853074,-0.5094085498069385,47,14,inf
random_addition,42,148,48,0.0075995914614795405,0.08717563571021172,-0.494586116995388,48,14,inf
random_addition,42,148,49,0.007137215549297714,0.08448204276233923,-0.403652199996974,49,14,inf
random_addition,42,148,50,0.006379307915790647,0.07987056977254292,-0.2545970523951373,50,14,inf
random_addition,42,148,51,0.0073950842939281254,0.08599467596269042,-0.45436637952690995,51,14,inf
random_addition,42,148,52,0.007218491995454562,0.08496170899560909,-0.4196365655619487,52,14,inf
random_addition,42,148,53,0.007085826610034919,0.08417735212059665,-0.3935457099864783,53,14,inf
random_addition,42,148,54,0.007311576549518759,0.08550775724762497,-0.43794319203209975,54,14,inf
random_addition,42,148,55,0.006984220553505674,0.08357164922092704,-0.373563188260015,55,14,inf
random_addition,42,148,56,0.006851355856602195,0.08277291741023869,-0.34743313476473436,56,14,inf
random_addition,42,148,57,0.005974555011109916,0.0772952457212597,-0.17499565866026878,57,14,inf
random_addition,42,148,58,0.006311639859177019,0.07944582971545466,-0.24128900307545775,58,14,inf
random_addition,42,148,59,0.006197877385426605,0.07872659897027563,-0.21891571962143908,59,14,inf
random_addition,42,148,60,0.006224200875514328,0.07889360478210086,-0.22409267196623217,60,14,inf
random_addition,42,148,61,0.006007625668134856,0.0775088747701504,-0.18149955365514114,61,14,inf
random_addition,42,148,62,0.005880186077171181,0.07668237135855399,-0.15643643751589553,62,14,inf
random_addition,42,148,63,0.0060663673702161655,0.07788688830744342,-0.1930520868228005,63,14,inf
random_addition,42,148,64,0.006034876263920411,0.0776844660400032,-0.18685883676231674,64,14,inf
random_addition,42,148,65,0.006061747796134933,0.07785722700003471,-0.19214357071068622,65,14,inf
random_addition,42,148,66,0.006068848998042716,0.07790281765149908,-0.1935401402288175,66,14,inf
random_addition,42,148,67,0.006233736850662127,0.07895401731807018,-0.2259680801562849,67,14,inf
random_addition,42,148,68,0.0069501264945497744,0.08336741866310708,-0.36685802424616054,68,14,inf
random_addition,42,148,69,0.0068470112418708585,0.08274666906813143,-0.3465786939840605,69,14,inf
random_addition,42,148,70,0.006785779770955741,0.08237584458417249,-0.33453650634584164,70,14,inf
random_addition,42,148,71,0.006903269501759447,0.08308591638634942,-0.3576428169204049,71,14,inf
random_addition,42,148,72,0.006609513456550635,0.08129891423967872,-0.29987080257226983,72,14,inf
random_addition,42,148,73,0.006855801045099077,0.0827997647647569,-0.3483073550499356,73,14,inf
random_addition,42,148,74,0.00675804164004096,0.08220730892105008,-0.32908134134299005,74,14,inf
random_addition,42,148,75,0.006628383410505626,0.08141488445306316,-0.3035818930108052,75,14,inf
random_addition,42,148,76,0.006699163582275587,0.08184841832482523,-0.317501991561121,76,14,inf
random_addition,42,148,77,0.006481613245625089,0.08050846691885946,-0.27471709785287324,77,14,inf
random_addition,42,148,78,0.006492731662947278,0.08057748856192577,-0.2769037196281272,78,14,inf
random_addition,42,148,79,0.006401185861051982,0.08000741128827993,-0.25889971437660253,79,14,inf
random_addition,42,148,80,0.006447917313798653,0.08029892473625443,-0.26809023216380523,80,14,inf
random_addition,42,148,81,0.005380691736796622,0.07335319854509838,-0.05820256396814005,81,14,inf
random_addition,42,148,82,0.005329390397841487,0.07300267390884725,-0.04811330201580177,82,14,inf
random_addition,42,148,83,0.005363021506433099,0.07323265328003008,-0.05472741913709278,83,14,inf
random_addition,42,148,84,0.005429723213189567,0.07368665559780527,-0.06784541967744095,84,14,inf
random_addition,42,148,85,0.005701699018718502,0.07550959554068941,-0.121333987472511,85,14,inf
random_addition,42,148,86,0.004149011053450897,0.06441281746244995,0.184027937399038,86,14,inf
random_addition,42,148,87,0.004246663971781604,0.06516643286065,0.16482286607896135,87,14,inf
random_addition,42,148,88,0.004242696245702131,0.0651359827261563,0.16560318543487396,88,14,inf
random_addition,42,148,89,0.004249808149706919,0.0651905526108417,0.16420451117128532,89,14,inf
random_addition,42,148,90,0.004478479042646905,0.06692143933484175,0.11923257502427254,90,14,inf
random_addition,42,148,91,0.004812994005419717,0.06937574508010502,0.05344464131472304,91,14,inf
random_addition,42,148,92,0.004813116953716464,0.06937663117877997,0.05342046148632584,92,14,inf
random_addition,42,148,93,0.004922520608811402,0.0701606770834732,0.03190441225101459,93,14,inf
random_addition,42,148,94,0.004975045397014234,0.07053400170849683,0.021574538646099373,94,14,inf
random_addition,42,148,95,0.004762977072724149,0.06901432512691948,0.06328130340378424,95,14,inf
random_addition,42,148,96,0.004803326796869502,0.0693060372324771,0.055345858737065545,96,14,inf
random_addition,42,148,97,0.004805897591651529,0.06932458143870418,0.05484026916552909,97,14,inf
random_addition,42,148,98,0.00505014689644199,0.07106438557000258,0.006804579105615272,98,14,inf
random_addition,42,148,99,0.004670275146953797,0.06833941137406582,0.08151267965307152,99,14,inf
random_addition,42,148,100,0.004690090046637181,0.06848423210226702,0.07761574991328835,100,14,inf
random_addition,42,148,101,0.004680080232082267,0.06841111190502802,0.0795843465073689,101,14,inf
random_addition,42,148,102,0.004565848202932656,0.06757106039520658,0.10204997584397313,102,14,inf
random_addition,42,148,103,0.004365342175332233,0.06607073614946508,0.1414828225627024,103,14,inf
random_addition,42,148,104,0.0043802662316176615,0.06618357977336721,0.1385477585600492,104,14,inf
random_addition,42,148,105,0.0042316566444541865,0.06505118480438452,0.1677743067176397,105,14,inf
random_addition,42,148,106,0.004139578762946789,0.06433955830549964,0.18588295427861146,106,14,inf
random_addition,42,148,107,0.004127510007776893,0.06424570030575504,0.1882564758051003,107,14,inf
random_addition,42,148,108,0.0040903384094996935,0.06395575352929316,0.19556688913629483,108,14,inf
random_addition,42,148,109,0.004038334951799194,0.06354789494388617,0.20579423442306255,109,14,inf
random_addition,42,148,110,0.0037322398435663184,0.06109206039712786,0.2659929308350918,110,14,inf
random_addition,42,148,111,0.0038669908478256377,0.062185133656088874,0.2394919036104053,111,14,inf
random_addition,42,148,112,0.0036859415234198134,0.06071195535823083,0.2750982658892084,112,14,inf
random_addition,42,148,113,0.0036839459044900346,0.06069551799342382,0.2754907375585578,113,14,inf
random_addition,42,148,114,0.0036615396236794164,0.06051065710830958,0.27989730551721625,114,14,inf
random_addition,42,148,115,0.0036473425619651238,0.06039323274974708,0.28268939394037174,115,14,inf
random_addition,42,148,116,0.0036088396580195746,0.060073618652613014,0.2902616306839797,116,14,inf
random_addition,42,148,117,0.0036355676495831274,0.06029566858061305,0.28500512639311903,117,14,inf
random_addition,42,148,118,0.0036587720753224378,0.060487784513258855,0.2804415899532178,118,14,inf
random_addition,42,148,119,0.0037282430163486494,0.061059340123757064,0.2667789734140694,119,14,inf
random_addition,42,148,120,0.0037243985553758623,0.06102785065341776,0.26753505063563887,120,14,inf
random_addition,42,148,121,0.003765496740927217,0.06136364347826176,0.2594524085791412,121,14,inf
random_addition,42,148,122,0.003783856805949367,0.06151306207586619,0.2558415962837266,122,14,inf
random_addition,42,148,123,0.0037216318079655183,0.06100517853400249,0.26807917755215704,123,14,inf
random_addition,42,148,124,0.003704178422205779,0.06086196203053085,0.27151167628360773,124,14,inf
random_addition,42,148,125,0.0037509496950040807,0.06124499730593578,0.26231332722065204,125,14,inf
random_addition,42,148,126,0.0037842440451392135,0.06151620961290783,0.25576543925343953,126,14,inf
random_addition,42,148,127,0.003899390799507472,0.06244510228598774,0.23311991398169396,127,14,inf
random_addition,42,148,128,0.0039426466075122265,0.06279049774856245,0.22461293956721173,128,14,inf
random_addition,42,148,129,0.003951101684733972,0.06285778937199409,0.22295010794030146,129,14,inf
random_addition,42,148,130,0.003926920165685257,0.06266514314740897,0.22770580603818757,130,14,inf
random_addition,42,148,131,0.003927038091230777,0.06266608405853023,0.2276826140173971,131,14,inf
random_addition,42,148,132,0.003957076768214908,0.06290530000099283,0.22177500834925634,132,14,inf
random_addition,42,148,133,0.0038769614091837905,0.06226525041452729,0.2375310268106352,133,14,inf
random_addition,42,148,134,0.003692990625145667,0.06076998128307814,0.27371194273879285,134,14,inf
random_addition,42,148,135,0.003570251658691978,0.05975158289695745,0.29785060285044207,135,14,inf
random_addition,42,148,136,0.0029530064666702877,0.054341572177020125,0.41924214073163335,136,14,inf
random_addition,42,148,137,0.0029547598192855616,0.05435770248350791,0.41889731476430747,137,14,inf
random_addition,42,148,138,0.002955664454337581,0.05436602297701737,0.41871940322833234,138,14,inf
random_addition,42,148,139,0.0029925455139715286,0.05470416358899502,0.411466129155854,139,14,inf
random_addition,42,148,140,0.003118268232519808,0.05584145621775822,0.3867406645456031,140,14,inf
random_addition,42,148,141,0.0031967045140125897,0.05653940673559097,0.3713148646217437,141,14,inf
random_addition,42,148,142,0.0031644607447219803,0.056253539841702234,0.3776561383843684,142,14,inf
random_addition,42,148,143,0.002832433855134385,0.053220614945097965,0.44295475110086946,143,14,inf
random_addition,42,148,144,0.00282634173928046,0.053163349586726194,0.44415286705546453,144,14,inf
random_addition,42,148,145,0.0027784456843831956,0.05271096360704475,0.4535724232343916,145,14,inf
random_addition,42,148,146,0.0027760081210773543,0.052687836557191774,0.45405181061918376,146,14,inf
random_addition,42,148,147,0.00268874216678103,0.05185308251956705,0.4712141126243298,147,14,inf
random_addition,42,148,148,0.00255997148743805,0.05059616079741673,0.4965390094424823,148,14,inf
random_addition,42,148,149,0.0026490329483506605,0.05146875701190636,0.47902359118427495,149,14,inf
random_addition,42,148,150,0.0026800483819562917,0.05176918370958047,0.47292389007342817,150,14,inf
random_addition,42,149,10,0.00962854819961681,0.0981251659851682,-0.8936142210947935,10,10,inf
random_addition,42,149,11,0.011824089037425389,0.10873862716360451,-1.3254038603297258,11,11,inf
random_addition,42,149,12,0.011507295272960696,0.10727206194047309,-1.263101095145628,12,12,inf
random_addition,42,149,13,0.017544161973655527,0.13245437695167164,-2.4503513844202125,13,13,inf
random_addition,42,149,14,0.025759444048870622,0.1604974892291796,-4.066023305608867,14,14,inf
random_addition,42,149,15,0.017997168918970772,0.13415352741903872,-2.539442738186069,15,14,inf
random_addition,42,149,16,0.02385496686783488,0.154450532106027,-3.6914761777351828,16,14,inf
random_addition,42,149,17,0.02255560885959758,0.1501852484753332,-3.4359358042872445,17,14,inf
random_addition,42,149,18,0.020877138045523713,0.14448923159019053,-3.1058365891896536,18,14,inf
random_addition,42,149,19,0.02018266858423245,0.14206571924370937,-2.9692576137560045,19,14,inf
random_addition,42,149,20,0.01528925696357096,0.12364973499191562,-2.0068867928960237,20,14,inf
random_addition,42,149,21,0.015331218511741934,0.12381929781638214,-2.0151392295778976,21,14,inf
random_addition,42,149,22,0.011850240342390435,0.10885880920894934,-1.3305469496050093,22,14,inf
random_addition,42,149,23,0.0119008097942561,0.10909083276910164,-1.3404922737827087,23,14,inf
random_addition,42,149,24,0.014962484203935639,0.12232123365931051,-1.9426214922625946,24,14,inf
random_addition,42,149,25,0.01476070857883927,0.12149365653744755,-1.9029389580703704,25,14,inf
random_addition,42,149,26,0.01496837877056863,0.12234532590405173,-1.9437807568757028,26,14,inf
random_addition,42,149,27,0.013615862570724052,0.11668702828816943,-1.6777859405036244,27,14,inf
random_addition,42,149,28,0.013553749720612893,0.11642057258325478,-1.6655704149804822,28,14,inf
random_addition,42,149,29,0.01315832904492221,0.11470976002469105,-1.5878043593634383,29,14,inf
random_addition,42,149,30,0.007955678852887562,0.08919461224136557,-0.564616627758123,30,14,inf
random_addition,42,149,31,0.010046025150769976,0.10022986157213816,-0.9757180102947471,31,14,inf
random_addition,42,149,32,0.010435497515365506,0.10215428290270313,-1.0523142315558984,32,14,inf
random_addition,42,149,33,0.008718875812110897,0.09337492068061368,-0.7147120092756736,33,14,inf
random_addition,42,149,34,0.008775554121818546,0.09367792761274422,-0.7258587419985043,34,14,inf
random_addition,42,149,35,0.009238481257020575,0.0961170185608177,-0.8169010661761118,35,14,inf
random_addition,42,149,36,0.009166373450404186,0.09574117949139851,-0.8027198661415957,36,14,inf
random_addition,42,149,37,0.007930404212342085,0.0890528169815087,-0.5596459491285164,37,14,inf
random_addition,42,149,38,0.006803424536541735,0.08248287420150764,-0.3380066431046578,38,14,inf
random_addition,42,149,39,0.006987563017360805,0.08359164442311687,-0.37422053939523847,39,14,inf
random_addition,42,149,40,0.006543031015119605,0.08088900429056847,-0.28679592420671196,40,14,inf
random_addition,42,149,41,0.006447114184425071,0.08029392370799344,-0.2679322834085345,41,14,inf
random_addition,42,149,42,0.006793026432465939,0.08241981820209227,-0.33596168291521455,42,14,inf
random_addition,42,149,43,0.0065641544283656875,0.08101946944016412,-0.2909501949120752,43,14,inf
random_addition,42,149,44,0.00590539357123204,0.07684655861671387,-0.1613939106719946,44,14,inf
random_addition,42,149,45,0.006526903049929758,0.08078925083159119,-0.283624091485136,45,14,inf
random_addition,42,149,46,0.006457252829551649,0.08035703347904058,-0.2699262166782548,46,14,inf
random_addition,42,149,47,0.0064417752920436595,0.08026067089206057,-0.2668823013833379,47,14,inf
random_addition,42,149,48,0.007069128917161436,0.08407811199807852,-0.3902618308357295,48,14,inf
random_addition,42,149,49,0.005172725205545577,0.07192166019736736,-0.01730248506482135,49,14,inf
random_addition,42,149,50,0.00523539528432025,0.07235603143014582,-0.029627598876847072,50,14,inf
random_addition,42,149,51,0.005178805395112026,0.07196391731355392,-0.018498255516532724,51,14,inf
random_addition,42,149,52,0.004741251347477609,0.06885674511242605,0.06755402878642114,52,14,inf
random_addition,42,149,53,0.0037695666568924946,0.06139679679667739,0.25865199188176025,53,14,inf
random_addition,42,149,54,0.0037687404128537395,0.06139006770523828,0.25881448652056194,54,14,inf
random_addition,42,149,55,0.0038911157434025844,0.06237880844808263,0.23474734146044884,55,14,inf
random_addition,42,149,56,0.0037573434684714966,0.06129717341339237,0.2610558852768251,56,14,inf
random_addition,42,149,57,0.003598789907898861,0.05998991505160564,0.2922380812715969,57,14,inf
random_addition,42,149,58,0.003439872586404986,0.05865042699252057,0.32349181690445905,58,14,inf
random_addition,42,149,59,0.0033581354190637723,0.05794942121422588,0.3395667909566725,59,14,inf
random_addition,42,149,60,0.0034226890370977286,0.0585037523334848,0.3268712478074898,60,14,inf
random_addition,42,149,61,0.003564356493476164,0.05970223189694137,0.2990099851848228,61,14,inf
random_addition,42,149,62,0.0035537772633848783,0.05961356610189394,0.3010905668191225,62,14,inf
random_addition,42,149,63,0.0036152198620938818,0.06012669841338274,0.2890068573871004,63,14,inf
random_addition,42,149,64,0.0035634364153729822,0.059694525840926,0.29919093385377915,64,14,inf
random_addition,42,149,65,0.0028338790934602535,0.05323419101912091,0.44267052093553205,65,14,inf
random_addition,42,149,66,0.0027915205968787517,0.052834842640806186,0.4510010241275002,66,14,inf
random_addition,42,149,67,0.002801890401246145,0.052932885820122684,0.44896162954661756,67,14,inf
random_addition,42,149,68,0.0026913546007463116,0.05187826713322556,0.47070033401453626,68,14,inf
random_addition,42,149,69,0.00294628689722747,0.054279709811562826,0.4205636558752206,69,14,inf
random_addition,42,149,70,0.0033302570734691844,0.05770837957757248,0.34504953150945994,70,14,inf
random_addition,42,149,71,0.0034545218644814095,0.0587751806843791,0.32061079260887604,71,14,inf
random_addition,42,149,72,0.0034475749601596455,0.058716053683465864,0.3219770169392274,72,14,inf
random_addition,42,149,73,0.003348310170447979,0.057864584768647385,0.3414990895876747,73,14,inf
random_addition,42,149,74,0.0030437868243718387,0.05517052496008932,0.40138867281768853,74,14,inf
random_addition,42,149,75,0.003127071942115019,0.055920228380390395,0.38500926856125894,75,14,inf
random_addition,42,149,76,0.0031339580137740262,0.05598176501124296,0.3836550079862854,76,14,inf
random_addition,42,149,77,0.0029430250953028183,0.05424965525515179,0.42120514349961247,77,14,inf
random_addition,42,149,78,0.002920936850097611,0.054045692243671103,0.4255491644644006,78,14,inf
random_addition,42,149,79,0.0029871024075899606,0.05465439056096007,0.41253660659828695,79,14,inf
random_addition,42,149,80,0.003011596102344259,0.05487801110047866,0.4077195139533397,80,14,inf
random_addition,42,149,81,0.003141639847364504,0.05605033316015619,0.38214424758612553,81,14,inf
random_addition,42,149,82,0.002878407177118601,0.05365078915653153,0.4339133323432891,82,14,inf
random_addition,42,149,83,0.002829986928811667,0.05319762145821622,0.4434359798787296,83,14,inf
random_addition,42,149,84,0.002918834518682129,0.054026239168408985,0.42596262291974385,84,14,inf
random_addition,42,149,85,0.0030599855875856146,0.05531713647311848,0.3982029164866382,85,14,inf
random_addition,42,149,86,0.003049905475926361,0.05522594929855313,0.40018533817602064,86,14,inf
random_addition,42,149,87,0.0031110082596080843,0.05577641311170954,0.38816845902358577,87,14,inf
random_addition,42,149,88,0.0031024754663448607,0.05569986953615655,0.38984657480323626,88,14,inf
random_addition,42,149,89,0.003475349391826825,0.058952094041067146,0.3165147127893776,89,14,inf
random_addition,42,149,90,0.0033439565157799833,0.057826953194682354,0.34235530822231586,90,14,inf
random_addition,42,149,91,0.0034522823389409227,0.05875612596947592,0.3210512325717917,91,14,inf
random_addition,42,149,92,0.0033402992288196084,0.057795321859295916,0.3430745745597962,92,14,inf
random_addition,42,149,93,0.0032972308286253,0.05742151886379617,0.35154469210991546,93,14,inf
random_addition,42,149,94,0.0033027915581596594,0.0574699187241435,0.35045108211725384,94,14,inf
random_addition,42,149,95,0.003286388222970878,0.05732702872965664,0.3536770709312369,95,14,inf
random_addition,42,149,96,0.003220771339708659,0.0567518399676051,0.36658172288013613,96,14,inf
random_addition,42,149,97,0.003273212179645118,0.05721199331997722,0.35626835909869026,97,14,inf
random_addition,42,149,98,0.0034418999660772317,0.058667708034976375,0.3230930989566093,98,14,inf
random_addition,42,149,99,0.0038225611522541758,0.061826864324937066,0.24822974254819874,99,14,inf
random_addition,42,149,100,0.003782770180721192,0.061504228966154775,0.2560552992161328,100,14,inf
random_addition,42,149,101,0.0038521635034718033,0.062065799789189885,0.242407947602438,101,14,inf
random_addition,42,149,102,0.0038130451816548935,0.061749859770325745,0.25010121651091277,102,14,inf
random_addition,42,149,103,0.003811320394879614,0.061735892274102706,0.25044042453047244,103,14,inf
random_addition,42,149,104,0.0038594419394233554,0.062124406954299015,0.24097652206045073,104,14,inf
random_addition,42,149,105,0.0037430854776216924,0.061180760681947166,0.26385995642833093,105,14,inf
random_addition,42,149,106,0.0037267930494951883,0.061047465545222994,0.2670641335230399,106,14,inf
random_addition,42,149,107,0.0037650283922250234,0.06135982718542339,0.25954451714468174,107,14,inf
random_addition,42,149,108,0.003772758755517422,0.06142278694033202,0.25802421257111197,108,14,inf
random_addition,42,149,109,0.0037662192503416458,0.06136953030895418,0.2593103150803423,109,14,inf
random_addition,42,149,110,0.003756072474729898,0.061286805062182,0.2613058473452614,110,14,inf
random_addition,42,149,111,0.0037595934235744575,0.061315523512194346,0.26061339416690255,111,14,inf
random_addition,42,149,112,0.003861722576614481,0.06214275964756056,0.24052799680734505,112,14,inf
random_addition,42,149,113,0.0037512503363217597,0.061247451672063545,0.26225420110290276,113,14,inf
random_addition,42,149,114,0.003799012780250465,0.06163613210001472,0.25286092174420993,114,14,inf
random_addition,42,149,115,0.0037624894840649825,0.0613391350123637,0.260043835681416,115,14,inf
random_addition,42,149,116,0.003654936697365746,0.060456072460636626,0.281195880848532,116,14,inf
random_addition,42,149,117,0.00346089196513268,0.05882934612192014,0.3193580063182563,117,14,inf
random_addition,42,149,118,0.0033707369869117967,0.05805804842493241,0.3370884829511043,118,14,inf
random_addition,42,149,119,0.0034180199412223757,0.05846383447245293,0.32778950320445355,119,14,inf
random_addition,42,149,120,0.0034224692370465513,0.05850187379090136,0.3269144751449947,120,14,inf
random_addition,42,149,121,0.0034983611505614645,0.059146945403473414,0.3119890675218958,121,14,inf
random_addition,42,149,122,0.003477877948455224,0.05897353600094897,0.31601743005358873,122,14,inf
random_addition,42,149,123,0.0033885768523835165,0.058211483853132594,0.3335799765533266,123,14,inf
random_addition,42,149,124,0.0034063806138160705,0.0583642066151513,0.33007857061561685,124,14,inf
random_addition,42,149,125,0.0033381841121144567,0.05777702062337982,0.3434905474550982,125,14,inf
random_addition,42,149,126,0.0033159422654961508,0.057584218892819505,0.34786477669367744,126,14,inf
random_addition,42,149,127,0.003291885190949207,0.05737495264441799,0.35259600070955177,127,14,inf
random_addition,42,149,128,0.003124365335291374,0.05589602253552013,0.3855415678306723,128,14,inf
random_addition,42,149,129,0.0029962854727403595,0.054738336408228186,0.410730604031594,129,14,inf
random_addition,42,149,130,0.003040121044699364,0.05513729268561673,0.40210960938832074,130,14,inf
random_addition,42,149,131,0.00326174146047431,0.05711165783335579,0.3585242668947265,131,14,inf
random_addition,42,149,132,0.002920238568162159,0.05403923175029563,0.425686493226317,132,14,inf
random_addition,42,149,133,0.0030763697101596744,0.055465031417638935,0.39498070615303515,133,14,inf
random_addition,42,149,134,0.003203789759915659,0.05660202964484276,0.36992143311744485,134,14,inf
random_addition,42,149,135,0.003133942631238263,0.055981627622267854,0.3836580332179065,135,14,inf
random_addition,42,149,136,0.0032764363521840373,0.0572401638029106,0.3556342719191501,136,14,inf
random_addition,42,149,137,0.0032229262035644067,0.056770821762278614,0.3661579330462825,137,14,inf
random_addition,42,149,138,0.003223674511227257,0.056777411980709874,0.36601076589265247,138,14,inf
random_addition,42,149,139,0.0032544250774191085,0.05704756854958069,0.3599631553660807,139,14,inf
random_addition,42,149,140,0.0032153848825136775,0.0567043638753992,0.36764105931739277,140,14,inf
random_addition,42,149,141,0.003237410660376693,0.056898248306751,0.363309323594894,141,14,inf
random_addition,42,149,142,0.0032121690054451924,0.05667600025976773,0.36827351505463657,142,14,inf
random_addition,42,149,143,0.0032164731533750475,0.056713959069836124,0.3674270327438356,143,14,inf
random_addition,42,149,144,0.003267577583128967,0.0571627289685243,0.35737649626245693,144,14,inf
random_addition,42,149,145,0.003375803531998973,0.0581016654838652,0.3360920625531385,145,14,inf
random_addition,42,149,146,0.0033692041772481972,0.0580448462591486,0.33738993547718077,146,14,inf
random_addition,42,149,147,0.002965324920802761,0.05445479704124111,0.4168195117491992,147,14,inf
random_addition,42,149,148,0.0028996268392930966,0.053848183249698374,0.42974013268458555,148,14,inf
random_addition,42,149,149,0.0026989049425095273,0.051950985962823916,0.46921543367021223,149,14,inf
random_addition,42,149,150,0.0026800483819562917,0.05176918370958047,0.47292389007342817,150,14,inf
random_addition,42,150,10,0.00962854819961681,0.0981251659851682,-0.8936142210947935,10,10,inf
random_addition,42,150,11,0.00941873337924519,0.09705015908923173,-0.8523506453806518,11,11,inf
random_addition,42,150,12,0.01047353525914713,0.10234029147480053,-1.0597949868130732,12,12,inf
random_addition,42,150,13,0.005144221081976598,0.07172322554080092,-0.011696674860515621,13,13,inf
random_addition,42,150,14,0.004150330840798474,0.06442306140504714,0.1837683792560676,14,14,inf
random_addition,42,150,15,0.0034842848347022897,0.0590278310181078,0.31475740926344886,15,14,inf
random_addition,42,150,16,0.004775195738304249,0.06910279110357445,0.060878299500641275,16,14,inf
random_addition,42,150,17,0.004686225475139531,0.06845601124181522,0.07837578220420838,17,14,inf
random_addition,42,150,18,0.004176089247047375,0.06462266821361816,0.17870256005109164,18,14,inf
random_addition,42,150,19,0.003542945250311311,0.05952264485312553,0.30322086243315993,19,14,inf
random_addition,42,150,20,0.0047996897645296065,0.06927979333492275,0.05606114166639464,20,14,inf
random_addition,42,150,21,0.005046006262702901,0.07103524662238388,0.007618903629949769,21,14,inf
random_addition,42,150,22,0.006934705728137015,0.08327488053511103,-0.36382527393178354,22,14,inf
random_addition,42,150,23,0.006645173778687452,0.08151793531909068,-0.30688399830304314,23,14,inf
random_addition,42,150,24,0.007248786796578646,0.08513980735577598,-0.42559454230407967,24,14,inf
random_addition,42,150,25,0.007125924915751825,0.08441519363095618,-0.4014317090356767,25,14,inf
random_addition,42,150,26,0.00754319072718992,0.08685154418425685,-0.4834939740973274,26,14,inf
random_addition,42,150,27,0.006878702669368041,0.08293794468979829,-0.3528113405421207,27,14,inf
random_addition,42,150,28,0.006903461627129468,0.08308707256324216,-0.3576806015713576,28,14,inf
random_addition,42,150,29,0.005289555627041261,0.07272933127041153,-0.04027913149315121,29,14,inf
random_addition,42,150,30,0.0035285157789121677,0.059401311255831445,0.30605865808810473,30,14,inf
random_addition,42,150,31,0.005120767221543681,0.07155953620268707,-0.007084082937559799,31,14,inf
random_addition,42,150,32,0.005109631598077135,0.07148168715186523,-0.004894077287710186,32,14,inf
random_addition,42,150,33,0.0022097910745087915,0.0470084149329542,0.5654078145961067,33,14,inf
random_addition,42,150,34,0.0030597872216605146,0.05531534345604766,0.3982419284465891,34,14,inf
random_addition,42,150,35,0.002619335935094766,0.0511794483664563,0.4848640029950234,35,14,inf
random_addition,42,150,36,0.002500196387786334,0.05000196383929669,0.5082947774379474,36,14,inf
random_addition,42,150,37,0.0024529684191021855,0.04952745116702641,0.5175829433462078,37,14,inf
random_addition,42,150,38,0.0021246836288137793,0.04609429063141963,0.5821456099675357,38,14,inf
random_addition,42,150,39,0.0021646640689247597,0.046525950489213645,0.5742827911510091,39,14,inf
random_addition,42,150,40,0.0018458564032893172,0.04296343099997156,0.6369816235113575,40,14,inf
random_addition,42,150,41,0.0019215026068551393,0.04383494732351277,0.6221045388383251,41,14,inf
random_addition,42,150,42,0.0020301338423394247,0.04505700658431965,0.6007403987723983,42,14,inf
random_addition,42,150,43,0.002798488221020415,0.052900739323949106,0.44963072489979083,43,14,inf
random_addition,42,150,44,0.00242001547127565,0.049193652753944286,0.5240636888685499,44,14,inf
random_addition,42,150,45,0.0023354246419102598,0.04832623140604138,0.5406998830423384,45,14,inf
random_addition,42,150,46,0.0025954713908003363,0.050945769115799365,0.4895573627330655,46,14,inf
random_addition,42,150,47,0.0025747722358538594,0.050742213549015175,0.4936281959842147,47,14,inf
random_addition,42,150,48,0.002793005674870743,0.05284889473651027,0.4507089588288936,48,14,inf
random_addition,42,150,49,0.0022308776024496354,0.047232167031056656,0.561260797999785,49,14,inf
random_addition,42,150,50,0.0022360276785160496,0.04728665433836538,0.5602479498448087,50,14,inf
random_addition,42,150,51,0.0021385376019817104,0.04624432507867004,0.5794209956159657,51,14,inf
random_addition,42,150,52,0.002244085577663368,0.04737178039364119,0.5586632298952199,52,14,inf
random_addition,42,150,53,0.002230978937821124,0.04723323975571784,0.5612408687127759,53,14,inf
random_addition,42,150,54,0.0023677208626873675,0.04865923203963835,0.5343482938221087,54,14,inf
random_addition,42,150,55,0.002382934662423486,0.04881531176202285,0.5313562469485884,55,14,inf
random_addition,42,150,56,0.002798418709687805,0.052900082322126916,0.4496443954600071,56,14,inf
random_addition,42,150,57,0.0025346495462756718,0.05034530312030777,0.5015189905254781,57,14,inf
random_addition,42,150,58,0.0025222244622067477,0.05022175287867547,0.503962590059222,58,14,inf
random_addition,42,150,59,0.002587255883696241,0.050865075284484154,0.4911730789099279,59,14,inf
random_addition,42,150,60,0.002942979342516347,0.05424923356616522,0.4212141415463917,60,14,inf
random_addition,42,150,61,0.002837962258584384,0.0532725281790191,0.4418674985705987,61,14,inf
random_addition,42,150,62,0.002890523726604948,0.05376359108732366,0.4315304112691797,62,14,inf
random_addition,42,150,63,0.002667890773302382,0.05165162895110262,0.4753148861160573,63,14,inf
random_addition,42,150,64,0.0023452744783365124,0.04842803401271326,0.5387627488092717,64,14,inf
random_addition,42,150,65,0.0022100478422294317,0.047011145936144035,0.5653573169512653,65,14,inf
random_addition,42,150,66,0.002248746635367947,0.047420951438872955,0.557746555338293,66,14,inf
random_addition,42,150,67,0.002259773371674682,0.04753707365493465,0.5555779641602867,67,14,inf
random_addition,42,150,68,0.0023125818716280165,0.048089311407297324,0.545192293918713,68,14,inf
random_addition,42,150,69,0.002311283253192358,0.04807580735871586,0.5454476888429071,69,14,inf
random_addition,42,150,70,0.0023071521834281687,0.048032824020956426,0.5462601324524343,70,14,inf
random_addition,42,150,71,0.0022483239688629347,0.04741649469185733,0.5578296797396127,71,14,inf
random_addition,42,150,72,0.0022629121638074326,0.04757007634855585,0.5549606684583372,72,14,inf
random_addition,42,150,73,0.002321266829162051,0.048179527074910675,0.5434842525032164,73,14,inf
random_addition,42,150,74,0.0019970014406222973,0.04468782206174628,0.6072564368884119,74,14,inf
random_addition,42,150,75,0.0018794640499786943,0.04335278595406176,0.6303721205635436,75,14,inf
random_addition,42,150,76,0.0018285867585780384,0.04276197795446369,0.640377986508204,76,14,inf
random_addition,42,150,77,0.0018112505674133445,0.04255878954356367,0.6437874369724379,77,14,inf
random_addition,42,150,78,0.0017892086668333917,0.04229903860412659,0.6481223434955019,78,14,inf
random_addition,42,150,79,0.001601624858194831,0.040020305573481456,0.6850138208315388,79,14,inf
random_addition,42,150,80,0.0015559310648224352,0.03944529204889267,0.6940002656362894,80,14,inf
random_addition,42,150,81,0.0015990338139135456,0.03998792085009604,0.6855233928040533,81,14,inf
random_addition,42,150,82,0.0016121861777936696,0.040152038276950144,0.6829367615936068,82,14,inf
random_addition,42,150,83,0.001614390984470469,0.04017948462176275,0.6825031496729522,83,14,inf
random_addition,42,150,84,0.0016665402135139183,0.04082328028850595,0.6722471360259794,84,14,inf
random_addition,42,150,85,0.001680480780171518,0.04099366756185055,0.669505491623763,85,14,inf
random_addition,42,150,86,0.0016749611896270712,0.0409262897124461,0.6705910109495115,86,14,inf
random_addition,42,150,87,0.001612688269063652,0.04015829016608715,0.6828380169906392,87,14,inf
random_addition,42,150,88,0.0016274033408079883,0.04034108750155341,0.6799440532754641,88,14,inf
random_addition,42,150,89,0.0015091932004128047,0.038848335877007714,0.7031920443837021,89,14,inf
random_addition,42,150,90,0.0015430979564716907,0.03928228553014311,0.6965241099345177,90,14,inf
random_addition,42,150,91,0.0015312269882108431,0.0391308955712854,0.6988587333741969,91,14,inf
random_addition,42,150,92,0.0016401756334496955,0.040499081884034054,0.6774321693983825,92,14,inf
random_addition,42,150,93,0.0016677631622497597,0.040838256111760694,0.6720066228073873,93,14,inf
random_addition,42,150,94,0.0018413818769650574,0.042911325742338205,0.6378616135684896,94,14,inf
random_addition,42,150,95,0.0019041875263606344,0.043636997219797725,0.6255098375379877,95,14,inf
random_addition,42,150,96,0.0019110358441598596,0.04371539596251942,0.6241630018877591,96,14,inf
random_addition,42,150,97,0.0019385170736762475,0.04402859381897459,0.6187583608197035,97,14,inf
random_addition,42,150,98,0.0022370969973279638,0.047297959758619224,0.5600376505071365,98,14,inf
random_addition,42,150,99,0.002221413503611284,0.04713187354234164,0.5631220705175735,99,14,inf
random_addition,42,150,100,0.0022316865653705673,0.04724072994112779,0.5611017019803585,100,14,inf
random_addition,42,150,101,0.0020929265312002537,0.045748513978054565,0.5883911716467161,101,14,inf
random_addition,42,150,102,0.0020977313775786457,0.04580099756095544,0.5874462186544611,102,14,inf
random_addition,42,150,103,0.0019139981604639467,0.04374926468483724,0.6235804130940483,103,14,inf
random_addition,42,150,104,0.0019509772292464586,0.044169867888034925,0.6163078638916469,104,14,inf
random_addition,42,150,105,0.001827293050918748,0.042746848432589135,0.6406324156465104,105,14,inf
random_addition,42,150,106,0.0018546121108366747,0.043065207660438316,0.6352596679284708,106,14,inf
random_addition,42,150,107,0.0017241953351526704,0.04152343115823487,0.6609082969828892,107,14,inf
random_addition,42,150,108,0.0019457165996464901,0.04411027770992255,0.6173424542385914,108,14,inf
random_addition,42,150,109,0.0018793210044890448,0.04335113613838794,0.6304002528393393,109,14,inf
random_addition,42,150,110,0.002907128342787941,0.053917792450989134,0.4282648371983985,110,14,inf
random_addition,42,150,111,0.002650372609126297,0.051481769677491636,0.4787601246009858,111,14,inf
random_addition,42,150,112,0.0030127911298071636,0.054888898056047394,0.40748449191767655,112,14,inf
random_addition,42,150,113,0.003045614408201841,0.05518708552009103,0.40102924804678974,113,14,inf
random_addition,42,150,114,0.0031714353058901966,0.056315497919224654,0.3762844748749563,114,14,inf
random_addition,42,150,115,0.0028651431826450654,0.05352703226076583,0.43652191756744674,115,14,inf
random_addition,42,150,116,0.0028901645710468988,0.05376025084620512,0.4316010451859663,116,14,inf
random_addition,42,150,117,0.00279884481160566,0.05290410959089719,0.4495605954275871,117,14,inf
random_addition,42,150,118,0.002849413536447161,0.05337989824313232,0.43961541423128725,118,14,inf
random_addition,42,150,119,0.0028489165121361195,0.053375242501895195,0.4397131623324657,119,14,inf
random_addition,42,150,120,0.002739176716646621,0.05233714471239925,0.4612953191696947,120,14,inf
random_addition,42,150,121,0.0023980470249712884,0.048969858331133535,0.5283841493860506,121,14,inf
random_addition,42,150,122,0.0023550637646308323,0.048528999213159466,0.5368375227671951,122,14,inf
random_addition,42,150,123,0.0024110005046200883,0.04910193992725836,0.5258366320690988,123,14,inf
random_addition,42,150,124,0.0024255584310022395,0.049249958690360744,0.5229735736042733,124,14,inf
random_addition,42,150,125,0.0024212731834993076,0.04920643437091645,0.5238163388316194,125,14,inf
random_addition,42,150,126,0.00230550693018622,0.048015694623593855,0.5465836988792379,126,14,inf
random_addition,42,150,127,0.0023221215273694184,0.048188396190052,0.5433161618786839,127,14,inf
random_addition,42,150,128,0.002242664359193798,0.04735677733116769,0.5589427361561292,128,14,inf
random_addition,42,150,129,0.0022417454399476107,0.047347074249077005,0.5591234569165744,129,14,inf
random_addition,42,150,130,0.0022712215144056816,0.04765733431913373,0.5533264963968074,130,14,inf
random_addition,42,150,131,0.002527458075676797,0.05027383092302393,0.5029333128837705,131,14,inf
random_addition,42,150,132,0.002391459098576857,0.04890254695388428,0.5296797747336515,132,14,inf
random_addition,42,150,133,0.002419976492168446,0.04919325657209986,0.5240713547585882,133,14,inf
random_addition,42,150,134,0.002426598923363554,0.04926052094084627,0.5227689434677794,134,14,inf
random_addition,42,150,135,0.0024735825595512866,0.04973512400257273,0.5135288296105963,135,14,inf
random_addition,42,150,136,0.0026702930680093,0.05167487850018904,0.47484243488810784,136,14,inf
random_addition,42,150,137,0.0027581708754299914,0.05251829086546887,0.4575598017849082,137,14,inf
random_addition,42,150,138,0.0028088738400675727,0.052998809798594275,0.4475882200989785,138,14,inf
random_addition,42,150,139,0.0028092888191571658,0.05300272463899536,0.4475066075558184,139,14,inf
random_addition,42,150,140,0.002752052702539946,0.05246001050838577,0.4587630422892417,140,14,inf
random_addition,42,150,141,0.002708919565330007,0.05204728201673942,0.4672458914506993,141,14,inf
random_addition,42,150,142,0.0027190863312420736,0.05214485910655118,0.4652464277605869,142,14,inf
random_addition,42,150,143,0.0026671471705187353,0.05164443019841283,0.47546112797690354,143,14,inf
random_addition,42,150,144,0.0026864892782301033,0.05183135420023389,0.4716571806456069,144,14,inf
random_addition,42,150,145,0.0027044539827291983,0.05200436503534293,0.4681241225757926,145,14,inf
random_addition,42,150,146,0.0027117936459027984,0.052074884982137006,0.46668065568177763,146,14,inf
random_addition,42,150,147,0.0027287125547822743,0.05223708026662932,0.46335327072244825,147,14,inf
random_addition,42,150,148,0.0027509273522187782,0.05244928361969092,0.45898436115556485,148,14,inf
random_addition,42,150,149,0.002727254522578556,0.05222312248974161,0.46364001701675306,149,14,inf
random_addition,42,150,150,0.0026800483819562917,0.05176918370958047,0.47292389007342817,150,14,inf
random_addition,42,151,10,0.00962854819961681,0.0981251659851682,-0.8936142210947935,10,10,inf
random_addition,42,151,11,0.007726460600426243,0.08790028782902956,-0.5195370442532574,11,11,inf
random_addition,42,151,12,0.007208692052752701,0.0849040167056465,-0.41770924376000784,12,12,inf
random_addition,42,151,13,0.01039257679881304,0.10194398853690707,-1.0438731584513818,13,13,inf
random_addition,42,151,14,0.008714359337836736,0.09335073292608224,-0.7138237694561855,14,14,inf
random_addition,42,151,15,0.004966159404656825,0.07047098271385765,0.023322116904803014,15,14,inf
random_addition,42,151,16,0.005609938371436555,0.074899521837169,-0.10328772930070551,16,14,inf
random_addition,42,151,17,0.0047589488302757004,0.06898513485002186,0.0640735243106394,17,14,inf
random_addition,42,151,18,0.004714352695016218,0.06866114399728727,0.07284409638261424,18,14,inf
random_addition,42,151,19,0.002822979626744813,0.053131719591453214,0.44481408243066267,19,14,inf
random_addition,42,151,20,0.0029508298753996307,0.05432154154108323,0.41967020362316987,20,14,inf
random_addition,42,151,21,0.0017170024909539017,0.04143672876753064,0.6623228894824573,21,14,inf
random_addition,42,151,22,0.0018276567571199325,0.042751102408241266,0.6405608867700293,22,14,inf
random_addition,42,151,23,0.001864063835972539,0.04317480556959741,0.6334008289051729,23,14,inf
random_addition,42,151,24,0.0021457000203498316,0.04632170139739938,0.5780123868622759,24,14,inf
random_addition,42,151,25,0.003421251226547193,0.05849146285183157,0.3271540171772108,25,14,inf
random_addition,42,151,26,0.0035488922163467904,0.05957257939981104,0.302051292605634,26,14,inf
random_addition,42,151,27,0.0025063241944361762,0.05006320199943444,0.5070896422944454,27,14,inf
random_addition,42,151,28,0.0032410564221294165,0.05693027684922511,0.36259232388127616,28,14,inf
random_addition,42,151,29,0.003079271126195623,0.0554911806163432,0.3944100944104254,29,14,inf
random_addition,42,151,30,0.0031765497920256173,0.056360888850563895,0.37527862607212115,30,14,inf
random_addition,42,151,31,0.003533506637876918,0.05944330608131514,0.30507712262552,31,14,inf
random_addition,42,151,32,0.0027864989203680787,0.05278729885463054,0.45198862037329,32,14,inf
random_addition,42,151,33,0.003148748794744984,0.05611371307216253,0.38074615479190477,33,14,inf
random_addition,42,151,34,0.003075923956831453,0.05546101294451313,0.3950683709623004,34,14,inf
random_addition,42,151,35,0.0028609735016611863,0.053488068778571415,0.43734195471581105,35,14,inf
random_addition,42,151,36,0.0031255532364861094,0.05590664751607012,0.3853079472942246,36,14,inf
random_addition,42,151,37,0.0031833504737131786,0.05642118816289833,0.3739411588559092,37,14,inf
random_addition,42,151,38,0.0035159763492959377,0.059295668891546686,0.3085247455764194,38,14,inf
random_addition,42,151,39,0.004086816796859378,0.06392821596806357,0.19625947286113443,39,14,inf
random_addition,42,151,40,0.003997681057592607,0.06322721769612046,0.2137894991936684,40,14,inf
random_addition,42,151,41,0.0032943422549069267,0.057396360990109176,0.35211277819707965,41,14,inf
random_addition,42,151,42,0.0031073689801096017,0.05574377974365931,0.38888418389404344,42,14,inf
random_addition,42,151,43,0.0031040668852440304,0.05571415336558593,0.38953359579573577,43,14,inf
random_addition,42,151,44,0.0028895914993733863,0.05375492069916378,0.4317137492663917,44,14,inf
random_addition,42,151,45,0.0028683542110289435,0.05355701831720044,0.4358904154047123,45,14,inf
random_addition,42,151,46,0.0033068758485542355,0.05750544190382537,0.3496478384491629,46,14,inf
random_addition,42,151,47,0.0033326376210929395,0.05772900155981341,0.34458135720728267,47,14,inf
random_addition,42,151,48,0.0029889959097081876,0.05467171032360509,0.41216421789913815,48,14,inf
random_addition,42,151,49,0.003141528623564703,0.056049340973509255,0.38216612159710417,49,14,inf
random_addition,42,151,50,0.0031465568219569856,0.056094178146729144,0.3811772427147727,50,14,inf
random_addition,42,151,51,0.003578920789661625,0.05982408202105256,0.29614567399218394,51,14,inf
random_addition,42,151,52,0.003385760066924097,0.058187284409259875,0.33413394428482135,52,14,inf
random_addition,42,151,53,0.0031799486294392075,0.05639103323613789,0.37461018813857894,53,14,inf
random_addition,42,151,54,0.003509760142677742,0.05924322866520478,0.30974726604466074,54,14,inf
random_addition,42,151,55,0.0037867687820985997,0.061536727099339626,0.2552689077191208,55,14,inf
random_addition,42,151,56,0.0036927106330061446,0.06076767753506912,0.27376700785205843,56,14,inf
random_addition,42,151,57,0.003676568543169889,0.06063471401078667,0.2769416184203827,57,14,inf
random_addition,42,151,58,0.00366956174465064,0.06057690768478233,0.2783196219413001,58,14,inf
random_addition,42,151,59,0.0035883850366714926,0.059903130441334135,0.2942843723340012,59,14,inf
random_addition,42,151,60,0.003856257132491804,0.06209876917050614,0.24160286733826397,60,14,inf
random_addition,42,151,61,0.003951078489439999,0.06285760486560078,0.22295466968082756,61,14,inf
random_addition,42,151,62,0.0037235162323244657,0.06102062136953757,0.26770857414542315,62,14,inf
random_addition,42,151,63,0.0038696083740476636,0.06220617633360584,0.23897712352358869,63,14,inf
random_addition,42,151,64,0.0033400806309124586,0.05779343068993619,0.3431175654756745,64,14,inf
random_addition,42,151,65,0.0033531700132034417,0.057906562781807745,0.34054332064273707,65,14,inf
random_addition,42,151,66,0.0033224024790327136,0.05764028520950181,0.34659426820469974,66,14,inf
random_addition,42,151,67,0.0033022548223880684,0.05746524882385935,0.3505566401379423,67,14,inf
random_addition,42,151,68,0.0031751287941495995,0.05634828119960359,0.3755580889496378,68,14,inf
random_addition,42,151,69,0.0031067312773351828,0.055738059504571766,0.38900959875591423,69,14,inf
random_addition,42,151,70,0.00316036896624673,0.05621715900191622,0.3784608547081244,70,14,inf
random_addition,42,151,71,0.0028083870033973604,0.05299421669764882,0.4476839646310671,71,14,inf
random_addition,42,151,72,0.002821160452074516,0.0531145973539715,0.44517185340037824,72,14,inf
random_addition,42,151,73,0.0029200066641874764,0.05403708600755112,0.4257321010017867,73,14,inf
random_addition,42,151,74,0.0030120634053605933,0.054882268587956466,0.40762761103932343,74,14,inf
random_addition,42,151,75,0.0030568193125624678,0.05528850976977466,0.3988256171562954,75,14,inf
random_addition,42,151,76,0.003059067693589829,0.05530883919944288,0.3983834356145318,76,14,inf
random_addition,42,151,77,0.003075859946896203,0.05546043587005248,0.3950809595811833,77,14,inf
random_addition,42,151,78,0.0031402405211015854,0.05603784900495009,0.3824194483803137,78,14,inf
random_addition,42,151,79,0.003093225612618325,0.05561677456144257,0.39166571245477877,79,14,inf
random_addition,42,151,80,0.0030905156196357423,0.05559240613281406,0.3921986776686923,80,14,inf
random_addition,42,151,81,0.0029747391254463813,0.05454116908763857,0.4149680517550367,81,14,inf
random_addition,42,151,82,0.003078643838213916,0.05548552818721217,0.39453346103000875,82,14,inf
random_addition,42,151,83,0.0029436580119466984,0.05425548831175237,0.42108066990995263,83,14,inf
random_addition,42,151,84,0.002965090891632963,0.054452648159965214,0.41686553747965127,84,14,inf
random_addition,42,151,85,0.0029076810026297645,0.0539229172303369,0.4281561474443245,85,14,inf
random_addition,42,151,86,0.003015631857415449,0.054914769028153516,0.4069258155642135,86,14,inf
random_addition,42,151,87,0.003106618814704091,0.05573705064590421,0.3890317164036802,87,14,inf
random_addition,42,151,88,0.0032417696798915574,0.056936540814239475,0.3624520498738458,88,14,inf
random_addition,42,151,89,0.0031306330020384903,0.05595205985518755,0.38430892687178975,89,14,inf
random_addition,42,151,90,0.003003693987060354,0.05480596671038979,0.40927359641396743,90,14,inf
random_addition,42,151,91,0.002999626860935507,0.05476884936654692,0.4100734644428051,91,14,inf
random_addition,42,151,92,0.0030151578084133624,0.05491045263347737,0.4070190451885801,92,14,inf
random_addition,42,151,93,0.0027413776953825416,0.05235816741810719,0.46086246007731013,93,14,inf
random_addition,42,151,94,0.002774764725002728,0.05267603558547974,0.45429634514718875,94,14,inf
random_addition,42,151,95,0.00279766416351385,0.0528929500360289,0.4497927895206538,95,14,inf
random_addition,42,151,96,0.0032009259382109593,0.05657672611782127,0.37048465130925023,96,14,inf
random_addition,42,151,97,0.003228378588577395,0.05681882248495999,0.3650856308065856,97,14,inf
random_addition,42,151,98,0.0027458806415805166,0.05240115114747496,0.45997688077910925,98,14,inf
random_addition,42,151,99,0.0027112925158188257,0.0520700731305308,0.46677921125152244,99,14,inf
random_addition,42,151,100,0.0027613972364425466,0.052548998434247506,0.45692528420561174,100,14,inf
random_addition,42,151,101,0.002812100033859432,0.05302923753797929,0.4469537354064145,101,14,inf
random_addition,42,151,102,0.0028128938037283923,0.0530367212761912,0.4467976273534683,102,14,inf
random_addition,42,151,103,0.002792605118661701,0.052845104964052265,0.4507877348725986,103,14,inf
random_addition,42,151,104,0.002930513962765081,0.05413422173417736,0.4236656658965824,104,14,inf
random_addition,42,151,105,0.002565104148013932,0.05064685723728504,0.4955295863335104,105,14,inf
random_addition,42,151,106,0.002464327615872247,0.04964199447919319,0.5153489682859949,106,14,inf
random_addition,42,151,107,0.002685232676960192,0.05181923076387947,0.4719043121949972,107,14,inf
random_addition,42,151,108,0.0026183281175576434,0.05116960149891382,0.4850622070836357,108,14,inf
random_addition,42,151,109,0.0024660386388750356,0.04965922511351779,0.5150124671413228,109,14,inf
random_addition,42,151,110,0.0025471537652584446,0.05046933490009993,0.4990598277941325,110,14,inf
random_addition,42,151,111,0.0023971909999962425,0.048961117225776646,0.5285525009415244,111,14,inf
random_addition,42,151,112,0.0024026702271927277,0.049017040171686496,0.5274749197397928,112,14,inf
random_addition,42,151,113,0.002425846438846782,0.0492528825435302,0.5229169320692354,113,14,inf
random_addition,42,151,114,0.0024320895704549998,0.04931622015579661,0.5216891163536784,114,14,inf
random_addition,42,151,115,0.0024103374308872922,0.049095187451391735,0.5259670365521034,115,14,inf
random_addition,42,151,116,0.002420934501506353,0.049202992810461775,0.523882946281153,116,14,inf
random_addition,42,151,117,0.0024335467820976045,0.04933099210534494,0.5214025314363706,117,14,inf
random_addition,42,151,118,0.002427528288584225,0.04926995320257799,0.5225861683326325,118,14,inf
random_addition,42,151,119,0.0024272326022170424,0.04926695243484259,0.5226443199769171,119,14,inf
random_addition,42,151,120,0.002430512198863491,0.04930022514008928,0.5219993327243823,120,14,inf
random_addition,42,151,121,0.0024123226130782593,0.04911540097645808,0.5255766174411072,121,14,inf
random_addition,42,151,122,0.002401717934535308,0.049007325315051704,0.5276622039368855,122,14,inf
random_addition,42,151,123,0.002405561925870415,0.04904652817346417,0.5269062190773806,123,14,inf
random_addition,42,151,124,0.0024278593271843687,0.04927331252498018,0.5225210640834801,124,14,inf
random_addition,42,151,125,0.0025422709724500785,0.0504209378378673,0.5000201102488591,125,14,inf
random_addition,42,151,126,0.002581991698061199,0.050813302373110915,0.49220836861034134,126,14,inf
random_addition,42,151,127,0.0025851433839718064,0.050844305324901494,0.4915885371324258,127,14,inf
random_addition,42,151,128,0.0022497792990800185,0.047431838453511566,0.5575434648359402,128,14,inf
random_addition,42,151,129,0.002352765699873433,0.04850531620217966,0.5372894754412006,129,14,inf
random_addition,42,151,130,0.0023420130967165454,0.048394349842895354,0.5394041537737535,130,14,inf
random_addition,42,151,131,0.002317292817879182,0.04813826770750254,0.5442658079489617,131,14,inf
random_addition,42,151,132,0.002779950679010532,0.052725237590840045,0.45327644099803444,132,14,inf
random_addition,42,151,133,0.0028046683742089075,0.05295911983982464,0.4484152949384246,133,14,inf
random_addition,42,151,134,0.002840524139055245,0.05329656779807913,0.4413636621466859,134,14,inf
random_addition,42,151,135,0.0027986841554215078,0.052902591197610614,0.4495921911394961,135,14,inf
random_addition,42,151,136,0.002822108477961935,0.05312352094846439,0.44498540833460454,136,14,inf
random_addition,42,151,137,0.0028232237963603576,0.053134017318101946,0.4447660624128189,137,14,inf
random_addition,42,151,138,0.002723646387407474,0.05218856567685563,0.4643496168369903,138,14,inf
random_addition,42,151,139,0.0027245380653725436,0.052197107825745895,0.46417425352776776,139,14,inf
random_addition,42,151,140,0.002487099856828806,0.04987083172385243,0.5108704281751135,140,14,inf
random_addition,42,151,141,0.002597017853418108,0.05096094439291827,0.4892532251263678,141,14,inf
random_addition,42,151,142,0.002576387959590191,0.05075813195528566,0.49331043702605737,142,14,inf
random_addition,42,151,143,0.002558194587062186,0.05057859811285981,0.4968884664687595,143,14,inf
random_addition,42,151,144,0.0025416336860814314,0.05041461778176476,0.500145443217606,144,14,inf
random_addition,42,151,145,0.002549881039412046,0.05049634679273389,0.49852346395038194,145,14,inf
random_addition,42,151,146,0.0026145989736760457,0.051133149459778496,0.48579560528036303,146,14,inf
random_addition,42,151,147,0.0026215958047495535,0.051201521508150064,0.48441956202350744,147,14,inf
random_addition,42,151,148,0.002664739614749878,0.05162111597737769,0.47593461388022684,148,14,inf
random_addition,42,151,149,0.00268117028553614,0.05178001820718239,0.4727032490661388,149,14,inf
random_addition,42,151,150,0.0026800483819562917,0.05176918370958047,0.47292389007342817,150,14,inf
random_addition,42,152,10,0.00962854819961681,0.0981251659851682,-0.8936142210947935,10,10,inf
random_addition,42,152,11,0.009311938493919644,0.09649838596536028,-0.8313476541300404,11,11,inf
random_addition,42,152,12,0.008460851285118226,0.09198288582730064,-0.6639671925520036,12,12,inf
random_addition,42,152,13,0.010945644119037926,0.10462143240769516,-1.152643049933289,13,13,inf
random_addition,42,152,14,0.010397117943944236,0.10196625885038754,-1.0447662502054254,14,14,inf
random_addition,42,152,15,0.011995100392162757,0.1095221456700094,-1.3590360888428736,15,14,inf
random_addition,42,152,16,0.008337232094874159,0.09130844481686323,-0.6396554217851806,16,14,inf
random_addition,42,152,17,0.011545207353504658,0.10744862657802871,-1.2705571366360986,17,14,inf
random_addition,42,152,18,0.011209086044378726,0.10587297126452401,-1.2044532881868384,18,14,inf
random_addition,42,152,19,0.012190374930900635,0.11041003093424363,-1.3974400762255703,19,14,inf
random_addition,42,152,20,0.011653153459245601,0.10794977285407135,-1.291786534537538,20,14,inf
random_addition,42,152,21,0.011796014355947291,0.10860945794886968,-1.3198825070584461,21,14,inf
random_addition,42,152,22,0.00794068775005181,0.08911053669489266,-0.5616683779357041,22,14,inf
random_addition,42,152,23,0.0071765683461772044,0.08471462887941612,-0.4113915823281362,23,14,inf
random_addition,42,152,24,0.00738538065231039,0.08593823742846016,-0.4524579969355986,24,14,inf
random_addition,42,152,25,0.0071065647368933295,0.08430044327815442,-0.3976242077125962,25,14,inf
random_addition,42,152,26,0.0076961086604207555,0.08772746810674953,-0.5135678301993158,26,14,inf
random_addition,42,152,27,0.005580934270731946,0.07470565086211314,-0.09758359027313124,27,14,inf
random_addition,42,152,28,0.005582461798705186,0.07471587380674327,-0.097884004066912,28,14,inf
random_addition,42,152,29,0.006810244298315485,0.08252420431797865,-0.33934786273730855,29,14,inf
random_addition,42,152,30,0.00724675842531278,0.08512789451943928,-0.4251956293428445,30,14,inf
random_addition,42,152,31,0.007262876351136964,0.0852225108239423,-0.42836548765610916,31,14,inf
random_addition,42,152,32,0.007462114842652754,0.08638353339990645,-0.46754905231217947,32,14,inf
random_addition,42,152,33,0.007791321657320495,0.08826846354910962,-0.5322930503700551,33,14,inf
random_addition,42,152,34,0.007814759577688825,0.08840112882587431,-0.5369025074140696,34,14,inf
random_addition,42,152,35,0.010560508423229106,0.10276433439296488,-1.0768997067505812,35,14,inf
random_addition,42,152,36,0.010221660680089315,0.10110222885816769,-1.010259659685031,36,14,inf
random_addition,42,152,37,0.00910517437657412,0.09542103738994939,-0.7906840499292349,37,14,inf
random_addition,42,152,38,0.008806747689659266,0.0938442736114424,-0.7319934761708089,38,14,inf
random_addition,42,152,39,0.00845537089234306,0.09195309071664237,-0.6628893821198294,39,14,inf
random_addition,42,152,40,0.005180433298306442,0.0719752269764149,-0.018818409767786815,40,14,inf
random_addition,42,152,41,0.005132619479471039,0.07164230230437209,-0.009415026678820881,41,14,inf
random_addition,42,152,42,0.004905313547112643,0.07003794362424302,0.035288467257076794,42,14,inf
random_addition,42,152,43,0.004890047593124151,0.06992887524566765,0.0382907711321655,43,14,inf
random_addition,42,152,44,0.004934698712906338,0.0702474107202987,0.029509385438866387,44,14,inf
random_addition,42,152,45,0.0048684923461402635,0.06977458237883093,0.04252996912771845,45,14,inf
random_addition,42,152,46,0.004995296444805432,0.0706774111354217,0.017591833123473677,46,14,inf
random_addition,42,152,47,0.0049850893261339695,0.07060516501031613,0.019599232855185278,47,14,inf
random_addition,42,152,48,0.005294203238083816,0.07276127567658373,-0.04119316154024055,48,14,inf
random_addition,42,152,49,0.005567354674144883,0.07461470816229789,-0.09491293664177536,49,14,inf
random_addition,42,152,50,0.0054370462492283455,0.07373632923619364,-0.06928561656872012,50,14,inf
random_addition,42,152,51,0.0055446543883265875,0.07446243608912206,-0.09044854770615651,51,14,inf
random_addition,42,152,52,0.005525594809344692,0.07433434474954825,-0.08670016435074768,52,14,inf
random_addition,42,152,53,0.005104470806058846,0.07144557933181622,-0.0038791216624860514,53,14,inf
random_addition,42,152,54,0.004663551680094984,0.06829020193332996,0.08283496128836676,54,14,inf
random_addition,42,152,55,0.0036628288245702917,0.06052130884713492,0.27964376270991054,55,14,inf
random_addition,42,152,56,0.0035960435286264457,0.059967020341404706,0.2927782024548685,56,14,inf
random_addition,42,152,57,0.004237493695329758,0.06509603440555929,0.16662635353528177,57,14,inf
random_addition,42,152,58,0.004236275877631517,0.06508667972505217,0.1668658576499501,58,14,inf
random_addition,42,152,59,0.0033803652753724976,0.05814090879383033,0.33519491981198934,59,14,inf
random_addition,42,152,60,0.003078733802051968,0.05548633887770906,0.3945157681442707,60,14,inf
random_addition,42,152,61,0.003032263310484818,0.05506599050670766,0.40365496357316444,61,14,inf
random_addition,42,152,62,0.0029881560734861174,0.054664029063783044,0.41232938566696065,62,14,inf
random_addition,42,152,63,0.002172474086944615,0.04660980676793903,0.5727468211498419,63,14,inf
random_addition,42,152,64,0.0017079138915320233,0.04132691485620507,0.6641103137917408,64,14,inf
random_addition,42,152,65,0.0017896586780076257,0.04230435767161139,0.6480338413099684,65,14,inf
random_addition,42,152,66,0.0016750035993121676,0.040926807831935384,0.6705826703792462,66,14,inf
random_addition,42,152,67,0.0015649796602074343,0.03955982381416068,0.6922207087865195,67,14,inf
random_addition,42,152,68,0.0015639423087701683,0.03954671046711936,0.6924247212080348,68,14,inf
random_addition,42,152,69,0.0015415271445411705,0.039262286542446435,0.6968330362387364,69,14,inf
random_addition,42,152,70,0.001555558682566398,0.03944057152940862,0.6940735008033256,70,14,inf
random_addition,42,152,71,0.0013163037427803659,0.03628090052328313,0.7411269658796119,71,14,inf
random_addition,42,152,72,0.0013888932473712628,0.037267858100127824,0.7268510319230245,72,14,inf
random_addition,42,152,73,0.0014936879585331964,0.038648259450241695,0.7062414082042944,73,14,inf
random_addition,42,152,74,0.0014680601878264937,0.03831527355802766,0.7112815357561406,74,14,inf
random_addition,42,152,75,0.0014514184325715262,0.03809748590880409,0.7145544138434144,75,14,inf
random_addition,42,152,76,0.0014283184601767906,0.037793100695454857,0.7190974077950165,76,14,inf
random_addition,42,152,77,0.0014348037675456084,0.03787880367099268,0.7178219641863681,77,14,inf
random_addition,42,152,78,0.0014473439629295241,0.0380439740685634,0.7153557260970957,78,14,inf
random_addition,42,152,79,0.0015096238854930741,0.03885387864156002,0.7031073429961301,79,14,inf
random_addition,42,152,80,0.001667624971629957,0.040836564150647604,0.6720338002922432,80,14,inf
random_addition,42,152,81,0.0017569688185107661,0.04191621188169043,0.6544628461345283,81,14,inf
random_addition,42,152,82,0.0018262350104573586,0.04273447098604777,0.6408404969088819,82,14,inf
random_addition,42,152,83,0.002304421611727026,0.04800439158792689,0.5467971448137796,83,14,inf
random_addition,42,152,84,0.0026466421156728257,0.05144552571091898,0.4794937882134789,84,14,inf
random_addition,42,152,85,0.002756974586969597,0.052506900374804044,0.45779507181671053,85,14,inf
random_addition,42,152,86,0.0028649847305614092,0.05352555212757183,0.4365530798063173,86,14,inf
random_addition,42,152,87,0.002752490311861187,0.052464181227397294,0.45867697913446437,87,14,inf
random_addition,42,152,88,0.002775737630873993,0.05268526958148732,0.45410500701859235,88,14,inf
random_addition,42,152,89,0.0028002400238070057,0.05291729418448193,0.4492862037320645,89,14,inf
random_addition,42,152,90,0.003002460896642219,0.05479471595548442,0.40951610416313877,90,14,inf
random_addition,42,152,91,0.0028986263002209202,0.05383889207831937,0.4299369053419535,91,14,inf
random_addition,42,152,92,0.002899518447977397,0.0538471767874361,0.4297614496404335,92,14,inf
random_addition,42,152,93,0.0027963152269970338,0.052880196926609814,0.45005808033279293,93,14,inf
random_addition,42,152,94,0.002908037834489026,0.053926225850591716,0.4280859705215706,94,14,inf
random_addition,42,152,95,0.0029856304696206683,0.05464092303046013,0.41282608769278184,95,14,inf
random_addition,42,152,96,0.003003084802802888,0.054800408783173216,0.4093934026349355,96,14,inf
random_addition,42,152,97,0.002991341986057479,0.05469316215083453,0.41170282294668115,97,14,inf
random_addition,42,152,98,0.003004559070711643,0.054813858381905965,0.40910346331907543,98,14,inf
random_addition,42,152,99,0.002987898336204709,0.054661671546017594,0.41238007399206045,99,14,inf
random_addition,42,152,100,0.0029803424291051607,0.05459251257365941,0.41386606885238064,100,14,inf
random_addition,42,152,101,0.003339621639387426,0.05778945958725887,0.34320783379662434,101,14,inf
random_addition,42,152,102,0.0031131198247453798,0.05579533873672047,0.3877531846032002,102,14,inf
random_addition,42,152,103,0.0030543151721748128,0.05526585901055744,0.3993180980320592,103,14,inf
random_addition,42,152,104,0.0030325990613642865,0.05506903904522292,0.40358893257587125,104,14,inf
random_addition,42,152,105,0.0030160974880390863,0.054919008440057315,0.40683424155404935,105,14,inf
random_addition,42,152,106,0.003095967772523806,0.055641421374042974,0.39112642108022433,106,14,inf
random_addition,42,152,107,0.003979243700644642,0.06308124682221049,0.21741551223242095,107,14,inf
random_addition,42,152,108,0.003992928681186075,0.06318962479067332,0.2147241330928643,108,14,inf
random_addition,42,152,109,0.0040265475829512,0.06345508319237474,0.2081124166471221,109,14,inf
random_addition,42,152,110,0.0037018917826275185,0.0608431736732028,0.27196138200602227,110,14,inf
random_addition,42,152,111,0.0037186876612141954,0.06098104345789924,0.26865819300097804,111,14,inf
random_addition,42,152,112,0.00378564651042501,0.06152760770926341,0.2554896211181694,112,14,inf
random_addition,42,152,113,0.0038220652679252535,0.06182285392899015,0.24832726645292424,113,14,inf
random_addition,42,152,114,0.003810228318055279,0.06172704689238972,0.2506551996099772,114,14,inf
random_addition,42,152,115,0.002822209275730853,0.053124469651290196,0.4449655847760866,115,14,inf
random_addition,42,152,116,0.0028002626538280164,0.05291750800848446,0.44928175316187247,116,14,inf
random_addition,42,152,117,0.002722939002986298,0.052181788039375364,0.46448873575418825,117,14,inf
random_addition,42,152,118,0.002702225463655176,0.0519829343501805,0.46856239793393206,118,14,inf
random_addition,42,152,119,0.0027736452471552684,0.052665408449524706,0.45451650909384,119,14,inf
random_addition,42,152,120,0.0028583349463385545,0.05346339819295585,0.43786087052518297,120,14,inf
random_addition,42,152,121,0.002862960651141516,0.05350664118725372,0.43695114870462615,121,14,inf
random_addition,42,152,122,0.0030217806901277197,0.054970725755875915,0.40571654529566437,122,14,inf
random_addition,42,152,123,0.003210430099989131,0.05666065742637594,0.3686154997477046,123,14,inf
random_addition,42,152,124,0.0031976689837686706,0.05654793527414304,0.37112518559557406,124,14,inf
random_addition,42,152,125,0.003314623875387996,0.057572770259802473,0.3481240600462655,125,14,inf
random_addition,42,152,126,0.0033124427588286055,0.05755382488443844,0.3485530129111316,126,14,inf
random_addition,42,152,127,0.003186057695933309,0.05644517424840948,0.37340873855853685,127,14,inf
random_addition,42,152,128,0.0032263325635832384,0.0568008148144306,0.36548801566724454,128,14,inf
random_addition,42,152,129,0.0030672529299704955,0.05538278550208987,0.3967736726791321,129,14,inf
random_addition,42,152,130,0.003058917728177956,0.055307483473558586,0.39841292880817925,130,14,inf
random_addition,42,152,131,0.003098243169853154,0.055661864591955185,0.39067892633312773,131,14,inf
random_addition,42,152,132,0.0031313791254454016,0.05595872698199452,0.3841621892884358,132,14,inf
random_addition,42,152,133,0.003031972044411957,0.055063345742989114,0.4037122458930176,133,14,inf
random_addition,42,152,134,0.002784349349203196,0.052766934241086964,0.45241136931141546,134,14,inf
random_addition,42,152,135,0.003038840693630427,0.05512568089040195,0.4023614117308826,135,14,inf
random_addition,42,152,136,0.00309354426380582,0.055619639191618456,0.39160304439644855,136,14,inf
random_addition,42,152,137,0.0028812362806863853,0.05367714858938005,0.4333569420508129,137,14,inf
random_addition,42,152,138,0.0028790621921608306,0.05365689323992613,0.4337845127358798,138,14,inf
random_addition,42,152,139,0.0028506543277998747,0.053391519249782304,0.4393713919651886,139,14,inf
random_addition,42,152,140,0.002827983156197288,0.05317878483189784,0.44383005510583184,140,14,inf
random_addition,42,152,141,0.0029201676308639605,0.05403857539632184,0.4257004442263941,141,14,inf
random_addition,42,152,142,0.0029632889497185886,0.05443609969237866,0.4172199193411641,142,14,inf
random_addition,42,152,143,0.002900849035572952,0.05385953059183632,0.42949976744898377,143,14,inf
random_addition,42,152,144,0.002918757826712513,0.054025529397799636,0.4259777056717121,144,14,inf
random_addition,42,152,145,0.0029129788973278085,0.05397201957799808,0.42711422829575774,145,14,inf
random_addition,42,152,146,0.002912915202375456,0.053971429500944815,0.42712675496801256,146,14,inf
random_addition,42,152,147,0.0028721841336389552,0.05359276195195537,0.43513719739409895,147,14,inf
random_addition,42,152,148,0.0028186715546634506,0.05309116267952182,0.4456613364911548,148,14,inf
random_addition,42,152,149,0.0028316431696216566,0.053213186050279464,0.4431102525638393,149,14,inf
random_addition,42,152,150,0.0026800483819562917,0.05176918370958047,0.47292389007342817,150,14,inf
random_addition,42,153,10,0.00962854819961681,0.0981251659851682,-0.8936142210947935,10,10,inf
random_addition,42,153,11,0.009347840774747493,0.09668423229641684,-0.8384084350635628,11,11,inf
random_addition,42,153,12,0.006133269803007289,0.07831519522421744,-0.20620956347791597,12,12,inf
random_addition,42,153,13,0.00906633277351553,0.09521729240802602,-0.7830452023691434,13,13,inf
random_addition,42,153,14,0.007492731221908829,0.08656056389551092,-0.47357027274497976,14,14,inf
random_addition,42,153,15,0.006970704095365199,0.08349074257284575,-0.3709049518547951,15,14,inf
random_addition,42,153,16,0.00915585843071778,0.09568624995639541,-0.8006519125518672,16,14,inf
random_addition,42,153,17,0.008947698055215055,0.09459227270350921,-0.7597137109509158,17,14,inf
random_addition,42,153,18,0.01149887206896814,0.10723279381312482,-1.261444531919604,18,14,inf
random_addition,42,153,19,0.009987232499041302,0.09993614210605341,-0.9641554570311386,19,14,inf
random_addition,42,153,20,0.010006288000261357,0.10003143506049164,-0.9679030384268283,20,14,inf
random_addition,42,153,21,0.010409527125540403,0.10202709015521516,-1.0472067222532866,21,14,inf
random_addition,42,153,22,0.009039896560303823,0.095078370622891,-0.7778460811463226,22,14,inf
random_addition,42,153,23,0.011885283080192117,0.10901964538647205,-1.3374386870997652,23,14,inf
random_addition,42,153,24,0.013054009382687632,0.11425414383158114,-1.567288161921018,24,14,inf
random_addition,42,153,25,0.013244377407918412,0.1150842187613854,-1.6047272017788736,25,14,inf
random_addition,42,153,26,0.013263933976591088,0.11516915375477536,-1.6085733264268103,26,14,inf
random_addition,42,153,27,0.011393922283787303,0.10674231721200034,-1.2408044103146474,27,14,inf
random_addition,42,153,28,0.010488886255701208,0.10241526378280343,-1.0628140157237804,28,14,inf
random_addition,42,153,29,0.011751651774300886,0.10840503574235325,-1.3111578671907806,29,14,inf
random_addition,42,153,30,0.013054288038966019,0.11425536328315629,-1.5673429643149626,30,14,inf
random_addition,42,153,31,0.013240843874177404,0.11506886578991471,-1.6040322735712174,31,14,inf
random_addition,42,153,32,0.021192146076153266,0.14557522480200147,-3.167788160100721,32,14,inf
random_addition,42,153,33,0.02120941642274631,0.1456345303241862,-3.171184661134295,33,14,inf
random_addition,42,153,34,0.02122468976304178,0.1456869581089597,-3.1741884176495585,34,14,inf
random_addition,42,153,35,0.018883268582958013,0.13741640579988262,-2.7137089816785545,35,14,inf
random_addition,42,153,36,0.019411854589214447,0.13932643176804052,-2.8176642154030653,36,14,inf
random_addition,42,153,37,0.014205659081144595,0.11918749548985663,-1.7937792384058846,37,14,inf
random_addition,42,153,38,0.013568799952283203,0.11648519198715003,-1.6685302934721125,38,14,inf
random_addition,42,153,39,0.013323112888062377,0.11542578952756778,-1.6202118440961102,39,14,inf
random_addition,42,153,40,0.014616432362012034,0.12089843821163296,-1.8745646392960524,40,14,inf
random_addition,42,153,41,0.014666047676512795,0.12110345856544641,-1.8843223164842366,41,14,inf
random_addition,42,153,42,0.014987843238860973,0.1224248473099353,-1.9476087684513104,42,14,inf
random_addition,42,153,43,0.01473942864458894,0.12140604863263173,-1.898753904905035,43,14,inf
random_addition,42,153,44,0.010797528840949078,0.10391115840442296,-1.123513715880455,44,14,inf
random_addition,42,153,45,0.010706366907498698,0.10347157536008958,-1.1055852047461379,45,14,inf
random_addition,42,153,46,0.010376304884414708,0.10186414916159026,-1.0406730157226636,46,14,inf
random_addition,42,153,47,0.008942167932488868,0.09456303681930307,-0.758626120296374,47,14,inf
random_addition,42,153,48,0.009738394013115782,0.09868330159209197,-0.9152172281377096,48,14,inf
random_addition,42,153,49,0.009253030316309068,0.0961926728826529,-0.8197623807794223,49,14,inf
random_addition,42,153,50,0.00910490218988581,0.09541961113883146,-0.7906305198878321,50,14,inf
random_addition,42,153,51,0.0057908553119604845,0.07609766955669854,-0.13886805608628539,51,14,inf
random_addition,42,153,52,0.005798441765982133,0.07614750006390317,-0.14036005850713296,52,14,inf
random_addition,42,153,53,0.005462044251431726,0.07390564424610428,-0.07420188966513197,53,14,inf
random_addition,42,153,54,0.005665134644656836,0.07526708872181012,-0.11414299488742374,54,14,inf
random_addition,42,153,55,0.005658341368716946,0.07522194738716186,-0.11280698413472168,55,14,inf
random_addition,42,153,56,0.006048943966440148,0.07777495719343179,-0.18962548454734462,56,14,inf
random_addition,42,153,57,0.006144113490025747,0.0783843957049217,-0.20834215496746888,57,14,inf
random_addition,42,153,58,0.006197881377949412,0.07872662432715766,-0.21891650481748415,58,14,inf
random_addition,42,153,59,0.004814710718734323,0.06938811655272337,0.05310702107554621,59,14,inf
random_addition,42,153,60,0.005169100070735807,0.07189645381196354,-0.016589541982764855,60,14,inf
random_addition,42,153,61,0.004784163485231262,0.06916764767744572,0.05911464284544088,61,14,inf
random_addition,42,153,62,0.0047687638391265596,0.06905623678659704,0.06214323949979972,62,14,inf
random_addition,42,153,63,0.004921219964305621,0.07015140742925705,0.032160205635611616,63,14,inf
random_addition,42,153,64,0.004814472770736979,0.06938640191519502,0.0531538175086439,64,14,inf
random_addition,42,153,65,0.004919207452152659,0.07013706190134185,0.03255599963840072,65,14,inf
random_addition,42,153,66,0.0049514928283634066,0.07036684466681313,0.02620654318259774,66,14,inf
random_addition,42,153,67,0.004859657569657606,0.06971124421252002,0.04426747493242744,67,14,inf
random_addition,42,153,68,0.0045732092220805215,0.06762550718538472,0.10060230894225852,68,14,inf
random_addition,42,153,69,0.00388301419828041,0.06231383633094989,0.23634064511725572,69,14,inf
random_addition,42,153,70,0.0038915063704322217,0.062381939457123496,0.23467051815509377,70,14,inf
random_addition,42,153,71,0.003909399534679607,0.06252519120066413,0.23115152966619756,71,14,inf
random_addition,42,153,72,0.003949704888938862,0.06284667762848616,0.22322481107588854,72,14,inf
random_addition,42,153,73,0.004060091117658894,0.06371884429004417,0.2015155223873203,73,14,inf
random_addition,42,153,74,0.00398023025701789,0.06308906606550686,0.21722148950546727,74,14,inf
random_addition,42,153,75,0.003984378833873681,0.06312193623356052,0.21640560283506105,75,14,inf
random_addition,42,153,76,0.00395075863740744,0.06285506055527622,0.22301757390532162,76,14,inf
random_addition,42,153,77,0.004010049416657191,0.06332495098029838,0.21135705557592388,77,14,inf
random_addition,42,153,78,0.003817416369283882,0.06178524394452029,0.2492415497277466,78,14,inf
random_addition,42,153,79,0.0038543717423340416,0.06208358673863843,0.2419736606854057,79,14,inf
random_addition,42,153,80,0.0037855893755541865,0.061527143404794815,0.25550085764123287,80,14,inf
random_addition,42,153,81,0.003741249403378495,0.06116575351762206,0.2642210509802638,81,14,inf
random_addition,42,153,82,0.0037609799525789335,0.061326828978669146,0.2603407101665316,82,14,inf
random_addition,42,153,83,0.0037543073886167587,0.061272403156859764,0.26165298090018607,83,14,inf
random_addition,42,153,84,0.003735084865284468,0.06111534067060796,0.26543340997347065,84,14,inf
random_addition,42,153,85,0.0037179241072362737,0.060974782551775235,0.26880835859616337,85,14,inf
random_addition,42,153,86,0.003519177580086811,0.05932265654947367,0.30789517027337987,86,14,inf
random_addition,42,153,87,0.0034960285664972245,0.059127223564930095,0.31244780899198776,87,14,inf
random_addition,42,153,88,0.0033725824326480656,0.05807393935878696,0.3367255453391187,88,14,inf
random_addition,42,153,89,0.0032235031248291574,0.05677590267736091,0.3660444718796835,89,14,inf
random_addition,42,153,90,0.0034023026365177476,0.05832926055178265,0.33088057270828053,90,14,inf
random_addition,42,153,91,0.003435224901472388,0.058610791680989836,0.3244058614832551,91,14,inf
random_addition,42,153,92,0.0033375732921394085,0.05777173437018668,0.34361067536714685,92,14,inf
random_addition,42,153,93,0.003434420321927823,0.05860392752988338,0.3245640954387802,93,14,inf
random_addition,42,153,94,0.003138191850024915,0.05601956667116334,0.38282235363712935,94,14,inf
random_addition,42,153,95,0.003104481073920794,0.05571787032829588,0.38945213870041095,95,14,inf
random_addition,42,153,96,0.0031148190564609496,0.055810564022064406,0.38741900241136507,96,14,inf
random_addition,42,153,97,0.0031126137167915876,0.05579080315600043,0.3878527191538761,97,14,inf
random_addition,42,153,98,0.003107705670522788,0.05574679964377137,0.3888179681218108,98,14,inf
random_addition,42,153,99,0.0033371521828175683,0.05776808965871702,0.34369349352248457,99,14,inf
random_addition,42,153,100,0.00330976988722375,0.05753059957295552,0.3490786775884208,100,14,inf
random_addition,42,153,101,0.0031879423011750736,0.05646186590235106,0.3730380995781871,101,14,inf
random_addition,42,153,102,0.0031784497468633965,0.05637774159066144,0.3749049683383,102,14,inf
random_addition,42,153,103,0.003204836026056996,0.05661127119273154,0.3697156674710347,103,14,inf
random_addition,42,153,104,0.0032055952479842728,0.056617976367795704,0.36956635384569336,104,14,inf
random_addition,42,153,105,0.0032119743103295453,0.05667428261857,0.3683118050888269,105,14,inf
random_addition,42,153,106,0.003176242720991633,0.056358164634697186,0.37533901670057157,106,14,inf
random_addition,42,153,107,0.003260564634641302,0.057101354052608085,0.35875570927699807,107,14,inf
random_addition,42,153,108,0.003315045147268146,0.057576428747084914,0.3480412099211313,108,14,inf
random_addition,42,153,109,0.0034534988263699587,0.05876647706277754,0.32081199007669814,109,14,inf
random_addition,42,153,110,0.003343548692594625,0.0578234268492851,0.34243551343783507,110,14,inf
random_addition,42,153,111,0.0033737396469098397,0.0580839017879295,0.33649795989866393,111,14,inf
random_addition,42,153,112,0.003508537600055991,0.05923290977198394,0.30998769939415927,112,14,inf
random_addition,42,153,113,0.0033890025780425846,0.05821514045368769,0.3334962505184579,113,14,inf
random_addition,42,153,114,0.0035110084559629127,0.05925376322194999,0.30950176446538047,114,14,inf
random_addition,42,153,115,0.003398935786570479,0.05830039267938492,0.33154271977430383,115,14,inf
random_addition,42,153,116,0.0033989453589165436,0.05830047477436649,0.33154083721316774,116,14,inf
random_addition,42,153,117,0.003395387952818224,0.058269957549480195,0.33224046031712173,117,14,inf
random_addition,42,153,118,0.003520015454769019,0.05932971814166168,0.307730388275011,118,14,inf
random_addition,42,153,119,0.003456529795908042,0.058792259659822925,0.32021589948214224,119,14,inf
random_addition,42,153,120,0.0036597382219208606,0.06049577028124248,0.2802515811480992,120,14,inf
random_addition,42,153,121,0.0036497817254794035,0.060413423388179247,0.28220969184796296,121,14,inf
random_addition,42,153,122,0.0036079843550964343,0.060066499441006505,0.29042984023593144,122,14,inf
random_addition,42,153,123,0.003614125887835288,0.060117600483014025,0.2892220056286252,123,14,inf
random_addition,42,153,124,0.003711604059734803,0.06092293541626834,0.2700513011019978,124,14,inf
random_addition,42,153,125,0.003708407741075284,0.06089669729201481,0.27067991035266936,125,14,inf
random_addition,42,153,126,0.0037558039282718954,0.06128461412354569,0.26135866147480147,126,14,inf
random_addition,42,153,127,0.00377317854010678,0.061426204018372975,0.25794165494646026,127,14,inf
random_addition,42,153,128,0.0036759350705925153,0.060629490106651196,0.2770662013436147,128,14,inf
random_addition,42,153,129,0.0035507699682635688,0.059588337518876704,0.301682001445681,129,14,inf
random_addition,42,153,130,0.0035274473983864982,0.059392317671450555,0.30626877289617394,130,14,inf
random_addition,42,153,131,0.003379600391649537,0.058134330577117144,0.33534534692366336,131,14,inf
random_addition,42,153,132,0.00331224438393478,0.05755210147279402,0.34859202663493183,132,14,inf
random_addition,42,153,133,0.0033114412159147553,0.05754512330262883,0.3487499829906686,133,14,inf
random_addition,42,153,134,0.003304101825042074,0.057481317182560054,0.35019339633217683,134,14,inf
random_addition,42,153,135,0.003599170157857967,0.059993084250253105,0.2921632987898347,135,14,inf
random_addition,42,153,136,0.0035832951558226927,0.05986063110110595,0.29528538209779387,136,14,inf
random_addition,42,153,137,0.0029874812483217743,0.05465785623605974,0.4124621012645212,137,14,inf
random_addition,42,153,138,0.0028972887585983344,0.053826468940460274,0.4301999551585328,138,14,inf
random_addition,42,153,139,0.0028656839675426224,0.053532083534480725,0.4364155632187602,139,14,inf
random_addition,42,153,140,0.0028592931232877304,0.053472358497524033,0.4376724290842027,140,14,inf
random_addition,42,153,141,0.002855948665423835,0.05344107657433404,0.4383301723744296,141,14,inf
random_addition,42,153,142,0.0028824639132951,0.05368858270894381,0.4331155076706813,142,14,inf
random_addition,42,153,143,0.002896398609095882,0.053818199608458496,0.4303750178701483,143,14,inf
random_addition,42,153,144,0.0028263865191867866,0.05316377073897963,0.44414406034175435,144,14,inf
random_addition,42,153,145,0.0027297666654032392,0.05224716897022497,0.4631459623285883,145,14,inf
random_addition,42,153,146,0.002750396465449009,0.05244422242200764,0.45908876887271854,146,14,inf
random_addition,42,153,147,0.0027205511734561404,0.052158903108253156,0.46495834216442955,147,14,inf
random_addition,42,153,148,0.0027719081564307074,0.05264891410495289,0.4548581368897616,148,14,inf
random_addition,42,153,149,0.0026955747243391443,0.05191892452987778,0.46987037648776353,149,14,inf
random_addition,42,153,150,0.0026800483819562917,0.05176918370958047,0.47292389007342817,150,14,inf
random_addition,42,154,10,0.00962854819961681,0.0981251659851682,-0.8936142210947935,10,10,inf
random_addition,42,154,11,0.008636725929803891,0.09293398694667034,-0.6985558679579202,11,11,inf
random_addition,42,154,12,0.007315371877456627,0.08552994725507918,-0.4386896064247856,12,12,inf
random_addition,42,154,13,0.007731104806739328,0.08792670132979702,-0.5204504047036425,13,13,inf
random_addition,42,154,14,0.0076333686250666544,0.08736915144984901,-0.5012289582618783,14,14,inf
random_addition,42,154,15,0.0071297546325878635,0.0844378743964334,-0.40218488657741425,15,14,inf
random_addition,42,154,16,0.007183887976182436,0.08475781955774013,-0.4128311093662427,16,14,inf
random_addition,42,154,17,0.00803459242670662,0.08963588805108487,-0.5801362951600195,17,14,inf
random_addition,42,154,18,0.00455131486696464,0.06746343355451632,0.104908198194678,18,14,inf
random_addition,42,154,19,0.00501287421225451,0.07080165402202486,0.014134872663121412,19,14,inf
random_addition,42,154,20,0.004253431992298824,0.06521834091955134,0.16349182222537406,20,14,inf
random_addition,42,154,21,0.0023894705238390445,0.04888221070940884,0.5300708610454365,21,14,inf
random_addition,42,154,22,0.002513642027947189,0.05013623468058993,0.5056504685668206,22,14,inf
random_addition,42,154,23,0.00286573156116184,0.05353252806623128,0.4364062031415902,23,14,inf
random_addition,42,154,24,0.006535325957015103,0.0808413629091884,-0.2852805963194167,24,14,inf
random_addition,42,154,25,0.0031521296107662918,0.05614382967669993,0.38008126106502815,25,14,inf
random_addition,42,154,26,0.003287306538547449,0.0573350376170405,0.3534964688924668,26,14,inf
random_addition,42,154,27,0.002729080317722934,0.052240600281035575,0.4632809440206458,27,14,inf
random_addition,42,154,28,0.0030722940917524695,0.05542827880921858,0.3957822443305089,28,14,inf
random_addition,42,154,29,0.0028752963251102793,0.05362178964852142,0.4345251331548501,29,14,inf
random_addition,42,154,30,0.002899869606105001,0.05385043738081429,0.4296923885514201,30,14,inf
random_addition,42,154,31,0.0028868682077726666,0.0537295841019886,0.432249329874849,31,14,inf
random_addition,42,154,32,0.0032068955440517294,0.05662945827086579,0.36931062898729083,32,14,inf
random_addition,42,154,33,0.0031585660249791427,0.05620112120749143,0.3788154331090757,33,14,inf
random_addition,42,154,34,0.002874698473573393,0.05361621465166478,0.4346427106077413,34,14,inf
random_addition,42,154,35,0.0030523717855105983,0.05524827405006059,0.3997002973572481,35,14,inf
random_addition,42,154,36,0.003371420319604063,0.058063933035956694,0.3369540942066137,36,14,inf
random_addition,42,154,37,0.003223333550395657,0.05677440929147266,0.36607782151372514,37,14,inf
random_addition,42,154,38,0.0035462915562799622,0.05955074773904995,0.30256275568238056,38,14,inf
random_addition,42,154,39,0.0032242813518113234,0.0567827557609819,0.3658914205940569,39,14,inf
random_addition,42,154,40,0.003476889218280926,0.058965152575745326,0.3162118802946906,40,14,inf
random_addition,42,154,41,0.004768315625553717,0.06905299143088384,0.062231388157107825,41,14,inf
random_addition,42,154,42,0.005295823898339756,0.07277241165675187,-0.041511891347121965,42,14,inf
random_addition,42,154,43,0.005226289125169555,0.07229307798931758,-0.027836721154700372,43,14,inf
random_addition,42,154,44,0.00514726808027917,0.07174446376048238,-0.012295917778324394,44,14,inf
random_addition,42,154,45,0.006020432123661814,0.07759144362403508,-0.18401815623207285,45,14,inf
random_addition,42,154,46,0.005920773998218693,0.0769465658637128,-0.16441872756698572,46,14,inf
random_addition,42,154,47,0.006298522060994026,0.07936322864522351,-0.23870916978452028,47,14,inf
random_addition,42,154,48,0.0061903028401559855,0.07867847761717295,-0.2174260592546413,48,14,inf
random_addition,42,154,49,0.006168373444796876,0.07853899314860661,-0.21311327875532649,49,14,inf
random_addition,42,154,50,0.006793213870882017,0.08242095528979276,-0.33599854579868427,50,14,inf
random_addition,42,154,51,0.006809540677432687,0.08251994108960989,-0.33920948398255746,51,14,inf
random_addition,42,154,52,0.00725571149262814,0.08518046426633363,-0.42695639900814664,52,14,inf
random_addition,42,154,53,0.006233709309004488,0.07895384290206835,-0.22596266363102102,53,14,inf
random_addition,42,154,54,0.006138269415006386,0.07834710852996674,-0.20719282037035391,54,14,inf
random_addition,42,154,55,0.0055066849867908664,0.0742070413558637,-0.08298123308884375,55,14,inf
random_addition,42,154,56,0.005556220576106908,0.0745400602099764,-0.09272323099283719,56,14,inf
random_addition,42,154,57,0.006055221959016967,0.07781530671414826,-0.19086015625245856,57,14,inf
random_addition,42,154,58,0.005913574473729135,0.07689976900959544,-0.16300282127707488,58,14,inf
random_addition,42,154,59,0.005915033830078369,0.07690925711563186,-0.16328982798662883,59,14,inf
random_addition,42,154,60,0.005892534164807204,0.07676284364721779,-0.15886489441990004,60,14,inf
random_addition,42,154,61,0.005783765380165794,0.07605107086797526,-0.13747370302342676,61,14,inf
random_addition,42,154,62,0.005192746961421206,0.07206071718642,-0.021240096516866647,62,14,inf
random_addition,42,154,63,0.005187097560448674,0.07202150762410264,-0.020129047810408585,63,14,inf
random_addition,42,154,64,0.005212364086463181,0.07219670412465641,-0.025098130582475342,64,14,inf
random_addition,42,154,65,0.005213481371864793,0.07220444149679986,-0.025317863348168768,65,14,inf
random_addition,42,154,66,0.005808791681579908,0.07621542941937615,-0.14239554163052404,66,14,inf
random_addition,42,154,67,0.005939890422361279,0.07707068458474518,-0.16817829046913957,67,14,inf
random_addition,42,154,68,0.005738661939669598,0.07575395659415815,-0.1286033609351669,68,14,inf
random_addition,42,154,69,0.00490396322580113,0.07002830303385289,0.035554030412135895,69,14,inf
random_addition,42,154,70,0.004846190082770185,0.06961458240031455,0.04691608032585959,70,14,inf
random_addition,42,154,71,0.004854857181606367,0.06967680519086941,0.04521155112046171,71,14,inf
random_addition,42,154,72,0.004920177843729222,0.07014397938333142,0.03236515598769507,72,14,inf
random_addition,42,154,73,0.004867283360657505,0.06976591833164317,0.042767736240245324,73,14,inf
random_addition,42,154,74,0.0048810002214490725,0.069864155483689,0.04007008731901707,74,14,inf
random_addition,42,154,75,0.004881524442278308,0.06986790709816852,0.03996699056998976,75,14,inf
random_addition,42,154,76,0.004914478814492855,0.07010334381820067,0.033485964918043454,76,14,inf
random_addition,42,154,77,0.004924550478198882,0.07017514145478355,0.03150520465923545,77,14,inf
random_addition,42,154,78,0.00486107040127032,0.06972137693183003,0.043989618086474724,78,14,inf
random_addition,42,154,79,0.005141345479984971,0.07170317621964156,-0.01113113987926373,79,14,inf
random_addition,42,154,80,0.005008156690101979,0.07076833112418279,0.015062651893298362,80,14,inf
random_addition,42,154,81,0.0049799365035034255,0.07056866516736324,0.020612621167700018,81,14,inf
random_addition,42,154,82,0.005006443015370387,0.07075622244983396,0.015399674544563813,82,14,inf
random_addition,42,154,83,0.0042685917953958225,0.06533446100945367,0.16051039468943296,83,14,inf
random_addition,42,154,84,0.004282829320276199,0.06544332907391096,0.1577103485113659,84,14,inf
random_addition,42,154,85,0.004243384240838297,0.06514126373381389,0.1654678797432082,85,14,inf
random_addition,42,154,86,0.0040126979893070945,0.06334586008025382,0.2108361696924571,86,14,inf
random_addition,42,154,87,0.0039293827852745,0.06268478910608617,0.22722149091833144,87,14,inf
random_addition,42,154,88,0.00395729286641264,0.0629070176245277,0.2217325090428297,88,14,inf
random_addition,42,154,89,0.003962666902357939,0.06294971725399519,0.2206756154510109,89,14,inf
random_addition,42,154,90,0.003947533158684283,0.06282939724909259,0.22365191796772665,90,14,inf
random_addition,42,154,91,0.004227271561135312,0.06501747119917317,0.16863670631944427,91,14,inf
random_addition,42,154,92,0.004229405293212916,0.06503387804223977,0.1682170724013924,92,14,inf
random_addition,42,154,93,0.0039970909668282815,0.0632225510939592,0.2139055503614974,93,14,inf
random_addition,42,154,94,0.0036693310512230376,0.060575003518143,0.27836499164254325,94,14,inf
random_addition,42,154,95,0.0036391041383820586,0.060324987678258654,0.2843096170241505,95,14,inf
random_addition,42,154,96,0.003661499929467478,0.060510329113858556,0.27990511204449986,96,14,inf
random_addition,42,154,97,0.0037074969053671873,0.0608892183014956,0.27085904135084016,97,14,inf
random_addition,42,154,98,0.0036062389845820295,0.06005196903168147,0.29077309639030036,98,14,inf
random_addition,42,154,99,0.003939678760327981,0.06276686036698013,0.22519661610053854,99,14,inf
random_addition,42,154,100,0.004051204998321568,0.06364907696362586,0.2032631256187375,100,14,inf
random_addition,42,154,101,0.004069140463885122,0.06378981473468254,0.19973581787212902,101,14,inf
random_addition,42,154,102,0.004089170893698261,0.06394662535035184,0.19579650054593944,102,14,inf
random_addition,42,154,103,0.004223689548144781,0.0649899188193429,0.16934116877820682,103,14,inf
random_addition,42,154,104,0.004166712621117482,0.06455007839745419,0.1805466295658954,104,14,inf
random_addition,42,154,105,0.004031569250759646,0.06349463954350514,0.20712482211276995,105,14,inf
random_addition,42,154,106,0.003970752483960431,0.06301390706788805,0.21908545128598034,106,14,inf
random_addition,42,154,107,0.004039479937814805,0.0635569031483977,0.20556905387069202,107,14,inf
random_addition,42,154,108,0.0041013343138191554,0.06404166076718464,0.19340436158162566,108,14,inf
random_addition,42,154,109,0.0040316200615064975,0.06349503966064197,0.20711482933391812,109,14,inf
random_addition,42,154,110,0.003610039588045159,0.06008360498542975,0.29002564447778767,110,14,inf
random_addition,42,154,111,0.0036200389040745027,0.06016675912889527,0.2880591125934544,111,14,inf
random_addition,42,154,112,0.003322532344347308,0.057641411713691644,0.3465687280296448,112,14,inf
random_addition,42,154,113,0.003001859305275542,0.054789226178835033,0.4096344171157884,113,14,inf
random_addition,42,154,114,0.002845776512955484,0.05334582001390066,0.44033069542046677,114,14,inf
random_addition,42,154,115,0.0027824258772837862,0.05274870498205417,0.45278965207066,115,14,inf
random_addition,42,154,116,0.0027747784021226836,0.052676165408300966,0.45429365531396415,116,14,inf
random_addition,42,154,117,0.0026879259263952616,0.051845211219506686,0.4713746398783123,117,14,inf
random_addition,42,154,118,0.0025678258220772853,0.050673719244567844,0.49499432384069186,118,14,inf
random_addition,42,154,119,0.002902378217751113,0.05387372474361795,0.4291990283282797,119,14,inf
random_addition,42,154,120,0.0028712783533667205,0.05358431070161042,0.4353153341566858,120,14,inf
random_addition,42,154,121,0.0028270707918096145,0.05317020586578177,0.4440094867442784,121,14,inf
random_addition,42,154,122,0.0027107525293990063,0.05206488768257362,0.46688540856627536,122,14,inf
random_addition,42,154,123,0.0026894546691164723,0.05185995245964339,0.47107398718412985,123,14,inf
random_addition,42,154,124,0.00271630829936981,0.05211821466022997,0.4657927739543134,124,14,inf
random_addition,42,154,125,0.0027138085784085856,0.05209422787995409,0.466284385676331,125,14,inf
random_addition,42,154,126,0.0024593155855477822,0.04959148702698662,0.5163346674487557,126,14,inf
random_addition,42,154,127,0.0025282820909304973,0.05028202552533557,0.5027712565726365,127,14,inf
random_addition,42,154,128,0.002532343617324996,0.0503223967764354,0.5019724898239505,128,14,inf
random_addition,42,154,129,0.002531470890760903,0.05031372467588643,0.5021441260248223,129,14,inf
random_addition,42,154,130,0.002514421375870154,0.0501440063803258,0.5054971968295334,130,14,inf
random_addition,42,154,131,0.0025116300280493948,0.05011616533663958,0.5060461618261072,131,14,inf
random_addition,42,154,132,0.0025813267061160017,0.05080675846888878,0.4923391503417336,132,14,inf
random_addition,42,154,133,0.0023352977859123166,0.04832491889193728,0.5407248313851991,133,14,inf
random_addition,42,154,134,0.002380580030247907,0.04879118803890623,0.5318193245466527,134,14,inf
random_addition,42,154,135,0.0024530073418747907,0.04952784410687377,0.5175752885353057,135,14,inf
random_addition,42,154,136,0.002429592746041793,0.04929089922127403,0.5221801584213303,136,14,inf
random_addition,42,154,137,0.0024285932426117507,0.04928075935506423,0.5223767274024396,137,14,inf
random_addition,42,154,138,0.0023726229435179296,0.048709577533765674,0.5333842180568673,138,14,inf
random_addition,42,154,139,0.0023651056564167544,0.048632351952345,0.5348626176518763,139,14,inf
random_addition,42,154,140,0.0023611071243916366,0.04859122476735523,0.5356489955096064,140,14,inf
random_addition,42,154,141,0.002543422342678752,0.050432354125885814,0.4997936741347575,141,14,inf
random_addition,42,154,142,0.002642691105360184,0.05140711142789667,0.4802708201356962,142,14,inf
random_addition,42,154,143,0.0026510313590042394,0.05148816717464547,0.47863057047598634,143,14,inf
random_addition,42,154,144,0.0025882800312780224,0.05087514158484498,0.4909716632463039,144,14,inf
random_addition,42,154,145,0.0025334847501291427,0.0503337337193372,0.5017480670697314,145,14,inf
random_addition,42,154,146,0.002547713746583475,0.05047488233352778,0.4989496981485576,146,14,inf
random_addition,42,154,147,0.002707201394754116,0.05203077353599614,0.46758379828455654,147,14,inf
random_addition,42,154,148,0.0027072491116386737,0.05203123207880699,0.46757441396520627,148,14,inf
random_addition,42,154,149,0.0026950975622418464,0.051914329064737474,0.46996421835410507,149,14,inf
random_addition,42,154,150,0.0026800483819562917,0.05176918370958047,0.47292389007342817,150,14,inf
random_addition,42,155,10,0.00962854819961681,0.0981251659851682,-0.8936142210947935,10,10,inf
random_addition,42,155,11,0.009799344713845342,0.09899163961590565,-0.9272041976469634,11,11,inf
random_addition,42,155,12,0.019101575100163234,0.13820844800576856,-2.7566425908756225,12,12,inf
random_addition,42,155,13,0.019815719180671522,0.14076831738950182,-2.897090907561099,13,13,inf
random_addition,42,155,14,0.015874150612689576,0.1259926609477297,-2.1219158615403617,14,14,inf
random_addition,42,155,15,0.016737074147802712,0.12937184449408887,-2.2916241336423444,15,14,inf
random_addition,42,155,16,0.015462077708089356,0.124346603122439,-2.0408748680175925,16,14,inf
random_addition,42,155,17,0.01606563929450685,0.12675030293654863,-2.159575297163513,17,14,inf
random_addition,42,155,18,0.01616569215518302,0.1271443752400515,-2.1792523570805167,18,14,inf
random_addition,42,155,19,0.015661821041066757,0.12514719749585587,-2.0801577181475768,19,14,inf
random_addition,42,155,20,0.016541611813667173,0.12861419755869558,-2.2531832131698093,20,14,inf
random_addition,42,155,21,0.014977109213972838,0.12238100021642591,-1.9454977438444474,21,14,inf
random_addition,42,155,22,0.015792414184700863,0.12566787252397035,-2.10584103289412,22,14,inf
random_addition,42,155,23,0.013697378049366974,0.11703579815324444,-1.6938173157844512,23,14,inf
random_addition,42,155,24,0.006506585974141994,0.0806634116197796,-0.2796284004582894,24,14,inf
random_addition,42,155,25,0.006923364768034801,0.08320675914873023,-0.36159488541575824,25,14,inf
random_addition,42,155,26,0.006927459642853925,0.08323136213503853,-0.36240021068705963,26,14,inf
random_addition,42,155,27,0.006704442420596939,0.081880659624828,-0.31854016295611576,27,14,inf
random_addition,42,155,28,0.00665619395178894,0.08158550086742705,-0.3090512987175267,28,14,inf
random_addition,42,155,29,0.006957926612459593,0.08341418711741783,-0.36839204722595276,29,14,inf
random_addition,42,155,30,0.006256556149735762,0.0790983953676417,-0.2304558750289294,30,14,inf
random_addition,42,155,31,0.0074031500726696245,0.08604156014781243,-0.4559526491298098,31,14,inf
random_addition,42,155,32,0.007236169406754206,0.08506567701931377,-0.4231131226435738,32,14,inf
random_addition,42,155,33,0.00612433778195742,0.07825814834224881,-0.20445293291092947,33,14,inf
random_addition,42,155,34,0.006294140988267842,0.07933562244205211,-0.23784755893250376,34,14,inf
random_addition,42,155,35,0.00590584513665792,0.07684949665845522,-0.16148271852697693,35,14,inf
random_addition,42,155,36,0.006194228765598523,0.07870342283280012,-0.21819815781974405,36,14,inf
random_addition,42,155,37,0.006107351277042083,0.07814954431755877,-0.20111225406635969,37,14,inf
random_addition,42,155,38,0.005876225024011144,0.07665653934277979,-0.15565743050062664,38,14,inf
random_addition,42,155,39,0.007022245157922882,0.08379883744970978,-0.38104135944254036,39,14,inf
random_addition,42,155,40,0.007344605317894227,0.0857006727972087,-0.44443884892703234,40,14,inf
random_addition,42,155,41,0.007174310377538938,0.08470130091999141,-0.41094751522315187,41,14,inf
random_addition,42,155,42,0.00713301434393053,0.08445717461489302,-0.4028259630540716,42,14,inf
random_addition,42,155,43,0.007272390096021939,0.08527830964566512,-0.43023652389506917,43,14,inf
random_addition,42,155,44,0.00746780764307451,0.08641647784464783,-0.4686686362424881,44,14,inf
random_addition,42,155,45,0.006790959304049228,0.08240727700906776,-0.33555514771535244,45,14,inf
random_addition,42,155,46,0.006857500400010659,0.08281002596310823,-0.34864156147031644,46,14,inf
random_addition,42,155,47,0.0060074630751924835,0.07750782589643761,-0.18146757704750072,47,14,inf
random_addition,42,155,48,0.005878868703199201,0.07667378106758008,-0.1561773540033946,48,14,inf
random_addition,42,155,49,0.006028844631799134,0.077645634982265,-0.18567261594018736,49,14,inf
random_addition,42,155,50,0.00575902069860882,0.07588821185539174,-0.1326072496473496,50,14,inf
random_addition,42,155,51,0.006433698387441784,0.08021033840747578,-0.26529384369486264,51,14,inf
random_addition,42,155,52,0.006353924067083154,0.0797115052365915,-0.2496048961632622,52,14,inf
random_addition,42,155,53,0.006672000514301481,0.08168231457482997,-0.3121599222545166,53,14,inf
random_addition,42,155,54,0.006686144874594908,0.08176885027071683,-0.31494164606631503,54,14,inf
random_addition,42,155,55,0.006658194151707259,0.08159775825172685,-0.3094446713144996,55,14,inf
random_addition,42,155,56,0.004988957606689515,0.07063255344874285,0.018838471116311983,56,14,inf
random_addition,42,155,57,0.005360866306675715,0.07321793705558574,-0.054303563242593,57,14,inf
random_addition,42,155,58,0.005177533673098748,0.07195508094011673,-0.01824815022135251,58,14,inf
random_addition,42,155,59,0.00510499196874763,0.07144922650909266,-0.003981616977306812,59,14,inf
random_addition,42,155,60,0.005191841633545628,0.07205443521078789,-0.021062048725610127,60,14,inf
random_addition,42,155,61,0.005013280326284885,0.07080452193387711,0.014055003581369796,61,14,inf
random_addition,42,155,62,0.005030107115590182,0.07092324806147969,0.010745735469158912,62,14,inf
random_addition,42,155,63,0.004904785613955916,0.0700341746146545,0.035392294097078114,63,14,inf
random_addition,42,155,64,0.005297120420597655,0.07278131917324428,-0.041766874023079215,64,14,inf
random_addition,42,155,65,0.004911454607157605,0.07008177086202663,0.034080725612890106,65,14,inf
random_addition,42,155,66,0.004909680988160612,0.07006911579405446,0.03442953730141063,66,14,inf
random_addition,42,155,67,0.004999161002447179,0.07070474526117168,0.016831803557547542,67,14,inf
random_addition,42,155,68,0.004868619025046055,0.06977549014550923,0.04250505561297602,68,14,inf
random_addition,42,155,69,0.004879408602824465,0.06985276374506928,0.040383105605848346,69,14,inf
random_addition,42,155,70,0.004976454054853272,0.07054398666685398,0.021297502642191213,70,14,inf
random_addition,42,155,71,0.005153434936829627,0.07178742882169292,-0.013508732734567097,71,14,inf
random_addition,42,155,72,0.004860358646856649,0.06971627246817381,0.04412959643541292,72,14,inf
random_addition,42,155,73,0.004882499612544123,0.06987488542061535,0.039775207110525845,73,14,inf
random_addition,42,155,74,0.0050565578007995046,0.07110947757366456,0.0055437680871950334,74,14,inf
random_addition,42,155,75,0.005024398372533896,0.07088299071380874,0.011868454783830806,75,14,inf
random_addition,42,155,76,0.005058607672724707,0.07112388960626877,0.005140626663533543,76,14,inf
random_addition,42,155,77,0.00490366247849795,0.0700261556741333,0.035613177373697624,77,14,inf
random_addition,42,155,78,0.004779579752159248,0.06913450478711226,0.0600161102267035,78,14,inf
random_addition,42,155,79,0.004798827688794685,0.06927357135874175,0.05623068320448166,79,14,inf
random_addition,42,155,80,0.004904646553817196,0.07003318180560694,0.035419642587297906,80,14,inf
random_addition,42,155,81,0.0049043081003246275,0.07003076538439822,0.03548620509842826,81,14,inf
random_addition,42,155,82,0.00521647650869478,0.0722251791876959,-0.025906906844426647,82,14,inf
random_addition,42,155,83,0.005384197005529894,0.073377087742223,-0.05889193339169929,83,14,inf
random_addition,42,155,84,0.0054734197693969,0.07398256395527868,-0.07643907455994614,84,14,inf
random_addition,42,155,85,0.005417547979057382,0.07360399431455729,-0.06545095729122341,85,14,inf
random_addition,42,155,86,0.005295869678955514,0.07277272620257891,-0.04152089486699362,86,14,inf
random_addition,42,155,87,0.00508371696221019,0.07130018907555709,0.00020246707129212282,87,14,inf
random_addition,42,155,88,0.0052774799592210705,0.07264626596887874,-0.0379042504789564,88,14,inf
random_addition,42,155,89,0.005320817518433109,0.0729439340756523,-0.04642730262867922,89,14,inf
random_addition,42,155,90,0.0048936014078697024,0.06995428084020093,0.0375918543274929,90,14,inf
random_addition,42,155,91,0.004932585169725846,0.07023236554271717,0.02992504887436087,91,14,inf
random_addition,42,155,92,0.004757237707403503,0.06897273162202222,0.06441004509629245,92,14,inf
random_addition,42,155,93,0.004697326847065017,0.06853704725960272,0.07619251268984895,93,14,inf
random_addition,42,155,94,0.0043383074624805526,0.06586582924764975,0.14679964869867101,94,14,inf
random_addition,42,155,95,0.004333543690720492,0.06582965662010164,0.14773652368375545,95,14,inf
random_addition,42,155,96,0.004321658460279712,0.06573932202479511,0.15007395201843887,96,14,inf
random_addition,42,155,97,0.0042853234812622945,0.06546238218444464,0.15721983025097452,97,14,inf
random_addition,42,155,98,0.004197380894327952,0.06478719699391193,0.17451520332345538,98,14,inf
random_addition,42,155,99,0.004590911400844168,0.06775626466124124,0.09712088092671012,99,14,inf
random_addition,42,155,100,0.004561679265058247,0.06754020480468094,0.10286986684749488,100,14,inf
random_addition,42,155,101,0.004783291203334714,0.06916134182717043,0.059286191595040894,101,14,inf
random_addition,42,155,102,0.004865565119625351,0.0697536029150133,0.04310565693049895,102,14,inf
random_addition,42,155,103,0.004861232307586435,0.0697225380173903,0.043957776515313296,103,14,inf
random_addition,42,155,104,0.00486284756734354,0.06973412053896959,0.04364010880639135,104,14,inf
random_addition,42,155,105,0.0049166605052060035,0.07011890262408564,0.033056899136286955,105,14,inf
random_addition,42,155,106,0.0049355306980057604,0.07025333229111456,0.029345761724953956,106,14,inf
random_addition,42,155,107,0.0049669723547658435,0.07047675045549308,0.023162236738493047,107,14,inf
random_addition,42,155,108,0.004888705834639055,0.06991928085041389,0.03855465026492544,108,14,inf
random_addition,42,155,109,0.004702404313881447,0.06857407902320999,0.07519394435208937,109,14,inf
random_addition,42,155,110,0.004616566206058757,0.06794531776405757,0.09207543658903783,110,14,inf
random_addition,42,155,111,0.004630461435253352,0.06804749396747357,0.08934270855332993,111,14,inf
random_addition,42,155,112,0.004555824564734092,0.06749684855409245,0.10402129108760094,112,14,inf
random_addition,42,155,113,0.004537015416450747,0.06735737091403396,0.10772042307900953,113,14,inf
random_addition,42,155,114,0.0037230382931273827,0.061016705033354456,0.2678025688413681,114,14,inf
random_addition,42,155,115,0.003904833870823357,0.06248866993962471,0.23204944343551093,115,14,inf
random_addition,42,155,116,0.003931138024074152,0.06269878805905384,0.2268762940014618,116,14,inf
random_addition,42,155,117,0.0037360448383939905,0.06112319394791138,0.2652446152876702,117,14,inf
random_addition,42,155,118,0.003758102119961193,0.06130336140833709,0.260906683837526,118,14,inf
random_addition,42,155,119,0.003376582745042393,0.05810837069684877,0.33593881734215836,119,14,inf
random_addition,42,155,120,0.0033818373264481614,0.05815356675603107,0.33490541647324445,120,14,inf
random_addition,42,155,121,0.0033789383152587013,0.058128635931515724,0.33547555526277595,121,14,inf
random_addition,42,155,122,0.0034118182116836342,0.058410771366963085,0.32900917651412354,122,14,inf
random_addition,42,155,123,0.003412820154787699,0.058419347435483215,0.3288121277305218,123,14,inf
random_addition,42,155,124,0.0034351226158904615,0.05860991909131475,0.32442597764495806,124,14,inf
random_addition,42,155,125,0.0033952846214072513,0.058269070881619964,0.3322607821585092,125,14,inf
random_addition,42,155,126,0.0034460160555571774,0.05870277723887667,0.3222836014692484,126,14,inf
random_addition,42,155,127,0.003425636455939858,0.05852893691106868,0.3262915888475646,127,14,inf
random_addition,42,155,128,0.0027766541823887867,0.05269396722954903,0.4539247519119244,128,14,inf
random_addition,42,155,129,0.0027152755180386624,0.05210830565311697,0.4659958875884146,129,14,inf
random_addition,42,155,130,0.0027671861583452107,0.05260405077886313,0.4557867963866352,130,14,inf
random_addition,42,155,131,0.0026164925602826647,0.05115166234134199,0.48542319996516603,131,14,inf
random_addition,42,155,132,0.00262628647759775,0.051247307027762444,0.48349706315579644,132,14,inf
random_addition,42,155,133,0.002608403474088962,0.0510725315026479,0.48701405336637416,133,14,inf
random_addition,42,155,134,0.002620051550516319,0.051186439127139126,0.4847232653146386,134,14,inf
random_addition,42,155,135,0.0025864324483716892,0.050856980330842384,0.4913350211683448,135,14,inf
random_addition,42,155,136,0.0025398884183334383,0.05039730566541666,0.5004886791612501,136,14,inf
random_addition,42,155,137,0.0026168788510529816,0.0511554381376309,0.4853472294573611,137,14,inf
random_addition,42,155,138,0.0026072723280856974,0.05106145638429928,0.48723651205002094,138,14,inf
random_addition,42,155,139,0.002638312616166239,0.051364507358352414,0.48113192289310813,139,14,inf
random_addition,42,155,140,0.0026509518350027834,0.051487394913733824,0.47864621019414055,140,14,inf
random_addition,42,155,141,0.002652658877372404,0.051503969530244983,0.4783104919072182,141,14,inf
random_addition,42,155,142,0.00266724401523548,0.05164536780036986,0.47544208185187375,142,14,inf
random_addition,42,155,143,0.002639242513078623,0.051373558501223396,0.48094904319193865,143,14,inf
random_addition,42,155,144,0.00270136171046767,0.05197462564047643,0.46873226937098234,144,14,inf
random_addition,42,155,145,0.002700754515101878,0.05196878404486561,0.46885168444330794,145,14,inf
random_addition,42,155,146,0.0026809238199597,0.05177763822307561,0.47275172062289705,146,14,inf
random_addition,42,155,147,0.002772910266238292,0.05265843015356888,0.4546610553211389,147,14,inf
random_addition,42,155,148,0.0027078382418718695,0.05203689308434804,0.46745855170180695,148,14,inf
random_addition,42,155,149,0.0026814166595488776,0.05178239719778216,0.47265479551690626,149,14,inf
random_addition,42,155,150,0.0026800483819562917,0.05176918370958047,0.47292389007342817,150,14,inf
random_addition,42,156,10,0.00962854819961681,0.0981251659851682,-0.8936142210947935,10,10,inf
random_addition,42,156,11,0.007392142574844533,0.0859775701845809,-0.45378784151934437,11,11,inf
random_addition,42,156,12,0.005779901082913262,0.07602566068712104,-0.13671372466737264,12,12,inf
random_addition,42,156,13,0.005459011082676933,0.07388512084768444,-0.07360536655801542,13,13,inf
random_addition,42,156,14,0.0035975614564728287,0.05997967536151583,0.292479676685779,14,14,inf
random_addition,42,156,15,0.014278082726148642,0.11949093156448586,-1.8080225533148386,15,14,inf
random_addition,42,156,16,0.011287193810583504,0.10624120580350876,-1.2198144801128654,16,14,inf
random_addition,42,156,17,0.006619651779391627,0.0813612424892321,-0.3018646724591667,17,14,inf
random_addition,42,156,18,0.006188007596402352,0.07866389004112594,-0.21697466137796728,18,14,inf
random_addition,42,156,19,0.006049500844115941,0.07777853716878418,-0.18973500380865294,19,14,inf
random_addition,42,156,20,0.005550556468821926,0.07450205680933866,-0.09160929004532492,20,14,inf
random_addition,42,156,21,0.0051390458103483735,0.07168713838861454,-0.01067887157905889,21,14,inf
random_addition,42,156,22,0.0034328976318911894,0.05859093472450486,0.32486355777182474,22,14,inf
random_addition,42,156,23,0.003350334281998895,0.05788207219855639,0.3411010143702655,23,14,inf
random_addition,42,156,24,0.003366328532385792,0.05802007008256533,0.3379554788896846,24,14,inf
random_addition,42,156,25,0.0035073720663688864,0.059223070389577796,0.3102169209880392,25,14,inf
random_addition,42,156,26,0.0030960996137042564,0.05564260610093902,0.3911004923182707,26,14,inf
random_addition,42,156,27,0.0031822208402630114,0.05641117655450036,0.37416332007082065,27,14,inf
random_addition,42,156,28,0.0033291091209194357,0.057698432568999966,0.34527529548013125,28,14,inf
random_addition,42,156,29,0.003539461508312653,0.059493373650455,0.3039059982661557,29,14,inf
random_addition,42,156,30,0.003545744800747864,0.05954615689318551,0.3026702842557002,30,14,inf
random_addition,42,156,31,0.003577281214845731,0.05981037715017128,0.2964681236620157,31,14,inf
random_addition,42,156,32,0.00414898198183779,0.0644125917956869,0.1840336548155027,32,14,inf
random_addition,42,156,33,0.004844250093555751,0.06960064722081075,0.04729761148601608,33,14,inf
random_addition,42,156,34,0.005320801769502902,0.07294382612327724,-0.046424205339494096,34,14,inf
random_addition,42,156,35,0.005028149583524452,0.07090944636312183,0.01113071672293342,35,14,inf
random_addition,42,156,36,0.004704565529517075,0.06858983546792538,0.07476890533502967,36,14,inf
random_addition,42,156,37,0.0046828783233961255,0.06843155941081662,0.07903405529066665,37,14,inf
random_addition,42,156,38,0.003983516184327375,0.06311510266431779,0.2165752572227051,38,14,inf
random_addition,42,156,39,0.0037889039490411162,0.06155407337488816,0.25484899161100794,39,14,inf
random_addition,42,156,40,0.002956467936490327,0.05437341203649378,0.41856138509316876,40,14,inf
random_addition,42,156,41,0.0029591066191456223,0.0543976710820015,0.41804244424170967,41,14,inf
random_addition,42,156,42,0.0031701239293830162,0.056303853592653996,0.37654237888620745,42,14,inf
random_addition,42,156,43,0.003219569810287662,0.05674125316106141,0.3668180236340499,43,14,inf
random_addition,42,156,44,0.003042797399033132,0.0551615572571436,0.40158325977443876,44,14,inf
random_addition,42,156,45,0.0030301542619505873,0.05504683698406828,0.4040697430616814,45,14,inf
random_addition,42,156,46,0.0028236720091922387,0.053138234908512334,0.44467791390123323,46,14,inf
random_addition,42,156,47,0.002866985354939325,0.05354423736443844,0.43615962373230177,47,14,inf
random_addition,42,156,48,0.002352292065285801,0.04850043366080144,0.5373826235640691,48,14,inf
random_addition,42,156,49,0.0023125081059909144,0.04808854443618474,0.5452068011586987,49,14,inf
random_addition,42,156,50,0.0021360865236850672,0.046217816085196706,0.5799030409485866,50,14,inf
random_addition,42,156,51,0.003935286306057771,0.0627318603745957,0.22606046532257495,51,14,inf
random_addition,42,156,52,0.004054691357535362,0.06367645842487914,0.2025774750668352,52,14,inf
random_addition,42,156,53,0.003867627950395876,0.06219025607276333,0.23936660678867394,53,14,inf
random_addition,42,156,54,0.0038549146852512846,0.062087959261448465,0.24186688192623873,54,14,inf
random_addition,42,156,55,0.00383088078946917,0.061894109489265374,0.2465935474523181,55,14,inf
random_addition,42,156,56,0.003910005573862264,0.06253003737294793,0.23103234197652422,56,14,inf
random_addition,42,156,57,0.003926222370204611,0.06265957524755982,0.22784303913067172,57,14,inf
random_addition,42,156,58,0.0033976202460430675,0.05828910915465313,0.33180144270942213,58,14,inf
random_addition,42,156,59,0.002701972240039688,0.05198049865131815,0.4686121985715218,59,14,inf
random_addition,42,156,60,0.00236333780929847,0.048614172926199926,0.5352102942044056,60,14,inf
random_addition,42,156,61,0.00238034969373484,0.048788827550319755,0.5318646240547134,61,14,inf
random_addition,42,156,62,0.002378638120107115,0.048771283765214904,0.5322012334889413,62,14,inf
random_addition,42,156,63,0.0026895157382480672,0.0518605412452287,0.47106197692322027,63,14,inf
random_addition,42,156,64,0.0026910991425485877,0.051875804982174374,0.47075057411990595,64,14,inf
random_addition,42,156,65,0.0028222855074507215,0.05312518712861839,0.4449505925398898,65,14,inf
random_addition,42,156,66,0.0027256185170953457,0.052207456527735056,0.4639617647179194,66,14,inf
random_addition,42,156,67,0.0028422567656526125,0.05331281989965089,0.44102291229565915,67,14,inf
random_addition,42,156,68,0.0028491032356950793,0.05337699163211691,0.43967644003754336,68,14,inf
random_addition,42,156,69,0.0028139130568886916,0.05304632934415624,0.44659717425927126,69,14,inf
random_addition,42,156,70,0.0028862606206587374,0.053723929683696235,0.43236882199096427,70,14,inf
random_addition,42,156,71,0.002780894006049862,0.05273418251997334,0.4530909200389256,71,14,inf
random_addition,42,156,72,0.00252015673155877,0.05020116265146426,0.5043692436978836,72,14,inf
random_addition,42,156,73,0.0023832666976264577,0.048818712576495275,0.5312909467009066,73,14,inf
random_addition,42,156,74,0.0023394886968036506,0.048368261254707626,0.5399006190222713,74,14,inf
random_addition,42,156,75,0.0025247746299598968,0.05024713553984841,0.503461057136145,75,14,inf
random_addition,42,156,76,0.0025864651879242907,0.05085730220847633,0.49132858239054433,76,14,inf
random_addition,42,156,77,0.0025983637642941807,0.05097414799968883,0.48898852935682713,77,14,inf
random_addition,42,156,78,0.0026507700134190343,0.051485629193193654,0.4786819684340694,78,14,inf
random_addition,42,156,79,0.0029091258516553394,0.05393631292232849,0.42787199384136776,79,14,inf
random_addition,42,156,80,0.0030884176006170773,0.055573533274546054,0.3926112880194438,80,14,inf
random_addition,42,156,81,0.0028426530739602022,0.05331653659006934,0.44094497167245905,81,14,inf
random_addition,42,156,82,0.0027349679290674675,0.052296920837344406,0.4621230472807477,82,14,inf
random_addition,42,156,83,0.0027679912146666243,0.052611702259731385,0.4556284686650093,83,14,inf
random_addition,42,156,84,0.0027528019558318685,0.052467151207511435,0.4586156891619194,84,14,inf
random_addition,42,156,85,0.002844506221863686,0.0533339124934941,0.44058051930112774,85,14,inf
random_addition,42,156,86,0.0028377490445265067,0.05327052697811902,0.4419094306629311,86,14,inf
random_addition,42,156,87,0.0030351637276897457,0.05509232004272234,0.40308454826729545,87,14,inf
random_addition,42,156,88,0.003075826258109427,0.055460132150125886,0.3950875850416793,88,14,inf
random_addition,42,156,89,0.003046178848695278,0.05519219916523782,0.40091824143154764,89,14,inf
random_addition,42,156,90,0.003099461356449079,0.05567280625627811,0.3904393496685915,90,14,inf
random_addition,42,156,91,0.003048985188383278,0.055217616648885505,0.40036632803481875,91,14,inf
random_addition,42,156,92,0.0032481786145118117,0.05699279440869531,0.36119162623703394,92,14,inf
random_addition,42,156,93,0.0032347102367348652,0.0568745130681122,0.36384040683871566,93,14,inf
random_addition,42,156,94,0.0036824931350414093,0.06068354913023306,0.27577644884450203,94,14,inf
random_addition,42,156,95,0.0036887576437248347,0.06073514339922838,0.2745444289713941,95,14,inf
random_addition,42,156,96,0.003619645382806065,0.060163488785193175,0.2881365050990292,96,14,inf
random_addition,42,156,97,0.0035251499972524672,0.05937297362649497,0.3067205950576015,97,14,inf
random_addition,42,156,98,0.0035131658079462303,0.059271964772109845,0.30907748529983825,98,14,inf
random_addition,42,156,99,0.0031328056543669194,0.0559714717902515,0.38388163863878577,99,14,inf
random_addition,42,156,100,0.0031323394607275894,0.05596730707053529,0.3839733233753543,100,14,inf
random_addition,42,156,101,0.0030719957065143237,0.05542558711023568,0.3958409267526771,101,14,inf
random_addition,42,156,102,0.0030732973223294357,0.055437327878690504,0.3955849423439377,102,14,inf
random_addition,42,156,103,0.003028490652543502,0.05503172405570719,0.4043969195338031,103,14,inf
random_addition,42,156,104,0.0027885577094774495,0.052806796053893004,0.4515837252369812,104,14,inf
random_addition,42,156,105,0.002802616728655154,0.05293974620882833,0.44881878517565355,105,14,inf
random_addition,42,156,106,0.002858744039391436,0.053467223973116804,0.437780415569085,106,14,inf
random_addition,42,156,107,0.002701311101015277,0.05197413877127044,0.46874222256192943,107,14,inf
random_addition,42,156,108,0.0026563143114065085,0.05153944422873134,0.47759158997852136,108,14,inf
random_addition,42,156,109,0.0029623144422917577,0.054427148026437666,0.4174115724423121,109,14,inf
random_addition,42,156,110,0.0029017051249209426,0.053867477432314785,0.4293314032334994,110,14,inf
random_addition,42,156,111,0.002928319733960454,0.05411395138003188,0.42409719750266006,111,14,inf
random_addition,42,156,112,0.0029261084488724897,0.05409351577474411,0.4245320835106702,112,14,inf
random_addition,42,156,113,0.0030286637087814923,0.05503329636485073,0.40436288514497165,113,14,inf
random_addition,42,156,114,0.0030094214792690116,0.0548581942764161,0.40814718976649844,114,14,inf
random_addition,42,156,115,0.003315017705273756,0.0575761904373132,0.3480466068459589,115,14,inf
random_addition,42,156,116,0.003157021670066052,0.05618737998933614,0.3791191562005759,116,14,inf
random_addition,42,156,117,0.0031662105718664375,0.05626909073253661,0.37731200575954194,117,14,inf
random_addition,42,156,118,0.003173993400014926,0.056338205509360396,0.37578138309901443,118,14,inf
random_addition,42,156,119,0.0033530336890202767,0.05790538566506812,0.34057013106177103,119,14,inf
random_addition,42,156,120,0.003353619921761505,0.05791044743188836,0.340454838638381,120,14,inf
random_addition,42,156,121,0.0033552976086414733,0.05792493080394204,0.34012489359696985,121,14,inf
random_addition,42,156,122,0.003351273672996273,0.05789018632718566,0.3409162674993018,122,14,inf
random_addition,42,156,123,0.003381778669172311,0.0581530624229912,0.334916952402589,123,14,inf
random_addition,42,156,124,0.00338727890014794,0.058200334192751335,0.3338352404581889,124,14,inf
random_addition,42,156,125,0.0033194592187907267,0.057614748274992286,0.3471731093067083,125,14,inf
random_addition,42,156,126,0.0033196686038129614,0.05761656535939088,0.34713193025794964,126,14,inf
random_addition,42,156,127,0.003320990955360228,0.05762803966265231,0.3468718678224424,127,14,inf
random_addition,42,156,128,0.0033764282199459407,0.05810704105309391,0.33596920727365087,128,14,inf
random_addition,42,156,129,0.0034117789643425796,0.058410435406206135,0.329016895156812,129,14,inf
random_addition,42,156,130,0.0034225955008423147,0.05850295292412439,0.32688964326854664,130,14,inf
random_addition,42,156,131,0.0034225120741610193,0.05850223990721227,0.3269060505136312,131,14,inf
random_addition,42,156,132,0.003353786855463512,0.05791188872298599,0.34042200834812886,132,14,inf
random_addition,42,156,133,0.0032046705821963855,0.05660980994665488,0.36974820475918546,133,14,inf
random_addition,42,156,134,0.0032081366244586093,0.05664041511552161,0.36906654987388066,134,14,inf
random_addition,42,156,135,0.003209941018357816,0.056656341378153036,0.3687116857887498,135,14,inf
random_addition,42,156,136,0.003096667051964704,0.055647704822074234,0.39098889614226373,136,14,inf
random_addition,42,156,137,0.0030664492422888866,0.05537552927321676,0.3969317312349665,137,14,inf
random_addition,42,156,138,0.0032895319196660534,0.05735444115032465,0.3530588106654754,138,14,inf
random_addition,42,156,139,0.0031008554696882536,0.05568532544295897,0.3901651741022666,139,14,inf
random_addition,42,156,140,0.0030447391423402224,0.05517915496217953,0.4012013836427736,140,14,inf
random_addition,42,156,141,0.0027972457831388544,0.05288899491518868,0.44987507098318524,141,14,inf
random_addition,42,156,142,0.0027963006613767934,0.05288005920360522,0.450060944904383,142,14,inf
random_addition,42,156,143,0.0026639453834222766,0.05161342251219422,0.4760908126866933,143,14,inf
random_addition,42,156,144,0.0026588017401200444,0.051563569893094525,0.4771023957315529,144,14,inf
random_addition,42,156,145,0.002672649675864458,0.05169767572980877,0.47437896873977936,145,14,inf
random_addition,42,156,146,0.002656514835339488,0.05154138953636667,0.4775521536104119,146,14,inf
random_addition,42,156,147,0.00272224757360915,0.052175162420534445,0.46462471684648865,147,14,inf
random_addition,42,156,148,0.0026461063293260747,0.05144031813010175,0.47959915951397425,148,14,inf
random_addition,42,156,149,0.0026658239214743277,0.05163161745940493,0.47572136692015776,149,14,inf
random_addition,42,156,150,0.0026800483819562917,0.05176918370958047,0.47292389007342817,150,14,inf
random_addition,42,157,10,0.00962854819961681,0.0981251659851682,-0.8936142210947935,10,10,inf
random_addition,42,157,11,0.015358446090800823,0.12392919789460764,-2.0204939860627795,11,11,inf
random_addition,42,157,12,0.009048930411024347,0.09512586615124377,-0.7796227382124743,12,12,inf
random_addition,42,157,13,0.009073268005271824,0.09525370336775271,-0.7844091310952654,13,13,inf
random_addition,42,157,14,0.010510080221254412,0.1025186823035412,-1.0669821617143191,14,14,inf
random_addition,42,157,15,0.003973791006518319,0.06303801239346239,0.21848787526439872,15,14,inf
random_addition,42,157,16,0.004125541440694214,0.06423037786510534,0.18864362727857886,16,14,inf
random_addition,42,157,17,0.0047165680695326765,0.06867727476780566,0.0724084061204433,17,14,inf
random_addition,42,157,18,0.004860203483780107,0.06971515964107165,0.04416011183630608,18,14,inf
random_addition,42,157,19,0.003795308299654205,0.061606073561412796,0.2535894694954822,19,14,inf
random_addition,42,157,20,0.00431327587712064,0.06567553484457238,0.15172252648163365,20,14,inf
random_addition,42,157,21,0.003583424663147196,0.05986171283171904,0.2952599123274473,21,14,inf
random_addition,42,157,22,0.0035781702157557556,0.05981780851682679,0.2962932868402136,22,14,inf
random_addition,42,157,23,0.0032882778336591734,0.05734350733656927,0.3533054475465369,23,14,inf
random_addition,42,157,24,0.003234745570991316,0.05687482370074932,0.3638334577692277,24,14,inf
random_addition,42,157,25,0.0031867338587531504,0.05645116348449472,0.37327575988876427,25,14,inf
random_addition,42,157,26,0.003123869863008568,0.05589159027088573,0.38563901069967277,26,14,inf
random_addition,42,157,27,0.0031202026286813655,0.055858773963284994,0.38636023335236236,27,14,inf
random_addition,42,157,28,0.0023149220463336575,0.04811363680219629,0.5447320596226825,28,14,inf
random_addition,42,157,29,0.0023741104477140837,0.04872484425541126,0.5330916756048403,29,14,inf
random_addition,42,157,30,0.0022085780591964655,0.046995511053679,0.5656463742416737,30,14,inf
random_addition,42,157,31,0.0024756900699620765,0.049756306836039155,0.5131143526196481,31,14,inf
random_addition,42,157,32,0.0017604414261090536,0.041957614637977855,0.6537799000666402,32,14,inf
random_addition,42,157,33,0.0019205745436626886,0.04382436016261605,0.6222870579079569,33,14,inf
random_addition,42,157,34,0.0018522063272974755,0.0430372667266112,0.6357328052933421,34,14,inf
random_addition,42,157,35,0.002163583175631918,0.046514333012867316,0.5744953668029533,35,14,inf
random_addition,42,157,36,0.0022373848873158127,0.04730100302653013,0.5599810321505785,36,14,inf
random_addition,42,157,37,0.002108920213660425,0.04592298132373839,0.5852457478583759,37,14,inf
random_addition,42,157,38,0.0030429630219882394,0.0551630584901548,0.40155068726437504,38,14,inf
random_addition,42,157,39,0.003316303905370016,0.05758735890254055,0.347793654194847,39,14,inf
random_addition,42,157,40,0.0038008084995249936,0.06165069747800907,0.2525077636683667,40,14,inf
random_addition,42,157,41,0.0036969029170264857,0.06080216210815604,0.2729425254404626,41,14,inf
random_addition,42,157,42,0.004229874285424355,0.06503748369536105,0.1681248372790508,42,14,inf
random_addition,42,157,43,0.005405835372637555,0.07352438624454852,-0.06314747834269907,43,14,inf
random_addition,42,157,44,0.005934459813382876,0.0770354451754702,-0.167110270848994,44,14,inf
random_addition,42,157,45,0.005667947712184609,0.07528577363741844,-0.11469623142579422,45,14,inf
random_addition,42,157,46,0.00571469277826662,0.07559558702904966,-0.12388942650191548,46,14,inf
random_addition,42,157,47,0.006466464439603638,0.08041432981504999,-0.27173783307482857,47,14,inf
random_addition,42,157,48,0.007550416681716484,0.0868931336856744,-0.48491507829380764,48,14,inf
random_addition,42,157,49,0.0075446625684203504,0.08686001708738234,-0.4837834361665154,49,14,inf
random_addition,42,157,50,0.007471794790802388,0.08643954413809914,-0.46945277518873296,50,14,inf
random_addition,42,157,51,0.007493451288406533,0.08656472311748321,-0.47371188580355494,51,14,inf
random_addition,42,157,52,0.007504541837023223,0.08662875871801017,-0.47589302673414147,52,14,inf
random_addition,42,157,53,0.0074453952693297,0.08628670389654307,-0.46426087000693506,53,14,inf
random_addition,42,157,54,0.00642370655044742,0.08014802898666579,-0.26332878268720816,54,14,inf
random_addition,42,157,55,0.0063938712011475845,0.07996168583232588,-0.25746116479152703,55,14,inf
random_addition,42,157,56,0.006603713930965552,0.08126323849666313,-0.2987302293627019,56,14,inf
random_addition,42,157,57,0.007412826773945098,0.08609777450053571,-0.4578557334545319,57,14,inf
random_addition,42,157,58,0.007412383304637125,0.08609519908007139,-0.45776851783585437,58,14,inf
random_addition,42,157,59,0.00745386642706599,0.08633577721353987,-0.46592686413460793,59,14,inf
random_addition,42,157,60,0.0068994681405961916,0.08306303715008374,-0.35689521599355434,60,14,inf
random_addition,42,157,61,0.006844212541930411,0.08272975608528295,-0.3460282830708119,61,14,inf
random_addition,42,157,62,0.006258002968595138,0.07910754052930187,-0.23074041603248086,62,14,inf
random_addition,42,157,63,0.006255125600394064,0.0790893520038827,-0.23017453369675178,63,14,inf
random_addition,42,157,64,0.006234847307578053,0.07896104930646536,-0.22618646998664316,64,14,inf
random_addition,42,157,65,0.0038064089643771344,0.06169610169514063,0.25140633906427345,65,14,inf
random_addition,42,157,66,0.00416169842095665,0.0645112270923182,0.18153275546308356,66,14,inf
random_addition,42,157,67,0.004178461599008809,0.06464102102387313,0.17823599756228425,67,14,inf
random_addition,42,157,68,0.004059622387069144,0.06371516606797116,0.2016077060574034,68,14,inf
random_addition,42,157,69,0.0035218059508624806,0.059344805592928526,0.3073782574246374,69,14,inf
random_addition,42,157,70,0.00322758671369103,0.05681185363716827,0.36524136617967207,70,14,inf
random_addition,42,157,71,0.003230435935639832,0.05683692405153389,0.36468101927280183,71,14,inf
random_addition,42,157,72,0.003020525595704477,0.05495930854463579,0.4059633804985835,72,14,inf
random_addition,42,157,73,0.003231379435423524,0.05684522350579267,0.36449546434063973,73,14,inf
random_addition,42,157,74,0.0029066220412482203,0.05391309712164773,0.42836440982096835,74,14,inf
random_addition,42,157,75,0.0028780132095758693,0.05364711743957796,0.43399081261612993,75,14,inf
random_addition,42,157,76,0.002892292557317691,0.053780038651136085,0.4311825412764333,76,14,inf
random_addition,42,157,77,0.002518333820183717,0.05018300329975994,0.5047277495527676,77,14,inf
random_addition,42,157,78,0.0024583187964953065,0.04958143600678894,0.5165307026023498,78,14,inf
random_addition,42,157,79,0.0025052517134616903,0.05005248958305361,0.5073005635240053,79,14,inf
random_addition,42,157,80,0.0025067157342895997,0.05006711230228482,0.5070126394671035,80,14,inf
random_addition,42,157,81,0.002500976595318286,0.05000976499963068,0.5081413366442493,81,14,inf
random_addition,42,157,82,0.0026038392849217417,0.051027828534259044,0.4879116771135512,82,14,inf
random_addition,42,157,83,0.0026922968031884162,0.051887347235992094,0.4705150342261849,83,14,inf
random_addition,42,157,84,0.0026723514601859504,0.051694791422211485,0.4744376178152234,84,14,inf
random_addition,42,157,85,0.002687357049079829,0.051839724623881145,0.47148651906842776,85,14,inf
random_addition,42,157,86,0.0026397382625450902,0.05137838322237369,0.4808515458101589,86,14,inf
random_addition,42,157,87,0.002765451904721033,0.05258756416417319,0.4561278662195576,87,14,inf
random_addition,42,157,88,0.002863435455631226,0.05351107787768086,0.4368577705010471,88,14,inf
random_addition,42,157,89,0.00283267465104403,0.053222877139854345,0.44290739457842887,89,14,inf
random_addition,42,157,90,0.002837554704217519,0.05326870285840945,0.441947650918488,90,14,inf
random_addition,42,157,91,0.003163457595089021,0.056244622810443144,0.3778534244519537,91,14,inf
random_addition,42,157,92,0.003202869879501131,0.05659390320079656,0.370102342907638,92,14,inf
random_addition,42,157,93,0.0033076453353310387,0.05751213207081649,0.34949650607035665,93,14,inf
random_addition,42,157,94,0.0033426700963295414,0.057815829115645666,0.3426083040130776,94,14,inf
random_addition,42,157,95,0.003258605296805507,0.05708419480736771,0.3591410456655034,95,14,inf
random_addition,42,157,96,0.003190495122840052,0.056484467978728914,0.3725360447191882,96,14,inf
random_addition,42,157,97,0.003116518989981363,0.05582579144070743,0.38708468219792946,97,14,inf
random_addition,42,157,98,0.002846642573583314,0.053353936814290605,0.44016037018688126,98,14,inf
random_addition,42,157,99,0.003002498601742905,0.05479506001222104,0.40950868882768143,99,14,inf
random_addition,42,157,100,0.0032536373918546566,0.057040664370733414,0.36011806683930325,100,14,inf
random_addition,42,157,101,0.003252341962148772,0.057029307922758204,0.3603728346467272,101,14,inf
random_addition,42,157,102,0.0032257896864955698,0.05679603583433944,0.3655947814799303,102,14,inf
random_addition,42,157,103,0.003222174496811521,0.056764200838305835,0.3663057686875284,103,14,inf
random_addition,42,157,104,0.0034973882662560365,0.059138720532795064,0.31218040140921144,104,14,inf
random_addition,42,157,105,0.003502743348456882,0.05918397881569709,0.311127235386627,105,14,inf
random_addition,42,157,106,0.0034423593743539704,0.05867162324628466,0.32300274867450185,106,14,inf
random_addition,42,157,107,0.0036072000623094333,0.06005997054868936,0.29058408446301287,107,14,inf
random_addition,42,157,108,0.0035025316583964074,0.059182190381874236,0.31116886775951114,108,14,inf
random_addition,42,157,109,0.0037893671832353835,0.06155783608311279,0.25475788889855566,109,14,inf
random_addition,42,157,110,0.0036488029035685265,0.06040532181495705,0.28240219346419093,110,14,inf
random_addition,42,157,111,0.0037442309601342003,0.06119012142604556,0.26363467823158404,111,14,inf
random_addition,42,157,112,0.003750550057491053,0.06124173460550455,0.262391922587499,112,14,inf
random_addition,42,157,113,0.0037176799096454508,0.060972780071483136,0.26885638411581103,113,14,inf
random_addition,42,157,114,0.0036354836656699195,0.06029497214254203,0.2850216432271314,114,14,inf
random_addition,42,157,115,0.0035015254130377725,0.05917368851979546,0.31136676265306296,115,14,inf
random_addition,42,157,116,0.003621317962001768,0.06017738746407797,0.2878075645687199,116,14,inf
random_addition,42,157,117,0.003634908090977919,0.060290198962832414,0.2851348395677924,117,14,inf
random_addition,42,157,118,0.003572033396202418,0.05976649057960839,0.2975001945211613,118,14,inf
random_addition,42,157,119,0.0035173876196406147,0.059307567979479774,0.30824719577980564,119,14,inf
random_addition,42,157,120,0.003452474940690549,0.05875776493954266,0.3210133542328626,120,14,inf
random_addition,42,157,121,0.0034266133422691985,0.05853728164400187,0.3260994678956536,121,14,inf
random_addition,42,157,122,0.003375746235206427,0.05810117240819179,0.3361033309208029,122,14,inf
random_addition,42,157,123,0.0033380373306348466,0.05777575036842747,0.34351941447548595,123,14,inf
random_addition,42,157,124,0.0033138029548899065,0.05756564040197856,0.34828550772221234,124,14,inf
random_addition,42,157,125,0.003357820086789758,0.05794670039605153,0.33962880629544057,125,14,inf
random_addition,42,157,126,0.003357768407308529,0.057946254471782116,0.33963896992536324,126,14,inf
random_addition,42,157,127,0.003357250597112252,0.05794178627823146,0.3397408059167475,127,14,inf
random_addition,42,157,128,0.0034463859757119337,0.058705927943538495,0.322210850515398,128,14,inf
random_addition,42,157,129,0.0033924932355306734,0.058245113404736995,0.3328097546393929,129,14,inf
random_addition,42,157,130,0.0033888336901359423,0.05821368988593613,0.33352946513556925,130,14,inf
random_addition,42,157,131,0.0033244270005775844,0.057657844224160724,0.3461961123551571,131,14,inf
random_addition,42,157,132,0.0033177016771732543,0.05759949372323731,0.3475187591110209,132,14,inf
random_addition,42,157,133,0.0030136948408178263,0.05489712962275738,0.4073067621098101,133,14,inf
random_addition,42,157,134,0.0031114955424771263,0.055780781121073646,0.3880726267390727,134,14,inf
random_addition,42,157,135,0.00317957618923989,0.056387730839606326,0.3746834347011254,135,14,inf
random_addition,42,157,136,0.0032654720549071996,0.057144309033421686,0.35779058342295056,136,14,inf
random_addition,42,157,137,0.00308461240898751,0.05553928707669473,0.3933596422712329,137,14,inf
random_addition,42,157,138,0.0030432408102805024,0.055165576316037,0.40149605557434476,138,14,inf
random_addition,42,157,139,0.003012405726036686,0.054885387181258787,0.40756028798220356,139,14,inf
random_addition,42,157,140,0.0031776680770726163,0.05637080873175953,0.3750586967095285,140,14,inf
random_addition,42,157,141,0.0030886230317376485,0.05557538152579475,0.3925708865712395,141,14,inf
random_addition,42,157,142,0.0028246623945221818,0.05314755304359912,0.4444831381462323,142,14,inf
random_addition,42,157,143,0.002758839700575038,0.052524658024351176,0.45742826619098176,143,14,inf
random_addition,42,157,144,0.0025064882900679613,0.050064840857311846,0.5070573701579275,144,14,inf
random_addition,42,157,145,0.0025442597756414652,0.05044065597949203,0.4996289790078774,145,14,inf
random_addition,42,157,146,0.0025538796132882585,0.05053592398767691,0.49773707786193766,146,14,inf
random_addition,42,157,147,0.0025662540583597016,0.05065820820320929,0.4953034373296741,147,14,inf
random_addition,42,157,148,0.002608441529407606,0.05107290406279641,0.48700656915472784,148,14,inf
random_addition,42,157,149,0.0024614599672327267,0.0496131027777212,0.5159129391082122,149,14,inf
random_addition,42,157,150,0.0026800483819562917,0.05176918370958047,0.47292389007342817,150,14,inf
random_addition,42,158,10,0.00962854819961681,0.0981251659851682,-0.8936142210947935,10,10,inf
random_addition,42,158,11,0.006376499795464981,0.07985298864453967,-0.2540447888063817,11,11,inf
random_addition,42,158,12,0.005654815822310371,0.07519850944207851,-0.11211362676928993,12,12,inf
random_addition,42,158,13,0.005523153184661844,0.07431791967393762,-0.0862199782285864,13,13,inf
random_addition,42,158,14,0.007395422398622624,0.0859966417868897,-0.45443287344109606,14,14,inf
random_addition,42,158,15,0.007400136945003649,0.0860240486434093,-0.4553600674362899,15,14,inf
random_addition,42,158,16,0.007534801594579659,0.08680323493153731,-0.4818441115755745,16,14,inf
random_addition,42,158,17,0.007302186398500957,0.08545283142471616,-0.43609646258370316,17,14,inf
random_addition,42,158,18,0.006005071614758775,0.07749239714164723,-0.18099725655965848,18,14,inf
random_addition,42,158,19,0.005655150826306226,0.07520073687342582,-0.11217951087949252,19,14,inf
random_addition,42,158,20,0.005776905787664938,0.07600595889576645,-0.1361246500155131,20,14,inf
random_addition,42,158,21,0.0064341309942311815,0.08021303506432842,-0.2653789230185115,21,14,inf
random_addition,42,158,22,0.0063644931157026425,0.07977777331877997,-0.25168347544171477,22,14,inf
random_addition,42,158,23,0.005604759168954561,0.07486493951747081,-0.10226915295144612,23,14,inf
random_addition,42,158,24,0.004916450809729489,0.07011740732321389,0.033098139241045654,24,14,inf
random_addition,42,158,25,0.01019909437363893,0.10099056576551559,-1.0058216200215089,25,14,inf
random_addition,42,158,26,0.012166330959403861,0.1103010922856336,-1.3927114291425449,26,14,inf
random_addition,42,158,27,0.012244910309909129,0.11065672284099656,-1.4081653659683573,27,14,inf
random_addition,42,158,28,0.012515527851919192,0.11187281998733736,-1.4613868086411337,28,14,inf
random_addition,42,158,29,0.010461419917107749,0.10228108288978832,-1.0574123032035017,29,14,inf
random_addition,42,158,30,0.007541772771902046,0.08684338070286098,-0.4832151095953976,30,14,inf
random_addition,42,158,31,0.007791900352996735,0.08827174153145918,-0.5324068605041996,31,14,inf
random_addition,42,158,32,0.005679070354682645,0.07535960691698601,-0.11688368415218475,32,14,inf
random_addition,42,158,33,0.005366516879780505,0.07325651424808927,-0.05541484246836381,33,14,inf
random_addition,42,158,34,0.005369247233177839,0.07327514744562333,-0.05595181189663245,34,14,inf
random_addition,42,158,35,0.004254724591724416,0.06522824995141611,0.16323761103966516,35,14,inf
random_addition,42,158,36,0.0030437969950414794,0.05517061713486156,0.40138667258626526,36,14,inf
random_addition,42,158,37,0.00302447778174846,0.05499525235643946,0.4051861173492338,37,14,inf
random_addition,42,158,38,0.0030287629141080774,0.05503419767842607,0.40434337476673654,38,14,inf
random_addition,42,158,39,0.0030083930358685584,0.05484881982202132,0.4083494502743461,39,14,inf
random_addition,42,158,40,0.003285701374939882,0.057321037804107154,0.3538121510255836,40,14,inf
random_addition,42,158,41,0.0033004315954626084,0.0574493828988842,0.3509152080510646,41,14,inf
random_addition,42,158,42,0.003249909227710057,0.05700797512374963,0.36085127235444725,42,14,inf
random_addition,42,158,43,0.0031009239188043505,0.05568594004597885,0.3901517124446028,43,14,inf
random_addition,42,158,44,0.0029489362944752273,0.05430410937005806,0.42004260782086467,44,14,inf
random_addition,42,158,45,0.0028990513261488897,0.05384283913529161,0.4298533169208487,45,14,inf
random_addition,42,158,46,0.003085564261404632,0.05554785559681519,0.39317244465472023,46,14,inf
random_addition,42,158,47,0.0029833223312296054,0.05461979797865977,0.4132800215144711,47,14,inf
random_addition,42,158,48,0.0030191084927740815,0.05494641473994533,0.4062420773702322,48,14,inf
random_addition,42,158,49,0.0030518133386292466,0.05524321984306533,0.39981012522894066,49,14,inf
random_addition,42,158,50,0.003966236739847562,0.06297806554545449,0.21997354750710052,50,14,inf
random_addition,42,158,51,0.003711655805907512,0.0609233601002728,0.27004112435608574,51,14,inf
random_addition,42,158,52,0.0036712643553250116,0.06059095935306695,0.2779847752209913,52,14,inf
random_addition,42,158,53,0.0037778395941341974,0.061464132582622504,0.2570249811127082,53,14,inf
random_addition,42,158,54,0.0034865746508559404,0.05904722390473527,0.31430707881462605,54,14,inf
random_addition,42,158,55,0.00339792568867147,0.05829172916178993,0.3317413723340259,55,14,inf
random_addition,42,158,56,0.003125229934783266,0.05590375599888854,0.385371529953782,56,14,inf
random_addition,42,158,57,0.0029471971579845303,0.054288094072130866,0.4203846379507382,57,14,inf
random_addition,42,158,58,0.002644287208171343,0.05142263322867999,0.4799569199589634,58,14,inf
random_addition,42,158,59,0.002953487817731716,0.05434600093596323,0.41914747503579186,59,14,inf
random_addition,42,158,60,0.002987399249332949,0.05465710611926824,0.4124782277301249,60,14,inf
random_addition,42,158,61,0.003194303426090827,0.056518168990961015,0.3717870785153118,61,14,inf
random_addition,42,158,62,0.003194312124172745,0.05651824594033988,0.3717853678927677,62,14,inf
random_addition,42,158,63,0.003194514164531833,0.05652003330264264,0.37174563329423094,63,14,inf
random_addition,42,158,64,0.003129506543157161,0.05594199266344703,0.38453046375491495,64,14,inf
random_addition,42,158,65,0.003003425499861483,0.054803517221629884,0.4093263988892133,65,14,inf
random_addition,42,158,66,0.003157307719079127,0.05618992542332769,0.37906289990234077,66,14,inf
random_addition,42,158,67,0.002658189354643982,0.051557631390939426,0.47722283152542566,67,14,inf
random_addition,42,158,68,0.0026838813470516755,0.051806190238731856,0.4721700737074398,68,14,inf
random_addition,42,158,69,0.0029215589545854527,0.05405144729408689,0.42542681726513853,69,14,inf
random_addition,42,158,70,0.003006398789328426,0.054830637323748356,0.4087416520404352,70,14,inf
random_addition,42,158,71,0.002642945313662382,0.05140958386976481,0.4802208258430798,71,14,inf
random_addition,42,158,72,0.0025853062942998153,0.050845907350541154,0.49155649810561863,72,14,inf
random_addition,42,158,73,0.0034312632742352555,0.058576985875301364,0.3251849814003376,73,14,inf
random_addition,42,158,74,0.0034146295087865612,0.058434831297664934,0.32845628815925854,74,14,inf
random_addition,42,158,75,0.0034482993433043348,0.05872222188664471,0.3218345549401942,75,14,inf
random_addition,42,158,76,0.0039005015683827972,0.06245399561583548,0.23290146279932888,76,14,inf
random_addition,42,158,77,0.003920607041009652,0.06261475098576734,0.22894738705512063,77,14,inf
random_addition,42,158,78,0.003956433894535157,0.06290018994037425,0.22190144015570368,78,14,inf
random_addition,42,158,79,0.003962934485517272,0.06295184259032671,0.22062299077018344,79,14,inf
random_addition,42,158,80,0.0037663054486691975,0.061370232594224354,0.25929336274490167,80,14,inf
random_addition,42,158,81,0.003687357779581598,0.06072361797177107,0.2748197355486971,81,14,inf
random_addition,42,158,82,0.003460000630480404,0.05882177003865494,0.3195333021093053,82,14,inf
random_addition,42,158,83,0.0034596227625019156,0.05881855797706975,0.31960761613494315,83,14,inf
random_addition,42,158,84,0.003416259019754137,0.05844877261118609,0.32813581771265943,84,14,inf
random_addition,42,158,85,0.003530401005999474,0.05941717770139772,0.30568789681148156,85,14,inf
random_addition,42,158,86,0.0036259146904204396,0.060215568505332905,0.2869035414362966,86,14,inf
random_addition,42,158,87,0.003587292929436721,0.05989401413694628,0.2944991533942244,87,14,inf
random_addition,42,158,88,0.0032944552083414673,0.0573973449589915,0.35209056402464856,88,14,inf
random_addition,42,158,89,0.0033815338539939883,0.058150957464120814,0.3349650993810951,89,14,inf
random_addition,42,158,90,0.003692884232178452,0.060769105902411066,0.27373286668615926,90,14,inf
random_addition,42,158,91,0.0035888960341909104,0.05990739548829435,0.2941838761688833,91,14,inf
random_addition,42,158,92,0.0032583087705662346,0.05708159747735022,0.3591993624846098,92,14,inf
random_addition,42,158,93,0.0039825017954450235,0.06310706612927766,0.21677475367570276,93,14,inf
random_addition,42,158,94,0.004006944406876497,0.06330042975269992,0.21196770741620807,94,14,inf
random_addition,42,158,95,0.0044292829205173165,0.06655285809427959,0.12890781105736537,95,14,inf
random_addition,42,158,96,0.0044592252716577725,0.0667774308554752,0.12301914946923131,96,14,inf
random_addition,42,158,97,0.0044867252588371796,0.06698302216858522,0.11761081939461815,97,14,inf
random_addition,42,158,98,0.004469398116012849,0.06685355724277392,0.12101849035215662,98,14,inf
random_addition,42,158,99,0.004544950849877229,0.06741625063645433,0.10615978805123505,99,14,inf
random_addition,42,158,100,0.004534414269192528,0.06733805958885754,0.10823198197005002,100,14,inf
random_addition,42,158,101,0.004596000483443792,0.06779380859225857,0.09612002815190057,101,14,inf
random_addition,42,158,102,0.004277819432073121,0.06540504133530627,0.15869562639031154,102,14,inf
random_addition,42,158,103,0.0041984972748593165,0.06479581217068983,0.17429564851555301,103,14,inf
random_addition,42,158,104,0.004073483208892306,0.06382384514342822,0.19888174480382148,104,14,inf
random_addition,42,158,105,0.004041116783683159,0.06356977885507514,0.20524714089380336,105,14,inf
random_addition,42,158,106,0.0032150801454954837,0.05670167674324529,0.3677009909228002,106,14,inf
random_addition,42,158,107,0.003140062383605887,0.05603625954331612,0.3824544820830248,107,14,inf
random_addition,42,158,108,0.0033636475190858177,0.05799696129182819,0.3384827447667955,108,14,inf
random_addition,42,158,109,0.0033307104820367722,0.057712307890403866,0.3449603611699912,109,14,inf
random_addition,42,158,110,0.003465331891320799,0.05886706966820074,0.3184848209536374,110,14,inf
random_addition,42,158,111,0.003496362485166113,0.05913004722783598,0.3123821383293929,111,14,inf
random_addition,42,158,112,0.0034761985384526664,0.05895929560682239,0.3163477139757296,112,14,inf
random_addition,42,158,113,0.003612523994535583,0.06010427600874652,0.2895370446012835,113,14,inf
random_addition,42,158,114,0.003584189004624138,0.05986809671790258,0.29510959185747576,114,14,inf
random_addition,42,158,115,0.0037025267502538003,0.06084839151739182,0.2718365050565451,115,14,inf
random_addition,42,158,116,0.003724469273632009,0.0610284300439722,0.2675211427138261,116,14,inf
random_addition,42,158,117,0.0037270512469443177,0.0610495802356111,0.26701335469830056,117,14,inf
random_addition,42,158,118,0.0038694716045253362,0.06220507699959334,0.23900402152597922,118,14,inf
random_addition,42,158,119,0.00417797690665802,0.06463727180704659,0.17833132037827704,119,14,inf
random_addition,42,158,120,0.00420385203741039,0.06483711928679736,0.17324254535741523,120,14,inf
random_addition,42,158,121,0.004125197105476166,0.06422769733904654,0.18871134652889587,121,14,inf
random_addition,42,158,122,0.004091661643966255,0.06396609761401938,0.1953066530600166,122,14,inf
random_addition,42,158,123,0.0038976810213611135,0.062431410534770984,0.23345617030463472,123,14,inf
random_addition,42,158,124,0.003864137320059493,0.06216218561198997,0.24005309732790414,124,14,inf
random_addition,42,158,125,0.0037494690256931738,0.06123290802904247,0.2626045254787637,125,14,inf
random_addition,42,158,126,0.0030036359068654705,0.0548054368367361,0.4092850188507373,126,14,inf
random_addition,42,158,127,0.002980641187597635,0.054595248763950464,0.4138073130235378,127,14,inf
random_addition,42,158,128,0.0030253290606454025,0.05500299137906413,0.40501869918899325,128,14,inf
random_addition,42,158,129,0.0029933100803792353,0.054711151334798605,0.4113157644495048,129,14,inf
random_addition,42,158,130,0.0027468656222147357,0.05241054876849446,0.45978316794745566,130,14,inf
random_addition,42,158,131,0.0027648668442043964,0.052582001143018475,0.45624292810547595,131,14,inf
random_addition,42,158,132,0.002777217661571118,0.05269931367267621,0.45381393435450745,132,14,inf
random_addition,42,158,133,0.002810045845557711,0.05300986554932686,0.4473577257173421,133,14,inf
random_addition,42,158,134,0.0025666973006283253,0.050662582846005055,0.4952162663620624,134,14,inf
random_addition,42,158,135,0.002471108228783522,0.0497102426948765,0.514015447928581,135,14,inf
random_addition,42,158,136,0.002498840618737436,0.049988404842897675,0.5085614119812127,136,14,inf
random_addition,42,158,137,0.0025718919982636915,0.0507138245280682,0.49419464263305535,137,14,inf
random_addition,42,158,138,0.0025585919056598534,0.050582525694748116,0.49681032715520457,138,14,inf
random_addition,42,158,139,0.0025330297286358483,0.05032921347126188,0.501837554617879,139,14,inf
random_addition,42,158,140,0.0025781381153881155,0.05077536918022473,0.4929662397660578,140,14,inf
random_addition,42,158,141,0.002575442002367206,0.05074881281731826,0.49349647525454776,141,14,inf
random_addition,42,158,142,0.0026635057480129285,0.05160916341128704,0.4761772743054108,142,14,inf
random_addition,42,158,143,0.0028939385658382907,0.05379533962936093,0.4308588263115152,143,14,inf
random_addition,42,158,144,0.002652443499964159,0.05150187860616503,0.4783528494583982,144,14,inf
random_addition,42,158,145,0.002668199836400196,0.05165462066843775,0.47525410371510735,145,14,inf
random_addition,42,158,146,0.0027088084571966794,0.05204621462889188,0.46726774271394134,146,14,inf
random_addition,42,158,147,0.002560392953603586,0.05060032562744617,0.49645612110789394,147,14,inf
random_addition,42,158,148,0.002572559933329806,0.050720409435746926,0.4940632820879617,148,14,inf
random_addition,42,158,149,0.0026490288802921208,0.0514687174922022,0.47902439123567875,149,14,inf
random_addition,42,158,150,0.0026800483819562917,0.05176918370958047,0.47292389007342817,150,14,inf
random_addition,42,159,10,0.00962854819961681,0.0981251659851682,-0.8936142210947935,10,10,inf
random_addition,42,159,11,0.009032305554103025,0.09503844250671949,-0.7763531834636979,11,11,inf
random_addition,42,159,12,0.006528324736457742,0.08079804908819112,-0.2839036897975211,12,12,inf
random_addition,42,159,13,0.011317990738307502,0.10638604578753504,-1.2258712084061831,13,13,inf
random_addition,42,159,14,0.012358775291866091,0.11117002874815717,-1.4305588093669148,14,14,inf
random_addition,42,159,15,0.009226290115687886,0.0960535794007068,-0.8145034753742217,15,14,inf
random_addition,42,159,16,0.004855307335284426,0.06968003541391483,0.045123020909179856,16,14,inf
random_addition,42,159,17,0.010236891978860964,0.10117752704460099,-1.0132551480350696,17,14,inf
random_addition,42,159,18,0.010244715209949089,0.10121618057380494,-1.0147937166059755,18,14,inf
random_addition,42,159,19,0.009767956048411993,0.09883297045223316,-0.9210310942866726,19,14,inf
random_addition,42,159,20,0.00674917432778113,0.08215335859099815,-0.32733743683630956,20,14,inf
random_addition,42,159,21,0.005992878412248175,0.07741368362407369,-0.17859926039283458,21,14,inf
random_addition,42,159,22,0.00465878090345702,0.06825526282607824,0.08377321389925108,22,14,inf
random_addition,42,159,23,0.005367595383155839,0.07326387502143085,-0.0556269481032623,23,14,inf
random_addition,42,159,24,0.0043576638216109125,0.06601260350577692,0.14299289858868802,24,14,inf
random_addition,42,159,25,0.0046271747677856636,0.06802333987526386,0.08998908640051906,25,14,inf
random_addition,42,159,26,0.004521582005653705,0.06724270968405203,0.11075566012195659,26,14,inf
random_addition,42,159,27,0.004508625886840608,0.06714630210846022,0.11330369647448257,27,14,inf
random_addition,42,159,28,0.004424974993755954,0.06652048551954469,0.12975503653826137,28,14,inf
random_addition,42,159,29,0.004770706120869454,0.06907029839858413,0.06176125747577421,29,14,inf
random_addition,42,159,30,0.004771643705302418,0.06907708524034883,0.06157686589576328,30,14,inf
random_addition,42,159,31,0.004629555012639009,0.06804083342110831,0.08952097164318074,31,14,inf
random_addition,42,159,32,0.004666016481839604,0.06830824607497694,0.08235021701134504,32,14,inf
random_addition,42,159,33,0.004138897151009197,0.06433426109787224,0.18601700460806225,33,14,inf
random_addition,42,159,34,0.004155077413705654,0.06445988996039051,0.18283488671158854,34,14,inf
random_addition,42,159,35,0.0040263366289609,0.06345342093977992,0.20815390425955815,35,14,inf
random_addition,42,159,36,0.004296044621210629,0.06554421882371189,0.15511133968192692,36,14,inf
random_addition,42,159,37,0.004284471793452072,0.06545587669149404,0.15738732883081596,37,14,inf
random_addition,42,159,38,0.003970225816467374,0.0630097279510662,0.21918902921216044,38,14,inf
random_addition,42,159,39,0.004468717963633939,0.06684847016674307,0.12115225363510584,39,14,inf
random_addition,42,159,40,0.004114273262719499,0.06414260099746111,0.1908597019781474,40,14,inf
random_addition,42,159,41,0.003972852409404752,0.0630305672622796,0.21867246600490098,41,14,inf
random_addition,42,159,42,0.004359385471513456,0.06602564253010686,0.14265430748734909,42,14,inf
random_addition,42,159,43,0.004436389121715716,0.06660622434664583,0.12751025834554686,43,14,inf
random_addition,42,159,44,0.0035189304684999723,0.05932057373711057,0.30794376887883257,44,14,inf
random_addition,42,159,45,0.003419523042769699,0.058476688028390414,0.3274938932737814,45,14,inf
random_addition,42,159,46,0.0034187596477349793,0.058470160319046324,0.32764402761014133,46,14,inf
random_addition,42,159,47,0.004055736950536603,0.06368466809630559,0.20237184180462575,47,14,inf
random_addition,42,159,48,0.0039820431576672,0.0631034322178057,0.2168649524263776,48,14,inf
random_addition,42,159,49,0.004496497097338829,0.0670559251471399,0.11568902475129883,49,14,inf
random_addition,42,159,50,0.0029639414798346016,0.05444209290461381,0.41709158843584404,50,14,inf
random_addition,42,159,51,0.002968064452486252,0.05447994541559538,0.41628073725823234,51,14,inf
random_addition,42,159,52,0.0035008744946641115,0.05916818819825491,0.3114947765824303,52,14,inf
random_addition,42,159,53,0.002689128636314414,0.05185680896771815,0.47113810695979297,53,14,inf
random_addition,42,159,54,0.0025617558020524043,0.050613790631135344,0.49618809428283417,54,14,inf
random_addition,42,159,55,0.0025645682332069296,0.05064156625941707,0.4956349828978518,55,14,inf
random_addition,42,159,56,0.0026954498255233363,0.0519177216904145,0.4698949399181903,56,14,inf
random_addition,42,159,57,0.002706803736030001,0.052026952015565946,0.467662004489637,57,14,inf
random_addition,42,159,58,0.002697905548238071,0.051941366445618954,0.4694119811834694,58,14,inf
random_addition,42,159,59,0.0026974443758075685,0.05193692689991937,0.46950267841576976,59,14,inf
random_addition,42,159,60,0.002784350508721457,0.052766945228253044,0.4524111412728552,60,14,inf
random_addition,42,159,61,0.002695624022502733,0.0519193992887315,0.4698606811835796,61,14,inf
random_addition,42,159,62,0.0026260321732708676,0.05124482581949975,0.48354707633326477,62,14,inf
random_addition,42,159,63,0.0029136501325787187,0.05397823758311046,0.42698221871440944,63,14,inf
random_addition,42,159,64,0.0027458372721246016,0.05240073732424575,0.4599854101042764,64,14,inf
random_addition,42,159,65,0.0026745653825210837,0.051716200387509945,0.4740022131486742,65,14,inf
random_addition,42,159,66,0.0026512750132007645,0.05149053323865237,0.4785826518238694,66,14,inf
random_addition,42,159,67,0.0027166018085523326,0.052121030386518,0.4657350504896203,67,14,inf
random_addition,42,159,68,0.0028202536933551615,0.053106060796816415,0.44535018259087233,68,14,inf
random_addition,42,159,69,0.0028555127684061574,0.053436998123080955,0.4384158987762188,69,14,inf
random_addition,42,159,70,0.002850236667611032,0.05338760780940678,0.4394535317911292,70,14,inf
random_addition,42,159,71,0.0030867322518795264,0.05555836797350626,0.39294273989264084,71,14,inf
random_addition,42,159,72,0.0030425388947501195,0.05515921405123644,0.4016340989431668,72,14,inf
random_addition,42,159,73,0.002806375682635541,0.05297523650381885,0.4480795243269635,73,14,inf
random_addition,42,159,74,0.0027402073587583452,0.0523469899684628,0.4610926262486894,74,14,inf
random_addition,42,159,75,0.002805955305775831,0.05297126868195466,0.44816219843143523,75,14,inf
random_addition,42,159,76,0.002813952968004323,0.05304670553393795,0.4465893250742672,76,14,inf
random_addition,42,159,77,0.0028373550939466948,0.053266829208680096,0.44198690759973136,77,14,inf
random_addition,42,159,78,0.0026455273064560627,0.051434689718671996,0.47971303399621834,78,14,inf
random_addition,42,159,79,0.0024037148910275373,0.049027695142924446,0.5272694692136233,79,14,inf
random_addition,42,159,80,0.0024538589052747577,0.04953644017563997,0.5174078144228111,80,14,inf
random_addition,42,159,81,0.0024512173182065305,0.04950976992681879,0.5179273264754023,81,14,inf
random_addition,42,159,82,0.002354465301683955,0.04852283278709061,0.5369552204640348,82,14,inf
random_addition,42,159,83,0.00233658335954487,0.048338218415089215,0.5404720019385995,83,14,inf
random_addition,42,159,84,0.002276478273584987,0.04771245407212866,0.5522926672324897,84,14,inf
random_addition,42,159,85,0.0022470783709352426,0.047403358224236,0.5580746472986615,85,14,inf
random_addition,42,159,86,0.002248381840004519,0.0474171049306526,0.5578182984166528,86,14,inf
random_addition,42,159,87,0.003930949829014359,0.06269728725403005,0.22691330569150847,87,14,inf
random_addition,42,159,88,0.0038666277289333547,0.062182213927564164,0.2395633169828182,88,14,inf
random_addition,42,159,89,0.003107681293031463,0.05574658099858199,0.3888227623611178,89,14,inf
random_addition,42,159,90,0.0031285290590117596,0.055933255394369455,0.384722702277302,90,14,inf
random_addition,42,159,91,0.0029944972603562227,0.05472199978396461,0.41108228575252814,91,14,inf
random_addition,42,159,92,0.002964737051829174,0.054449399003379036,0.4169351259649092,92,14,inf
random_addition,42,159,93,0.0030986604283890205,0.05566561262026154,0.39059686549892836,93,14,inf
random_addition,42,159,94,0.0031317392374731108,0.05596194454692502,0.38409136726597504,94,14,inf
random_addition,42,159,95,0.003151412266829945,0.05613744086463102,0.3802223386866095,95,14,inf
random_addition,42,159,96,0.0031448776188187874,0.05607920843609321,0.38150748595359507,96,14,inf
random_addition,42,159,97,0.0031605087750724405,0.05621840245926987,0.37843335897614994,97,14,inf
random_addition,42,159,98,0.003241185452914469,0.05693141007312632,0.36256694783034205,98,14,inf
random_addition,42,159,99,0.0033620346475126683,0.057983054830809566,0.33879994279960346,99,14,inf
random_addition,42,159,100,0.0033227255695757497,0.057643087786618,0.34653072707323207,100,14,inf
random_addition,42,159,101,0.0035841723316414947,0.059867957470098265,0.2951128708769486,101,14,inf
random_addition,42,159,102,0.0036418052649701215,0.06034737164922861,0.28377839553425477,102,14,inf
random_addition,42,159,103,0.0035609589325410152,0.059673770892587435,0.299678172077639,103,14,inf
random_addition,42,159,104,0.0038845428467591423,0.062326100846749125,0.23604001095742488,104,14,inf
random_addition,42,159,105,0.003884404635881495,0.06232499206483299,0.236067192426323,105,14,inf
random_addition,42,159,106,0.004401203610845244,0.06634156774485545,0.1344300745400031,106,14,inf
random_addition,42,159,107,0.004746482739771196,0.0688947221474272,0.06652518844228117,107,14,inf
random_addition,42,159,108,0.0047340201131705565,0.0688042158095749,0.068976171339589,108,14,inf
random_addition,42,159,109,0.004800385305312456,0.06928481294852759,0.05592435199774992,109,14,inf
random_addition,42,159,110,0.004910911544803384,0.07007789626411015,0.03418752786132606,110,14,inf
random_addition,42,159,111,0.004262472302587894,0.06528761216791355,0.16171389477758147,111,14,inf
random_addition,42,159,112,0.00441728914185812,0.0664626898482007,0.13126658720542694,112,14,inf
random_addition,42,159,113,0.0045145395709557425,0.06719032349197124,0.1121406720903988,113,14,inf
random_addition,42,159,114,0.004483164484799302,0.06695643721703912,0.11831110485992835,114,14,inf
random_addition,42,159,115,0.004776494244215372,0.06911218593139254,0.060622926706269675,115,14,inf
random_addition,42,159,116,0.004782207310101381,0.06915350540718367,0.05949935723520139,116,14,inf
random_addition,42,159,117,0.004928319003910615,0.07020198717921464,0.030764061370304074,117,14,inf
random_addition,42,159,118,0.0046969464889875575,0.06853427236782746,0.07626731643488438,118,14,inf
random_addition,42,159,119,0.0038864833619227206,0.062341666338996106,0.23565837636061737,119,14,inf
random_addition,42,159,120,0.0029870307381417104,0.054653734896543994,0.41255070158785456,120,14,inf
random_addition,42,159,121,0.0030178549484581488,0.054935006584673755,0.4064886077187553,121,14,inf
random_addition,42,159,122,0.0030717956693600496,0.05542378252483359,0.39588026738765425,122,14,inf
random_addition,42,159,123,0.0025543773894691627,0.050540848721298326,0.4976391818930397,123,14,inf
random_addition,42,159,124,0.002518287730652545,0.050182544083102694,0.5047368138259957,124,14,inf
random_addition,42,159,125,0.0025182196442266056,0.05018186569097054,0.5047502041546049,125,14,inf
random_addition,42,159,126,0.0025531845360284877,0.05052904645872993,0.497873776371056,126,14,inf
random_addition,42,159,127,0.002553104200921227,0.05052825151260656,0.49788957560666325,127,14,inf
random_addition,42,159,128,0.002557666946586132,0.050573381798987224,0.49699223574823614,128,14,inf
random_addition,42,159,129,0.0026221378459569205,0.05120681444843958,0.4843129606005919,129,14,inf
random_addition,42,159,130,0.0026268567298140246,0.05125287045438552,0.48338491356855207,130,14,inf
random_addition,42,159,131,0.0027325371840511833,0.05227367582302954,0.4626010937354431,131,14,inf
random_addition,42,159,132,0.0028660737461283716,0.05353572401797114,0.43633890677401377,132,14,inf
random_addition,42,159,133,0.0028221221469403044,0.05312364960109861,0.44498272010255835,133,14,inf
random_addition,42,159,134,0.0027530359614521727,0.052469381180381504,0.45856966806286725,134,14,inf
random_addition,42,159,135,0.002725616866225981,0.05220744071706619,0.4639620893888502,135,14,inf
random_addition,42,159,136,0.0027006993733407225,0.05196825351443632,0.46886252898819003,136,14,inf
random_addition,42,159,137,0.0026681345367064986,0.05165398858468239,0.47526694598645036,137,14,inf
random_addition,42,159,138,0.0025859132544352047,0.05085187562357169,0.49143712929526606,138,14,inf
random_addition,42,159,139,0.002571452577366463,0.05070949198489828,0.49428106206439515,139,14,inf
random_addition,42,159,140,0.0025983288513271524,0.05097380554095557,0.48899539557273997,140,14,inf
random_addition,42,159,141,0.002586953041228898,0.05086209827788171,0.4912326379203854,141,14,inf
random_addition,42,159,142,0.002751997033763198,0.05245947992272891,0.4587739904805096,142,14,inf
random_addition,42,159,143,0.0027737124574162015,0.05266604653300076,0.4545032910776585,143,14,inf
random_addition,42,159,144,0.002822587655876303,0.053128030792382125,0.44489117002429335,144,14,inf
random_addition,42,159,145,0.002821854466787065,0.05312113013469372,0.4450353638588517,145,14,inf
random_addition,42,159,146,0.0027182074301914105,0.05213643093069769,0.46541927827698526,146,14,inf
random_addition,42,159,147,0.0026776037022482294,0.05174556698160944,0.47340467701713307,147,14,inf
random_addition,42,159,148,0.002651195112906977,0.05148975735917753,0.47859836554617197,148,14,inf
random_addition,42,159,149,0.00267068075912573,0.051678629617335346,0.4747661889789382,149,14,inf
random_addition,42,159,150,0.0026800483819562917,0.05176918370958047,0.47292389007342817,150,14,inf
random_addition,42,160,10,0.00962854819961681,0.0981251659851682,-0.8936142210947935,10,10,inf
random_addition,42,160,11,0.007958642560503324,0.08921122440872183,-0.5651994901764259,11,11,inf
random_addition,42,160,12,0.012940727529590388,0.11375731857595092,-1.545009400515903,12,12,inf
random_addition,42,160,13,0.012590942138620387,0.1122093674281269,-1.476218283003674,13,13,inf
random_addition,42,160,14,0.011079047545508456,0.10525705461159578,-1.1788790535623122,14,14,inf
random_addition,42,160,15,0.01206300853812975,0.10983172828527168,-1.372391355728944,15,14,inf
random_addition,42,160,16,0.010946212485429794,0.10462414867242549,-1.152754828641784,16,14,inf
random_addition,42,160,17,0.003896895985154613,0.062425123028750314,0.23361056073753128,17,14,inf
random_addition,42,160,18,0.0033151254432056904,0.05757712604156003,0.34802541838890044,18,14,inf
random_addition,42,160,19,0.0025777209667122644,0.050771261228299856,0.49304827899445725,19,14,inf
random_addition,42,160,20,0.003994190863906762,0.06319961126388961,0.21447590385830462,20,14,inf
random_addition,42,160,21,0.005467664007252767,0.07394365427305284,-0.07530710815925823,21,14,inf
random_addition,42,160,22,0.00625127482593435,0.07906500380025508,-0.22941721482292254,22,14,inf
random_addition,42,160,23,0.00652117573229124,0.08075379701469919,-0.28249771916978994,23,14,inf
random_addition,42,160,24,0.005358752732397515,0.07320350218669537,-0.053887893691216604,24,14,inf
random_addition,42,160,25,0.006052111359777486,0.0777953170812838,-0.1902484051520963,25,14,inf
random_addition,42,160,26,0.007473653805621576,0.08645029673530089,-0.4698183813866621,26,14,inf
random_addition,42,160,27,0.007815370822191775,0.08840458597941497,-0.5370227188165944,27,14,inf
random_addition,42,160,28,0.007661712477305374,0.0875312085904529,-0.5068032484421969,28,14,inf
random_addition,42,160,29,0.006878764457090292,0.08293831718265263,-0.35282349212583997,29,14,inf
random_addition,42,160,30,0.006741637297907606,0.08210747406848908,-0.3258551544966013,30,14,inf
random_addition,42,160,31,0.006369718322516584,0.07981051511246237,-0.252711099308357,31,14,inf
random_addition,42,160,32,0.005649824397754644,0.07516531379402765,-0.11113198007382818,32,14,inf
random_addition,42,160,33,0.007067083856636952,0.08406594944825731,-0.38985963565408044,33,14,inf
random_addition,42,160,34,0.007640107434886492,0.08740770809766432,-0.5025542573457638,34,14,inf
random_addition,42,160,35,0.008046647085130176,0.08970310521453634,-0.5825070443267728,35,14,inf
random_addition,42,160,36,0.008175069260561526,0.0904160896110948,-0.6077634020516489,36,14,inf
random_addition,42,160,37,0.007582056791847157,0.08707500670024182,-0.49113763243783004,37,14,inf
random_addition,42,160,38,0.006707452117387961,0.08189903612001768,-0.31913206991098675,38,14,inf
random_addition,42,160,39,0.0072176934612285856,0.08495700948849709,-0.419479520518917,39,14,inf
random_addition,42,160,40,0.007740437807531414,0.08797975794199149,-0.5222858946091804,40,14,inf
random_addition,42,160,41,0.008302541890481047,0.09111828515990107,-0.6328330158513249,41,14,inf
random_addition,42,160,42,0.007439268100041455,0.08625119187606312,-0.46305586021119693,42,14,inf
random_addition,42,160,43,0.007183438450234346,0.08475516769043848,-0.41274270260850443,43,14,inf
random_addition,42,160,44,0.006998618759021059,0.08365774775250084,-0.376394834958659,44,14,inf
random_addition,42,160,45,0.007189283977116439,0.08478964545931561,-0.41389232273858423,45,14,inf
random_addition,42,160,46,0.0074264933364633235,0.08617710447945744,-0.4605434903833514,46,14,inf
random_addition,42,160,47,0.007204951723196297,0.08488198703609794,-0.4169736457142019,47,14,inf
random_addition,42,160,48,0.008036319342560955,0.08964552048240311,-0.580475921898403,48,14,inf
random_addition,42,160,49,0.007868601795541122,0.0887051396230293,-0.5474914754813895,49,14,inf
random_addition,42,160,50,0.0072103977146174645,0.08491406075920209,-0.4180446905476787,50,14,inf
random_addition,42,160,51,0.007198370914330546,0.08484321371995845,-0.4156794201470506,51,14,inf
random_addition,42,160,52,0.007393513270987738,0.08598554105771353,-0.45405741172408987,52,14,inf
random_addition,42,160,53,0.007872778849673178,0.08872868109959246,-0.5483129626820309,53,14,inf
random_addition,42,160,54,0.007896401270910442,0.08886169743433017,-0.5529587048919891,54,14,inf
random_addition,42,160,55,0.007613775784208285,0.08725695264108348,-0.4973757000850607,55,14,inf
random_addition,42,160,56,0.007909839122720249,0.088937276339678,-0.5556014820542852,56,14,inf
random_addition,42,160,57,0.007841523068938478,0.08855237472218618,-0.5421659933089116,57,14,inf
random_addition,42,160,58,0.008378984234341602,0.0915367916978829,-0.6478666747609754,58,14,inf
random_addition,42,160,59,0.0080892260170809,0.08994012462233361,-0.5908808998021111,59,14,inf
random_addition,42,160,60,0.008398383775261304,0.09164269624613466,-0.6516819172883708,60,14,inf
random_addition,42,160,61,0.008375705570750932,0.09151888095224357,-0.6472218710093851,61,14,inf
random_addition,42,160,62,0.008916086608017569,0.0944250316813162,-0.7534967938496511,62,14,inf
random_addition,42,160,63,0.008670498489923018,0.09311551154304538,-0.7051978038758295,63,14,inf
random_addition,42,160,64,0.00927675168120817,0.09631589526764608,-0.8244275819068887,64,14,inf
random_addition,42,160,65,0.009623649918086372,0.09810020345588674,-0.8926508925251413,65,14,inf
random_addition,42,160,66,0.009614867705792469,0.09805543180157063,-0.8909237243428114,66,14,inf
random_addition,42,160,67,0.009627994664491988,0.0981223453882549,-0.8935053592017534,67,14,inf
random_addition,42,160,68,0.0099992412943984,0.099996206400035,-0.9665171864627184,68,14,inf
random_addition,42,160,69,0.009986364995914297,0.0999318017245476,-0.9639848481060873,69,14,inf
random_addition,42,160,70,0.009929537793773962,0.09964706615738349,-0.9528088332088207,70,14,inf
random_addition,42,160,71,0.009848003421927225,0.09923710708161149,-0.9367737422650837,71,14,inf
random_addition,42,160,72,0.009850378064970538,0.09924907085192555,-0.9372407553332656,72,14,inf
random_addition,42,160,73,0.009716155822007955,0.09857056265441501,-0.9108437178160933,73,14,inf
random_addition,42,160,74,0.009574000058911685,0.09784681936022083,-0.8828864215520114,74,14,inf
random_addition,42,160,75,0.008965828926641299,0.09468806116211959,-0.7632794485119472,75,14,inf
random_addition,42,160,76,0.008432507774411407,0.09182868709946476,-0.6583929695396162,76,14,inf
random_addition,42,160,77,0.008385627203993249,0.09157307029904178,-0.6491731252810193,77,14,inf
random_addition,42,160,78,0.00831549366523258,0.09118932868067721,-0.6353801978718601,78,14,inf
random_addition,42,160,79,0.007409733477343682,0.0860798087668861,-0.4572473852058583,79,14,inf
random_addition,42,160,80,0.007621197611687965,0.08729947085571575,-0.49883532595706837,80,14,inf
random_addition,42,160,81,0.00714697356387681,0.08453977504037262,-0.40557127593589515,81,14,inf
random_addition,42,160,82,0.007276218297164667,0.0853007520316478,-0.4309894033504964,82,14,inf
random_addition,42,160,83,0.007380271577904944,0.08590850701708734,-0.4514532124395134,83,14,inf
random_addition,42,160,84,0.007362404854867407,0.08580445708043032,-0.4479394240545118,84,14,inf
random_addition,42,160,85,0.006823364392948922,0.08260365847194011,-0.3419281476634384,85,14,inf
random_addition,42,160,86,0.006790845911763417,0.08240658900696847,-0.3355328472355166,86,14,inf
random_addition,42,160,87,0.00654936040104947,0.08092811872921223,-0.2880407032698804,87,14,inf
random_addition,42,160,88,0.006565060088011776,0.08102505839560856,-0.291128307951523,88,14,inf
random_addition,42,160,89,0.00672592295310821,0.0820117244856381,-0.3227646671073907,89,14,inf
random_addition,42,160,90,0.006705854568616459,0.08188928237942045,-0.318817885362092,90,14,inf
random_addition,42,160,91,0.006434901973483409,0.08021784074308788,-0.26553054891744465,91,14,inf
random_addition,42,160,92,0.006276545707383635,0.07922465340652261,-0.23438715416371236,92,14,inf
random_addition,42,160,93,0.006285392227152213,0.07928046560882582,-0.2361269694810042,93,14,inf
random_addition,42,160,94,0.005806340219421051,0.07619934526897885,-0.14191342080501146,94,14,inf
random_addition,42,160,95,0.006090839593468192,0.07804383123263614,-0.1978649567395434,95,14,inf
random_addition,42,160,96,0.006799306251888032,0.08245790593926111,-0.33719671389984995,96,14,inf
random_addition,42,160,97,0.006801215971563909,0.0824694850933599,-0.3375722920515687,97,14,inf
random_addition,42,160,98,0.006764913149885409,0.08224909209155691,-0.33043273809482443,98,14,inf
random_addition,42,160,99,0.006669659038163495,0.08166798049519465,-0.3116994320101596,99,14,inf
random_addition,42,160,100,0.006701271314479,0.08186129313954794,-0.31791651217127903,100,14,inf
random_addition,42,160,101,0.006729533870911468,0.08203373617549958,-0.32347481417854795,101,14,inf
random_addition,42,160,102,0.005951148108967611,0.07714368482881545,-0.17039230186654075,102,14,inf
random_addition,42,160,103,0.00487928258671984,0.0698518617269421,0.04040788876971246,103,14,inf
random_addition,42,160,104,0.004861763644122859,0.06972634827755472,0.043853280344062884,104,14,inf
random_addition,42,160,105,0.004932296702111728,0.07023031184689221,0.029981780830736215,105,14,inf
random_addition,42,160,106,0.005053173976561231,0.07108568053104107,0.0062092534299940105,106,14,inf
random_addition,42,160,107,0.004937845357522,0.07026980402364873,0.02889054541548819,107,14,inf
random_addition,42,160,108,0.004967652233374108,0.07048157371522083,0.023028527297096812,108,14,inf
random_addition,42,160,109,0.005020835707846408,0.07085785565374109,0.012569112076847189,109,14,inf
random_addition,42,160,110,0.00483199394211297,0.06951254521388905,0.049707987607814585,110,14,inf
random_addition,42,160,111,0.004823086781102917,0.06944844693081996,0.05145972903430396,111,14,inf
random_addition,42,160,112,0.005088105541213629,0.07133095780384299,-0.0006606200150498509,112,14,inf
random_addition,42,160,113,0.005069099056444355,0.07119760569319979,0.003077321479967199,113,14,inf
random_addition,42,160,114,0.004948788824260855,0.07034762841959105,0.0267383305835992,114,14,inf
random_addition,42,160,115,0.004826115752633337,0.06947025084619558,0.050864031381201436,115,14,inf
random_addition,42,160,116,0.0046281614346904264,0.06803059190313154,0.08979504193570376,116,14,inf
random_addition,42,160,117,0.004707318261122431,0.06860989914817271,0.07422753485978328,117,14,inf
random_addition,42,160,118,0.004493424544940097,0.06703301085987483,0.11629329330733418,118,14,inf
random_addition,42,160,119,0.004495735805230914,0.06705024836069523,0.11583874551211026,119,14,inf
random_addition,42,160,120,0.004488512523308238,0.06699636201547243,0.11725932409656392,120,14,inf
random_addition,42,160,121,0.0038468247273160776,0.06202277587560942,0.2434579067699194,121,14,inf
random_addition,42,160,122,0.0039102461340925826,0.06253196090074725,0.23098503180434493,122,14,inf
random_addition,42,160,123,0.0038507639833857653,0.06205452427813596,0.24268318651516785,123,14,inf
random_addition,42,160,124,0.0038450981276984915,0.06200885523615551,0.243797471315084,124,14,inf
random_addition,42,160,125,0.0032082143008439453,0.05664110080889976,0.3690512735201805,125,14,inf
random_addition,42,160,126,0.003188434863322618,0.05646622763495555,0.37294122903571014,126,14,inf
random_addition,42,160,127,0.003184697461255788,0.05643312379494678,0.37367625134197835,127,14,inf
random_addition,42,160,128,0.003178935424880385,0.056382048782217774,0.37480945167464774,128,14,inf
random_addition,42,160,129,0.00329094763702112,0.05736678165124064,0.35278038629027086,129,14,inf
random_addition,42,160,130,0.0033466841882681467,0.05785053317185717,0.34181886603944545,130,14,inf
random_addition,42,160,131,0.0033481328956515414,0.05786305294098767,0.34153395362622097,131,14,inf
random_addition,42,160,132,0.003348439356926465,0.05786570104065503,0.3414736829170363,132,14,inf
random_addition,42,160,133,0.0032077882610375406,0.056637339812508326,0.3691350613373504,133,14,inf
random_addition,42,160,134,0.003104096314368347,0.05571441747311325,0.38952780806874254,134,14,inf
random_addition,42,160,135,0.003161348638886409,0.05622587161517738,0.37826818578192145,135,14,inf
random_addition,42,160,136,0.003161392630519521,0.05622626281836204,0.3782595340952557,136,14,inf
random_addition,42,160,137,0.003024942966995116,0.054999481515693546,0.4050946309298642,137,14,inf
random_addition,42,160,138,0.002943654175992341,0.054255452960899155,0.4210814243142067,138,14,inf
random_addition,42,160,139,0.0028929875127042407,0.053786499353501716,0.43104586673571177,139,14,inf
random_addition,42,160,140,0.0028890931121391752,0.053750284763331026,0.4318117654090903,140,14,inf
random_addition,42,160,141,0.0028969125951777376,0.05382297460358111,0.43027393395449776,141,14,inf
random_addition,42,160,142,0.00289433525037708,0.05379902648168533,0.4307808116961893,142,14,inf
random_addition,42,160,143,0.0028298738318996717,0.05319655845916794,0.4434582222683897,143,14,inf
random_addition,42,160,144,0.0027796500047095082,0.05272238618186309,0.4533355736025073,144,14,inf
random_addition,42,160,145,0.002716338007580826,0.0521184996674005,0.4657869313402768,145,14,inf
random_addition,42,160,146,0.0027213233312725427,0.05216630455833097,0.4648064844812404,146,14,inf
random_addition,42,160,147,0.0027544112978576565,0.05248248562956652,0.45829918527333124,147,14,inf
random_addition,42,160,148,0.0027349667861096263,0.05229690990976069,0.46212327206242587,148,14,inf
random_addition,42,160,149,0.002716776182219263,0.0521227031361504,0.46570075700646607,149,14,inf
random_addition,42,160,150,0.0026800483819562917,0.05176918370958047,0.47292389007342817,150,14,inf
random_addition,42,161,10,0.00962854819961681,0.0981251659851682,-0.8936142210947935,10,10,inf
random_addition,42,161,11,0.007392539392298674,0.08597987783370406,-0.4538658822746857,11,11,inf
random_addition,42,161,12,0.007999944627256252,0.08944240955640816,-0.5733222288637665,12,12,inf
random_addition,42,161,13,0.009296239471289767,0.09641700820544977,-0.8282601801004246,13,13,inf
random_addition,42,161,14,0.018907056573974693,0.13750293296499058,-2.7183872859406915,14,14,inf
random_addition,42,161,15,0.012778871456802945,0.11304367057382268,-1.5131777105407669,15,14,inf
random_addition,42,161,16,0.006206618093155325,0.07878209246494615,-0.22063472524039596,16,14,inf
random_addition,42,161,17,0.004726609255009931,0.06875034003559496,0.07043363991247675,17,14,inf
random_addition,42,161,18,0.0048857004447569645,0.06989778569280264,0.03914571019448865,18,14,inf
random_addition,42,161,19,0.005026668394416764,0.07089900136403025,0.011422017207731394,19,14,inf
random_addition,42,161,20,0.005287823384963862,0.07271742146806268,-0.039938457264374616,20,14,inf
random_addition,42,161,21,0.005608655673052758,0.07489095855343793,-0.10303546531961749,21,14,inf
random_addition,42,161,22,0.005643165031416706,0.07512100259858562,-0.1098223048725866,22,14,inf
random_addition,42,161,23,0.006140613056229522,0.07836206388444297,-0.2076537364147324,23,14,inf
random_addition,42,161,24,0.006277810604433058,0.07923263598059235,-0.23463591721618426,24,14,inf
random_addition,42,161,25,0.0058864121331472065,0.07672295701514122,-0.15766089502424596,25,14,inf
random_addition,42,161,26,0.0055928729277566255,0.07478551282004173,-0.09993152583454923,26,14,inf
random_addition,42,161,27,0.005544560218620211,0.07446180375615548,-0.09043002766642738,27,14,inf
random_addition,42,161,28,0.005555025697955986,0.07453204477240637,-0.09248823832186015,28,14,inf
random_addition,42,161,29,0.005305427406625584,0.07283836493651943,-0.043400581052509546,29,14,inf
random_addition,42,161,30,0.005233207003920231,0.07234090823261918,-0.029197237123516073,30,14,inf
random_addition,42,161,31,0.004700418212065174,0.06855959606112899,0.07558454432270456,31,14,inf
random_addition,42,161,32,0.004442048572864261,0.06664869520751521,0.12639723310474238,32,14,inf
random_addition,42,161,33,0.00465849888797825,0.06825319690665228,0.08382867693584772,33,14,inf
random_addition,42,161,34,0.004634193693593728,0.06807491236567056,0.08860869784645975,34,14,inf
random_addition,42,161,35,0.004975224391288644,0.07053527054806442,0.021539336443597956,35,14,inf
random_addition,42,161,36,0.004923415972426187,0.0701670576013145,0.03172832409744686,36,14,inf
random_addition,42,161,37,0.0037988417479204893,0.061634744648781416,0.2528945580978528,37,14,inf
random_addition,42,161,38,0.003959725252861399,0.06292634784302517,0.2212541397731249,38,14,inf
random_addition,42,161,39,0.003885904516510995,0.06233702364174115,0.23577221594273667,39,14,inf
random_addition,42,161,40,0.003588520385579725,0.059904260162193176,0.2942577537190112,40,14,inf
random_addition,42,161,41,0.0036099943997679696,0.060083228939263655,0.29003453150442327,41,14,inf
random_addition,42,161,42,0.003759183537849984,0.06131218099081115,0.2606940050150591,42,14,inf
random_addition,42,161,43,0.0034638978929427853,0.058854888437094036,0.3187668405961981,43,14,inf
random_addition,42,161,44,0.003025157986292178,0.05500143622026772,0.4050523438072072,44,14,inf
random_addition,42,161,45,0.003031645432453943,0.05506037987931016,0.4037764795693365,45,14,inf
random_addition,42,161,46,0.0030090006298832458,0.054854358349024974,0.4082299568010819,46,14,inf
random_addition,42,161,47,0.0029889021822243483,0.05467085313239906,0.41218265096844675,47,14,inf
random_addition,42,161,48,0.002720530151433872,0.05215870158884203,0.46496247649491196,48,14,inf
random_addition,42,161,49,0.0026595846829010816,0.05157116134915988,0.4769484170056081,49,14,inf
random_addition,42,161,50,0.0023138409920231908,0.04810240110455185,0.5449446669414221,50,14,inf
random_addition,42,161,51,0.0026049647486448895,0.05103885528344939,0.4876903359448417,51,14,inf
random_addition,42,161,52,0.00261686123507547,0.051155265956453304,0.485350693932466,52,14,inf
random_addition,42,161,53,0.002669334992016615,0.05166560743876544,0.4750308564743144,53,14,inf
random_addition,42,161,54,0.0029016609070915945,0.053867066999156304,0.42934009940541895,54,14,inf
random_addition,42,161,55,0.002879300083177552,0.05365910997377381,0.43373772750896955,55,14,inf
random_addition,42,161,56,0.0029055834912180474,0.053903464556724436,0.4285686579657232,56,14,inf
random_addition,42,161,57,0.0028442152220080263,0.053331184329696135,0.44063774926493837,57,14,inf
random_addition,42,161,58,0.0028274800837174074,0.05317405461047152,0.44392899268005315,58,14,inf
random_addition,42,161,59,0.0029331161544418195,0.054158251028276566,0.42315390160326105,59,14,inf
random_addition,42,161,60,0.0032371631933853103,0.05689607362011293,0.36335799209656405,60,14,inf
random_addition,42,161,61,0.003235209230305326,0.056878899693166764,0.3637422714499041,61,14,inf
random_addition,42,161,62,0.002912250550387352,0.05396527170678706,0.4272574698411856,62,14,inf
random_addition,42,161,63,0.0029342470463578486,0.05416869064651506,0.4229314928900971,63,14,inf
random_addition,42,161,64,0.0029648919526228806,0.05445082141366538,0.4169046621463002,64,14,inf
random_addition,42,161,65,0.0029872185953274547,0.05465545348204015,0.4125137563463618,65,14,inf
random_addition,42,161,66,0.0030877654901133385,0.05556766586886063,0.3927395364010279,66,14,inf
random_addition,42,161,67,0.0030844765722345185,0.0555380641743527,0.39338635682901246,67,14,inf
random_addition,42,161,68,0.0030946787563701115,0.055629836925611346,0.39137992755588946,68,14,inf
random_addition,42,161,69,0.003057913596039546,0.055298405004480425,0.39861040810181014,69,14,inf
random_addition,42,161,70,0.0026308627857316077,0.05129193684909557,0.4825970560121722,70,14,inf
random_addition,42,161,71,0.0026446146356612858,0.05142581682055508,0.4798925258947204,71,14,inf
random_addition,42,161,72,0.002645317946001274,0.05143265447166104,0.47975420821338,72,14,inf
random_addition,42,161,73,0.002660055632123973,0.05157572716039952,0.47685579700439995,73,14,inf
random_addition,42,161,74,0.002633318881105071,0.05131587357830977,0.48211402398791126,74,14,inf
random_addition,42,161,75,0.0026538752547513424,0.0515157767557798,0.47807127105530745,75,14,inf
random_addition,42,161,76,0.002753056646153368,0.05246957829212436,0.4585656000721867,76,14,inf
random_addition,42,161,77,0.0027502537176425906,0.05244286145551738,0.4591168426041534,77,14,inf
random_addition,42,161,78,0.002697560860386959,0.05193804829204655,0.4694797697849461,78,14,inf
random_addition,42,161,79,0.002691495962736891,0.051879629554738446,0.47067253282684585,79,14,inf
random_addition,42,161,80,0.002657450804874285,0.05155046852235472,0.47736807962699734,80,14,inf
random_addition,42,161,81,0.002710316491114398,0.052060700063621866,0.46697116275055717,81,14,inf
random_addition,42,161,82,0.0025533439418887727,0.05053062380268794,0.49784242655614064,82,14,inf
random_addition,42,161,83,0.00249970487567496,0.04999704866964609,0.508391441473339,83,14,inf
random_addition,42,161,84,0.002561777339256711,0.05061400339092642,0.4961838586332312,84,14,inf
random_addition,42,161,85,0.0024834970022679093,0.04983469677110426,0.5115789894754892,85,14,inf
random_addition,42,161,86,0.002651418195597194,0.05149192359581446,0.47855449262307737,86,14,inf
random_addition,42,161,87,0.0029777980436569537,0.0545692041691736,0.41436646458897397,87,14,inf
random_addition,42,161,88,0.002915376726200591,0.053994228637888615,0.42664265534840173,88,14,inf
random_addition,42,161,89,0.002492125838512667,0.04992119628487149,0.5098819852453789,89,14,inf
random_addition,42,161,90,0.002274012547482872,0.04768660763236228,0.5527775932997939,90,14,inf
random_addition,42,161,91,0.0022528299809042454,0.047463986146385195,0.5569434974923047,91,14,inf
random_addition,42,161,92,0.0024231404980693334,0.0492254050066562,0.5234491003495813,92,14,inf
random_addition,42,161,93,0.002395516914463695,0.04894401816834919,0.5288817377180393,93,14,inf
random_addition,42,161,94,0.0023736847566688266,0.04872047574345746,0.5331753948323272,94,14,inf
random_addition,42,161,95,0.0024129566541868774,0.04912185515823764,0.5254519227067457,95,14,inf
random_addition,42,161,96,0.0024193938780672553,0.04918733452899492,0.5241859355162013,96,14,inf
random_addition,42,161,97,0.00249389909727954,0.04993895370629565,0.5095332444021056,97,14,inf
random_addition,42,161,98,0.0023505945797668115,0.04848293080834544,0.5377164623372902,98,14,inf
random_addition,42,161,99,0.0024064104679115722,0.04905517778901196,0.526739339165371,99,14,inf
random_addition,42,161,100,0.0024331002364787876,0.04932646588271643,0.5214903520627651,100,14,inf
random_addition,42,161,101,0.0024240710723774763,0.0492348562745691,0.5232660874272639,101,14,inf
random_addition,42,161,102,0.0022653746789562932,0.04759595233794879,0.5544763738784203,102,14,inf
random_addition,42,161,103,0.0023386881691175223,0.04835998520592746,0.5400580561124126,103,14,inf
random_addition,42,161,104,0.002317255994129419,0.04813788522701656,0.5442730499520945,104,14,inf
random_addition,42,161,105,0.00232022575647979,0.048168721765060256,0.5436889967694809,105,14,inf
random_addition,42,161,106,0.002278285702525117,0.04773139116477873,0.5519372062560587,106,14,inf
random_addition,42,161,107,0.002191206028897588,0.046810319683779,0.5690628730680029,107,14,inf
random_addition,42,161,108,0.0021518341308225056,0.04638786620251578,0.5768060119671193,108,14,inf
random_addition,42,161,109,0.002092319940496746,0.045741883875686035,0.5885104678021418,109,14,inf
random_addition,42,161,110,0.0020355070461804507,0.0451165939115582,0.5996836688277309,110,14,inf
random_addition,42,161,111,0.0019398503725834252,0.044043732500588836,0.6184961454037072,111,14,inf
random_addition,42,161,112,0.0018604909655280868,0.04313340892542678,0.6341034933301184,112,14,inf
random_addition,42,161,113,0.0015372656281634302,0.03920797913898943,0.697671134345431,113,14,inf
random_addition,42,161,114,0.0016415842280622021,0.04051646860305328,0.6771551458290238,114,14,inf
random_addition,42,161,115,0.0016431762070786202,0.04053610991546451,0.6768420566651461,115,14,inf
random_addition,42,161,116,0.001613409251167362,0.0401672659160088,0.6826962238629074,116,14,inf
random_addition,42,161,117,0.0017101770837371782,0.04135428736826664,0.6636652193854082,117,14,inf
random_addition,42,161,118,0.0020659156264100933,0.04545234456450067,0.5937033155312241,118,14,inf
random_addition,42,161,119,0.002071004526032549,0.045508290739518543,0.5927024987419194,119,14,inf
random_addition,42,161,120,0.0020679198451037926,0.04547438669299227,0.5933091525752009,120,14,inf
random_addition,42,161,121,0.002097632579380288,0.04579991898879612,0.5874656489641559,121,14,inf
random_addition,42,161,122,0.0020307743382927124,0.04506411364148542,0.6006144345854249,122,14,inf
random_addition,42,161,123,0.0020498322149969874,0.045275072777379244,0.5968663860112355,123,14,inf
random_addition,42,161,124,0.0024227015732211496,0.04922094648847328,0.5235354222246222,124,14,inf
random_addition,42,161,125,0.002412806744677037,0.04912032924031594,0.5254814049063282,125,14,inf
random_addition,42,161,126,0.002460107588648541,0.04959947165694954,0.5161789068601752,126,14,inf
random_addition,42,161,127,0.00249563859887308,0.04995636695030054,0.5091911424686826,127,14,inf
random_addition,42,161,128,0.0025083089559371865,0.05008302063511332,0.5066993059191294,128,14,inf
random_addition,42,161,129,0.002823293495909226,0.0531346731984796,0.4447523548367436,129,14,inf
random_addition,42,161,130,0.002979976681622889,0.05458916267559788,0.41393799918075425,130,14,inf
random_addition,42,161,131,0.0029473977465629946,0.054289941486089247,0.4203451888690184,131,14,inf
random_addition,42,161,132,0.0029321532585668123,0.05414936064781201,0.4233432710995284,132,14,inf
random_addition,42,161,133,0.0028537920553585025,0.053420895306597986,0.4387543056294547,133,14,inf
random_addition,42,161,134,0.0028613469280221026,0.05349155940914513,0.4372685142081766,134,14,inf
random_addition,42,161,135,0.002821543982782435,0.053118207639023696,0.4450964257047708,135,14,inf
random_addition,42,161,136,0.0030309035531674755,0.05505364250590033,0.4039223824757836,136,14,inf
random_addition,42,161,137,0.002990552934384709,0.054685948235215866,0.41185800308783627,137,14,inf
random_addition,42,161,138,0.0027982058858334433,0.05289807071938865,0.44968625081232527,138,14,inf
random_addition,42,161,139,0.0027980527022430928,0.05289662278674408,0.4497163769143203,139,14,inf
random_addition,42,161,140,0.0024769683521348443,0.04976915060692561,0.5128629571599441,140,14,inf
random_addition,42,161,141,0.0024605912541274606,0.049604347129333946,0.5160837859956224,141,14,inf
random_addition,42,161,142,0.0024357855889285745,0.04935367857544739,0.5209622328196406,142,14,inf
random_addition,42,161,143,0.0024240566334780577,0.049234709641451706,0.5232689270770958,143,14,inf
random_addition,42,161,144,0.0023811333821173414,0.04879685832220494,0.5317104986938338,144,14,inf
random_addition,42,161,145,0.002392432810428602,0.04891250157606542,0.5294882780955824,145,14,inf
random_addition,42,161,146,0.0023601582466551306,0.04858145990658505,0.5358356081056777,146,14,inf
random_addition,42,161,147,0.0027024742501397547,0.05198532725817694,0.46851346993196874,147,14,inf
random_addition,42,161,148,0.0026529614776769086,0.05150690708707822,0.47825098052211235,148,14,inf
random_addition,42,161,149,0.0026651289412943776,0.05162488684049949,0.475858046336914,149,14,inf
random_addition,42,161,150,0.0026800483819562917,0.05176918370958047,0.47292389007342817,150,14,inf
random_addition,42,162,10,0.00962854819961681,0.0981251659851682,-0.8936142210947935,10,10,inf
random_addition,42,162,11,0.013922713846859072,0.1179945500727007,-1.7381333499161342,11,11,inf
random_addition,42,162,12,0.017876206222249492,0.1337019305105558,-2.5156534110741675,12,12,inf
random_addition,42,162,13,0.015501204925217052,0.12450383498196774,-2.04856988633695,13,13,inf
random_addition,42,162,14,0.00787971050542123,0.08876773347011419,-0.5496761881266281,14,14,inf
random_addition,42,162,15,0.012083904888167487,0.10992681605580817,-1.3765009706760876,15,14,inf
random_addition,42,162,16,0.011396765918938796,0.10675563647385929,-1.2413636584848633,16,14,inf
random_addition,42,162,17,0.011778006462079252,0.10852652423292314,-1.3163409550805638,17,14,inf
random_addition,42,162,18,0.008769997534930402,0.093648264986226,-0.7247659467261538,18,14,inf
random_addition,42,162,19,0.005150045962042566,0.07176382070404673,-0.012842234450644474,19,14,inf
random_addition,42,162,20,0.005721471080713714,0.07564040640235689,-0.12522249246810224,20,14,inf
random_addition,42,162,21,0.004631518912610108,0.06805526366571588,0.08913473803485461,21,14,inf
random_addition,42,162,22,0.004283153086045473,0.06544580266178629,0.1576466745854228,22,14,inf
random_addition,42,162,23,0.005206686705523505,0.0721573745747689,-0.02398157914989607,23,14,inf
random_addition,42,162,24,0.004758271575287942,0.06898022597301304,0.06420671777340647,24,14,inf
random_addition,42,162,25,0.005066649893200039,0.07118040385667981,0.003558990185681621,25,14,inf
random_addition,42,162,26,0.005711918099778794,0.0755772326814021,-0.12334373980703828,26,14,inf
random_addition,42,162,27,0.005665093922455733,0.0752668182033473,-0.11413498618896534,27,14,inf
random_addition,42,162,28,0.0042619456494390005,0.06528357871194716,0.16181746988274315,28,14,inf
random_addition,42,162,29,0.00625182915937969,0.07906850927758592,-0.22952623371897674,29,14,inf
random_addition,42,162,30,0.005503677461537513,0.074186774168564,-0.08238975320298958,30,14,inf
random_addition,42,162,31,0.0056940106173428515,0.07545866827172908,-0.11982193540810981,31,14,inf
random_addition,42,162,32,0.005112339256928852,0.07150062417160323,-0.005426583455949485,32,14,inf
random_addition,42,162,33,0.005438642271603923,0.07374715093889338,-0.06959950092645739,33,14,inf
random_addition,42,162,34,0.005914566362553764,0.07690621797068013,-0.16319789271932383,34,14,inf
random_addition,42,162,35,0.005698416053946304,0.0754878536848565,-0.12068833782200228,35,14,inf
random_addition,42,162,36,0.004918366789377801,0.0701310686456281,0.032721329961582724,36,14,inf
random_addition,42,162,37,0.004956421325620568,0.07040185598136293,0.02523727218750027,37,14,inf
random_addition,42,162,38,0.004679049508232716,0.06840357818296289,0.07978705550347798,38,14,inf
random_addition,42,162,39,0.004375582967215441,0.06614818944775012,0.13946880043358367,39,14,inf
random_addition,42,162,40,0.004530801746898959,0.06731123046638621,0.10894244459092539,40,14,inf
random_addition,42,162,41,0.0047499281052687395,0.0689197221792771,0.065847599986809,41,14,inf
random_addition,42,162,42,0.004763431769762584,0.06901761927046299,0.06319187966508344,42,14,inf
random_addition,42,162,43,0.0047468609688496146,0.06889746707136347,0.06645080340033338,43,14,inf
random_addition,42,162,44,0.004804120515827939,0.069311763185104,0.05518976069652104,44,14,inf
random_addition,42,162,45,0.004740852357149282,0.06885384780206029,0.06763249687362771,45,14,inf
random_addition,42,162,46,0.004499392405922337,0.06707751043324683,0.11511961414083882,46,14,inf
random_addition,42,162,47,0.004659977367764741,0.0682640268938534,0.08353790928414584,47,14,inf
random_addition,42,162,48,0.004602463663033797,0.06784145976490923,0.0948489363391587,48,14,inf
random_addition,42,162,49,0.008942483079898712,0.09456470313969537,-0.7586880992785268,49,14,inf
random_addition,42,162,50,0.008890573941822627,0.0942898400774051,-0.748479303515365,50,14,inf
random_addition,42,162,51,0.008860420748676294,0.09412980797110071,-0.7425491763383949,51,14,inf
random_addition,42,162,52,0.00890774263712761,0.09438083829426189,-0.7518558131316802,52,14,inf
random_addition,42,162,53,0.009113242708460362,0.09546330556009655,-0.7922708216505323,53,14,inf
random_addition,42,162,54,0.008478601736008054,0.0920793230644538,-0.6674581140844065,54,14,inf
random_addition,42,162,55,0.00827161560932546,0.09094842279734959,-0.6267508480532631,55,14,inf
random_addition,42,162,56,0.007791044804199641,0.0882668952903615,-0.5322386025970436,56,14,inf
random_addition,42,162,57,0.0077529686531966156,0.0880509435111096,-0.5247502939206898,57,14,inf
random_addition,42,162,58,0.007706451485880911,0.08778639692959787,-0.515601918929165,58,14,inf
random_addition,42,162,59,0.007919018282798226,0.08898886606086306,-0.5574067166235066,59,14,inf
random_addition,42,162,60,0.007854260773279644,0.08862426740616615,-0.5446710748211474,60,14,inf
random_addition,42,162,61,0.00607527919654564,0.07794407736669695,-0.19480474576198437,61,14,inf
random_addition,42,162,62,0.005872379986717168,0.07663145559570932,-0.15490123993590532,62,14,inf
random_addition,42,162,63,0.005837807046567953,0.07640554329738093,-0.14810189596687184,63,14,inf
random_addition,42,162,64,0.0035395036407108115,0.05949372774260167,0.3038977122289809,64,14,inf
random_addition,42,162,65,0.0034514886926536857,0.05874937184901372,0.3212073163203355,65,14,inf
random_addition,42,162,66,0.003509679723022641,0.059242549936870885,0.3097630819080076,66,14,inf
random_addition,42,162,67,0.003396481956877842,0.0582793441699359,0.3320253062147297,67,14,inf
random_addition,42,162,68,0.003244748832164134,0.0569626968477102,0.36186615000678357,68,14,inf
random_addition,42,162,69,0.002357259104083129,0.048551612785603,0.5364057727337721,69,14,inf
random_addition,42,162,70,0.00236309372460877,0.048611662434119345,0.5352582975201687,70,14,inf
random_addition,42,162,71,0.002308937663389945,0.04805140646630383,0.5459089881078243,71,14,inf
random_addition,42,162,72,0.0022677155570697076,0.04762053713545982,0.5540160012455464,72,14,inf
random_addition,42,162,73,0.0022592828335053204,0.04753191384223152,0.5556744366537755,73,14,inf
random_addition,42,162,74,0.0022209761863815946,0.047127234020061,0.563208076227687,74,14,inf
random_addition,42,162,75,0.0024475536148862278,0.04947275628956029,0.5186478546968296,75,14,inf
random_addition,42,162,76,0.0026037590631202623,0.051027042468873914,0.48792745406569127,76,14,inf
random_addition,42,162,77,0.0026177273433511837,0.05116373074113325,0.4851803593281313,77,14,inf
random_addition,42,162,78,0.0026039924339417994,0.051029329154338283,0.48788155781037945,78,14,inf
random_addition,42,162,79,0.0026043196411339627,0.05103253512352647,0.48781720707136056,79,14,inf
random_addition,42,162,80,0.002536838652277618,0.05036703934397591,0.5010884664037902,80,14,inf
random_addition,42,162,81,0.0025172113523138358,0.050171818307829304,0.5049485015370817,81,14,inf
random_addition,42,162,82,0.00256976032685662,0.05069280350164725,0.4946138712859578,82,14,inf
random_addition,42,162,83,0.002583024634966765,0.050823465397066,0.4920052243799421,83,14,inf
random_addition,42,162,84,0.00255449912663126,0.050542053051209346,0.4976152402544246,84,14,inf
random_addition,42,162,85,0.002572039350969198,0.05071527729362424,0.49416566327158995,85,14,inf
random_addition,42,162,86,0.0029727206133090996,0.05452266146575293,0.41536502575458123,86,14,inf
random_addition,42,162,87,0.0031185528112382416,0.05584400425505178,0.38668469740527467,87,14,inf
random_addition,42,162,88,0.003156303114833889,0.056180985349439085,0.3792604720436352,88,14,inf
random_addition,42,162,89,0.003070181807135337,0.055409221318615705,0.3961976602485765,89,14,inf
random_addition,42,162,90,0.003035322648387533,0.05509376233647084,0.4030532938676583,90,14,inf
random_addition,42,162,91,0.00304041426566108,0.05513995162911444,0.40205194260704513,91,14,inf
random_addition,42,162,92,0.003128875532273208,0.05593635251134282,0.3846545625451735,92,14,inf
random_addition,42,162,93,0.0030691029808522204,0.055399485384362734,0.39640982938866365,93,14,inf
random_addition,42,162,94,0.003091740869590117,0.05560342498075201,0.39195771187718376,94,14,inf
random_addition,42,162,95,0.0030067482882501764,0.05483382430808722,0.4086729172618617,95,14,inf
random_addition,42,162,96,0.0030553521572008174,0.055275240001295495,0.39911415767141545,96,14,inf
random_addition,42,162,97,0.0029741216302823755,0.05453550797675195,0.415089492454068,97,14,inf
random_addition,42,162,98,0.0030323834062267094,0.05506708096700523,0.4036313447471458,98,14,inf
random_addition,42,162,99,0.003084237829507235,0.05553591477149931,0.39343330955897693,99,14,inf
random_addition,42,162,100,0.0030767814932276204,0.05546874338965703,0.39489972216071323,100,14,inf
random_addition,42,162,101,0.0030727257814675765,0.05543217280124942,0.3956973453647791,101,14,inf
random_addition,42,162,102,0.0031157006014517247,0.05581846111683593,0.3872456319201488,102,14,inf
random_addition,42,162,103,0.002975373956988262,0.054546988523549694,0.4148432015688214,103,14,inf
random_addition,42,162,104,0.0029917852239398626,0.05469721404184918,0.41161565284169654,104,14,inf
random_addition,42,162,105,0.0026758191942233096,0.05172832100719402,0.4737556302141872,105,14,inf
random_addition,42,162,106,0.002702644876434532,0.05198696833279021,0.4684799134319041,106,14,inf
random_addition,42,162,107,0.002770343493020937,0.05263405259925306,0.45516585398506426,107,14,inf
random_addition,42,162,108,0.0025055066989655528,0.05005503669927286,0.5072504163817491,108,14,inf
random_addition,42,162,109,0.0025056252708274794,0.05005622110015377,0.5072270972520827,109,14,inf
random_addition,42,162,110,0.0024275494928162914,0.04927016838631964,0.5225819981675612,110,14,inf
random_addition,42,162,111,0.0024418927382239765,0.04941551110960987,0.5197611602886247,111,14,inf
random_addition,42,162,112,0.00248877221360247,0.0498875957889581,0.5105415313877992,112,14,inf
random_addition,42,162,113,0.002613046419561006,0.0511179657220532,0.48610094088136,113,14,inf
random_addition,42,162,114,0.002623675082069265,0.05122182232280754,0.4840106375397143,114,14,inf
random_addition,42,162,115,0.0028733836289645005,0.05360395161706365,0.43490129667890287,115,14,inf
random_addition,42,162,116,0.0028817404559071612,0.05368184475134178,0.43325778760424505,116,14,inf
random_addition,42,162,117,0.0028861919015018534,0.053723290121714,0.4323823367566423,117,14,inf
random_addition,42,162,118,0.0030146671393132605,0.054905984549166044,0.4071155434317776,118,14,inf
random_addition,42,162,119,0.002997298610694454,0.05474758999896209,0.41053135359445325,119,14,inf
random_addition,42,162,120,0.0030682716540113295,0.055391981856685084,0.39657332364508247,120,14,inf
random_addition,42,162,121,0.002708681828170557,0.05204499810904557,0.4672926464190169,121,14,inf
random_addition,42,162,122,0.0027632932673139115,0.052567035938065894,0.4565523981850802,122,14,inf
random_addition,42,162,123,0.0027841912577911887,0.052765436203931725,0.4524424606182048,123,14,inf
random_addition,42,162,124,0.0027869531909140164,0.05279160151874554,0.4518992805114357,124,14,inf
random_addition,42,162,125,0.0027799306280250047,0.05272504744450217,0.4532803843579838,125,14,inf
random_addition,42,162,126,0.0028046296673796883,0.05295875439792451,0.4484229072804665,126,14,inf
random_addition,42,162,127,0.0028362148148663767,0.053256124669998066,0.44221116245495384,127,14,inf
random_addition,42,162,128,0.002801100965524045,0.05292542834521082,0.44911688521746385,128,14,inf
random_addition,42,162,129,0.0027598112397813996,0.05253390562085975,0.4572371968397798,129,14,inf
random_addition,42,162,130,0.002793749572555265,0.05285593223617634,0.4505626589708832,130,14,inf
random_addition,42,162,131,0.002788063581288555,0.05280211720460227,0.45168090376754855,131,14,inf
random_addition,42,162,132,0.0028056511130948353,0.0529683973053257,0.4482220229838749,132,14,inf
random_addition,42,162,133,0.002805605589624892,0.05296796758065097,0.4482309759317432,133,14,inf
random_addition,42,162,134,0.002809845348059492,0.05300797438178045,0.4473971568866161,134,14,inf
random_addition,42,162,135,0.0029068377444682477,0.05391509755595596,0.4283219881934799,135,14,inf
random_addition,42,162,136,0.0029191210961122824,0.0540288913093012,0.4259062626994975,136,14,inf
random_addition,42,162,137,0.0028895808060738896,0.053754821235623966,0.43171585228167264,137,14,inf
random_addition,42,162,138,0.002899137215359989,0.05384363672115758,0.42983642537830213,138,14,inf
random_addition,42,162,139,0.0028534317556746414,0.05341752292716915,0.4388251645576202,139,14,inf
random_addition,42,162,140,0.0028512164788523893,0.05339678341297713,0.4392608356065999,140,14,inf
random_addition,42,162,141,0.0028179791621357666,0.05308464149013127,0.44579750700303467,141,14,inf
random_addition,42,162,142,0.0028051691936708525,0.052963847987762866,0.4483168004576702,142,14,inf
random_addition,42,162,143,0.002807216132144348,0.05298316838529334,0.44791423594609914,143,14,inf
random_addition,42,162,144,0.0028035753935642315,0.052948799736766756,0.4486302477692389,144,14,inf
random_addition,42,162,145,0.0027848174890773795,0.05277136997536997,0.45231930181537794,145,14,inf
random_addition,42,162,146,0.002784437823827952,0.052767772587327885,0.45239396930425235,146,14,inf
random_addition,42,162,147,0.002884606197462849,0.053708530025153814,0.4326941918417968,147,14,inf
random_addition,42,162,148,0.0028618193450188627,0.05349597503568715,0.4371756055448137,148,14,inf
random_addition,42,162,149,0.0027866143265301837,0.052788391967649326,0.4519659238311704,149,14,inf
random_addition,42,162,150,0.0026800483819562917,0.05176918370958047,0.47292389007342817,150,14,inf
random_addition,42,163,10,0.00962854819961681,0.0981251659851682,-0.8936142210947935,10,10,inf
random_addition,42,163,11,0.006278058558023611,0.07923420068394463,-0.23468468141567822,11,11,inf
random_addition,42,163,12,0.0039029319952122513,0.06247345032261506,0.23242347892136817,12,12,inf
random_addition,42,163,13,0.005574616457516621,0.07466335418072657,-0.09634108717684553,13,13,inf
random_addition,42,163,14,0.00835885556468022,0.09142677706602273,-0.6439080369339318,14,14,inf
random_addition,42,163,15,0.008861375404499732,0.09413487878836267,-0.7427369252914078,15,14,inf
random_addition,42,163,16,0.01589648490216037,0.12608126308916948,-2.126308271204118,16,14,inf
random_addition,42,163,17,0.01436873460910414,0.11986965674892099,-1.825850754532171,17,14,inf
random_addition,42,163,18,0.016170390205704495,0.1271628491569157,-2.1801763068904414,18,14,inf
random_addition,42,163,19,0.011329803976095312,0.10644155192449663,-1.2281944781877128,19,14,inf
random_addition,42,163,20,0.011582447175412127,0.10762177835090873,-1.2778809672794167,20,14,inf
random_addition,42,163,21,0.019781080278363082,0.14064522842372962,-2.8902785910358535,21,14,inf
random_addition,42,163,22,0.014654415263683626,0.12105542228121641,-1.8820346089397244,22,14,inf
random_addition,42,163,23,0.009011382984232964,0.09492830444199962,-0.7722384119502339,23,14,inf
random_addition,42,163,24,0.008411697747320791,0.09171530814057592,-0.6543003314364257,24,14,inf
random_addition,42,163,25,0.0077406077953814266,0.08798072399896142,-0.5223193255484584,25,14,inf
random_addition,42,163,26,0.008492900799670869,0.09215693571115996,-0.6702702628880366,26,14,inf
random_addition,42,163,27,0.009564248213651346,0.09779697446062095,-0.8809685589122804,27,14,inf
random_addition,42,163,28,0.009972178702169284,0.0998607966229455,-0.9611948773832681,28,14,inf
random_addition,42,163,29,0.008655866024236968,0.09303690678562443,-0.7023200860165695,29,14,inf
random_addition,42,163,30,0.007785709444293329,0.0882366672324682,-0.5311893152918552,30,14,inf
random_addition,42,163,31,0.007774999688534195,0.08817595867658143,-0.529083063613045,31,14,inf
random_addition,42,163,32,0.007820207000370918,0.0884319342792575,-0.5379738337288236,32,14,inf
random_addition,42,163,33,0.008162237527421876,0.09034510239864625,-0.6052398282115659,33,14,inf
random_addition,42,163,34,0.008159972967511262,0.09033256869762567,-0.6047944648231962,34,14,inf
random_addition,42,163,35,0.007298861050700982,0.08543337199655052,-0.4354424776055348,35,14,inf
random_addition,42,163,36,0.006806259748166324,0.08250005907977476,-0.3385642346481419,36,14,inf
random_addition,42,163,37,0.006820247459377732,0.08258478951585294,-0.341315150811343,37,14,inf
random_addition,42,163,38,0.004837680190969344,0.06955343407028401,0.0485896921518556,38,14,inf
random_addition,42,163,39,0.005053008697083255,0.07108451798446168,0.0062417583895645334,39,14,inf
random_addition,42,163,40,0.005010358811877121,0.07078388808109598,0.014629568003230786,40,14,inf
random_addition,42,163,41,0.005136931925765852,0.07167239305175914,-0.010263141001174425,41,14,inf
random_addition,42,163,42,0.004346395534898406,0.06592719874906264,0.14520899467335258,42,14,inf
random_addition,42,163,43,0.0040488031363332365,0.06363020616290062,0.20373549174537664,43,14,inf
random_addition,42,163,44,0.004030924356242676,0.06348956100212598,0.20725165135048296,44,14,inf
random_addition,42,163,45,0.003861084886083877,0.06213762858432785,0.240653409261266,45,14,inf
random_addition,42,163,46,0.003950864621456525,0.06285590363248726,0.22299673037850987,46,14,inf
random_addition,42,163,47,0.0045013747922387085,0.06709228563880283,0.11472974488510468,47,14,inf
random_addition,42,163,48,0.004324793104678935,0.06576315917501938,0.1494574720373052,48,14,inf
random_addition,42,163,49,0.003953567921723291,0.0628774039041315,0.2224650813985274,49,14,inf
random_addition,42,163,50,0.003576722922999942,0.059805709785938854,0.2965779210433851,50,14,inf
random_addition,42,163,51,0.0037558643513034597,0.06128510709220846,0.2613467782802139,51,14,inf
random_addition,42,163,52,0.004136434140534695,0.06431511595678495,0.18650139660200882,52,14,inf
random_addition,42,163,53,0.004183147140172671,0.0646772536536043,0.17731450792568804,53,14,inf
random_addition,42,163,54,0.004219307359396123,0.06495619569676263,0.17020299911461312,54,14,inf
random_addition,42,163,55,0.004237550706485431,0.06509647230446079,0.16661514134286148,55,14,inf
random_addition,42,163,56,0.004379484493688404,0.06617767367993833,0.13870150033184303,56,14,inf
random_addition,42,163,57,0.004340591723071986,0.06588316722101319,0.1463504108436019,57,14,inf
random_addition,42,163,58,0.003672181545282155,0.06059852758345004,0.27780439455401174,58,14,inf
random_addition,42,163,59,0.0036215481101675114,0.06017929968159742,0.2877623021022946,59,14,inf
random_addition,42,163,60,0.0031966813800122862,0.05653920215224377,0.37131941430784976,60,14,inf
random_addition,42,163,61,0.003301985888267639,0.057462908804442187,0.35060953050774935,61,14,inf
random_addition,42,163,62,0.003257045881702157,0.0570705342685887,0.35944773059401747,62,14,inf
random_addition,42,163,63,0.0032523664901770778,0.0570295229699239,0.360368010801818,63,14,inf
random_addition,42,163,64,0.0031806644160333997,0.056397379513886986,0.3744694167942464,64,14,inf
random_addition,42,163,65,0.003199314086668222,0.05656247949540598,0.37080164873610455,65,14,inf
random_addition,42,163,66,0.003204054681456394,0.05660436980884421,0.3698693318882035,66,14,inf
random_addition,42,163,67,0.003327704039024046,0.05768625520021252,0.3455516282152178,67,14,inf
random_addition,42,163,68,0.0029210591882869175,0.05404682403515416,0.4255251046237839,68,14,inf
random_addition,42,163,69,0.002672059643506724,0.05169196884920059,0.47449500842098036,69,14,inf
random_addition,42,163,70,0.00266555001423136,0.051628964876620956,0.47577523533726407,70,14,inf
random_addition,42,163,71,0.0027703486866691245,0.05263410193656889,0.45516483256772666,71,14,inf
random_addition,42,163,72,0.002755405336084981,0.05249195496535618,0.4581036911152766,72,14,inf
random_addition,42,163,73,0.0029273587108489497,0.054105071027113066,0.424286198688822,73,14,inf
random_addition,42,163,74,0.002725827748341809,0.05220946033375378,0.46392061591172484,74,14,inf
random_addition,42,163,75,0.002695272508780751,0.051916013991645686,0.4699298122061445,75,14,inf
random_addition,42,163,76,0.002697593215329434,0.05193835976741501,0.469473406647127,76,14,inf
random_addition,42,163,77,0.0027041019846499497,0.05200098061238797,0.46819334885527364,77,14,inf
random_addition,42,163,78,0.002665702077758534,0.05163043751275534,0.47574532951433035,78,14,inf
random_addition,42,163,79,0.0027049906557133968,0.05200952466340562,0.46801857690328974,79,14,inf
random_addition,42,163,80,0.0026456629533018906,0.051436008333675065,0.47968635678684257,80,14,inf
random_addition,42,163,81,0.0025976288750456824,0.05096693903939771,0.48913305755599445,81,14,inf
random_addition,42,163,82,0.0026886099799720902,0.051851807875638145,0.4712401093598769,82,14,inf
random_addition,42,163,83,0.0026586998100118857,0.05156258149095995,0.47712244198342446,83,14,inf
random_addition,42,163,84,0.0026445591699874034,0.051425277539235544,0.4799034341424301,84,14,inf
random_addition,42,163,85,0.002593705749572339,0.050928437533192976,0.489904605460564,85,14,inf
random_addition,42,163,86,0.002593497161148454,0.05092638963394572,0.48994562784500206,86,14,inf
random_addition,42,163,87,0.0025894404515780837,0.050886544897232745,0.490743447285072,87,14,inf
random_addition,42,163,88,0.002570852816501771,0.05070357794576011,0.49439901501837025,88,14,inf
random_addition,42,163,89,0.002570402890478986,0.05069914092446721,0.4944875004574544,89,14,inf
random_addition,42,163,90,0.002554075943724191,0.050537866434231186,0.4976984662148016,90,14,inf
random_addition,42,163,91,0.002555448044396463,0.05055143958777498,0.4974286197860439,91,14,inf
random_addition,42,163,92,0.00255490292495799,0.050546047570091866,0.4975358265943278,92,14,inf
random_addition,42,163,93,0.00292265414062732,0.05406157730428627,0.425211430706269,93,14,inf
random_addition,42,163,94,0.0027945258170876297,0.052863274748048195,0.4504099975669976,94,14,inf
random_addition,42,163,95,0.002833515604352462,0.05323077685279882,0.4427420071169851,95,14,inf
random_addition,42,163,96,0.0028213173463353712,0.05311607427451102,0.4451409975332834,96,14,inf
random_addition,42,163,97,0.0028340017298621985,0.053235342864136774,0.4426464024464377,97,14,inf
random_addition,42,163,98,0.003029496366287836,0.05504086087887648,0.4041991291910495,98,14,inf
random_addition,42,163,99,0.003071382963449239,0.055420059215497405,0.3959614328723815,99,14,inf
random_addition,42,163,100,0.002786459349936164,0.05278692404313936,0.4519964025571723,100,14,inf
random_addition,42,163,101,0.0022160154970603365,0.04707457378522228,0.5641836783278604,101,14,inf
random_addition,42,163,102,0.00221537412510141,0.047067760995201484,0.5643098147959192,102,14,inf
random_addition,42,163,103,0.0021745198294410616,0.046631747012534946,0.5723444918470583,103,14,inf
random_addition,42,163,104,0.0021888876483833032,0.0467855495680376,0.5695188211736513,104,14,inf
random_addition,42,163,105,0.0022016698235623627,0.04692195460083012,0.5670049937311552,105,14,inf
random_addition,42,163,106,0.002177430207368369,0.04666294254939747,0.5717721175993883,106,14,inf
random_addition,42,163,107,0.002250755852123299,0.0474421316144553,0.5573514094302786,107,14,inf
random_addition,42,163,108,0.0022336507088485955,0.047261514034662444,0.5607154204823428,108,14,inf
random_addition,42,163,109,0.0022653731903497384,0.04759593669999298,0.5544766666376695,109,14,inf
random_addition,42,163,110,0.0022321587907379627,0.04724572775117304,0.5610088310040988,110,14,inf
random_addition,42,163,111,0.0022197509780506035,0.04711423328518255,0.5634490338332645,111,14,inf
random_addition,42,163,112,0.002419825326066455,0.04919172009664284,0.5241010840879268,112,14,inf
random_addition,42,163,113,0.002468948120604861,0.04968851095177698,0.5144402691458002,113,14,inf
random_addition,42,163,114,0.0024838590661426193,0.04983832928723252,0.5115077835898373,114,14,inf
random_addition,42,163,115,0.0025082299463665904,0.05008223184290603,0.5067148444658949,115,14,inf
random_addition,42,163,116,0.002509371081202835,0.05009362315906921,0.5064904213120298,116,14,inf
random_addition,42,163,117,0.0024904527186966246,0.04990443586192138,0.5102110320976737,117,14,inf
random_addition,42,163,118,0.0024900597088282324,0.0499004980819654,0.51028832402792,118,14,inf
random_addition,42,163,119,0.0024874598437252234,0.049874440786090254,0.5107996307618035,119,14,inf
random_addition,42,163,120,0.0025581613307645266,0.0505782693531968,0.4968950068730742,120,14,inf
random_addition,42,163,121,0.0025694358209406238,0.050689602690696084,0.49467769077406964,121,14,inf
random_addition,42,163,122,0.002565149886681553,0.050647308780245696,0.49552059106343804,122,14,inf
random_addition,42,163,123,0.002411139755387881,0.04910335788301937,0.5258092460884998,123,14,inf
random_addition,42,163,124,0.002407893662278776,0.049070293073088286,0.526447644312922,124,14,inf
random_addition,42,163,125,0.002356261173880625,0.04854133469405868,0.5366020323135078,125,14,inf
random_addition,42,163,126,0.0022903682285756516,0.047857791722724224,0.5495609764567468,126,14,inf
random_addition,42,163,127,0.0024351277066388998,0.04934701314810148,0.5210916163189707,127,14,inf
random_addition,42,163,128,0.002380942323838826,0.04879490059257039,0.5317480734834857,128,14,inf
random_addition,42,163,129,0.002379611978575931,0.048781266676624246,0.5320097080161855,129,14,inf
random_addition,42,163,130,0.0024553836907704697,0.04955182832923998,0.5171079399828709,130,14,inf
random_addition,42,163,131,0.002478459765850297,0.049784131667131616,0.5125696458358933,131,14,inf
random_addition,42,163,132,0.002455760175734049,0.04955562708445983,0.5170338979501279,132,14,inf
random_addition,42,163,133,0.002446225029527193,0.04945932702258688,0.5189091431151507,133,14,inf
random_addition,42,163,134,0.0024436293390011593,0.0494330794003485,0.5194196288490077,134,14,inf
random_addition,42,163,135,0.002490796215530674,0.0499078772893686,0.5101434777295206,135,14,inf
random_addition,42,163,136,0.002433036947294749,0.049325824344806944,0.521502798933929,136,14,inf
random_addition,42,163,137,0.00234197045810244,0.04839390930791229,0.5394125393667177,137,14,inf
random_addition,42,163,138,0.0023658711268818465,0.048640221287344555,0.5347120751475989,138,14,inf
random_addition,42,163,139,0.0023575566484966212,0.0485546768962231,0.5363472556737632,139,14,inf
random_addition,42,163,140,0.0023830744391178478,0.04881674343007579,0.5313287575357784,140,14,inf
random_addition,42,163,141,0.002351418302960189,0.048491425045673685,0.5375544634646785,141,14,inf
random_addition,42,163,142,0.002344705622036722,0.04842216044371339,0.5388746238663116,142,14,inf
random_addition,42,163,143,0.0025336797420209478,0.05033567067220768,0.5017097186695711,143,14,inf
random_addition,42,163,144,0.002671473568496335,0.05168629962085054,0.47461026982397625,144,14,inf
random_addition,42,163,145,0.002674356106374231,0.051714177034680064,0.47404337078527725,145,14,inf
random_addition,42,163,146,0.0026656970668925877,0.05163038898645436,0.4757463149844987,146,14,inf
random_addition,42,163,147,0.0026250557006473425,0.05123529740957246,0.4837391159230432,147,14,inf
random_addition,42,163,148,0.0026396712970162646,0.05137773152851598,0.4808647156956991,148,14,inf
random_addition,42,163,149,0.0026977140686656456,0.051939523184812215,0.46944963882757895,149,14,inf
random_addition,42,163,150,0.0026800483819562917,0.05176918370958047,0.47292389007342817,150,14,inf
random_addition,42,164,10,0.00962854819961681,0.0981251659851682,-0.8936142210947935,10,10,inf
random_addition,42,164,11,0.007392539392298674,0.08597987783370406,-0.4538658822746857,11,11,inf
random_addition,42,164,12,0.009344166078281388,0.09666522683096226,-0.8376857448570889,12,12,inf
random_addition,42,164,13,0.007110632346835481,0.0843245655004251,-0.3984241708921574,13,13,inf
random_addition,42,164,14,0.006888572194636303,0.08299742281924363,-0.3547523469135878,14,14,inf
random_addition,42,164,15,0.008893078086886847,0.09430311811857997,-0.7489717853108531,15,14,inf
random_addition,42,164,16,0.009467185437780223,0.09729946267981249,-0.8618795489267657,16,14,inf
random_addition,42,164,17,0.013836187716164558,0.1176273255505053,-1.721116546532841,17,14,inf
random_addition,42,164,18,0.014030617358008512,0.11845090695308547,-1.7593543708823867,18,14,inf
random_addition,42,164,19,0.01420752128253255,0.11919530730080169,-1.794145471295586,19,14,inf
random_addition,42,164,20,0.014253546421283889,0.11938821726319515,-1.803197080682644,20,14,inf
random_addition,42,164,21,0.014256039147151633,0.11939865638754749,-1.8036873167031318,21,14,inf
random_addition,42,164,22,0.008573218153720169,0.09259167432183181,-0.6860660070309088,22,14,inf
random_addition,42,164,23,0.00855849479234165,0.09251213321690108,-0.6831704130212335,23,14,inf
random_addition,42,164,24,0.008710354903550547,0.09332928213347913,-0.7130362308206031,24,14,inf
random_addition,42,164,25,0.007148060843352724,0.08454620537524274,-0.4057851075370058,25,14,inf
random_addition,42,164,26,0.006091197350743196,0.07804612322686628,-0.197935315660702,26,14,inf
random_addition,42,164,27,0.0063537163266487685,0.07971020214908985,-0.24956404055006964,27,14,inf
random_addition,42,164,28,0.010281830019642082,0.10139935906918782,-1.022092961517132,28,14,inf
random_addition,42,164,29,0.012536506853522839,0.11196654345617194,-1.465512678394023,29,14,inf
random_addition,42,164,30,0.012856614467711514,0.11338701190044437,-1.5284671672683192,30,14,inf
random_addition,42,164,31,0.01170331200050353,0.10818184690835857,-1.3016510463067328,31,14,inf
random_addition,42,164,32,0.01168150524932923,0.10808101243664046,-1.2973623858271424,32,14,inf
random_addition,42,164,33,0.01298156734445809,0.11393668129473532,-1.5530412296782097,33,14,inf
random_addition,42,164,34,0.01325897305193043,0.11514761418253715,-1.6075976780432284,34,14,inf
random_addition,42,164,35,0.012082326557233885,0.10991963681360072,-1.3761905656347975,35,14,inf
random_addition,42,164,36,0.012398003840130472,0.11134632387344663,-1.438273756140437,36,14,inf
random_addition,42,164,37,0.011261469131639739,0.1061200694102663,-1.2147552939436617,37,14,inf
random_addition,42,164,38,0.01036826038746971,0.10182465510606804,-1.0390909315391719,38,14,inf
random_addition,42,164,39,0.00986100752162983,0.0993026058149021,-0.9393312148579265,39,14,inf
random_addition,42,164,40,0.009839449833764068,0.09919400099685499,-0.9350915368223371,40,14,inf
random_addition,42,164,41,0.009476444616502697,0.09734703188337432,-0.8637005204939259,41,14,inf
random_addition,42,164,42,0.008555259095324562,0.09249464360342474,-0.6825340593612956,42,14,inf
random_addition,42,164,43,0.0073845090098499985,0.08593316594802032,-0.452286573941759,43,14,inf
random_addition,42,164,44,0.0074672942083115895,0.08641350709415507,-0.4685676607528799,44,14,inf
random_addition,42,164,45,0.006166719914190906,0.07852846562992878,-0.2127880844471539,45,14,inf
random_addition,42,164,46,0.006171593508351421,0.07855949025007368,-0.21374655783471663,46,14,inf
random_addition,42,164,47,0.0058604040654136255,0.07655327599400058,-0.15254597573397688,47,14,inf
random_addition,42,164,48,0.004759482177445654,0.0689890004090917,0.06396863271484876,48,14,inf
random_addition,42,164,49,0.005420293642864389,0.07362264354710708,-0.06599093776631748,49,14,inf
random_addition,42,164,50,0.005884333581795314,0.07670940999509326,-0.1572521133141045,50,14,inf
random_addition,42,164,51,0.005884832191786329,0.07671265991859706,-0.15735017326563527,51,14,inf
random_addition,42,164,52,0.005920392712247473,0.07694408822156172,-0.1643437413362021,52,14,inf
random_addition,42,164,53,0.005804442716300089,0.07618689333671566,-0.14154024524209863,53,14,inf
random_addition,42,164,54,0.005790663334345985,0.07609640815666653,-0.13883030049391443,54,14,inf
random_addition,42,164,55,0.005623625138554234,0.07499083369688747,-0.10597945980020906,55,14,inf
random_addition,42,164,56,0.005350261668885408,0.0731454829014438,-0.0522179847615003,56,14,inf
random_addition,42,164,57,0.0051403982942667,0.07169657100773161,-0.010944860046733451,57,14,inf
random_addition,42,164,58,0.005265181040207228,0.07256156723918819,-0.035485463402662454,58,14,inf
random_addition,42,164,59,0.004823998422990854,0.06945501006400369,0.05128043948745287,59,14,inf
random_addition,42,164,60,0.00482874015286184,0.06948913694140862,0.05034789940662865,60,14,inf
random_addition,42,164,61,0.004693944192229606,0.06851236525058528,0.07685776805011646,61,14,inf
random_addition,42,164,62,0.005008720914446994,0.07077231743024241,0.014951687787240098,62,14,inf
random_addition,42,164,63,0.004935947388864482,0.07025629785908508,0.029263812533911193,63,14,inf
random_addition,42,164,64,0.005102457362416236,0.07143148719168764,-0.0034831444667577927,64,14,inf
random_addition,42,164,65,0.005022589954650676,0.07087023320584374,0.012224110252376352,65,14,inf
random_addition,42,164,66,0.004481921250218698,0.06694715266700069,0.11855560762744655,66,14,inf
random_addition,42,164,67,0.004568832559706486,0.06759313988642994,0.1014630524251372,67,14,inf
random_addition,42,164,68,0.004424786617247296,0.0665190695759291,0.12979208391324681,68,14,inf
random_addition,42,164,69,0.004736043272141289,0.0688189165283884,0.06857828346292372,69,14,inf
random_addition,42,164,70,0.0059218444747866986,0.07695352152297319,-0.16462925459665811,70,14,inf
random_addition,42,164,71,0.0059569545692608784,0.07718130971459916,-0.1715342389018657,71,14,inf
random_addition,42,164,72,0.006145771900880571,0.078394973696536,-0.208668309057785,72,14,inf
random_addition,42,164,73,0.006135143567252029,0.07832715727799669,-0.20657807039580822,73,14,inf
random_addition,42,164,74,0.005597379684665476,0.07481563796871264,-0.1008178545724534,74,14,inf
random_addition,42,164,75,0.00557208833272856,0.07464642210266048,-0.09584388936964516,75,14,inf
random_addition,42,164,76,0.005523110987674008,0.07431763577828622,-0.08621167948877662,76,14,inf
random_addition,42,164,77,0.005634199104767139,0.07506130231195791,-0.10805900620523512,77,14,inf
random_addition,42,164,78,0.005669951267593807,0.07529907879644882,-0.11509026393588329,78,14,inf
random_addition,42,164,79,0.005773823975498934,0.07598568270074918,-0.13551856037216248,79,14,inf
random_addition,42,164,80,0.006101068468811277,0.07810933663020879,-0.19987663528275768,80,14,inf
random_addition,42,164,81,0.0061531134489658185,0.07844178382065146,-0.21011214665104028,81,14,inf
random_addition,42,164,82,0.005488456117651431,0.07408411515062747,-0.07939622264684543,82,14,inf
random_addition,42,164,83,0.0047688893785728095,0.06905714574591691,0.06211855007873657,83,14,inf
random_addition,42,164,84,0.004047590920580674,0.06362067997578047,0.20397389414421163,84,14,inf
random_addition,42,164,85,0.004278232642262178,0.06540820011483406,0.15861436173087595,85,14,inf
random_addition,42,164,86,0.004161381783976595,0.06450877292257694,0.18159502739400457,86,14,inf
random_addition,42,164,87,0.0040926984576996825,0.06397420150107137,0.1951027463869085,87,14,inf
random_addition,42,164,88,0.003422158927348328,0.05849922159608902,0.32697550271065845,88,14,inf
random_addition,42,164,89,0.0034504648079520125,0.058740657197140826,0.321408680284212,89,14,inf
random_addition,42,164,90,0.003484582313674039,0.05903035078393181,0.3146989050736476,90,14,inf
random_addition,42,164,91,0.003533159947877384,0.05944038986982996,0.30514530498279946,91,14,inf
random_addition,42,164,92,0.0034621180975524845,0.058839766294169496,0.3191168669752369,92,14,inf
random_addition,42,164,93,0.0034332766970643093,0.05859416948011388,0.32478900829794144,93,14,inf
random_addition,42,164,94,0.0034298287534977046,0.058564739848288444,0.3254671037735931,94,14,inf
random_addition,42,164,95,0.003459511171314647,0.05881760936415766,0.3196295623987806,95,14,inf
random_addition,42,164,96,0.0033102641932295424,0.05753489543945954,0.34898146408720176,96,14,inf
random_addition,42,164,97,0.003278594019550031,0.057259008195654514,0.3552099307283566,97,14,inf
random_addition,42,164,98,0.00326363032656041,0.05712819204701309,0.35815278994843835,98,14,inf
random_addition,42,164,99,0.0032686962719005786,0.05717251325506496,0.3571564875007013,99,14,inf
random_addition,42,164,100,0.002971649372739136,0.0545128367702428,0.41557570303795166,100,14,inf
random_addition,42,164,101,0.002964432422317927,0.054446601568122935,0.41699503642728664,101,14,inf
random_addition,42,164,102,0.0029618349733833635,0.05442274316297704,0.4175058679814406,102,14,inf
random_addition,42,164,103,0.0029513388964878306,0.05432622659901781,0.4195700961561385,103,14,inf
random_addition,42,164,104,0.003253754532938404,0.057041691182313344,0.3600950290959737,104,14,inf
random_addition,42,164,105,0.003427179413829214,0.058542116581391336,0.32598814050402813,105,14,inf
random_addition,42,164,106,0.003421284164790297,0.0584917444156891,0.32714753932361684,106,14,inf
random_addition,42,164,107,0.0035087287931535654,0.05923452365937929,0.3099500980900959,107,14,inf
random_addition,42,164,108,0.0035734758868051623,0.05977855708199356,0.297216504741298,108,14,inf
random_addition,42,164,109,0.0036299367194171594,0.06024895616869357,0.2861125425081147,109,14,inf
random_addition,42,164,110,0.0030790121394502945,0.05548884698252699,0.39446102846339604,110,14,inf
random_addition,42,164,111,0.003214370323477169,0.056695417129404464,0.36784058923403684,111,14,inf
random_addition,42,164,112,0.003174914894462387,0.05634638315333458,0.3756001558823878,112,14,inf
random_addition,42,164,113,0.0030433975886896376,0.0551669972781702,0.40146522249141847,113,14,inf
random_addition,42,164,114,0.0031885651356565597,0.056467381165205104,0.3729156088135277,114,14,inf
random_addition,42,164,115,0.0033715243066441735,0.05806482848200082,0.33693364342484666,115,14,inf
random_addition,42,164,116,0.0033024459303954553,0.05746691161351422,0.3505190555682802,116,14,inf
random_addition,42,164,117,0.0036820736858248896,0.060680092994530664,0.2758589405125046,117,14,inf
random_addition,42,164,118,0.0035810654851982254,0.05984200435478599,0.29572388392748994,118,14,inf
random_addition,42,164,119,0.0035393751133362553,0.05949264755695661,0.30392298927586414,119,14,inf
random_addition,42,164,120,0.0036713663511885805,0.06059180102281645,0.27796471603722417,120,14,inf
random_addition,42,164,121,0.003787532122655095,0.061542929103635416,0.2551187840968103,121,14,inf
random_addition,42,164,122,0.0037674117304238703,0.061379245111225264,0.2590757940294779,122,14,inf
random_addition,42,164,123,0.0036936485847017136,0.060775394566400916,0.27358254404374505,123,14,inf
random_addition,42,164,124,0.0036778043265919894,0.060644903550026275,0.2766985810471704,124,14,inf
random_addition,42,164,125,0.003762868755397889,0.061342226527881176,0.2599692456627801,125,14,inf
random_addition,42,164,126,0.0037496046581133903,0.06123401553151149,0.2625778511064244,126,14,inf
random_addition,42,164,127,0.003680899569148311,0.06067041757848969,0.27608985009408427,127,14,inf
random_addition,42,164,128,0.0037079487155232903,0.06089292828829379,0.27077018536558717,128,14,inf
random_addition,42,164,129,0.0036228413916888544,0.06019004395819008,0.2875079567711062,129,14,inf
random_addition,42,164,130,0.0036405255589878893,0.06033676788648767,0.28403007100978195,130,14,inf
random_addition,42,164,131,0.0036943368286640314,0.06078105649512874,0.273447189416276,131,14,inf
random_addition,42,164,132,0.003687797276080297,0.0607272366906341,0.27473330124907014,132,14,inf
random_addition,42,164,133,0.0036444011471585143,0.06036887564928234,0.2832678721068056,133,14,inf
random_addition,42,164,134,0.0034355302196795077,0.058613396247611416,0.3243458155773744,134,14,inf
random_addition,42,164,135,0.0034640566604336605,0.05885623722625887,0.31873561632724945,135,14,inf
random_addition,42,164,136,0.0028447249494481233,0.05333596300291318,0.44053750288205296,136,14,inf
random_addition,42,164,137,0.0027341298997706066,0.0522889079994085,0.46228785968666086,137,14,inf
random_addition,42,164,138,0.0027442076476325715,0.05238518538320325,0.4603059028773484,138,14,inf
random_addition,42,164,139,0.0026567572000681396,0.05154374064877461,0.47750448855360883,139,14,inf
random_addition,42,164,140,0.002324667601851184,0.048214806873523655,0.542815433965536,140,14,inf
random_addition,42,164,141,0.0023730424505952648,0.04871388355074213,0.5333017150095727,141,14,inf
random_addition,42,164,142,0.002383973862807645,0.04882595480692257,0.5311518709009004,142,14,inf
random_addition,42,164,143,0.0025117550295947057,0.05011741243913841,0.5060215781922143,143,14,inf
random_addition,42,164,144,0.0025183353896356528,0.05018301893704336,0.5047274408939291,144,14,inf
random_addition,42,164,145,0.0025344809410686253,0.050343628604507897,0.5015521495450099,145,14,inf
random_addition,42,164,146,0.002605260500511225,0.05104175252194251,0.4876321714190588,146,14,inf
random_addition,42,164,147,0.002583863746803159,0.05083171988830556,0.4918401990746165,147,14,inf
random_addition,42,164,148,0.0026330457465475175,0.051313212202584994,0.48216774044357336,148,14,inf
random_addition,42,164,149,0.002660689799657799,0.05158187472027165,0.4767310774064176,149,14,inf
random_addition,42,164,150,0.0026800483819562917,0.05176918370958047,0.47292389007342817,150,14,inf
random_addition,42,165,10,0.00962854819961681,0.0981251659851682,-0.8936142210947935,10,10,inf
random_addition,42,165,11,0.009278966881853656,0.09632739424407605,-0.8248632379744398,11,11,inf
random_addition,42,165,12,0.005029496817873137,0.0709189454086363,0.010865760670481062,12,12,inf
random_addition,42,165,13,0.005542474621550746,0.07444779796307441,-0.0900198602986857,13,13,inf
random_addition,42,165,14,0.008042733139319053,0.08968128644995595,-0.581737301755527,14,14,inf
random_addition,42,165,15,0.00714423688766448,0.0845235877590657,-0.40503306302084674,15,14,inf
random_addition,42,165,16,0.003422608468479463,0.05850306375293061,0.32688709296692187,16,14,inf
random_addition,42,165,17,0.00324320892959001,0.05694917848037854,0.3621689974717397,17,14,inf
random_addition,42,165,18,0.003386496538949035,0.05819361252705519,0.33398910480633004,18,14,inf
random_addition,42,165,19,0.0037113377993621454,0.06092075015429591,0.2701036656348147,19,14,inf
random_addition,42,165,20,0.004040922773114893,0.0635682528713421,0.2052852963003604,20,14,inf
random_addition,42,165,21,0.003994762210479473,0.06320413127699386,0.21436353904765715,21,14,inf
random_addition,42,165,22,0.003592197594511826,0.05993494468598287,0.29353456939429223,22,14,inf
random_addition,42,165,23,0.0026763849774343418,0.05173378951356977,0.47364435953118755,23,14,inf
random_addition,42,165,24,0.002685656543607918,0.05182332046104261,0.47182095176564254,24,14,inf
random_addition,42,165,25,0.003303747522664426,0.057478235208332784,0.35026307579028126,25,14,inf
random_addition,42,165,26,0.0026374362273648014,0.051355975576020375,0.48130427933389297,26,14,inf
random_addition,42,165,27,0.009373734900875022,0.09681805049098552,-0.8435009458410301,27,14,inf
random_addition,42,165,28,0.009359179523801296,0.0967428525721735,-0.8406383887401265,28,14,inf
random_addition,42,165,29,0.008143316644313107,0.09024032715096454,-0.6015187217074862,29,14,inf
random_addition,42,165,30,0.007953204371139076,0.08918073991136806,-0.5641299797472674,30,14,inf
random_addition,42,165,31,0.007347198340625363,0.08571579983075094,-0.44494880999463104,31,14,inf
random_addition,42,165,32,0.007270665585704319,0.08526819797383031,-0.42989737024550867,32,14,inf
random_addition,42,165,33,0.007447934632937704,0.08630141732867255,-0.4647602781150899,33,14,inf
random_addition,42,165,34,0.006452939083018294,0.08033018786868541,-0.26907784664235623,34,14,inf
random_addition,42,165,35,0.0064909231521266654,0.08056626559625725,-0.27654804588189696,35,14,inf
random_addition,42,165,36,0.006509755240355601,0.0806830542329404,-0.2802516893953235,36,14,inf
random_addition,42,165,37,0.0067148200883322354,0.08194400581087206,-0.32058110399914197,37,14,inf
random_addition,42,165,38,0.006113551611046853,0.07818920392897509,-0.20233165292105282,38,14,inf
random_addition,42,165,39,0.006397371242539046,0.07998356857842144,-0.25814950617133703,39,14,inf
random_addition,42,165,40,0.004763214494021771,0.06901604519256208,0.06323461055495094,40,14,inf
random_addition,42,165,41,0.004911694836740577,0.07008348476453334,0.034033480468013244,41,14,inf
random_addition,42,165,42,0.005362269764276655,0.07322752053891116,-0.054579576533148044,42,14,inf
random_addition,42,165,43,0.005333939813839292,0.0730338265041569,-0.04900802037339003,43,14,inf
random_addition,42,165,44,0.005311806425812196,0.07288214065058872,-0.044655121321507396,44,14,inf
random_addition,42,165,45,0.005357420359670873,0.07319440114975238,-0.05362586042403428,45,14,inf
random_addition,42,165,46,0.005160699657956914,0.07183800984128746,-0.014937461028149857,46,14,inf
random_addition,42,165,47,0.005141204567513994,0.07170219360322244,-0.011103427097083118,47,14,inf
random_addition,42,165,48,0.005513636920273721,0.07425386804923849,-0.08434844648740802,48,14,inf
random_addition,42,165,49,0.006391566843765957,0.07994727539926522,-0.25700797456825875,49,14,inf
random_addition,42,165,50,0.00646153665494067,0.08038368400950947,-0.27076870222323635,50,14,inf
random_addition,42,165,51,0.006571077819891788,0.08106218489463375,-0.2923117950599097,51,14,inf
random_addition,42,165,52,0.00687602203718046,0.08292178264593966,-0.35228414961710364,52,14,inf
random_addition,42,165,53,0.006344408739156279,0.07965179683570409,-0.24773354859277097,53,14,inf
random_addition,42,165,54,0.007350089170728146,0.08573266105008141,-0.4455173398373351,54,14,inf
random_addition,42,165,55,0.007545284803876213,0.08686359884253135,-0.4839058091228181,55,14,inf
random_addition,42,165,56,0.006507187916301953,0.08066714273049438,-0.27974678240027506,56,14,inf
random_addition,42,165,57,0.006715860600469607,0.08195035448654024,-0.3207857380249266,57,14,inf
random_addition,42,165,58,0.006725035998777352,0.08200631682240919,-0.32259023277943655,58,14,inf
random_addition,42,165,59,0.007190082783816336,0.08479435584882013,-0.41404942136814604,59,14,inf
random_addition,42,165,60,0.008663677334737916,0.09307887695249613,-0.7038563102056503,60,14,inf
random_addition,42,165,61,0.007580944249945845,0.08706861805464611,-0.4909188325604019,61,14,inf
random_addition,42,165,62,0.005774585420207434,0.07599069298412427,-0.13566831114441813,62,14,inf
random_addition,42,165,63,0.005807676285179611,0.07620811167572394,-0.14217618036837187,63,14,inf
random_addition,42,165,64,0.00573495361630316,0.07572947653525118,-0.1278740574391959,64,14,inf
random_addition,42,165,65,0.004520541276135136,0.06723497063385345,0.11096033689937079,65,14,inf
random_addition,42,165,66,0.0045749017660172584,0.0676380201219496,0.10026944201341448,66,14,inf
random_addition,42,165,67,0.004611999229722297,0.06791170171422814,0.09297360847942393,67,14,inf
random_addition,42,165,68,0.004532530122044538,0.06732406792555348,0.10860253085863636,68,14,inf
random_addition,42,165,69,0.004248447396367884,0.06518011503800744,0.16447212595814398,69,14,inf
random_addition,42,165,70,0.004162133859517468,0.0645146019093156,0.18144711922446444,70,14,inf
random_addition,42,165,71,0.0045994520065489935,0.06781925984961051,0.09544122870042082,71,14,inf
random_addition,42,165,72,0.004633788010997359,0.0680719326227584,0.08868848207953495,72,14,inf
random_addition,42,165,73,0.003987894054965824,0.06314977478159224,0.21571427611452398,73,14,inf
random_addition,42,165,74,0.003967847119684157,0.06299084949168535,0.21965683951574821,74,14,inf
random_addition,42,165,75,0.003985263632772806,0.06312894449278243,0.21623159240862344,75,14,inf
random_addition,42,165,76,0.003976003294359597,0.06305555720441773,0.21805279204826378,76,14,inf
random_addition,42,165,77,0.0039471300058054,0.06282618885310011,0.22373120468976437,77,14,inf
random_addition,42,165,78,0.00394930634491253,0.06284350678401492,0.22330319139038135,78,14,inf
random_addition,42,165,79,0.004334962407713184,0.06584043140588604,0.14745750937989832,79,14,inf
random_addition,42,165,80,0.004314439344252342,0.06568439193790516,0.1514937113102608,80,14,inf
random_addition,42,165,81,0.004427565009166161,0.06653995047462961,0.12924566691036488,81,14,inf
random_addition,42,165,82,0.0043809239330054785,0.06618854835245655,0.13841841063807958,82,14,inf
random_addition,42,165,83,0.0043977060044285785,0.0663152019104864,0.135117937041502,83,14,inf
random_addition,42,165,84,0.0037977308962526156,0.06162573241960387,0.25311302556275017,84,14,inf
random_addition,42,165,85,0.0037893041394537357,0.06155732401147516,0.25477028750725605,85,14,inf
random_addition,42,165,86,0.0035524909475481365,0.05960277634094016,0.301343542232526,86,14,inf
random_addition,42,165,87,0.0032416421117097646,0.056935420536865844,0.36247713827951134,87,14,inf
random_addition,42,165,88,0.0032982321095441696,0.05743023689263496,0.35134777355605107,88,14,inf
random_addition,42,165,89,0.002934331790867409,0.05416947286865,0.4229148264721557,89,14,inf
random_addition,42,165,90,0.002833998116490744,0.05323530892641409,0.4426471130760602,90,14,inf
random_addition,42,165,91,0.002867235755385126,0.05354657557104026,0.43611037831800814,91,14,inf
random_addition,42,165,92,0.0029314566053985753,0.05414292756582872,0.4234802795372695,92,14,inf
random_addition,42,165,93,0.0029389159444121815,0.05421176942705506,0.42201327639792874,93,14,inf
random_addition,42,165,94,0.002883163084425593,0.05369509367182064,0.43297800403376396,94,14,inf
random_addition,42,165,95,0.0025251407336645514,0.05025077843839388,0.5033890567507123,95,14,inf
random_addition,42,165,96,0.0024151320481045784,0.04914399300122629,0.5250240952945917,96,14,inf
random_addition,42,165,97,0.002356403469641813,0.0485428003893658,0.5365740474842895,97,14,inf
random_addition,42,165,98,0.0022964054708454825,0.047920825022587855,0.5483736523055522,98,14,inf
random_addition,42,165,99,0.002206583024437803,0.04697428045683939,0.5660387310240527,99,14,inf
random_addition,42,165,100,0.002255041760852585,0.04748727999004139,0.5565085141617674,100,14,inf
random_addition,42,165,101,0.0022956812203424265,0.04791326768591792,0.548516088218401,101,14,inf
random_addition,42,165,102,0.002459839889304421,0.04959677297268867,0.5162315543906745,102,14,inf
random_addition,42,165,103,0.0025111837507254156,0.05011171270995849,0.5061339296878573,103,14,inf
random_addition,42,165,104,0.0024766710834822772,0.04976616404227151,0.5129214199869785,104,14,inf
random_addition,42,165,105,0.002484883614998419,0.049848606951432645,0.5113062890090005,105,14,inf
random_addition,42,165,106,0.0024629165608178985,0.04962778013187673,0.5156264757421831,106,14,inf
random_addition,42,165,107,0.0024905548163177238,0.04990545878275966,0.510190952901595,107,14,inf
random_addition,42,165,108,0.002501486917567827,0.050014866965411665,0.5080409732821891,108,14,inf
random_addition,42,165,109,0.002464024767068272,0.049638944056741095,0.5154085285426564,109,14,inf
random_addition,42,165,110,0.002701177155210551,0.05197285017401442,0.4687685652332675,110,14,inf
random_addition,42,165,111,0.002706822715931233,0.05202713441975478,0.467658271776237,111,14,inf
random_addition,42,165,112,0.0027756738427635467,0.052684664208510874,0.4541175520119365,112,14,inf
random_addition,42,165,113,0.0028590819518938427,0.05347038387643989,0.4377139594526719,113,14,inf
random_addition,42,165,114,0.0027717064360912986,0.05264699835784846,0.4548978085511035,114,14,inf
random_addition,42,165,115,0.002815011781777149,0.053056684609737434,0.44638109172733387,115,14,inf
random_addition,42,165,116,0.002802141514681446,0.05293525776532543,0.44891224391107454,116,14,inf
random_addition,42,165,117,0.0028446861916875577,0.053335599665585064,0.44054512524059164,117,14,inf
random_addition,42,165,118,0.002502795098785892,0.05002794317964603,0.5077836976777116,118,14,inf
random_addition,42,165,119,0.0023615667300579497,0.048595953844512096,0.5355586064075546,119,14,inf
random_addition,42,165,120,0.002362414899574749,0.048604679811462076,0.5353917997586587,120,14,inf
random_addition,42,165,121,0.00250706223733336,0.05007057256845941,0.5069444938777878,121,14,inf
random_addition,42,165,122,0.0025811839995500386,0.05080535404413632,0.49236721596254673,122,14,inf
random_addition,42,165,123,0.002594410146281238,0.05093535261761951,0.48976607412670037,123,14,inf
random_addition,42,165,124,0.0025918835430986968,0.05091054451779805,0.4902629726848562,124,14,inf
random_addition,42,165,125,0.0026650247552715274,0.051623877762829166,0.47587853625194776,125,14,inf
random_addition,42,165,126,0.0025580662869097814,0.0505773297724364,0.4969136988286257,126,14,inf
random_addition,42,165,127,0.0025244274210583202,0.0502436804091651,0.5035293415441455,127,14,inf
random_addition,42,165,128,0.002462919183373674,0.049627806554125214,0.5156259599729509,128,14,inf
random_addition,42,165,129,0.0024425249444374056,0.049421907535397755,0.5196368264169346,129,14,inf
random_addition,42,165,130,0.002363868293325233,0.04861962868353925,0.5351059656933657,130,14,inf
random_addition,42,165,131,0.002356758153427267,0.04854645356179241,0.5365042930159933,131,14,inf
random_addition,42,165,132,0.002377328821409933,0.04875785907328103,0.5324587288642819,132,14,inf
random_addition,42,165,133,0.0024051015417390713,0.04904183460821048,0.5269967612775341,133,14,inf
random_addition,42,165,134,0.0024067700588896236,0.049058842820531585,0.5266686196159956,134,14,inf
random_addition,42,165,135,0.0024612628925476704,0.04961111662266503,0.5159516971243228,135,14,inf
random_addition,42,165,136,0.0024758719084404745,0.0497581340932362,0.5130785910571054,136,14,inf
random_addition,42,165,137,0.00246322269292204,0.04963086431770094,0.5155662697699099,137,14,inf
random_addition,42,165,138,0.0024590998735369773,0.04958931208977371,0.5163770908050969,138,14,inf
random_addition,42,165,139,0.002495682169958052,0.04995680303980682,0.5091825734898063,139,14,inf
random_addition,42,165,140,0.0024946742226080415,0.04994671383192333,0.5093808031082832,140,14,inf
random_addition,42,165,141,0.0025149793833303498,0.05014957012109226,0.5053874553773232,141,14,inf
random_addition,42,165,142,0.002517629686370645,0.05017598714894053,0.5048662291837924,142,14,inf
random_addition,42,165,143,0.002512678122599405,0.05012662089747727,0.5058400365927069,143,14,inf
random_addition,42,165,144,0.0025033915365882593,0.050033903871157796,0.5076663982592379,144,14,inf
random_addition,42,165,145,0.0025542493830810835,0.05053958233979663,0.4976643564792631,145,14,inf
random_addition,42,165,146,0.0024122311346389345,0.04911446970739819,0.5255946081983882,146,14,inf
random_addition,42,165,147,0.002481068605009457,0.04981032628892785,0.5120565742045406,147,14,inf
random_addition,42,165,148,0.0025619808080175723,0.050616013355632546,0.49614384311571735,148,14,inf
random_addition,42,165,149,0.002602357147632376,0.05101330363378141,0.48820316407405373,149,14,inf
random_addition,42,165,150,0.0026800483819562917,0.05176918370958047,0.47292389007342817,150,14,inf
random_addition,42,166,10,0.00962854819961681,0.0981251659851682,-0.8936142210947935,10,10,inf
random_addition,42,166,11,0.008687923819123275,0.09320903292666047,-0.708624784818001,11,11,inf
random_addition,42,166,12,0.0073669097917262935,0.08583070424810864,-0.4488253948493053,12,12,inf
random_addition,42,166,13,0.0073512879762004215,0.0857396522981078,-0.44575310488140674,13,13,inf
random_addition,42,166,14,0.016656396608106968,0.129059662978434,-2.275757552998662,14,14,inf
random_addition,42,166,15,0.0164034541922819,0.1280759703936765,-2.2260122180016912,15,14,inf
random_addition,42,166,16,0.009343232193317366,0.09666039619884333,-0.8375020808392042,16,14,inf
random_addition,42,166,17,0.010203356078998329,0.10101166308401387,-1.0066597552945913,17,14,inf
random_addition,42,166,18,0.009299303899600838,0.09643289842994889,-0.8288628509194376,18,14,inf
random_addition,42,166,19,0.009482293918697834,0.09737707080569755,-0.8648508831021366,19,14,inf
random_addition,42,166,20,0.011712045212007716,0.10822220295303416,-1.3033685776683992,20,14,inf
random_addition,42,166,21,0.012865459898629087,0.11342601067933707,-1.5302067684449425,21,14,inf
random_addition,42,166,22,0.008256847816741745,0.09086719879440405,-0.6238465159077571,22,14,inf
random_addition,42,166,23,0.015917807072606288,0.12616579200641626,-2.1305016308201195,23,14,inf
random_addition,42,166,24,0.01367047124973833,0.11692079049398499,-1.6885256459122502,24,14,inf
random_addition,42,166,25,0.013396478431993273,0.11574315717135623,-1.6346403991020897,25,14,inf
random_addition,42,166,26,0.013273024538050173,0.11520861312441086,-1.6103611366033586,26,14,inf
random_addition,42,166,27,0.014423885690711149,0.12009948247478483,-1.8366971324361572,27,14,inf
random_addition,42,166,28,0.018590960836163673,0.13634867376019347,-2.6562217993131,28,14,inf
random_addition,42,166,29,0.019232690039547924,0.1386819744579227,-2.7824285254391232,29,14,inf
random_addition,42,166,30,0.018924440141385564,0.13756613006618149,-2.72180605373207,30,14,inf
random_addition,42,166,31,0.019888502309667096,0.14102660142564274,-2.9114049209787485,31,14,inf
random_addition,42,166,32,0.02043635042552411,0.1429557638765367,-3.0191483690749132,32,14,inf
random_addition,42,166,33,0.013669439453516206,0.11691637803796441,-1.6883227260162301,33,14,inf
random_addition,42,166,34,0.013784506477390292,0.11740743791340603,-1.7109525709595932,34,14,inf
random_addition,42,166,35,0.014452713595117345,0.12021943933955667,-1.8423666195297677,35,14,inf
random_addition,42,166,36,0.012116402657106385,0.11007453228202418,-1.3828921976960653,36,14,inf
random_addition,42,166,37,0.011161372449939307,0.10564739679679433,-1.1950696158930625,37,14,inf
random_addition,42,166,38,0.011540729551037155,0.10742778761120027,-1.2696765022708827,38,14,inf
random_addition,42,166,39,0.011421040480628673,0.10686926817672456,-1.2461376549663497,39,14,inf
random_addition,42,166,40,0.011185729391587169,0.10576260866481674,-1.199859813764077,40,14,inf
random_addition,42,166,41,0.009169343403311915,0.09575668855652808,-0.8033039568004845,41,14,inf
random_addition,42,166,42,0.00976456646462805,0.09881582092270473,-0.9203644762333796,42,14,inf
random_addition,42,166,43,0.010310354095530227,0.10153991380501673,-1.0277026956770055,43,14,inf
random_addition,42,166,44,0.009967841408067038,0.099839077560177,-0.9603418763261191,44,14,inf
random_addition,42,166,45,0.009365869035862716,0.09677742007236355,-0.8419539925995114,45,14,inf
random_addition,42,166,46,0.006593533598251812,0.08120057634186972,-0.29672809753529084,46,14,inf
random_addition,42,166,47,0.006782597167676574,0.0823565247425884,-0.33391059445293814,47,14,inf
random_addition,42,166,48,0.0050091418570206445,0.07077529128884348,0.014868902425708708,48,14,inf
random_addition,42,166,49,0.005938925478070047,0.07706442420514181,-0.1679885181177363,49,14,inf
random_addition,42,166,50,0.005861720407740505,0.07656187306839159,-0.15280485635630248,50,14,inf
random_addition,42,166,51,0.005668185491221392,0.07528735279727526,-0.11474299462998627,51,14,inf
random_addition,42,166,52,0.005642490918526029,0.07511651561757926,-0.10968972935549437,52,14,inf
random_addition,42,166,53,0.005569481865316287,0.07462896130401579,-0.09533128418178327,53,14,inf
random_addition,42,166,54,0.004876488349919134,0.06983185770061637,0.040957421932264926,54,14,inf
random_addition,42,166,55,0.004528125877964109,0.06729135069207713,0.109468698743033,55,14,inf
random_addition,42,166,56,0.004291372600499254,0.06550856890895461,0.15603017029656308,56,14,inf
random_addition,42,166,57,0.005238130648674369,0.07237493107889201,-0.030165553793149114,57,14,inf
random_addition,42,166,58,0.00538944323870245,0.07341282748064162,-0.05992369244163864,58,14,inf
random_addition,42,166,59,0.004980470459280317,0.07057244830158804,0.02050760987922806,59,14,inf
random_addition,42,166,60,0.005249108121511548,0.07245072892325893,-0.03232445649013016,60,14,inf
random_addition,42,166,61,0.0060176008252016645,0.077573196564288,-0.18346133427749023,61,14,inf
random_addition,42,166,62,0.005940639279296061,0.07707554267921869,-0.1683255656462348,62,14,inf
random_addition,42,166,63,0.006405071272666691,0.08003168917789184,-0.25966384522331887,63,14,inf
random_addition,42,166,64,0.006251811262763754,0.07906839610592689,-0.22952271405165559,64,14,inf
random_addition,42,166,65,0.006087659206403842,0.0780234529254111,-0.19723948070216135,65,14,inf
random_addition,42,166,66,0.006029683381074886,0.07765103593046835,-0.1858375699419299,66,14,inf
random_addition,42,166,67,0.006000962001670019,0.07746587636934096,-0.18018903276239095,67,14,inf
random_addition,42,166,68,0.005177118036850463,0.07195219271745971,-0.01816640843700057,68,14,inf
random_addition,42,166,69,0.005178747635138202,0.07196351600038871,-0.01848689605656273,69,14,inf
random_addition,42,166,70,0.004986384617892903,0.07061433719785878,0.019344492177324812,70,14,inf
random_addition,42,166,71,0.0051030266289133685,0.07143547178337502,-0.0035951001959304563,71,14,inf
random_addition,42,166,72,0.005252714631088263,0.07247561404423052,-0.03303373661018538,72,14,inf
random_addition,42,166,73,0.00527365401830627,0.07261992852038805,-0.03715181553496105,73,14,inf
random_addition,42,166,74,0.005235261876412065,0.07235510953907862,-0.02960136199181429,74,14,inf
random_addition,42,166,75,0.005310164517209183,0.07287087564458919,-0.044332212673604765,75,14,inf
random_addition,42,166,76,0.005199288903602205,0.07210609477431297,-0.022526678303725456,76,14,inf
random_addition,42,166,77,0.004962407278964133,0.07044435590566595,0.024060034857095958,77,14,inf
random_addition,42,166,78,0.00508235469310613,0.07129063538155717,0.0004703799585651369,78,14,inf
random_addition,42,166,79,0.004863742226924225,0.0697405350346857,0.043464159112844514,79,14,inf
random_addition,42,166,80,0.005448901962740856,0.0738166780798273,-0.07161723990830193,80,14,inf
random_addition,42,166,81,0.005072022644470037,0.0712181342389004,0.002502349246637725,81,14,inf
random_addition,42,166,82,0.0051231590900122845,0.07157624668849495,-0.007554483672253642,82,14,inf
random_addition,42,166,83,0.004851574120113034,0.06965324199283932,0.04585721979279089,83,14,inf
random_addition,42,166,84,0.004915113493922484,0.07010787041354546,0.0333611446472335,84,14,inf
random_addition,42,166,85,0.004757995983091886,0.06897822832671108,0.06426091756457497,85,14,inf
random_addition,42,166,86,0.004690872496440851,0.06848994449144233,0.07746186813954592,86,14,inf
random_addition,42,166,87,0.00523468154341604,0.07235109911684853,-0.029487229851489438,87,14,inf
random_addition,42,166,88,0.005240233388394328,0.07238945633442986,-0.030579092548361997,88,14,inf
random_addition,42,166,89,0.005320551746925735,0.07294211230095915,-0.04637503423935496,89,14,inf
random_addition,42,166,90,0.005300705974864946,0.07280594738663144,-0.042472032932843184,90,14,inf
random_addition,42,166,91,0.00529429826854246,0.07276192870273891,-0.04121185086122603,91,14,inf
random_addition,42,166,92,0.003936043206352528,0.06273789290654037,0.2259116082849002,92,14,inf
random_addition,42,166,93,0.00385789182807184,0.0621119298369632,0.24128137725135357,93,14,inf
random_addition,42,166,94,0.0038569902682771065,0.062104671871583916,0.24145868398681158,94,14,inf
random_addition,42,166,95,0.0037754247941498413,0.0614444854657425,0.25749989171155196,95,14,inf
random_addition,42,166,96,0.003625910465207316,0.060215533421263616,0.2869043723947643,96,14,inf
random_addition,42,166,97,0.00354697941732521,0.059556522878062734,0.302427476361925,97,14,inf
random_addition,42,166,98,0.0035981383326458144,0.059984484099188634,0.2923662243872258,98,14,inf
random_addition,42,166,99,0.0036137334615599405,0.060114336572567616,0.2892991827855884,99,14,inf
random_addition,42,166,100,0.00356931503680052,0.05974374475039642,0.29803480513064917,100,14,inf
random_addition,42,166,101,0.003537963431707647,0.05948078203678602,0.3042006199583067,101,14,inf
random_addition,42,166,102,0.0035492162125052747,0.059575298677432366,0.3019875733698192,102,14,inf
random_addition,42,166,103,0.003954530276841121,0.06288505606931682,0.22227581825115728,103,14,inf
random_addition,42,166,104,0.0040246823937965265,0.06344038456532658,0.20847923713086447,104,14,inf
random_addition,42,166,105,0.00408210033047108,0.0638913165498339,0.19718704445770718,105,14,inf
random_addition,42,166,106,0.0035311774836451135,0.05942371145969522,0.30553518956199166,106,14,inf
random_addition,42,166,107,0.0035324384798239824,0.05943432072316451,0.3052871936806243,107,14,inf
random_addition,42,166,108,0.0035366213549180396,0.05946949936663365,0.3044645616909454,108,14,inf
random_addition,42,166,109,0.003564553712155389,0.05970388356007831,0.298971198849863,109,14,inf
random_addition,42,166,110,0.003663988023597637,0.060530884873737284,0.2794157869322801,110,14,inf
random_addition,42,166,111,0.0033484023246495563,0.057865381055079525,0.34148096593050203,111,14,inf
random_addition,42,166,112,0.0032354752404996647,0.05688123803592591,0.3636899561188166,112,14,inf
random_addition,42,166,113,0.003343353366260749,0.05782173783501106,0.34247392761159345,113,14,inf
random_addition,42,166,114,0.0034465807165202874,0.05870758653291998,0.3221725514949766,114,14,inf
random_addition,42,166,115,0.0036080509490477334,0.06006705377365976,0.29041674342729473,115,14,inf
random_addition,42,166,116,0.003603152309479099,0.06002626349756496,0.29138014241111587,116,14,inf
random_addition,42,166,117,0.003172245522098615,0.056322691005478556,0.3761251323756911,117,14,inf
random_addition,42,166,118,0.003424395418606784,0.058518334038203654,0.32653565948979424,118,14,inf
random_addition,42,166,119,0.0034257292230871227,0.05852972939530066,0.32627334464442326,119,14,inf
random_addition,42,166,120,0.0034872349315924972,0.05905281476434885,0.3141772236208069,120,14,inf
random_addition,42,166,121,0.003478183955390273,0.058976130386710464,0.31595724869790043,121,14,inf
random_addition,42,166,122,0.003474400090613148,0.058944042028123145,0.3167014086692811,122,14,inf
random_addition,42,166,123,0.0034745450838137757,0.05894527193773709,0.31667289334371185,123,14,inf
random_addition,42,166,124,0.003394929360911527,0.05826602235361126,0.33233065004647633,124,14,inf
random_addition,42,166,125,0.003229111445836924,0.05682527119017492,0.36494150223186117,125,14,inf
random_addition,42,166,126,0.0032149675583465235,0.056700683931911466,0.3677231330590769,126,14,inf
random_addition,42,166,127,0.0031600020427011307,0.05621389545922904,0.3785330163289209,127,14,inf
random_addition,42,166,128,0.0031132681086486983,0.05579666754071159,0.38772402210619006,128,14,inf
random_addition,42,166,129,0.0031251756704847263,0.05590327065999561,0.3853822019310399,129,14,inf
random_addition,42,166,130,0.003132028385028015,0.05596452791749444,0.38403450158792996,130,14,inf
random_addition,42,166,131,0.0031488636577213674,0.05611473654684095,0.3807235650762957,131,14,inf
random_addition,42,166,132,0.003174157796058037,0.056339664500758585,0.37574905188161045,132,14,inf
random_addition,42,166,133,0.0031503373384539715,0.056127865970959305,0.38043374123839635,133,14,inf
random_addition,42,166,134,0.0031505060862163556,0.056129369194890796,0.38040055418298524,134,14,inf
random_addition,42,166,135,0.0031930137900754536,0.056506758799947585,0.37204070689709046,135,14,inf
random_addition,42,166,136,0.0032270877536317044,0.056807462129826784,0.36533949497796125,136,14,inf
random_addition,42,166,137,0.0031017286356387172,0.055693165071117275,0.38999345148875364,137,14,inf
random_addition,42,166,138,0.0030513815974985235,0.05523931206576095,0.39989503430640694,138,14,inf
random_addition,42,166,139,0.0030140573117033147,0.05490043088813889,0.407235476178716,139,14,inf
random_addition,42,166,140,0.0030073961005422033,0.054839731040024285,0.4085455141951324,140,14,inf
random_addition,42,166,141,0.0029071001143957547,0.053917530677839415,0.4282703887814382,141,14,inf
random_addition,42,166,142,0.0027710392123687032,0.052640661207556116,0.4550290291986575,142,14,inf
random_addition,42,166,143,0.002819833387812696,0.053102103421735526,0.44543284266962124,143,14,inf
random_addition,42,166,144,0.0028013341237239607,0.05292763100426809,0.449071030777732,144,14,inf
random_addition,42,166,145,0.0027572397381546267,0.05250942523161558,0.45774292542409734,145,14,inf
random_addition,42,166,146,0.002532611686779303,0.0503250602262859,0.5019197695051243,146,14,inf
random_addition,42,166,147,0.0027298242571550833,0.05224772011442302,0.4631346359522698,147,14,inf
random_addition,42,166,148,0.002707006079112618,0.052028896577888506,0.4676222103554809,148,14,inf
random_addition,42,166,149,0.0027271925590550993,0.05222252922882134,0.4636522031747048,149,14,inf
random_addition,42,166,150,0.0026800483819562917,0.05176918370958047,0.47292389007342817,150,14,inf
random_addition,42,167,10,0.00962854819961681,0.0981251659851682,-0.8936142210947935,10,10,inf
random_addition,42,167,11,0.011643278210139765,0.10790402314158525,-1.2898444024781677,11,11,inf
random_addition,42,167,12,0.011770769660859905,0.10849317794617275,-1.3149177177014608,12,12,inf
random_addition,42,167,13,0.010883344982852688,0.10432327153062584,-1.1403908881539064,13,13,inf
random_addition,42,167,14,0.01430523285825647,0.11960448510928204,-1.8133620785680882,14,14,inf
random_addition,42,167,15,0.018968635443812817,0.13772666932665154,-2.730497795357787,15,14,inf
random_addition,42,167,16,0.017640648735373958,0.13281810394435675,-2.4693271116378086,16,14,inf
random_addition,42,167,17,0.01662826401944362,0.12895062628558118,-2.2702248113158356,17,14,inf
random_addition,42,167,18,0.011593766786121243,0.10767435528537538,-1.2801071570820386,18,14,inf
random_addition,42,167,19,0.01443352055111353,0.12013958777652572,-1.83859198805696,19,14,inf
random_addition,42,167,20,0.014424981851230964,0.1201040459403053,-1.8369127106423302,20,14,inf
random_addition,42,167,21,0.01357150385305395,0.11649679760857785,-1.6690620605511954,21,14,inf
random_addition,42,167,22,0.013450699488833326,0.11597715071872272,-1.6453038721601776,22,14,inf
random_addition,42,167,23,0.013473440690231828,0.11607515104548358,-1.6497763078254732,23,14,inf
random_addition,42,167,24,0.01633932078922672,0.12782535268571224,-2.2133993171204005,24,14,inf
random_addition,42,167,25,0.01694672006321621,0.13017956853214796,-2.332854491385917,25,14,inf
random_addition,42,167,26,0.015492588603689203,0.12446922753712744,-2.046875343334163,26,14,inf
random_addition,42,167,27,0.014611843797363485,0.12087945978272523,-1.8736622217048677,27,14,inf
random_addition,42,167,28,0.015843667237050284,0.12587162999282359,-2.1159207984819624,28,14,inf
random_addition,42,167,29,0.018143576389328685,0.1346980934880991,-2.5682362034309425,29,14,inf
random_addition,42,167,30,0.0172675486901584,0.1314060451050803,-2.395950779415739,30,14,inf
random_addition,42,167,31,0.013658712495095515,0.11687049454458347,-1.686213091147775,31,14,inf
random_addition,42,167,32,0.014153954140674843,0.11897039186568582,-1.7836106014998263,32,14,inf
random_addition,42,167,33,0.014537751888231282,0.1205726000724513,-1.8590908148954393,33,14,inf
random_addition,42,167,34,0.01643313829453597,0.12819180275874104,-2.2318500906490932,34,14,inf
random_addition,42,167,35,0.016457679219593575,0.12828748660564512,-2.2366764719190915,35,14,inf
random_addition,42,167,36,0.00931925693416938,0.09653629853153362,-0.8327869471829314,36,14,inf
random_addition,42,167,37,0.0096168376294588,0.09806547623633305,-0.8913111426110385,37,14,inf
random_addition,42,167,38,0.009560288527647835,0.09777672794508842,-0.8801898207710914,38,14,inf
random_addition,42,167,39,0.009458693308773731,0.09725581375307972,-0.8602094304498489,39,14,inf
random_addition,42,167,40,0.009489149954801854,0.09741226798921096,-0.8661992366854347,40,14,inf
random_addition,42,167,41,0.009573056808761618,0.09784199920668843,-0.8827009157144556,41,14,inf
random_addition,42,167,42,0.009952220962943452,0.09976081877642871,-0.9572698558706334,42,14,inf
random_addition,42,167,43,0.010166436213088926,0.10082874695784395,-0.999398849322314,43,14,inf
random_addition,42,167,44,0.009240386251359504,0.09612692781608857,-0.8172757150116907,44,14,inf
random_addition,42,167,45,0.008202060899280139,0.090565230079099,-0.6130717569426027,45,14,inf
random_addition,42,167,46,0.008189118621473696,0.09049374907403106,-0.6105264426543473,46,14,inf
random_addition,42,167,47,0.007277263686961748,0.08530687948203092,-0.43119499664922634,47,14,inf
random_addition,42,167,48,0.007284663888285053,0.08535024246178245,-0.43265036937772705,48,14,inf
random_addition,42,167,49,0.007063124091140391,0.08404239460617713,-0.38908088187926015,49,14,inf
random_addition,42,167,50,0.007549861018117912,0.08688993623037085,-0.484805797800987,50,14,inf
random_addition,42,167,51,0.006126013118323514,0.07826885152040698,-0.20478241568467492,51,14,inf
random_addition,42,167,52,0.004250762664757808,0.06519787316130649,0.16401678990353652,52,14,inf
random_addition,42,167,53,0.0038535951600980993,0.06207733209552501,0.2421263885043191,53,14,inf
random_addition,42,167,54,0.0036427376908017292,0.060355096643131385,0.283595018479039,54,14,inf
random_addition,42,167,55,0.0035974162418677923,0.0599784648175309,0.29250823555420924,55,14,inf
random_addition,42,167,56,0.0036960932208808077,0.060795503294905025,0.2731017656607362,56,14,inf
random_addition,42,167,57,0.003695902357710345,0.06079393356010405,0.27313930207914305,57,14,inf
random_addition,42,167,58,0.0037942173662137537,0.061597218818821305,0.2538040197095206,58,14,inf
random_addition,42,167,59,0.0033869384510291506,0.058197409315442476,0.3339021954424226,59,14,inf
random_addition,42,167,60,0.003867190306897591,0.062186737387465434,0.23945267666493575,60,14,inf
random_addition,42,167,61,0.0037367536619407156,0.061128991991858624,0.26510521334248605,61,14,inf
random_addition,42,167,62,0.003687419805490811,0.06072412869272651,0.27480753712154826,62,14,inf
random_addition,42,167,63,0.003688340622483534,0.060731710189023444,0.2746264431376686,63,14,inf
random_addition,42,167,64,0.003968808473219182,0.06299847992784573,0.21946777334630274,64,14,inf
random_addition,42,167,65,0.0033193545866033623,0.05761384023481999,0.3471936869674179,65,14,inf
random_addition,42,167,66,0.00338489250617354,0.05817982903183491,0.3343045645425029,66,14,inf
random_addition,42,167,67,0.003388196093079522,0.05820821327853589,0.3336548592062365,67,14,inf
random_addition,42,167,68,0.0033998927159817243,0.05830859898832868,0.33135452368241636,68,14,inf
random_addition,42,167,69,0.0034145015359434818,0.05843373628259177,0.3284814561482996,69,14,inf
random_addition,42,167,70,0.003415018204873048,0.05843815709682371,0.32837984460600467,70,14,inf
random_addition,42,167,71,0.0027732874619910922,0.052662011564229984,0.45458687349986826,71,14,inf
random_addition,42,167,72,0.002676656503991634,0.05173641371405283,0.47359095931553363,72,14,inf
random_addition,42,167,73,0.0026635393350846978,0.05160948880859699,0.4761706688488634,73,14,inf
random_addition,42,167,74,0.0026821609789145647,0.051789583691265226,0.47250841272827804,74,14,inf
random_addition,42,167,75,0.0027025296656236837,0.05198586024702952,0.46850257155494857,75,14,inf
random_addition,42,167,76,0.002680061706879881,0.0517693124049362,0.4729212695054795,76,14,inf
random_addition,42,167,77,0.002822900605211508,0.05313097594823107,0.4448296233300939,77,14,inf
random_addition,42,167,78,0.002858357791023487,0.05346361184042364,0.43785637773775876,78,14,inf
random_addition,42,167,79,0.0028541849138150224,0.053424572191221355,0.43867704347687253,79,14,inf
random_addition,42,167,80,0.002777585971811132,0.05270280800689022,0.45374150001717994,80,14,inf
random_addition,42,167,81,0.0027714097796209146,0.05264418087140225,0.454956150982325,81,14,inf
random_addition,42,167,82,0.0027835843322949706,0.052759684725128625,0.45256182261618794,82,14,inf
random_addition,42,167,83,0.0025504101041368067,0.05050158516459465,0.49841941456869776,83,14,inf
random_addition,42,167,84,0.002554797112338004,0.05054500086396284,0.4975566364067546,84,14,inf
random_addition,42,167,85,0.0025405962026043218,0.050404327221026585,0.5003494816069536,85,14,inf
random_addition,42,167,86,0.0025146507567307486,0.05014629354928187,0.5054520852664335,86,14,inf
random_addition,42,167,87,0.0023866526181385477,0.04885337877914431,0.5306250490909797,87,14,inf
random_addition,42,167,88,0.0024919559490544797,0.049919494679478475,0.5099153968342672,88,14,inf
random_addition,42,167,89,0.0024742282278906592,0.04974161464901053,0.5134018481878315,89,14,inf
random_addition,42,167,90,0.0024043020630936454,0.04903368294441735,0.5271539920563655,90,14,inf
random_addition,42,167,91,0.002587787426148341,0.0508703000398891,0.4910685422419334,91,14,inf
random_addition,42,167,92,0.0025499268411154448,0.05049680030571684,0.49851445628327495,92,14,inf
random_addition,42,167,93,0.002541299631019139,0.05041130459548869,0.5002111407042333,93,14,inf
random_addition,42,167,94,0.002541669551595002,0.05041497348600912,0.5001383896675653,94,14,inf
random_addition,42,167,95,0.0025576429275124234,0.05057314433088399,0.4969969594987549,95,14,inf
random_addition,42,167,96,0.00247499286194836,0.049749300115161016,0.5132514701769852,96,14,inf
random_addition,42,167,97,0.002143119223228146,0.04629383569362282,0.5785199435603436,97,14,inf
random_addition,42,167,98,0.0021995068365276873,0.0468989001633054,0.5674303811233135,98,14,inf
random_addition,42,167,99,0.0021304179010747585,0.04615645026510118,0.5810178699099586,99,14,inf
random_addition,42,167,100,0.0020944552060942817,0.04576521830052034,0.5880905322918779,100,14,inf
random_addition,42,167,101,0.0021287722985406034,0.04613862046637939,0.5813415050308868,101,14,inf
random_addition,42,167,102,0.002146121209653664,0.04632624752398649,0.5779295529771484,102,14,inf
random_addition,42,167,103,0.00212429445623794,0.04609006895458001,0.5822221472303496,103,14,inf
random_addition,42,167,104,0.0020839819351911415,0.04565065098321317,0.5901502752886834,104,14,inf
random_addition,42,167,105,0.0024312587402607598,0.04930779593797273,0.5218525129362692,105,14,inf
random_addition,42,167,106,0.0024043543060895513,0.04903421566711913,0.5271437176019047,106,14,inf
random_addition,42,167,107,0.0023777159342042494,0.048761828659354536,0.532382596691779,107,14,inf
random_addition,42,167,108,0.002377404518261188,0.04875863531992244,0.532443841818898,108,14,inf
random_addition,42,167,109,0.002364072604121529,0.04862172975246283,0.5350657845755722,109,14,inf
random_addition,42,167,110,0.002293212633446409,0.04788749976190455,0.5490015769084295,110,14,inf
random_addition,42,167,111,0.0022910973340409665,0.047865408533104226,0.5494175857347838,111,14,inf
random_addition,42,167,112,0.002312117914640996,0.04808448725567317,0.5452835387803874,112,14,inf
random_addition,42,167,113,0.0023116000532327026,0.04807910204270357,0.5453853848434668,113,14,inf
random_addition,42,167,114,0.002379208627877644,0.04877713222277058,0.5320890336427007,114,14,inf
random_addition,42,167,115,0.002444537825666758,0.04944226760239419,0.5192409598291319,115,14,inf
random_addition,42,167,116,0.0024590688335776245,0.049588999118530555,0.5163831953296041,116,14,inf
random_addition,42,167,117,0.0022385422618748296,0.04731323558873172,0.5597534151850037,117,14,inf
random_addition,42,167,118,0.0022971158002290737,0.04792823593904822,0.5482339542124914,118,14,inf
random_addition,42,167,119,0.0022949339251509813,0.047905468635125376,0.548663056252682,119,14,inf
random_addition,42,167,120,0.0023014420712645658,0.04797334750947203,0.5473831210248419,120,14,inf
random_addition,42,167,121,0.002292743439554407,0.047882600593058926,0.5490938516946097,121,14,inf
random_addition,42,167,122,0.0022774019834202507,0.04772213305605954,0.552111004322988,122,14,inf
random_addition,42,167,123,0.0022553867893705106,0.0474909127030689,0.5564406585624929,123,14,inf
random_addition,42,167,124,0.0022943202368028905,0.047899063005479456,0.5487837482780188,124,14,inf
random_addition,42,167,125,0.0022890136935217907,0.047843637962865976,0.5498273683143546,125,14,inf
random_addition,42,167,126,0.00225934865497979,0.047532606229616636,0.5556614917655612,126,14,inf
random_addition,42,167,127,0.0024379851184446097,0.0493759568863694,0.5205296587404614,127,14,inf
random_addition,42,167,128,0.002427894336733505,0.049273667782432286,0.5225141788730887,128,14,inf
random_addition,42,167,129,0.002364432851944374,0.048625434208286245,0.5349949358467383,129,14,inf
random_addition,42,167,130,0.0023633229767509065,0.048614020372222934,0.5352132112716954,130,14,inf
random_addition,42,167,131,0.0025945708511637667,0.05093693013093512,0.4897344688374453,131,14,inf
random_addition,42,167,132,0.002622947471333064,0.05121471928394282,0.48415373429832487,132,14,inf
random_addition,42,167,133,0.0025200856281724525,0.05020045446181192,0.504383227361953,133,14,inf
random_addition,42,167,134,0.0024056576130337226,0.04904750363712431,0.5268874006044957,134,14,inf
random_addition,42,167,135,0.002406206196688053,0.049053095689141304,0.5267795125005195,135,14,inf
random_addition,42,167,136,0.0025744931086342884,0.050739463030606544,0.4936830909965796,136,14,inf
random_addition,42,167,137,0.0026700354351183574,0.05167238561473969,0.4748931026830855,137,14,inf
random_addition,42,167,138,0.0026053360118690146,0.05104249221843517,0.4876173208540515,138,14,inf
random_addition,42,167,139,0.0024689122538907333,0.04968815003490001,0.5144473229319504,139,14,inf
random_addition,42,167,140,0.002456478295788207,0.04956287215031235,0.5168926676920647,140,14,inf
random_addition,42,167,141,0.002506978214990027,0.050069733522259005,0.5069610182697238,141,14,inf
random_addition,42,167,142,0.0025379338391666633,0.05037791023024539,0.5008730796783092,142,14,inf
random_addition,42,167,143,0.0026945207340614693,0.05190877318971687,0.4700776612141131,143,14,inf
random_addition,42,167,144,0.002726189904055751,0.05221292851445656,0.4638493919643599,144,14,inf
random_addition,42,167,145,0.002804197534435356,0.05295467433981023,0.44850789341459885,145,14,inf
random_addition,42,167,146,0.0027690849137701873,0.05262209530007511,0.4554133745372998,146,14,inf
random_addition,42,167,147,0.002620701230422385,0.05119278494497428,0.48459549495053167,147,14,inf
random_addition,42,167,148,0.002622871988829818,0.051213982356675,0.4841685791886061,148,14,inf
random_addition,42,167,149,0.0026408674430726245,0.05138937091532279,0.48062947367001974,149,14,inf
random_addition,42,167,150,0.0026800483819562917,0.05176918370958047,0.47292389007342817,150,14,inf
random_addition,42,168,10,0.00962854819961681,0.0981251659851682,-0.8936142210947935,10,10,inf
random_addition,42,168,11,0.009491642241097114,0.0974250596155687,-0.8666893862566787,11,11,inf
random_addition,42,168,12,0.015608814842738503,0.12493524259686897,-2.069733167230903,12,12,inf
random_addition,42,168,13,0.01256806715680838,0.11210739117831785,-1.4717195371939762,13,13,inf
random_addition,42,168,14,0.009381223067335227,0.09685671410560667,-0.844973618377429,14,14,inf
random_addition,42,168,15,0.009465994983991918,0.09729334501389043,-0.8616454263803177,15,14,inf
random_addition,42,168,16,0.008213627312992714,0.09062906439433607,-0.6153464846626209,16,14,inf
random_addition,42,168,17,0.0065444163543606285,0.08089756704846338,-0.2870683742203026,17,14,inf
random_addition,42,168,18,0.00654890109783067,0.08092528095614293,-0.28795037364916465,18,14,inf
random_addition,42,168,19,0.0066512813092287435,0.08155538798404888,-0.3080851458124072,19,14,inf
random_addition,42,168,20,0.00547224894827706,0.0739746507141268,-0.07620881310443672,20,14,inf
random_addition,42,168,21,0.0047876060174167675,0.06919252862424358,0.05843761160792693,21,14,inf
random_addition,42,168,22,0.0038604622759323692,0.06213261845385537,0.24077585590770223,22,14,inf
random_addition,42,168,23,0.0035751477168004878,0.05979253897268862,0.29688771155370963,23,14,inf
random_addition,42,168,24,0.0026360395051702274,0.051342375336268065,0.4815789679947099,24,14,inf
random_addition,42,168,25,0.0018722164869126652,0.0432691170110122,0.6317974744388725,25,14,inf
random_addition,42,168,26,0.0018725845444250086,0.0432733699222167,0.6317250898046467,26,14,inf
random_addition,42,168,27,0.0018656633172682614,0.04319332491564248,0.6330862642932332,27,14,inf
random_addition,42,168,28,0.002073593456196077,0.0455367264545452,0.5921933425458407,28,14,inf
random_addition,42,168,29,0.0017266975620617042,0.04155355053496276,0.6604161924245362,29,14,inf
random_addition,42,168,30,0.0017465966874921906,0.041792304165865164,0.6565026982900812,30,14,inf
random_addition,42,168,31,0.0018146430709474193,0.04259862757117205,0.6431202447016972,31,14,inf
random_addition,42,168,32,0.002038847581478747,0.04515359987286448,0.5990266969753,32,14,inf
random_addition,42,168,33,0.0025011372600767484,0.05001137130770109,0.5081097392460594,33,14,inf
random_addition,42,168,34,0.0025449381992113658,0.05044738049900476,0.4994955557239871,34,14,inf
random_addition,42,168,35,0.0024920549109961913,0.049920485885017095,0.5098959343217173,35,14,inf
random_addition,42,168,36,0.0021230183688355914,0.046076223465422936,0.58247311105193,36,14,inf
random_addition,42,168,37,0.0021418650920886862,0.04628028837516774,0.578766589317478,37,14,inf
random_addition,42,168,38,0.002347131705295102,0.04844720534040227,0.538397494223879,38,14,inf
random_addition,42,168,39,0.002255433908081024,0.04749140878181046,0.556431391884022,39,14,inf
random_addition,42,168,40,0.002047478903688186,0.04524907627441897,0.5973292038388689,40,14,inf
random_addition,42,168,41,0.0021254063342021575,0.04610212938902234,0.5820034779271988,41,14,inf
random_addition,42,168,42,0.0019088115882239264,0.04368994836600206,0.6246004388288553,42,14,inf
random_addition,42,168,43,0.0019046792157959192,0.04364263071580263,0.6254131386288985,43,14,inf
random_addition,42,168,44,0.002964242167797191,0.05444485437391849,0.4170324531445969,44,14,inf
random_addition,42,168,45,0.0027347402089514623,0.052294743607282965,0.4621678322307897,45,14,inf
random_addition,42,168,46,0.0027034894056394004,0.05199509020705129,0.4683138227109237,46,14,inf
random_addition,42,168,47,0.002276757166248129,0.0477153766227212,0.5522378183495495,47,14,inf
random_addition,42,168,48,0.0029484004559166273,0.054299175462585315,0.4201479893896889,48,14,inf
random_addition,42,168,49,0.0030254601845804445,0.05500418333709214,0.40499291148528405,49,14,inf
random_addition,42,168,50,0.0030073940259222826,0.0548397121247211,0.40854592220366126,50,14,inf
random_addition,42,168,51,0.002293608001693385,0.04789162767847199,0.5489238211637916,51,14,inf
random_addition,42,168,52,0.002220772555463396,0.04712507353271076,0.5632481236361395,52,14,inf
random_addition,42,168,53,0.0020432741466648125,0.045202590043766436,0.59815613927406,53,14,inf
random_addition,42,168,54,0.0018810598818238,0.04337118723096937,0.6300582736767941,54,14,inf
random_addition,42,168,55,0.002500959153186352,0.05000959061206512,0.5081447669297285,55,14,inf
random_addition,42,168,56,0.0023657438046597178,0.04863891245350494,0.5347371151812037,56,14,inf
random_addition,42,168,57,0.002371104496224667,0.04869398829655122,0.5336828459838292,57,14,inf
random_addition,42,168,58,0.002548251631473742,0.05048021029545877,0.4988439141345603,58,14,inf
random_addition,42,168,59,0.0025506513954434928,0.05050397405594428,0.4983719606181858,59,14,inf
random_addition,42,168,60,0.002567065636743492,0.050666217904472524,0.4951438269359556,60,14,inf
random_addition,42,168,61,0.002815930513509648,0.05306534192398696,0.4462004078445758,61,14,inf
random_addition,42,168,62,0.0025133954180153366,0.05013377522205301,0.5056989685134727,62,14,inf
random_addition,42,168,63,0.002520298707852511,0.05020257670530977,0.5043413216972545,63,14,inf
random_addition,42,168,64,0.0024674192205345153,0.04967312372434932,0.5147409527853083,64,14,inf
random_addition,42,168,65,0.0024657049591839757,0.04965586530495643,0.5150780908049511,65,14,inf
random_addition,42,168,66,0.0031305196208458812,0.05595104664656311,0.3843312251699629,66,14,inf
random_addition,42,168,67,0.002702841606683942,0.05198886040955256,0.468441223154795,67,14,inf
random_addition,42,168,68,0.00208346554762683,0.04564499477080515,0.5902518314958191,68,14,inf
random_addition,42,168,69,0.002480267919673565,0.04980228829756284,0.5122140422991313,69,14,inf
random_addition,42,168,70,0.0024841151766714963,0.04984089863426919,0.5114574151926917,70,14,inf
random_addition,42,168,71,0.0028566428736625455,0.05344757126065267,0.4381936447727631,71,14,inf
random_addition,42,168,72,0.0027611040203796766,0.05254620843010156,0.4569829500234477,72,14,inf
random_addition,42,168,73,0.00277361782333442,0.05266514808993154,0.45452190244453816,73,14,inf
random_addition,42,168,74,0.002400241722430806,0.0489922618627759,0.5279525256111903,74,14,inf
random_addition,42,168,75,0.0025482164523549155,0.05047986184960212,0.49885083269365293,75,14,inf
random_addition,42,168,76,0.002534981002739676,0.050348594843745896,0.5014538040964444,76,14,inf
random_addition,42,168,77,0.0025439396526973487,0.05043748261657543,0.4996919365116371,77,14,inf
random_addition,42,168,78,0.0025719898392327165,0.050714789156938396,0.4941754005784371,78,14,inf
random_addition,42,168,79,0.0026090335183390455,0.05107869926240336,0.48689014468075065,79,14,inf
random_addition,42,168,80,0.002445932284064449,0.049456367477448734,0.5189667163816412,80,14,inf
random_addition,42,168,81,0.002366232657039012,0.048643937515779,0.5346409742263831,81,14,inf
random_addition,42,168,82,0.0025834090195346,0.050827246822296016,0.49192962875857404,82,14,inf
random_addition,42,168,83,0.001963160187220055,0.044307563544163146,0.6139118824834924,83,14,inf
random_addition,42,168,84,0.001748470263580643,0.04181471348198673,0.6561342283762537,84,14,inf
random_addition,42,168,85,0.0018725332417358742,0.043272777143787224,0.6317351793321343,85,14,inf
random_addition,42,168,86,0.0018612761559576873,0.04314250984768604,0.633949072566683,86,14,inf
random_addition,42,168,87,0.0017993174776360567,0.042418362505359124,0.646134277642018,87,14,inf
random_addition,42,168,88,0.0017709488059236052,0.04208264257296119,0.6517134489848384,88,14,inf
random_addition,42,168,89,0.0017956995922546626,0.04237569577310398,0.646845795003355,89,14,inf
random_addition,42,168,90,0.0017568787352617156,0.04191513730457907,0.6544805625044263,90,14,inf
random_addition,42,168,91,0.001780176692108121,0.042192140169800836,0.6498986316159708,91,14,inf
random_addition,42,168,92,0.0017823409675785961,0.0422177802303555,0.6494729908314731,92,14,inf
random_addition,42,168,93,0.0020691064407051935,0.04548743167848888,0.5930757888054073,93,14,inf
random_addition,42,168,94,0.002410378247826978,0.049095603141493006,0.5259590092217263,94,14,inf
random_addition,42,168,95,0.0024396001213887316,0.049392308322133836,0.520212041538086,95,14,inf
random_addition,42,168,96,0.0024232670477868186,0.04922669040050142,0.5234242122418689,96,14,inf
random_addition,42,168,97,0.0022247939632141557,0.04716772162415899,0.5624572468863132,97,14,inf
random_addition,42,168,98,0.0022253174088258288,0.04717327006712412,0.5623543025967188,98,14,inf
random_addition,42,168,99,0.0022000779692140948,0.04690498874548522,0.5673180583769667,99,14,inf
random_addition,42,168,100,0.002092109349970065,0.0457395818735815,0.5885518839334094,100,14,inf
random_addition,42,168,101,0.002091599654766493,0.045734009826019995,0.5886521239764457,101,14,inf
random_addition,42,168,102,0.0021563745605898328,0.04643678025649316,0.5759130609012841,102,14,inf
random_addition,42,168,103,0.0022170535407438356,0.04708559801833078,0.5639795297646045,103,14,inf
random_addition,42,168,104,0.002251124273712434,0.047446014307973586,0.5572789531942937,104,14,inf
random_addition,42,168,105,0.002232063383976828,0.04724471805373409,0.5610275943312306,105,14,inf
random_addition,42,168,106,0.00220835639638913,0.04699315265428709,0.5656899679211731,106,14,inf
random_addition,42,168,107,0.0021378728615495213,0.046237137255127736,0.5795517278831397,107,14,inf
random_addition,42,168,108,0.002135285574796861,0.046209150336236016,0.5800605608751253,108,14,inf
random_addition,42,168,109,0.00220753669007759,0.04698443029427504,0.5658511768071312,109,14,inf
random_addition,42,168,110,0.0022976775772547706,0.047934096186897805,0.5481234714125003,110,14,inf
random_addition,42,168,111,0.0022762110030224722,0.047709653142969634,0.5523452304359515,111,14,inf
random_addition,42,168,112,0.0022499981769368025,0.047434145685748386,0.5575004188633079,112,14,inf
random_addition,42,168,113,0.002249513452531977,0.04742903596460692,0.5575957479832605,113,14,inf
random_addition,42,168,114,0.0022209315240991757,0.04712676016977165,0.5632168598086984,114,14,inf
random_addition,42,168,115,0.0022025837765403716,0.046931692666474026,0.5668252496699853,115,14,inf
random_addition,42,168,116,0.0025426595402539753,0.05042479092920441,0.49994369192451116,116,14,inf
random_addition,42,168,117,0.0025239468295854906,0.05023889757533987,0.5036238578542497,117,14,inf
random_addition,42,168,118,0.0025569060907907155,0.050565858944456935,0.4971418707009345,118,14,inf
random_addition,42,168,119,0.0025678813549778043,0.050674267187378295,0.49498340237174543,119,14,inf
random_addition,42,168,120,0.0025527381340512854,0.050524628984795976,0.49796156874793673,120,14,inf
random_addition,42,168,121,0.002411572535486404,0.049107764513225446,0.5257241326807274,121,14,inf
random_addition,42,168,122,0.002442663306671964,0.049423307322274214,0.5196096151811812,122,14,inf
random_addition,42,168,123,0.002363473151668339,0.04861556491154185,0.5351836768752936,123,14,inf
random_addition,42,168,124,0.0023738923170915933,0.04872260581179534,0.5331345746214149,124,14,inf
random_addition,42,168,125,0.0024072424141912303,0.049063656755191316,0.5265757230860112,125,14,inf
random_addition,42,168,126,0.0024034009654600496,0.04902449352578821,0.5273312079001455,126,14,inf
random_addition,42,168,127,0.002351100401661219,0.048488147022351956,0.5376169840449523,127,14,inf
random_addition,42,168,128,0.0022940535949505917,0.04789627955228456,0.5488361878351549,128,14,inf
random_addition,42,168,129,0.0022932322550505008,0.04788770463334509,0.5489977179934842,129,14,inf
random_addition,42,168,130,0.0023452451941796083,0.04842773166461143,0.5387685080260111,130,14,inf
random_addition,42,168,131,0.0023497263791317077,0.048473976308238916,0.5378872084389155,131,14,inf
random_addition,42,168,132,0.002367129261751629,0.04865315263938843,0.534464641990275,132,14,inf
random_addition,42,168,133,0.002382128352078028,0.04880705227810862,0.5315148212949095,133,14,inf
random_addition,42,168,134,0.0023377098490197433,0.04834986917272624,0.5402504590387448,134,14,inf
random_addition,42,168,135,0.0023011118120726125,0.047969905274792994,0.5474480719904042,135,14,inf
random_addition,42,168,136,0.0023230074811000146,0.048197587917861766,0.543141924335421,136,14,inf
random_addition,42,168,137,0.002277263825574033,0.04772068551031128,0.5521381753623731,137,14,inf
random_addition,42,168,138,0.002365685573881568,0.0486383138470236,0.5347485672326785,138,14,inf
random_addition,42,168,139,0.002396286061194094,0.04895187495075234,0.5287304722150167,139,14,inf
random_addition,42,168,140,0.0023609641889933974,0.048589753950739424,0.5356771061340944,140,14,inf
random_addition,42,168,141,0.0023609949402862754,0.048590070387747694,0.5356710583806529,141,14,inf
random_addition,42,168,142,0.0023718670835850336,0.048701818072686295,0.5335328704900706,142,14,inf
random_addition,42,168,143,0.0023470382759473675,0.0484462410920328,0.5384158686597617,143,14,inf
random_addition,42,168,144,0.002416904957675745,0.04916202759931434,0.5246754231264648,144,14,inf
random_addition,42,168,145,0.0024451080067626734,0.049448033396310855,0.5191288242288896,145,14,inf
random_addition,42,168,146,0.002411898680034536,0.04911108510341159,0.5256599909283395,146,14,inf
random_addition,42,168,147,0.0025228580666704402,0.050228060550557195,0.5038379811983507,147,14,inf
random_addition,42,168,148,0.0025010702815418213,0.05001070167016077,0.5081229116894659,148,14,inf
random_addition,42,168,149,0.002680046036576381,0.05176916105729724,0.4729243513314144,149,14,inf
random_addition,42,168,150,0.0026800483819562917,0.05176918370958047,0.47292389007342817,150,14,inf
random_addition,42,169,10,0.00962854819961681,0.0981251659851682,-0.8936142210947935,10,10,inf
random_addition,42,169,11,0.020393787085013035,0.14280681736182288,-3.0107775799156204,11,11,inf
random_addition,42,169,12,0.010288389539331958,0.10143169888812845,-1.0233830002135988,12,12,inf
random_addition,42,169,13,0.012492397906024504,0.1117693961065573,-1.4568379199020116,13,13,inf
random_addition,42,169,14,0.010963549118877104,0.1047069678621108,-1.156164366088254,14,14,inf
random_addition,42,169,15,0.007664860140546789,0.08754918697821694,-0.5074222887952793,15,14,inf
random_addition,42,169,16,0.00775235340386327,0.08804744972946843,-0.524629294901628,16,14,inf
random_addition,42,169,17,0.007845076700288889,0.08857243758804931,-0.5428648740458781,17,14,inf
random_addition,42,169,18,0.0069236365340787,0.08320839220943221,-0.3616483327304383,18,14,inf
random_addition,42,169,19,0.006818249368073073,0.0825726914183683,-0.3409221929083335,19,14,inf
random_addition,42,169,20,0.008380876554844824,0.09154712750733812,-0.6482388310758713,20,14,inf
random_addition,42,169,21,0.009287090339130423,0.0963695508920241,-0.8264608510210625,21,14,inf
random_addition,42,169,22,0.009932060252435957,0.09965972231767434,-0.953304916678047,22,14,inf
random_addition,42,169,23,0.008490051612603022,0.09214147607132753,-0.6697099228410865,23,14,inf
random_addition,42,169,24,0.008465200220766671,0.09200652270772258,-0.6648224831129264,24,14,inf
random_addition,42,169,25,0.005683830309296791,0.07539118190675081,-0.11781980843200834,25,14,inf
random_addition,42,169,26,0.005811244869040488,0.07623152149236226,-0.14287800176532928,26,14,inf
random_addition,42,169,27,0.005822756629079126,0.07630698938550207,-0.14514198093093844,27,14,inf
random_addition,42,169,28,0.005732505084315674,0.07571330850197787,-0.12739251288064102,28,14,inf
random_addition,42,169,29,0.00514158023611616,0.071704813200483,-0.011177308578769862,29,14,inf
random_addition,42,169,30,0.004748304065349279,0.0689079390589305,0.06616699446075869,30,14,inf
random_addition,42,169,31,0.004219959858598137,0.0649612181120254,0.17007467428904555,31,14,inf
random_addition,42,169,32,0.004637929098960542,0.06810234283018861,0.0878740682244743,32,14,inf
random_addition,42,169,33,0.004650191783439566,0.06819231469483615,0.08546240727238974,33,14,inf
random_addition,42,169,34,0.004820252582542836,0.06942803887870401,0.05201712134179526,34,14,inf
random_addition,42,169,35,0.004817407952744611,0.06940754968117381,0.052576565125841856,35,14,inf
random_addition,42,169,36,0.004839593032207874,0.06956718358685993,0.04821350009289893,36,14,inf
random_addition,42,169,37,0.005374599059037014,0.07331165704740969,-0.057004337505442315,37,14,inf
random_addition,42,169,38,0.006461179236735774,0.08038146077756844,-0.2706984099858569,38,14,inf
random_addition,42,169,39,0.0035423104413300896,0.059517312114460354,0.3033457081824462,39,14,inf
random_addition,42,169,40,0.0033511218760277155,0.05788887523546917,0.3409461208990481,40,14,inf
random_addition,42,169,41,0.0034743567283970294,0.05894367420170742,0.31670993657062174,41,14,inf
random_addition,42,169,42,0.0034195134748145816,0.05847660621833813,0.32749577497136473,42,14,inf
random_addition,42,169,43,0.0037246521879644168,0.061029928624933005,0.2674851695666902,43,14,inf
random_addition,42,169,44,0.004387256637326283,0.06623636944554165,0.13717297895811553,44,14,inf
random_addition,42,169,45,0.0043791845988228285,0.06617540781002282,0.13876047964736526,45,14,inf
random_addition,42,169,46,0.004503747411982458,0.06710996507212963,0.11426312973244912,46,14,inf
random_addition,42,169,47,0.004521751193377246,0.06724396770995333,0.11072238654086308,47,14,inf
random_addition,42,169,48,0.004807638545122498,0.0693371368396655,0.054497881696250805,48,14,inf
random_addition,42,169,49,0.004412406784142836,0.0664259496292137,0.13222678409185906,49,14,inf
random_addition,42,169,50,0.005000712805907147,0.07071571823793595,0.01652661558536128,50,14,inf
random_addition,42,169,51,0.00477042138882686,0.06906823719211937,0.061817254769850005,51,14,inf
random_addition,42,169,52,0.004816773010116191,0.06940297551341866,0.052701437159073494,52,14,inf
random_addition,42,169,53,0.004885393012205629,0.06989558650019062,0.03920617192134168,53,14,inf
random_addition,42,169,54,0.005240607320273294,0.07239203906696713,-0.03065263247453265,54,14,inf
random_addition,42,169,55,0.005074148456400314,0.0712330573287453,0.0020842729573478103,55,14,inf
random_addition,42,169,56,0.0047234290749640345,0.06872720767617461,0.07105907523623534,56,14,inf
random_addition,42,169,57,0.004613427226727037,0.06792221453049832,0.09269276910677948,57,14,inf
random_addition,42,169,58,0.004536731511310651,0.06735526342692642,0.10777625774894961,58,14,inf
random_addition,42,169,59,0.004547894070256781,0.06743807581964939,0.10558095478883767,59,14,inf
random_addition,42,169,60,0.004553387783528409,0.06747879506577165,0.10450052465938298,60,14,inf
random_addition,42,169,61,0.004484046643001815,0.06696302444634512,0.11813761377042009,61,14,inf
random_addition,42,169,62,0.004697003516100477,0.06853468841470338,0.07625610110420578,62,14,inf
random_addition,42,169,63,0.0046971689848472106,0.06853589559382156,0.0762235589217849,63,14,inf
random_addition,42,169,64,0.004056831430392219,0.06369326047857983,0.20215659412903353,64,14,inf
random_addition,42,169,65,0.0040029347518533,0.06326875019986802,0.2127562727965956,65,14,inf
random_addition,42,169,66,0.003847238327652555,0.062026110047725506,0.24337656538150176,66,14,inf
random_addition,42,169,67,0.003832744797393127,0.06190916569776342,0.24622695927725147,67,14,inf
random_addition,42,169,68,0.00383317933041361,0.061912675038424965,0.24614150112820732,68,14,inf
random_addition,42,169,69,0.003833076225487364,0.06191184236870491,0.24616177842760456,69,14,inf
random_addition,42,169,70,0.003991286629828938,0.063176630408949,0.21504706981574084,70,14,inf
random_addition,42,169,71,0.0039744801698949565,0.06304347840891203,0.21835233981880464,71,14,inf
random_addition,42,169,72,0.004180029195947213,0.06465314529044364,0.17792770353976228,72,14,inf
random_addition,42,169,73,0.004175640954017767,0.06461919957735292,0.17879072433489474,73,14,inf
random_addition,42,169,74,0.004014160071367781,0.06335739949972521,0.21054862692639054,74,14,inf
random_addition,42,169,75,0.004060647051038461,0.06372320653449935,0.20140618883757788,75,14,inf
random_addition,42,169,76,0.003702065100678101,0.060844597958061165,0.2719272961273881,76,14,inf
random_addition,42,169,77,0.0030970562356838036,0.05565120156549905,0.39091235668794233,77,14,inf
random_addition,42,169,78,0.003090037439468708,0.05558810519768333,0.39229271975538804,78,14,inf
random_addition,42,169,79,0.002777866502460457,0.05270546937899763,0.453686328997001,79,14,inf
random_addition,42,169,80,0.0033692403676950215,0.05804515800387679,0.33738281802360903,80,14,inf
random_addition,42,169,81,0.0033677957341968767,0.058032712621390335,0.33766692923951025,81,14,inf
random_addition,42,169,82,0.0033762753381123126,0.05810572551919744,0.3359992740301653,82,14,inf
random_addition,42,169,83,0.0033482572396354472,0.0578641273988941,0.3415094993127201,83,14,inf
random_addition,42,169,84,0.0033984155598699634,0.05829593090319395,0.3316450310114567,84,14,inf
random_addition,42,169,85,0.00337944521899028,0.05813299595746189,0.33537586420915666,85,14,inf
random_addition,42,169,86,0.0033761727720276113,0.058104842930926257,0.33601944535740647,86,14,inf
random_addition,42,169,87,0.0033548742547591876,0.057921276356440794,0.34020815318246833,87,14,inf
random_addition,42,169,88,0.003389182004384347,0.05821668149580794,0.333460963342722,88,14,inf
random_addition,42,169,89,0.003417571595827613,0.05845999996431417,0.3278776777867357,89,14,inf
random_addition,42,169,90,0.0032909828530736417,0.057367088588088914,0.35277346046755254,90,14,inf
random_addition,42,169,91,0.0034699853508216283,0.05890658155776508,0.3175696407099108,91,14,inf
random_addition,42,169,92,0.003506799500589284,0.059218236216467005,0.31032952557600924,92,14,inf
random_addition,42,169,93,0.0034881804562244636,0.0590608199758898,0.3139912704685385,93,14,inf
random_addition,42,169,94,0.0034830811816317932,0.059017634497087336,0.31499412766837387,94,14,inf
random_addition,42,169,95,0.0035183126815419366,0.05931536631887168,0.30806526696401537,95,14,inf
random_addition,42,169,96,0.0034686647430937695,0.05889537115167685,0.3178293601943145,96,14,inf
random_addition,42,169,97,0.003451279126370714,0.058747588260035954,0.3212485310170343,97,14,inf
random_addition,42,169,98,0.003418254340908574,0.058465839093513175,0.327743404605786,98,14,inf
random_addition,42,169,99,0.0033581117068843995,0.05794921662010971,0.3395714543513134,99,14,inf
random_addition,42,169,100,0.0033538444320040496,0.05791238582552138,0.3404106849633669,100,14,inf
random_addition,42,169,101,0.0033892913477139583,0.058217620594747416,0.33343945915749695,101,14,inf
random_addition,42,169,102,0.003387655938127328,0.058203573241918126,0.3337610896656853,102,14,inf
random_addition,42,169,103,0.003673898612043672,0.06061269348943068,0.27746670480361846,103,14,inf
random_addition,42,169,104,0.003663524654907448,0.06052705721334425,0.2795069160955932,104,14,inf
random_addition,42,169,105,0.003697363655894845,0.060805950826336434,0.2728519134753721,105,14,inf
random_addition,42,169,106,0.0036520659549272062,0.060432325413864445,0.2817604601178071,106,14,inf
random_addition,42,169,107,0.003629081312456807,0.06024185681448412,0.28628077252071527,107,14,inf
random_addition,42,169,108,0.003661603033871249,0.06051118106491765,0.279884834847856,108,14,inf
random_addition,42,169,109,0.0036081048208520517,0.0600675022025392,0.2904061486405566,109,14,inf
random_addition,42,169,110,0.0036449892979272093,0.06037374676071719,0.2831522024713986,110,14,inf
random_addition,42,169,111,0.0037806515546360735,0.06148700313591542,0.25647196228940095,111,14,inf
random_addition,42,169,112,0.0035795627323809906,0.05982944703388951,0.29601942527458724,112,14,inf
random_addition,42,169,113,0.0030734068119248367,0.05543831537776772,0.3955634093931112,113,14,inf
random_addition,42,169,114,0.0031039517816658035,0.05571312037272552,0.38955623282970087,114,14,inf
random_addition,42,169,115,0.002676644947686327,0.05173630202948726,0.4735932320552675,115,14,inf
random_addition,42,169,116,0.0026637418541304073,0.051611450804355495,0.47613084010863715,116,14,inf
random_addition,42,169,117,0.0027727573908577323,0.052656978558000576,0.45469112080855,117,14,inf
random_addition,42,169,118,0.0028153568713639157,0.05305993659404349,0.4463132241178558,118,14,inf
random_addition,42,169,119,0.002811782219598908,0.053026240858643825,0.44701623886912945,119,14,inf
random_addition,42,169,120,0.0028233696967069556,0.053135390247056206,0.44473736868189995,120,14,inf
random_addition,42,169,121,0.002882232283573339,0.053686425505646576,0.4331610615097504,121,14,inf
random_addition,42,169,122,0.002857545993587359,0.05345601924561311,0.43801603121176447,122,14,inf
random_addition,42,169,123,0.002913634459152696,0.05397809240009039,0.42698530115444033,123,14,inf
random_addition,42,169,124,0.0028910197055658205,0.053768203480921886,0.4314328687535064,124,14,inf
random_addition,42,169,125,0.0027972642344269638,0.052889169348997754,0.4498714422303518,125,14,inf
random_addition,42,169,126,0.0027946400117179705,0.052864354831190084,0.4503875392927591,126,14,inf
random_addition,42,169,127,0.0030140713141416976,0.054900558413751105,0.40723272236620955,127,14,inf
random_addition,42,169,128,0.003053193614255452,0.05525571114604763,0.39953867105946195,128,14,inf
random_addition,42,169,129,0.002988752463194062,0.05466948383873824,0.4122120957070554,129,14,inf
random_addition,42,169,130,0.002971472632625425,0.05451121565903135,0.4156104619222427,130,14,inf
random_addition,42,169,131,0.0029702724419760104,0.05450020588929927,0.41584649938444773,131,14,inf
random_addition,42,169,132,0.0027590545704712236,0.052526703403804276,0.45738600845049304,132,14,inf
random_addition,42,169,133,0.0026400733829343844,0.051381644416409876,0.48078563880924974,133,14,inf
random_addition,42,169,134,0.002645325199245211,0.05143272498366396,0.4797527817422669,134,14,inf
random_addition,42,169,135,0.002621678724495202,0.05120233124082537,0.48440325447575316,135,14,inf
random_addition,42,169,136,0.0026494325520334057,0.051472638867979224,0.47894500247071603,136,14,inf
random_addition,42,169,137,0.0026464090931281456,0.05144326091071741,0.47953961597435146,137,14,inf
random_addition,42,169,138,0.002673929142623848,0.05171004875866825,0.4741273403114048,138,14,inf
random_addition,42,169,139,0.0026498666131186976,0.05147685512071126,0.4788596371355801,139,14,inf
random_addition,42,169,140,0.0025940288028346607,0.05093160907368489,0.48984107166096924,140,14,inf
random_addition,42,169,141,0.002594573383512307,0.05093695498861615,0.48973397080896686,141,14,inf
random_addition,42,169,142,0.0026214867299926637,0.051200456345550906,0.4844410133894379,142,14,inf
random_addition,42,169,143,0.002595374024593498,0.050944813520058134,0.4895765114177997,143,14,inf
random_addition,42,169,144,0.0026240326604881634,0.05122531269292715,0.48394031379358515,144,14,inf
random_addition,42,169,145,0.0026543096333642583,0.0515199925598234,0.4779858432730807,145,14,inf
random_addition,42,169,146,0.0027624152631315667,0.05255868399352829,0.4567250723174,146,14,inf
random_addition,42,169,147,0.002675940009619535,0.05172948878173392,0.4737318698561689,147,14,inf
random_addition,42,169,148,0.0026468478148164456,0.05144752486579355,0.4794533340540822,148,14,inf
random_addition,42,169,149,0.0026620435835845984,0.0515949957223043,0.4764648332704451,149,14,inf
random_addition,42,169,150,0.0026800483819562917,0.05176918370958047,0.47292389007342817,150,14,inf
random_addition,42,170,10,0.00962854819961681,0.0981251659851682,-0.8936142210947935,10,10,inf
random_addition,42,170,11,0.008687923819123275,0.09320903292666047,-0.708624784818001,11,11,inf
random_addition,42,170,12,0.007754375795519117,0.08805893364968212,-0.525027031873053,12,12,inf
random_addition,42,170,13,0.018122458242581543,0.1346196799973226,-2.5640829684702298,13,13,inf
random_addition,42,170,14,0.013340904483947747,0.11550283322909333,-1.6237108574765333,14,14,inf
random_addition,42,170,15,0.01359101744971646,0.11658051916901237,-1.6728997340382854,15,14,inf
random_addition,42,170,16,0.012696655045441114,0.11267943488250691,-1.4970084851773482,16,14,inf
random_addition,42,170,17,0.013078079253407404,0.11435943010266973,-1.5720219025172053,17,14,inf
random_addition,42,170,18,0.012488512296078712,0.11175201249229792,-1.4560737500501877,18,14,inf
random_addition,42,170,19,0.003504105950933867,0.05919548927860861,0.3108592569360211,19,14,inf
random_addition,42,170,20,0.002962585277035439,0.05442963601784821,0.41735830828331644,20,14,inf
random_addition,42,170,21,0.0035901933114861192,0.059918221865189886,0.29392874500227517,21,14,inf
random_addition,42,170,22,0.0038627909192592963,0.06215135492697883,0.2403178894491761,22,14,inf
random_addition,42,170,23,0.004544863745257953,0.06741560461241858,0.1061769186240239,23,14,inf
random_addition,42,170,24,0.004057951661368327,0.06370205382378442,0.20193628206710146,24,14,inf
random_addition,42,170,25,0.0037354977381749933,0.06111871839440838,0.2653522116494039,25,14,inf
random_addition,42,170,26,0.0038411877331970224,0.06197731627940195,0.244566515462193,26,14,inf
random_addition,42,170,27,0.0033546956383316098,0.057919734446314666,0.3402432810751028,27,14,inf
random_addition,42,170,28,0.003281474439453213,0.05728415522160742,0.3546434482246281,28,14,inf
random_addition,42,170,29,0.002782279983828862,0.05274732205362526,0.4528183444462167,29,14,inf
random_addition,42,170,30,0.0024949563102748254,0.04994953763824872,0.5093253258747124,30,14,inf
random_addition,42,170,31,0.002623586609076168,0.051220958689545903,0.48402803722598453,31,14,inf
random_addition,42,170,32,0.0027602782166619728,0.05253834996135654,0.4571453580657878,32,14,inf
random_addition,42,170,33,0.003116091388692695,0.05582196152673869,0.3871687771065693,33,14,inf
random_addition,42,170,34,0.0033409426429517907,0.05780088790798798,0.342948036464385,34,14,inf
random_addition,42,170,35,0.0031433199878909907,0.05606531894041976,0.3818138199942981,35,14,inf
random_addition,42,170,36,0.0031555930636111436,0.0561746656742267,0.379400115431737,36,14,inf
random_addition,42,170,37,0.004117692690224632,0.0641692503480026,0.19018721466048716,37,14,inf
random_addition,42,170,38,0.004266333287314837,0.06531717452029624,0.16095456788480456,38,14,inf
random_addition,42,170,39,0.004127592960041381,0.0642463458886292,0.18824016186197512,39,14,inf
random_addition,42,170,40,0.003771576915509373,0.06141316565289053,0.2582566410743403,40,14,inf
random_addition,42,170,41,0.003187442037934002,0.056457435630163026,0.3731364846688513,41,14,inf
random_addition,42,170,42,0.00314429908538532,0.05607405001768037,0.38162126417999853,42,14,inf
random_addition,42,170,43,0.0031453694928752383,0.05608359379422148,0.3814107507356813,43,14,inf
random_addition,42,170,44,0.003220744034581201,0.056751599401084735,0.3665870928878041,44,14,inf
random_addition,42,170,45,0.0027324773812603125,0.05227310380358442,0.46261285494937765,45,14,inf
random_addition,42,170,46,0.003051496890520834,0.05524035563354778,0.3998723600151105,46,14,inf
random_addition,42,170,47,0.0031099417366341102,0.055766851593344505,0.3883782085132048,47,14,inf
random_addition,42,170,48,0.0034849266952053704,0.05903326769886087,0.3146311767150528,48,14,inf
random_addition,42,170,49,0.004397501021997876,0.06631365637632927,0.1351582502473775,49,14,inf
random_addition,42,170,50,0.004121711254787343,0.06420055494142822,0.18939689707090068,50,14,inf
random_addition,42,170,51,0.004198565841687339,0.06479634126775477,0.1742821637078803,51,14,inf
random_addition,42,170,52,0.004280802495819235,0.06542784190097695,0.15810895726689178,52,14,inf
random_addition,42,170,53,0.004032294366439592,0.06350034934108309,0.2069822160484892,53,14,inf
random_addition,42,170,54,0.0044221871320793945,0.06649952730718764,0.1303033159265693,54,14,inf
random_addition,42,170,55,0.004471604579746305,0.06687005742293262,0.12058455254373712,55,14,inf
random_addition,42,170,56,0.005418522269907138,0.07361061248153786,-0.06564256779888589,56,14,inf
random_addition,42,170,57,0.006038789425064931,0.07770964821091993,-0.18762842501581845,57,14,inf
random_addition,42,170,58,0.006054762482338364,0.07781235430404586,-0.19076979251798631,58,14,inf
random_addition,42,170,59,0.006369147815929362,0.07980694090070964,-0.2525988996948332,59,14,inf
random_addition,42,170,60,0.0059310766146303765,0.07701348333006615,-0.16644490851838034,60,14,inf
random_addition,42,170,61,0.005574489388776815,0.0746625032313866,-0.0963160969947574,61,14,inf
random_addition,42,170,62,0.005962753915435274,0.07721887020304864,-0.17267477682733667,62,14,inf
random_addition,42,170,63,0.0055244102930864375,0.07432637683276669,-0.08646720951838383,63,14,inf
random_addition,42,170,64,0.004646175329918412,0.06816285887430494,0.08625230969052666,64,14,inf
random_addition,42,170,65,0.00465625186896672,0.06823673401450805,0.08427059061453424,65,14,inf
random_addition,42,170,66,0.004473147913077537,0.06688159622106471,0.1202810303633084,66,14,inf
random_addition,42,170,67,0.004051884679474302,0.06365441602492558,0.20312945501025692,67,14,inf
random_addition,42,170,68,0.004203562251399006,0.06483488452522304,0.1732995365985509,68,14,inf
random_addition,42,170,69,0.004478588674037487,0.06692225843497429,0.11921101418706415,69,14,inf
random_addition,42,170,70,0.004508353515447072,0.067144273884279,0.11335726284124192,70,14,inf
random_addition,42,170,71,0.004527720053472299,0.06728833519617125,0.10954851088220785,71,14,inf
random_addition,42,170,72,0.004428928621007311,0.06655019625070471,0.12897748995150027,72,14,inf
random_addition,42,170,73,0.00447861048199742,0.06692242136980267,0.119206725288862,73,14,inf
random_addition,42,170,74,0.00465617810203158,0.06823619349019683,0.08428509810980056,74,14,inf
random_addition,42,170,75,0.0046658210406041985,0.06830681547696539,0.08238865378240123,75,14,inf
random_addition,42,170,76,0.0047279878877928274,0.06876036567524076,0.07016250883547148,76,14,inf
random_addition,42,170,77,0.004819796246641916,0.06942475240605411,0.052106867390073974,77,14,inf
random_addition,42,170,78,0.005349088530551077,0.07313746324935722,-0.05198726758720307,78,14,inf
random_addition,42,170,79,0.0053088496148029265,0.07286185294653799,-0.044073615235629804,79,14,inf
random_addition,42,170,80,0.005144454870808464,0.07172485532093086,-0.011742653324514185,80,14,inf
random_addition,42,170,81,0.0048935166460399296,0.0699536750002452,0.037608524151742206,81,14,inf
random_addition,42,170,82,0.004723237446142821,0.06872581353569285,0.07109676223260253,82,14,inf
random_addition,42,170,83,0.004484407171290866,0.06696571638749836,0.11806670988323997,83,14,inf
random_addition,42,170,84,0.004479003479356901,0.06692535752132298,0.11912943581870128,84,14,inf
random_addition,42,170,85,0.003990851839234718,0.06317318924381385,0.21513257862094637,85,14,inf
random_addition,42,170,86,0.0038643484550445486,0.06216388384781431,0.24001157411983753,86,14,inf
random_addition,42,170,87,0.00376449991084045,0.061355520622356795,0.2596484518028114,87,14,inf
random_addition,42,170,88,0.0025093457668814044,0.05009337048833313,0.5064953997945658,88,14,inf
random_addition,42,170,89,0.0024408914309280443,0.049405378562744,0.5199580840299775,89,14,inf
random_addition,42,170,90,0.002448968000837937,0.04948704881924095,0.5183696921642497,90,14,inf
random_addition,42,170,91,0.0023820905649568564,0.04880666516938907,0.5315222527610601,91,14,inf
random_addition,42,170,92,0.0024333819833956237,0.049329321740681005,0.5214349418433415,92,14,inf
random_addition,42,170,93,0.002694155392698698,0.05190525399898066,0.4701495116723292,93,14,inf
random_addition,42,170,94,0.0026544577671672306,0.051521430173930835,0.4779567102958012,94,14,inf
random_addition,42,170,95,0.002648339201677517,0.05146201707742825,0.47916002801139224,95,14,inf
random_addition,42,170,96,0.0026605565916373733,0.05158058347515442,0.4767572749801965,96,14,inf
random_addition,42,170,97,0.0027119475661575767,0.052076362835336114,0.4666503847024649,97,14,inf
random_addition,42,170,98,0.003113179592349666,0.05579587433090072,0.3877414303092931,98,14,inf
random_addition,42,170,99,0.003087571447581576,0.05556591983924657,0.3927776980937384,99,14,inf
random_addition,42,170,100,0.002867338955194304,0.05354753920764524,0.4360900823583035,100,14,inf
random_addition,42,170,101,0.0029280940316140014,0.05411186590401408,0.42414158562474413,101,14,inf
random_addition,42,170,102,0.002941432724188086,0.05423497694466262,0.421518309776148,102,14,inf
random_addition,42,170,103,0.002805111039857874,0.05296329898956327,0.44832823737266336,103,14,inf
random_addition,42,170,104,0.0028088587389519374,0.05299866733184842,0.44759118998464853,104,14,inf
random_addition,42,170,105,0.002814720591575702,0.0530539403963146,0.446438359125811,105,14,inf
random_addition,42,170,106,0.002716051351478967,0.05211574955307625,0.4658433070326231,106,14,inf
random_addition,42,170,107,0.002745581914288405,0.05239830068130459,0.4600356304718817,107,14,inf
random_addition,42,170,108,0.0031072040466444202,0.0557423003350635,0.3889166208044401,108,14,inf
random_addition,42,170,109,0.0028403208192445102,0.053294660325819795,0.4414036483706788,109,14,inf
random_addition,42,170,110,0.0028481129189213907,0.05336771419989234,0.43987120230981613,110,14,inf
random_addition,42,170,111,0.002880742003630068,0.053672544225423745,0.43345414985863595,111,14,inf
random_addition,42,170,112,0.0028991646655621606,0.05384389162720467,0.42983102683927765,112,14,inf
random_addition,42,170,113,0.0028775181258687576,0.05364250297915597,0.4340881790652542,113,14,inf
random_addition,42,170,114,0.0029206353138893854,0.05404290253020636,0.4256084665772668,114,14,inf
random_addition,42,170,115,0.003170434918121249,0.056306615225222414,0.3764812177760267,115,14,inf
random_addition,42,170,116,0.0030616356981709647,0.05533204946657014,0.39787839478242915,116,14,inf
random_addition,42,170,117,0.0030504144499599933,0.055230557212108525,0.4000852399630531,117,14,inf
random_addition,42,170,118,0.003075045225130933,0.055453090311820614,0.3952411881731751,118,14,inf
random_addition,42,170,119,0.0029714294380573346,0.05451081945868485,0.41561895685280903,119,14,inf
random_addition,42,170,120,0.0029737069081085103,0.05453170553089744,0.4151710544704752,120,14,inf
random_addition,42,170,121,0.0029698560690511913,0.05449638583476148,0.41592838604849824,121,14,inf
random_addition,42,170,122,0.0029769510697613814,0.05456144306890518,0.41453303609906056,122,14,inf
random_addition,42,170,123,0.0032816797706590344,0.05728594740998035,0.3546030664263219,123,14,inf
random_addition,42,170,124,0.0033954932454482944,0.05827086103232296,0.33221975276936444,124,14,inf
random_addition,42,170,125,0.003849676881480806,0.06204576441209187,0.24289698319399544,125,14,inf
random_addition,42,170,126,0.004056988374137845,0.06369449249454653,0.20212572852993504,126,14,inf
random_addition,42,170,127,0.003208855200585231,0.056646758076568084,0.3689252299215783,127,14,inf
random_addition,42,170,128,0.0032006707505864325,0.05657447083788263,0.37053483820189836,128,14,inf
random_addition,42,170,129,0.0028490446668200456,0.05337644299520197,0.4396879585813963,129,14,inf
random_addition,42,170,130,0.002837996211483176,0.053272846849808736,0.4418608211680799,130,14,inf
random_addition,42,170,131,0.0028479968062853677,0.053366626334117914,0.4398940377917875,131,14,inf
random_addition,42,170,132,0.002838748589715745,0.05327990793644209,0.441712853469181,132,14,inf
random_addition,42,170,133,0.0028318453978537542,0.05321508618666096,0.4430704810169489,133,14,inf
random_addition,42,170,134,0.0028861666161141917,0.05372305479134812,0.43238730954887106,134,14,inf
random_addition,42,170,135,0.0028079324794123457,0.0529899280940477,0.4477733543359331,135,14,inf
random_addition,42,170,136,0.00278871524621199,0.052808287665971426,0.45155274301674564,136,14,inf
random_addition,42,170,137,0.0028025982227347633,0.05293957142568084,0.4488224246728342,137,14,inf
random_addition,42,170,138,0.0028479129620136963,0.053365840778663805,0.4399105271629681,138,14,inf
random_addition,42,170,139,0.0027214523718894833,0.05216754136327956,0.4647811064967019,139,14,inf
random_addition,42,170,140,0.002760612103225179,0.05254152741617985,0.4570796937173095,140,14,inf
random_addition,42,170,141,0.002802559436973563,0.052939205103340596,0.44883005253816366,141,14,inf
random_addition,42,170,142,0.0028352360169285884,0.05324693434300785,0.4424036593564751,142,14,inf
random_addition,42,170,143,0.0030827428090482037,0.055522453197316524,0.3937273302091683,143,14,inf
random_addition,42,170,144,0.0030761221514108766,0.05546279970764978,0.3950293927003278,144,14,inf
random_addition,42,170,145,0.0030745695969372645,0.05544880158251632,0.395334728371844,145,14,inf
random_addition,42,170,146,0.003011651393982178,0.05487851486676893,0.4077086399326981,146,14,inf
random_addition,42,170,147,0.0030261777814044907,0.0550107060616794,0.4048517841291287,147,14,inf
random_addition,42,170,148,0.002985604476090956,0.054640685172231834,0.41283119975292837,148,14,inf
random_addition,42,170,149,0.0027012897985397716,0.05197393383745136,0.46874641204820766,149,14,inf
random_addition,42,170,150,0.0026800483819562917,0.05176918370958047,0.47292389007342817,150,14,inf
random_addition,42,171,10,0.00962854819961681,0.0981251659851682,-0.8936142210947935,10,10,inf
random_addition,42,171,11,0.007354250008167068,0.08575692396633096,-0.4463356377554284,11,11,inf
random_addition,42,171,12,0.010679700581436637,0.10334263680319289,-1.1003408280022504,12,12,inf
random_addition,42,171,13,0.012963074225766914,0.11385549712581695,-1.5494042501647876,13,13,inf
random_addition,42,171,14,0.013894122384209912,0.11787333194667024,-1.7325103630284011,14,14,inf
random_addition,42,171,15,0.013029542572606665,0.11414702174216665,-1.5624763565944382,15,14,inf
random_addition,42,171,16,0.012113844727549426,0.11006291258888902,-1.382389138285114,16,14,inf
random_addition,42,171,17,0.011933494676331875,0.10924053586618786,-1.3469202997145886,17,14,inf
random_addition,42,171,18,0.012313569312822471,0.11096652338801316,-1.421668301367078,18,14,inf
random_addition,42,171,19,0.012278648061487976,0.11080906127879604,-1.4148004562076113,19,14,inf
random_addition,42,171,20,0.016258113358547065,0.12750730707903396,-2.1974285245974237,20,14,inf
random_addition,42,171,21,0.017013871784259782,0.13043723312099112,-2.3460609947239965,21,14,inf
random_addition,42,171,22,0.017808273747874657,0.13344764422002606,-2.5022933596018735,22,14,inf
random_addition,42,171,23,0.015806810521243934,0.12572513877997485,-2.108672312028259,23,14,inf
random_addition,42,171,24,0.01330163908773239,0.11533273207434389,-1.615988663940307,24,14,inf
random_addition,42,171,25,0.013078051488584638,0.11435930870980568,-1.5720164421028056,25,14,inf
random_addition,42,171,26,0.013035518345875838,0.11417319451550717,-1.563651591843818,26,14,inf
random_addition,42,171,27,0.012378185704489841,0.11125729506189624,-1.4343761899958154,27,14,inf
random_addition,42,171,28,0.012740551045363323,0.11287404947711996,-1.5056413639850983,28,14,inf
random_addition,42,171,29,0.012754963943061495,0.11293787647667852,-1.508475900145963,29,14,inf
random_addition,42,171,30,0.012218623352928986,0.1105378819813777,-1.4029955984670752,30,14,inf
random_addition,42,171,31,0.011829302342945332,0.10876259624956243,-1.3264291436088675,31,14,inf
random_addition,42,171,32,0.011218453665184324,0.10591720193237888,-1.2062955866941056,32,14,inf
random_addition,42,171,33,0.010966563349329592,0.10472136052081062,-1.1567571646630914,33,14,inf
random_addition,42,171,34,0.01131120229682449,0.10635413624690152,-1.2245361484298707,34,14,inf
random_addition,42,171,35,0.011149739847615999,0.10559232854528779,-1.1927818710813747,35,14,inf
random_addition,42,171,36,0.009342524279641157,0.09665673426948149,-0.8373628578351973,36,14,inf
random_addition,42,171,37,0.010265188784347828,0.10131726794751143,-1.0188201856887846,37,14,inf
random_addition,42,171,38,0.011956095811084302,0.10934393358154032,-1.351365188943245,38,14,inf
random_addition,42,171,39,0.011779541586569965,0.10853359657990684,-1.316642862855911,39,14,inf
random_addition,42,171,40,0.012560045179876014,0.11207160737615934,-1.4701418819456982,40,14,inf
random_addition,42,171,41,0.011942965302743563,0.10928387485234756,-1.3487828559882917,41,14,inf
random_addition,42,171,42,0.01121406652929972,0.1058964896930003,-1.205432783421096,42,14,inf
random_addition,42,171,43,0.011323903535147666,0.10641383150299431,-1.2270340582928796,43,14,inf
random_addition,42,171,44,0.012818150793499466,0.11321727250512383,-1.5209026457045813,44,14,inf
random_addition,42,171,45,0.010387125363699585,0.10191724762619714,-1.0428010430252344,45,14,inf
random_addition,42,171,46,0.010403055730837395,0.10199537112456328,-1.0459340148018748,46,14,inf
random_addition,42,171,47,0.009548147031248826,0.09771462035565008,-0.877801993471494,47,14,inf
random_addition,42,171,48,0.009017856901270226,0.09496239730161737,-0.7735116154606485,48,14,inf
random_addition,42,171,49,0.008828723855165059,0.09396128913103023,-0.7363154547977173,49,14,inf
random_addition,42,171,50,0.008557149219170597,0.09250486051646474,-0.682905783667004,50,14,inf
random_addition,42,171,51,0.006260979731273169,0.07912635295066472,-0.23132584594601324,51,14,inf
random_addition,42,171,52,0.005861722802116141,0.07656188870525688,-0.1528053272501133,52,14,inf
random_addition,42,171,53,0.0056500553064394365,0.07516684978392693,-0.11117739210897959,53,14,inf
random_addition,42,171,54,0.005704856660917997,0.07553050152698575,-0.12195499035374802,54,14,inf
random_addition,42,171,55,0.005306755665042646,0.07284748221484834,-0.04366180517225149,55,14,inf
random_addition,42,171,56,0.005367881043640387,0.07326582452713125,-0.055683127990897585,56,14,inf
random_addition,42,171,57,0.00536655061753351,0.0732567445190783,-0.05542147755888349,57,14,inf
random_addition,42,171,58,0.005069321420667487,0.07119916727509872,0.0030335898553800478,58,14,inf
random_addition,42,171,59,0.004962802772664566,0.07044716298520876,0.02398225443994839,59,14,inf
random_addition,42,171,60,0.0049036584421329465,0.07002612685371758,0.03561397119204002,60,14,inf
random_addition,42,171,61,0.004744996981585611,0.06888393848776078,0.0668173875122764,61,14,inf
random_addition,42,171,62,0.004688362283090897,0.06847161662390408,0.07795554336439903,62,14,inf
random_addition,42,171,63,0.004641780745813177,0.06813061533417393,0.08711657778006077,63,14,inf
random_addition,42,171,64,0.0037042658868240105,0.060862680575406884,0.27149447491103396,64,14,inf
random_addition,42,171,65,0.004181719355246009,0.06466621494448248,0.17759530558964942,65,14,inf
random_addition,42,171,66,0.0042167892934558355,0.06493681000369386,0.1706982186820214,66,14,inf
random_addition,42,171,67,0.003810150384028866,0.061726415609760346,0.2506705266330822,67,14,inf
random_addition,42,171,68,0.004051297365131143,0.06364980255374829,0.20324496014866433,68,14,inf
random_addition,42,171,69,0.004055727691559305,0.06368459540233655,0.20237366273657953,69,14,inf
random_addition,42,171,70,0.00406801310881712,0.06378097764080698,0.1999575310052758,70,14,inf
random_addition,42,171,71,0.004313981464225313,0.06568090639010178,0.15158376103663296,71,14,inf
random_addition,42,171,72,0.0037018699481744964,0.060842994240705287,0.27196567611453115,72,14,inf
random_addition,42,171,73,0.003640858668642067,0.06033952824344972,0.2839645594533917,73,14,inf
random_addition,42,171,74,0.003316148757290565,0.05758601181962999,0.34782416664631255,74,14,inf
random_addition,42,171,75,0.0033165565123300733,0.05758955211086533,0.3477439748328087,75,14,inf
random_addition,42,171,76,0.003283921103215541,0.057305506744252256,0.3541622710836375,76,14,inf
random_addition,42,171,77,0.0033484585674940573,0.05786586703311424,0.3414699048392582,77,14,inf
random_addition,42,171,78,0.0034142640487412356,0.05843170414031441,0.32852816195837375,78,14,inf
random_addition,42,171,79,0.003504341756608758,0.05919748099884621,0.31081288182628164,79,14,inf
random_addition,42,171,80,0.003534559820965083,0.05945216414029924,0.3048699966464191,80,14,inf
random_addition,42,171,81,0.0035006761637940568,0.05916651218209551,0.31153378164822343,81,14,inf
random_addition,42,171,82,0.0035556724134066025,0.05962945927481317,0.30071785403233,82,14,inf
random_addition,42,171,83,0.003654708117477312,0.06045418196847355,0.2812408348871286,83,14,inf
random_addition,42,171,84,0.003698745405048788,0.06081731172165363,0.27258016951214437,84,14,inf
random_addition,42,171,85,0.0035432848522485997,0.05952549749685927,0.3031540740612654,85,14,inf
random_addition,42,171,86,0.0035300220650002026,0.059413988798936924,0.3057624218645114,86,14,inf
random_addition,42,171,87,0.00363561344346364,0.06029604832378022,0.2849961202645127,87,14,inf
random_addition,42,171,88,0.0037360590258107757,0.06112331000371933,0.26524182509608285,88,14,inf
random_addition,42,171,89,0.003733331486744128,0.06110099415512098,0.26577824103939207,89,14,inf
random_addition,42,171,90,0.0032397047693937574,0.056918404487421796,0.36285814888304824,90,14,inf
random_addition,42,171,91,0.0032234433449638846,0.05677537622036409,0.3660562285849176,91,14,inf
random_addition,42,171,92,0.0031573733946118044,0.056190509826943236,0.3790499837160084,92,14,inf
random_addition,42,171,93,0.0031466028913301135,0.05609458878831463,0.3811681824059594,93,14,inf
random_addition,42,171,94,0.0031286771660019932,0.05593457934052953,0.38469357457319375,94,14,inf
random_addition,42,171,95,0.002914590077801371,0.05398694358640218,0.42679736284582315,95,14,inf
random_addition,42,171,96,0.0029147421944440153,0.053988352396086466,0.4267674465768484,96,14,inf
random_addition,42,171,97,0.0026119729033192026,0.051107464262269975,0.48631206571346464,97,14,inf
random_addition,42,171,98,0.0025550021120031756,0.05054702871587187,0.49751631981143407,98,14,inf
random_addition,42,171,99,0.002776817968542596,0.05269552133286657,0.4538925406394001,99,14,inf
random_addition,42,171,100,0.002773679055503535,0.052665729421546376,0.4545098601195874,100,14,inf
random_addition,42,171,101,0.002679891523122959,0.05176766870473268,0.47295473897311124,101,14,inf
random_addition,42,171,102,0.0025082360518627034,0.050082292797581696,0.5067136437184896,102,14,inf
random_addition,42,171,103,0.0025200031527610146,0.05019963299428607,0.504399447523991,103,14,inf
random_addition,42,171,104,0.002543275660354507,0.0504308998566802,0.49982252165459284,104,14,inf
random_addition,42,171,105,0.0025090412992828984,0.05009033139521936,0.5065552784141085,105,14,inf
random_addition,42,171,106,0.0025001988558329444,0.05000198851878737,0.5082942920555135,106,14,inf
random_addition,42,171,107,0.002521328354133031,0.05021283057280311,0.5041388246230262,107,14,inf
random_addition,42,171,108,0.0025189937294510787,0.050189577896721536,0.5045979674145469,108,14,inf
random_addition,42,171,109,0.0025096493737835355,0.05009640080668007,0.506435690445287,109,14,inf
random_addition,42,171,110,0.0025720047703869887,0.05071493636382667,0.49417246411849725,110,14,inf
random_addition,42,171,111,0.0026818479796683935,0.0517865617672036,0.4725699692382994,111,14,inf
random_addition,42,171,112,0.0027017133668589743,0.051978008492620936,0.4686631102901212,112,14,inf
random_addition,42,171,113,0.002596453972298549,0.05095541160954888,0.48936412173142885,113,14,inf
random_addition,42,171,114,0.002602633445740508,0.05101601166046311,0.48814882545352933,114,14,inf
random_addition,42,171,115,0.002592659747582705,0.050918167166373,0.4901103191571464,115,14,inf
random_addition,42,171,116,0.002590208290036976,0.050894088949867015,0.4905924390754107,116,14,inf
random_addition,42,171,117,0.002587984772467447,0.05087223970366792,0.4910297308044672,117,14,inf
random_addition,42,171,118,0.0025268962664206523,0.05026824312048962,0.5030438020224156,118,14,inf
random_addition,42,171,119,0.002486878510487207,0.04986861247806286,0.5109139596163599,119,14,inf
random_addition,42,171,120,0.00255060073421048,0.05050347249655691,0.49838192399265335,120,14,inf
random_addition,42,171,121,0.002561854232550103,0.05061476299016032,0.4961687362875925,121,14,inf
random_addition,42,171,122,0.002562937375541864,0.05062546173164117,0.495955718194921,122,14,inf
random_addition,42,171,123,0.002676688304245721,0.05173672104265713,0.47358470526641583,123,14,inf
random_addition,42,171,124,0.002650453461908161,0.05148255492793807,0.4787442235560537,124,14,inf
random_addition,42,171,125,0.0025430438588745887,0.0504286015954695,0.4998681092727616,125,14,inf
random_addition,42,171,126,0.0024886216123770643,0.04988608636059823,0.5105711496247578,126,14,inf
random_addition,42,171,127,0.0025213583721388046,0.050213129479637145,0.5041329210826955,127,14,inf
random_addition,42,171,128,0.0025103768230811036,0.050103660775247784,0.5062926254362698,128,14,inf
random_addition,42,171,129,0.0024672187979865316,0.049671106269002424,0.5147803692143713,129,14,inf
random_addition,42,171,130,0.0024330885643548033,0.04932634756755058,0.521492647580169,130,14,inf
random_addition,42,171,131,0.002413420904125294,0.04912658042369013,0.5253606202313046,131,14,inf
random_addition,42,171,132,0.002421827662295889,0.04921206825866892,0.5237072913498253,132,14,inf
random_addition,42,171,133,0.0024572454545566066,0.049570610794669526,0.5167417931548486,133,14,inf
random_addition,42,171,134,0.002277956337345119,0.04772794084543266,0.552001981399294,134,14,inf
random_addition,42,171,135,0.0022929025363558056,0.047884261885882774,0.5490625626612671,135,14,inf
random_addition,42,171,136,0.0023144466390856,0.04810869608590114,0.5448255563687203,136,14,inf
random_addition,42,171,137,0.0024648687331191013,0.0496474443765145,0.5152425485752887,137,14,inf
random_addition,42,171,138,0.002389266985088129,0.04888012873436535,0.5301108903276592,138,14,inf
random_addition,42,171,139,0.0023753930348728294,0.048738004009938996,0.5328394334980094,139,14,inf
random_addition,42,171,140,0.002375562353853096,0.04873974101134613,0.5328061341030967,140,14,inf
random_addition,42,171,141,0.002378269622917877,0.04876750580989228,0.5322737045929445,141,14,inf
random_addition,42,171,142,0.0023710260142688596,0.048693182420836485,0.533698280766367,142,14,inf
random_addition,42,171,143,0.002361168836215598,0.04859185977317186,0.5356368588525486,143,14,inf
random_addition,42,171,144,0.00243502938278775,0.04934601688877989,0.5211109533403939,144,14,inf
random_addition,42,171,145,0.0024282085193046486,0.0492768558179664,0.522452389642521,145,14,inf
random_addition,42,171,146,0.002471707027846974,0.04971626522423998,0.5138976841288239,146,14,inf
random_addition,42,171,147,0.0024843181664719024,0.04984293497048405,0.5114174938707212,147,14,inf
random_addition,42,171,148,0.002502158196244751,0.05002157730664589,0.5079089551603926,148,14,inf
random_addition,42,171,149,0.002501173751836404,0.05001173614099399,0.5081025625343056,149,14,inf
random_addition,42,171,150,0.0026800483819562917,0.05176918370958047,0.47292389007342817,150,14,inf
random_addition,42,172,10,0.00962854819961681,0.0981251659851682,-0.8936142210947935,10,10,inf
random_addition,42,172,11,0.0070017490036027915,0.083676454296312,-0.3770104496424709,11,11,inf
random_addition,42,172,12,0.011815783419273572,0.1087004297106206,-1.3237704223158944,12,12,inf
random_addition,42,172,13,0.01707117997422031,0.13065672571368192,-2.357331603879672,13,13,inf
random_addition,42,172,14,0.01449723167343816,0.12040445038883804,-1.8511218404058978,14,14,inf
random_addition,42,172,15,0.01987012516512391,0.1409614314808271,-2.9077907497113213,15,14,inf
random_addition,42,172,16,0.007100121546137721,0.0842622189723112,-0.3963570470367497,16,14,inf
random_addition,42,172,17,0.007327836369208964,0.08560278248520292,-0.44114095613521065,17,14,inf
random_addition,42,172,18,0.006570564390573809,0.08105901794725746,-0.29221082064114,18,14,inf
random_addition,42,172,19,0.005914283665299262,0.07690438001374994,-0.16314229560018467,19,14,inf
random_addition,42,172,20,0.0054375900160016375,0.07374001638189158,-0.06939255735288796,20,14,inf
random_addition,42,172,21,0.005171274513683975,0.07191157426787412,-0.017017182370935968,21,14,inf
random_addition,42,172,22,0.005231907147328444,0.072331923431694,-0.02894159869531676,22,14,inf
random_addition,42,172,23,0.005225505563139145,0.07228765844277393,-0.02768262064306226,23,14,inf
random_addition,42,172,24,0.00625855548065028,0.07911103261018831,-0.23084907672184474,24,14,inf
random_addition,42,172,25,0.0056806313878779895,0.07536996343290867,-0.11719068730541449,25,14,inf
random_addition,42,172,26,0.008006869430768242,0.08948111214534742,-0.5746841067021216,26,14,inf
random_addition,42,172,27,0.008530123596467548,0.09235866822593074,-0.6775907452600227,27,14,inf
random_addition,42,172,28,0.008798925076017133,0.09380258565741742,-0.7304550290309313,28,14,inf
random_addition,42,172,29,0.009786453562277453,0.09892650586307722,-0.9246689381842528,29,14,inf
random_addition,42,172,30,0.009812188357361296,0.09905649073817069,-0.9297301138607339,30,14,inf
random_addition,42,172,31,0.01208229999071719,0.10991951596835382,-1.3761853408872264,31,14,inf
random_addition,42,172,32,0.010315446197011085,0.1015649850933435,-1.0287041421650436,32,14,inf
random_addition,42,172,33,0.00988398923793488,0.09941825404791053,-0.9438509517817277,33,14,inf
random_addition,42,172,34,0.008941578325594295,0.0945599192342839,-0.7585101642895833,34,14,inf
random_addition,42,172,35,0.008002618398019459,0.08945735519240136,-0.5738480703755073,35,14,inf
random_addition,42,172,36,0.005383305115089515,0.07337101004544994,-0.058716528295671644,36,14,inf
random_addition,42,172,37,0.00568779744248991,0.07541748764371503,-0.11860001118695385,37,14,inf
random_addition,42,172,38,0.005626924883645996,0.07501283145999754,-0.10662840957978204,38,14,inf
random_addition,42,172,39,0.005851215341203588,0.07649323722528409,-0.15073886021904004,39,14,inf
random_addition,42,172,40,0.005371172958933054,0.07328828664208936,-0.056330537910191714,40,14,inf
random_addition,42,172,41,0.005504479933323115,0.07419218242728215,-0.08254757263264167,41,14,inf
random_addition,42,172,42,0.005492569284124875,0.07411187006225706,-0.08020514527633926,42,14,inf
random_addition,42,172,43,0.006316080267396984,0.07947377093983261,-0.24216228323965994,43,14,inf
random_addition,42,172,44,0.006375036069332219,0.07984382298795706,-0.25375692270618444,44,14,inf
random_addition,42,172,45,0.005921250293093275,0.07694966077308772,-0.1645123988795496,45,14,inf
random_addition,42,172,46,0.006099523140179043,0.07809944391722032,-0.1995727206931852,46,14,inf
random_addition,42,172,47,0.006767020581209033,0.08226190236804053,-0.3308471995319653,47,14,inf
random_addition,42,172,48,0.006762612033613483,0.08223510219859573,-0.3299801852897104,48,14,inf
random_addition,42,172,49,0.006451682055563913,0.08032236335892957,-0.2688306312766984,49,14,inf
random_addition,42,172,50,0.006860268019699463,0.08282673493322952,-0.34918585993490825,50,14,inf
random_addition,42,172,51,0.006802912066788165,0.08247976762084241,-0.3379058574001961,51,14,inf
random_addition,42,172,52,0.006700683653711086,0.08185770369190114,-0.317800938902679,52,14,inf
random_addition,42,172,53,0.005587928013266698,0.0747524448648116,-0.09895902611744778,53,14,inf
random_addition,42,172,54,0.00528776046403787,0.07271698882680629,-0.03992608281728316,54,14,inf
random_addition,42,172,55,0.004951982732016445,0.07037032564949834,0.026110195477302423,55,14,inf
random_addition,42,172,56,0.0053309335269717244,0.07301324213436713,-0.04841678403670713,56,14,inf
random_addition,42,172,57,0.005148388453817169,0.07175227141921828,-0.012516257877424719,57,14,inf
random_addition,42,172,58,0.004434909076595289,0.06659511300835287,0.12780133384621417,58,14,inf
random_addition,42,172,59,0.0037005117429835532,0.060831831658955934,0.2722327897656668,59,14,inf
random_addition,42,172,60,0.0038938743337943796,0.06240091612944781,0.23420481875735977,60,14,inf
random_addition,42,172,61,0.003279902495423487,0.057270432994901366,0.3549525971749935,61,14,inf
random_addition,42,172,62,0.0032302400571276218,0.056835200862912605,0.36471954204161794,62,14,inf
random_addition,42,172,63,0.0032601981336626657,0.05709814474799217,0.35882778779296975,63,14,inf
random_addition,42,172,64,0.0032880841835731373,0.05734181880245112,0.3533435320582652,64,14,inf
random_addition,42,172,65,0.002231822806389428,0.04724217190592985,0.5610749079169688,65,14,inf
random_addition,42,172,66,0.00215454997406558,0.04641713017912223,0.5762718962021327,66,14,inf
random_addition,42,172,67,0.0020852441287264934,0.04566447337620892,0.5899020439272397,67,14,inf
random_addition,42,172,68,0.0019524508895103862,0.044186546476392405,0.6160180440792533,68,14,inf
random_addition,42,172,69,0.0018976930881572172,0.04356251930452619,0.6267870768771959,69,14,inf
random_addition,42,172,70,0.0020538646571846677,0.04531958359456392,0.5960733391557773,70,14,inf
random_addition,42,172,71,0.0020289813843375124,0.04504421588103752,0.6009670488152077,71,14,inf
random_addition,42,172,72,0.002068486270024408,0.045480614222154124,0.5931977556893337,72,14,inf
random_addition,42,172,73,0.0021002723062204095,0.04582872795769494,0.5869465027563756,73,14,inf
random_addition,42,172,74,0.002093861783541334,0.04575873450546173,0.5882072387113799,74,14,inf
random_addition,42,172,75,0.0022913319455039687,0.04786785921162517,0.5493714454866838,75,14,inf
random_addition,42,172,76,0.002221137613597438,0.04712894666335582,0.5631763288795659,76,14,inf
random_addition,42,172,77,0.0022508612155053708,0.04744324204252246,0.5573306879679629,77,14,inf
random_addition,42,172,78,0.0022983952547949186,0.047941581688497915,0.5479823281821804,78,14,inf
random_addition,42,172,79,0.002004527065652474,0.04477194507336569,0.6057763975009229,79,14,inf
random_addition,42,172,80,0.0018963290626728309,0.04354686053750409,0.627055335185886,80,14,inf
random_addition,42,172,81,0.0019104352003632328,0.0437085254883213,0.6242811284849911,81,14,inf
random_addition,42,172,82,0.001936782374578139,0.044008889722170215,0.6190995182624869,82,14,inf
random_addition,42,172,83,0.0020045474693532427,0.044772172935353974,0.6057723847736523,83,14,inf
random_addition,42,172,84,0.0020605949372772925,0.045393776415686024,0.5947497175846819,84,14,inf
random_addition,42,172,85,0.002124433262095017,0.04609157474088965,0.5821948487488462,85,14,inf
random_addition,42,172,86,0.0021463148108123,0.046328337017556544,0.5778914780878077,86,14,inf
random_addition,42,172,87,0.0020649220781384734,0.045441413689920274,0.5938987133313367,87,14,inf
random_addition,42,172,88,0.0020716496302812405,0.045515377953843694,0.5925756282569734,88,14,inf
random_addition,42,172,89,0.0020576823591460782,0.04536168382176833,0.5953225245390612,89,14,inf
random_addition,42,172,90,0.0020388154781190637,0.045153244380875486,0.5990330106351769,90,14,inf
random_addition,42,172,91,0.0015935897319272652,0.03991979123100802,0.686594062115387,91,14,inf
random_addition,42,172,92,0.0016000138616139806,0.040000173269799474,0.6853306501159118,92,14,inf
random_addition,42,172,93,0.0015999936790717412,0.03999992098831873,0.6853346193486776,93,14,inf
random_addition,42,172,94,0.0017098757357625785,0.04135064371642331,0.6637244844789998,94,14,inf
random_addition,42,172,95,0.0017336448083499708,0.04163706051524256,0.6590499008407819,95,14,inf
random_addition,42,172,96,0.0017328121449282647,0.04162706024845214,0.6592136579580585,96,14,inf
random_addition,42,172,97,0.0017034509824595638,0.041272884348680594,0.6649880191229971,97,14,inf
random_addition,42,172,98,0.001703248798783298,0.04127043492360237,0.6650277819072417,98,14,inf
random_addition,42,172,99,0.0017348770830553036,0.041651855697619325,0.6588075535151066,99,14,inf
random_addition,42,172,100,0.0018774147537013914,0.043329144391522335,0.630775148776467,100,14,inf
random_addition,42,172,101,0.0019166743313894688,0.043779839325761224,0.6230540995504499,101,14,inf
random_addition,42,172,102,0.0020166624427673035,0.04490726492191774,0.6033897736603834,102,14,inf
random_addition,42,172,103,0.001992840888308035,0.04464124649142354,0.6080746787319964,103,14,inf
random_addition,42,172,104,0.0019316073561154129,0.04395005524587441,0.6201172717547357,104,14,inf
random_addition,42,172,105,0.001749917805901307,0.041832018907785304,0.6558495450920017,105,14,inf
random_addition,42,172,106,0.0017509911018342927,0.04184484558263171,0.655638463587292,106,14,inf
random_addition,42,172,107,0.0016882213503569873,0.0410879708717404,0.6679831796948296,107,14,inf
random_addition,42,172,108,0.001634363665420294,0.04042726388738538,0.6785751896216661,108,14,inf
random_addition,42,172,109,0.001640764270497403,0.040506348520909695,0.6773164041281161,109,14,inf
random_addition,42,172,110,0.0016515103090127665,0.04063877838976913,0.6752030168415535,110,14,inf
random_addition,42,172,111,0.0014547650355189368,0.03814138219203568,0.7138962486868203,111,14,inf
random_addition,42,172,112,0.001443895182205471,0.03799862079346395,0.71603398621369,112,14,inf
random_addition,42,172,113,0.001377774250484774,0.037118381571463674,0.7290377676792418,113,14,inf
random_addition,42,172,114,0.001450364719975126,0.03808365423610405,0.7147616439591208,114,14,inf
random_addition,42,172,115,0.001552080254890348,0.03939644977520624,0.6947575914863509,115,14,inf
random_addition,42,172,116,0.0015586202126423566,0.039479364390050106,0.6934713999704736,116,14,inf
random_addition,42,172,117,0.001510149596764159,0.0388606432880898,0.7030039531269121,117,14,inf
random_addition,42,172,118,0.001506138946093029,0.03880900599207649,0.7037927143180331,118,14,inf
random_addition,42,172,119,0.0015012806606412845,0.03874636319245052,0.7047481769932813,119,14,inf
random_addition,42,172,120,0.0015010060436597378,0.03874281925285946,0.704802184992289,120,14,inf
random_addition,42,172,121,0.0017869042040702787,0.042271789695614716,0.648575554443793,121,14,inf
random_addition,42,172,122,0.001831735435118955,0.04279877843021872,0.6397587468729135,122,14,inf
random_addition,42,172,123,0.001836106680106799,0.04284981540341567,0.6388990688091738,123,14,inf
random_addition,42,172,124,0.0018053892383331244,0.0424898721854176,0.6449401648677257,124,14,inf
random_addition,42,172,125,0.0017838744906507043,0.042235938377769046,0.6491713980017425,125,14,inf
random_addition,42,172,126,0.0017937346067518453,0.04235250413791191,0.6472322420995568,126,14,inf
random_addition,42,172,127,0.0018155484850360033,0.04260925351418402,0.6429421799552185,127,14,inf
random_addition,42,172,128,0.0017990955924555164,0.042415746986885855,0.6461779150549083,128,14,inf
random_addition,42,172,129,0.001891743941468135,0.04349418284630871,0.6279570755665387,129,14,inf
random_addition,42,172,130,0.001977040822437716,0.04446392720439475,0.6111820245961903,130,14,inf
random_addition,42,172,131,0.0022317898802502105,0.04724182342215646,0.561081383390132,131,14,inf
random_addition,42,172,132,0.0022286725885821155,0.047208818970422416,0.5616944506679424,132,14,inf
random_addition,42,172,133,0.0022351825868757317,0.04727771765721915,0.5604141511780791,133,14,inf
random_addition,42,172,134,0.0022826399244783705,0.04777698111516016,0.5510808760553321,134,14,inf
random_addition,42,172,135,0.002277417766557617,0.04772229842073428,0.5521079003063958,135,14,inf
random_addition,42,172,136,0.0025385684671110774,0.0503842085093244,0.5007482695329235,136,14,inf
random_addition,42,172,137,0.0025691716454916786,0.05068699680876426,0.49472964527194574,137,14,inf
random_addition,42,172,138,0.0025622393270272326,0.05061856701870602,0.49609300105074894,138,14,inf
random_addition,42,172,139,0.002529840119048286,0.0502975160325864,0.5024648444179123,139,14,inf
random_addition,42,172,140,0.00252311679009365,0.050230635971423354,0.5037870989320564,140,14,inf
random_addition,42,172,141,0.002519445324807588,0.05019407659084474,0.5045091536732083,141,14,inf
random_addition,42,172,142,0.0025171427079955645,0.05017113421077467,0.5049620015845012,142,14,inf
random_addition,42,172,143,0.0025199769190678905,0.05019937169993157,0.5044046068162686,143,14,inf
random_addition,42,172,144,0.0024986921263547538,0.04998691955256649,0.5085906154791588,144,14,inf
random_addition,42,172,145,0.0025246978654880617,0.05024637166490792,0.5034761541468811,145,14,inf
random_addition,42,172,146,0.0025597103419225213,0.050593580046509073,0.4965903680535344,146,14,inf
random_addition,42,172,147,0.0027550706411794057,0.05248876680947463,0.45816951443773246,147,14,inf
random_addition,42,172,148,0.0026782113704831457,0.05175143834216732,0.47328516894722583,148,14,inf
random_addition,42,172,149,0.00267430335586769,0.051713667012383585,0.4740537450501493,149,14,inf
random_addition,42,172,150,0.0026800483819562917,0.05176918370958047,0.47292389007342817,150,14,inf
random_addition,42,173,10,0.00962854819961681,0.0981251659851682,-0.8936142210947935,10,10,inf
random_addition,42,173,11,0.012235026090371557,0.11061205219311121,-1.4062214697243194,11,11,inf
random_addition,42,173,12,0.010672465769974765,0.10330762687224387,-1.0989179819420642,12,12,inf
random_addition,42,173,13,0.0075322139198847156,0.08678832824685999,-0.48133520228828375,13,13,inf
random_addition,42,173,14,0.016783627060253867,0.12955163858575416,-2.3007795385095493,14,14,inf
random_addition,42,173,15,0.00904717528075084,0.09511664039878007,-0.7792775626390771,15,14,inf
random_addition,42,173,16,0.00809553638003071,0.08997519869403296,-0.592121937679712,16,14,inf
random_addition,42,173,17,0.0068889030558199425,0.08299941599686074,-0.35481741627083263,17,14,inf
random_addition,42,173,18,0.00648658793882091,0.0805393564589444,-0.2756954540480021,18,14,inf
random_addition,42,173,19,0.009370919608506941,0.09680351031087117,-0.8429472717507918,19,14,inf
random_addition,42,173,20,0.009482604939145663,0.09737866778276268,-0.864912050448537,20,14,inf
random_addition,42,173,21,0.009827678320644224,0.0991346474278505,-0.9327764728910555,21,14,inf
random_addition,42,173,22,0.006346600930967806,0.07966555674171748,-0.24816467959026034,22,14,inf
random_addition,42,173,23,0.006784654671478968,0.08236901523922067,-0.33431523681224284,23,14,inf
random_addition,42,173,24,0.007636962671632784,0.08738971719620554,-0.5019357873235193,24,14,inf
random_addition,42,173,25,0.011673496717058083,0.1080439573370861,-1.2957873746952102,25,14,inf
random_addition,42,173,26,0.012917159021644673,0.11365368019402043,-1.5403742612518374,26,14,inf
random_addition,42,173,27,0.00959006387766934,0.09792887152249503,-0.8860456388103093,27,14,inf
random_addition,42,173,28,0.007149712168261738,0.08455597062456167,-0.4061098680581694,28,14,inf
random_addition,42,173,29,0.0069916662198320515,0.08361618395880101,-0.37502750243790084,29,14,inf
random_addition,42,173,30,0.006032275470845637,0.07766772476933799,-0.18634734752734428,30,14,inf
random_addition,42,173,31,0.006102074916044428,0.07811577891850294,-0.20007456987829197,31,14,inf
random_addition,42,173,32,0.003880027426528286,0.062289866162388616,0.2369280434817579,32,14,inf
random_addition,42,173,33,0.004858502637826811,0.06970296003633426,0.04449461149485068,33,14,inf
random_addition,42,173,34,0.006541527068465123,0.08087970739601574,-0.2865001480716549,34,14,inf
random_addition,42,173,35,0.007250845106454677,0.08515189432099957,-0.4259993431911777,35,14,inf
random_addition,42,173,36,0.007211013345066425,0.08491768570248735,-0.41816576451946785,36,14,inf
random_addition,42,173,37,0.006985045077765333,0.08357658211344451,-0.37372534467564056,37,14,inf
random_addition,42,173,38,0.006619991650453724,0.08136333111699474,-0.30193151375893335,38,14,inf
random_addition,42,173,39,0.005970676291007437,0.07727015135877137,-0.17423284381077853,39,14,inf
random_addition,42,173,40,0.005617535745589748,0.07495022178479359,-0.10478187934713068,40,14,inf
random_addition,42,173,41,0.005550518671279686,0.07450180314112999,-0.0916018565296981,41,14,inf
random_addition,42,173,42,0.0059899469519021,0.07739474757308858,-0.1780227399367056,42,14,inf
random_addition,42,173,43,0.006489182229526507,0.08055546058167942,-0.2762056644838773,43,14,inf
random_addition,42,173,44,0.006211481237334573,0.07881295094928607,-0.221591143465256,44,14,inf
random_addition,42,173,45,0.006338664563725995,0.07961573062985727,-0.24660386091216258,45,14,inf
random_addition,42,173,46,0.005997865265759822,0.07744588604800014,-0.17958000811641628,46,14,inf
random_addition,42,173,47,0.006470369996013978,0.08043861010742277,-0.2725059257308118,47,14,inf
random_addition,42,173,48,0.005644946801075251,0.0751328609935443,-0.11017271952432717,48,14,inf
random_addition,42,173,49,0.004137411442153891,0.06432271326797316,0.1863091939764372,49,14,inf
random_addition,42,173,50,0.004228238946175323,0.06502491019736453,0.16844645395418,50,14,inf
random_addition,42,173,51,0.004470032843541802,0.06685830422275009,0.12089366062181428,51,14,inf
random_addition,42,173,52,0.004470384076423515,0.06686093086716274,0.12082458483116143,52,14,inf
random_addition,42,173,53,0.0034144110937998295,0.058432962391101045,0.3284992431007929,53,14,inf
random_addition,42,173,54,0.00360043343579783,0.060003611856269366,0.29191485416219964,54,14,inf
random_addition,42,173,55,0.003614063797137456,0.06011708407048246,0.289234216797534,55,14,inf
random_addition,42,173,56,0.003972616510060147,0.06302869592542866,0.2187188595363483,56,14,inf
random_addition,42,173,57,0.003610434571802168,0.06008689184674282,0.28994796434949954,57,14,inf
random_addition,42,173,58,0.003566929977719354,0.05972378067168349,0.2985038666859964,58,14,inf
random_addition,42,173,59,0.003574685386897204,0.059788672730687074,0.2969786364222926,59,14,inf
random_addition,42,173,60,0.003546749421700509,0.059554591944706574,0.3024727088286162,60,14,inf
random_addition,42,173,61,0.0037990055098379725,0.06163607312149252,0.25286235159180526,61,14,inf
random_addition,42,173,62,0.0036072784771695164,0.06006062334982477,0.2905686628759657,62,14,inf
random_addition,42,173,63,0.0033267479290131005,0.0576779674486983,0.34573966315840166,63,14,inf
random_addition,42,173,64,0.002655935166025873,0.051535765891523075,0.4776661552265473,64,14,inf
random_addition,42,173,65,0.002620742930765941,0.051193192230666186,0.4845872938840837,65,14,inf
random_addition,42,173,66,0.002667590735476699,0.05164872443223258,0.4753738935470637,66,14,inf
random_addition,42,173,67,0.0026823407145091915,0.05179131891069382,0.4724730647328206,67,14,inf
random_addition,42,173,68,0.002718328479589278,0.052137591808495316,0.4653954718986504,68,14,inf
random_addition,42,173,69,0.002590952050419373,0.05090139536809746,0.4904461662201478,69,14,inf
random_addition,42,173,70,0.002615400115183637,0.05114098273580238,0.4856380474720172,70,14,inf
random_addition,42,173,71,0.0022378395248067273,0.04730580857364904,0.5598916201228885,71,14,inf
random_addition,42,173,72,0.002452760497891913,0.049525352072367065,0.5176238345119866,72,14,inf
random_addition,42,173,73,0.002632282076431336,0.05130577040091432,0.48231792887927993,73,14,inf
random_addition,42,173,74,0.0026392199475137367,0.051373338878388436,0.4809534810857612,74,14,inf
random_addition,42,173,75,0.0026318881034100156,0.05130193079612127,0.48239541022957644,75,14,inf
random_addition,42,173,76,0.0026313313214304107,0.051296503988385124,0.4825049106706367,76,14,inf
random_addition,42,173,77,0.002660995585613817,0.05158483871850156,0.4766709395099329,77,14,inf
random_addition,42,173,78,0.0028192107925818417,0.053096240851701,0.44555528638166275,78,14,inf
random_addition,42,173,79,0.003023239680062355,0.05498399476267939,0.40542961064763816,79,14,inf
random_addition,42,173,80,0.003118850024998702,0.05584666529882247,0.3866262453736864,80,14,inf
random_addition,42,173,81,0.0031249883101240076,0.055901594879967494,0.3854190494636244,81,14,inf
random_addition,42,173,82,0.0026414391611185176,0.0513949332241858,0.48051703580298977,82,14,inf
random_addition,42,173,83,0.002941359234777163,0.054234299431053436,0.4215327626916592,83,14,inf
random_addition,42,173,84,0.0029531364497234723,0.05434276814557271,0.41921657740132545,84,14,inf
random_addition,42,173,85,0.0028166354966518495,0.05307198410321447,0.446061761178845,85,14,inf
random_addition,42,173,86,0.002824949261235252,0.05315025175138169,0.44442672103368663,86,14,inf
random_addition,42,173,87,0.003037417624111772,0.05511277187832029,0.4026412820313956,87,14,inf
random_addition,42,173,88,0.0030298438242872356,0.055044017152522905,0.40413079579381705,88,14,inf
random_addition,42,173,89,0.0028834858607389518,0.05369809922836144,0.43291452470079117,89,14,inf
random_addition,42,173,90,0.0028680634913811716,0.05355430413497286,0.4359475902609793,90,14,inf
random_addition,42,173,91,0.0029448275155201085,0.05426626498590177,0.4208506675718723,91,14,inf
random_addition,42,173,92,0.002940838211665455,0.05422949577181642,0.42163523055632524,92,14,inf
random_addition,42,173,93,0.0029163761108292117,0.05400348239539013,0.4264461097315688,93,14,inf
random_addition,42,173,94,0.0030974819866388973,0.055655026607116964,0.3908286256781892,94,14,inf
random_addition,42,173,95,0.00310901931498467,0.05575858063997567,0.3885596180795291,95,14,inf
random_addition,42,173,96,0.0031087861901451137,0.05575649011680267,0.3886054659583913,96,14,inf
random_addition,42,173,97,0.0033024844158658848,0.05746724646149217,0.35051148676012767,97,14,inf
random_addition,42,173,98,0.0031386335387014962,0.056023508803907454,0.3827354882092444,98,14,inf
random_addition,42,173,99,0.0028757976078449014,0.053626463689533936,0.43442654756381494,99,14,inf
random_addition,42,173,100,0.002733360372291246,0.05228154906170288,0.46243920007030237,100,14,inf
random_addition,42,173,101,0.0026954465275701722,0.051917689929061484,0.46989558851555746,101,14,inf
random_addition,42,173,102,0.0027657634868885825,0.052590526588812386,0.45606658840162706,102,14,inf
random_addition,42,173,103,0.002766061729464131,0.05259336202853104,0.45600793403643247,103,14,inf
random_addition,42,173,104,0.0027660302162607897,0.05259306243470511,0.4560141316322446,104,14,inf
random_addition,42,173,105,0.0025445214647895967,0.05044324994277824,0.49957751348242807,105,14,inf
random_addition,42,173,106,0.002545609895600793,0.05045403745589438,0.49936345545207605,106,14,inf
random_addition,42,173,107,0.002817119075063445,0.05307653978042884,0.4459666574375304,107,14,inf
random_addition,42,173,108,0.0028317856252941245,0.05321452457077978,0.44308223628540677,108,14,inf
random_addition,42,173,109,0.002855257422871417,0.053434608849241304,0.43846611672453795,109,14,inf
random_addition,42,173,110,0.002894370291862688,0.05379935215095706,0.4307739202049593,110,14,inf
random_addition,42,173,111,0.002970324540546426,0.05450068385393367,0.4158362533336628,111,14,inf
random_addition,42,173,112,0.0029111671341011504,0.053955232685080234,0.42747054168175636,112,14,inf
random_addition,42,173,113,0.002916023016808514,0.0540002131181768,0.42651555154617204,113,14,inf
random_addition,42,173,114,0.0029070267421465565,0.053916850261736884,0.42828481865514656,114,14,inf
random_addition,42,173,115,0.0029211672336265015,0.05404782357899809,0.425503855709896,115,14,inf
random_addition,42,173,116,0.0028104557492332543,0.05301373170446742,0.447277111338809,116,14,inf
random_addition,42,173,117,0.00311672211435951,0.05582761068109139,0.3870447344090068,117,14,inf
random_addition,42,173,118,0.003090936208011047,0.05559618879033928,0.3921159619661593,118,14,inf
random_addition,42,173,119,0.0029749775477678486,0.054543354753515565,0.4149211620382074,119,14,inf
random_addition,42,173,120,0.0030242263947175526,0.05499296677501181,0.40523555679190537,120,14,inf
random_addition,42,173,121,0.0030586162766187363,0.055304758173404356,0.39847221427340984,121,14,inf
random_addition,42,173,122,0.003050754380391996,0.05523363450282804,0.40001838698720693,122,14,inf
random_addition,42,173,123,0.0029851363583907587,0.054636401404107485,0.41292326288808245,123,14,inf
random_addition,42,173,124,0.003024082867938303,0.0549916618037526,0.40526378372130956,124,14,inf
random_addition,42,173,125,0.0032811456836166716,0.05728128563166745,0.3547081035303332,125,14,inf
random_addition,42,173,126,0.003243820822453675,0.05695455049821459,0.3620486585582918,126,14,inf
random_addition,42,173,127,0.00322754763244905,0.056811509682889526,0.3652490521562136,127,14,inf
random_addition,42,173,128,0.0032268604311014686,0.05680546127883716,0.36538420173614594,128,14,inf
random_addition,42,173,129,0.0031262701292179666,0.05591305866448344,0.3851669584095142,129,14,inf
random_addition,42,173,130,0.003145377151338083,0.056083662071391906,0.38140924457152714,130,14,inf
random_addition,42,173,131,0.002866555992256968,0.05354022779422,0.4362440650483199,131,14,inf
random_addition,42,173,132,0.0027208490979087154,0.05216175896103117,0.46489975036341114,132,14,inf
random_addition,42,173,133,0.0027336384020795242,0.052284207960717206,0.4623845208860623,133,14,inf
random_addition,42,173,134,0.0027228687967223155,0.05218111532654621,0.46450254298422244,134,14,inf
random_addition,42,173,135,0.002728394772126579,0.05223403844359135,0.46341576796954786,135,14,inf
random_addition,42,173,136,0.0027461403149295145,0.0524036288335981,0.45992581169410207,136,14,inf
random_addition,42,173,137,0.0026424214005589825,0.05140448813633867,0.48032386207270106,137,14,inf
random_addition,42,173,138,0.0026629812729056694,0.05160408194034334,0.4762804210624427,138,14,inf
random_addition,42,173,139,0.0026101641767076597,0.05108976587055043,0.48666778189857207,139,14,inf
random_addition,42,173,140,0.0026324288540551743,0.05130720080120503,0.48228906261719395,140,14,inf
random_addition,42,173,141,0.0026236623623131987,0.05122169815920982,0.48401313909139965,141,14,inf
random_addition,42,173,142,0.00263635714732043,0.05134546861525786,0.4815164983803534,142,14,inf
random_addition,42,173,143,0.0026363494836637593,0.051345393986839356,0.4815180055659598,143,14,inf
random_addition,42,173,144,0.0026685226213837114,0.051657745028056645,0.47519062267700396,144,14,inf
random_addition,42,173,145,0.002690601695561335,0.05187101016522943,0.4708484053473946,145,14,inf
random_addition,42,173,146,0.002575842574875295,0.05075275928336601,0.4934176960053639,146,14,inf
random_addition,42,173,147,0.0027919589160790613,0.052838990490726274,0.4509148213631916,147,14,inf
random_addition,42,173,148,0.0027508800159499044,0.0524488323602147,0.45899367062050755,148,14,inf
random_addition,42,173,149,0.0027171600394190563,0.05212638525179984,0.4656252651007987,149,14,inf
random_addition,42,173,150,0.0026800483819562917,0.05176918370958047,0.47292389007342817,150,14,inf
random_addition,42,174,10,0.00962854819961681,0.0981251659851682,-0.8936142210947935,10,10,inf
random_addition,42,174,11,0.013646346931288762,0.11681757971850282,-1.6837811972639956,11,11,inf
random_addition,42,174,12,0.012525579404033992,0.11191773498438035,-1.463363613620873,12,12,inf
random_addition,42,174,13,0.016193613617718164,0.12725413006153538,-2.184743577297124,13,13,inf
random_addition,42,174,14,0.0160037308165869,0.12650585289458705,-2.1473999648324966,14,14,inf
random_addition,42,174,15,0.01977719821147534,0.1406314268272755,-2.889515117985351,15,14,inf
random_addition,42,174,16,0.006742459176132079,0.08211247880883928,-0.3260167905253779,16,14,inf
random_addition,42,174,17,0.006838814706832913,0.08269712635172345,-0.34496670897969883,17,14,inf
random_addition,42,174,18,0.00809255353946894,0.08995862126260573,-0.5915353124492073,18,14,inf
random_addition,42,174,19,0.006983135487936878,0.08356515714062218,-0.3733497920605784,19,14,inf
random_addition,42,174,20,0.007557806429988658,0.08693564533601081,-0.4863683952558657,20,14,inf
random_addition,42,174,21,0.00798078821380749,0.08933525739486896,-0.5695548013991367,21,14,inf
random_addition,42,174,22,0.007435791798332184,0.08623103732608221,-0.4623721876349145,22,14,inf
random_addition,42,174,23,0.007873462661695448,0.08873253440365292,-0.5484474456947428,23,14,inf
random_addition,42,174,24,0.007271614954248273,0.08527376474771284,-0.43008407936703175,24,14,inf
random_addition,42,174,25,0.005605231779207721,0.07486809587005483,-0.10236209962189591,25,14,inf
random_addition,42,174,26,0.0057063740434398595,0.07554054569196506,-0.12225340887569658,26,14,inf
random_addition,42,174,27,0.006924504062900962,0.08321360503487973,-0.3618189467088895,27,14,inf
random_addition,42,174,28,0.007433013277613534,0.08621492491218405,-0.46182574530141185,28,14,inf
random_addition,42,174,29,0.006237954666317774,0.07898072338436622,-0.22679758378880632,29,14,inf
random_addition,42,174,30,0.004823836309620175,0.06945384301548889,0.05131232177933975,30,14,inf
random_addition,42,174,31,0.00611071672547052,0.07817107345732512,-0.20177412550038376,31,14,inf
random_addition,42,174,32,0.009584459644661588,0.09790025354748366,-0.8849434731357138,32,14,inf
random_addition,42,174,33,0.008676213306254371,0.09314619319249913,-0.7063217176011021,33,14,inf
random_addition,42,174,34,0.006575552471127169,0.08108978031248555,-0.29319180968289227,34,14,inf
random_addition,42,174,35,0.006825533375737233,0.08261678628303834,-0.3423547142203176,35,14,inf
random_addition,42,174,36,0.006487727012948206,0.0805464276858273,-0.27591947192916244,36,14,inf
random_addition,42,174,37,0.007218933150770079,0.08496430515675438,-0.41972332609550533,37,14,inf
random_addition,42,174,38,0.006703042297139017,0.08187210939715073,-0.3182648053802648,38,14,inf
random_addition,42,174,39,0.006798341922991419,0.082452058330835,-0.33700706257603863,39,14,inf
random_addition,42,174,40,0.005786014379447663,0.07606585554273128,-0.13791600615522692,40,14,inf
random_addition,42,174,41,0.005759625861062017,0.07589219894733593,-0.13272626491358586,41,14,inf
random_addition,42,174,42,0.006550197975567769,0.08093329336909359,-0.28820542623602186,42,14,inf
random_addition,42,174,43,0.005452520212955359,0.0738411823642834,-0.07232882902014093,43,14,inf
random_addition,42,174,44,0.0052523837492590405,0.07247333129682283,-0.032968663192643355,44,14,inf
random_addition,42,174,45,0.0055774286505800375,0.07468218429170398,-0.09689415173724969,45,14,inf
random_addition,42,174,46,0.005678691555508765,0.0753570935978078,-0.11680918699147824,46,14,inf
random_addition,42,174,47,0.005637644371354068,0.07508424849030633,-0.10873657520828917,47,14,inf
random_addition,42,174,48,0.00563780028824074,0.07508528676272563,-0.10876723885848749,48,14,inf
random_addition,42,174,49,0.005421411395131292,0.07363023424607104,-0.06621076234883905,49,14,inf
random_addition,42,174,50,0.005184308869042602,0.07200214489195861,-0.01958060524198535,50,14,inf
random_addition,42,174,51,0.006438618844049564,0.08024100475473599,-0.26626153336246405,51,14,inf
random_addition,42,174,52,0.007004538943687705,0.08369312363442832,-0.3775591377843657,52,14,inf
random_addition,42,174,53,0.0071082712479493965,0.08431056427251211,-0.39795982150786724,53,14,inf
random_addition,42,174,54,0.00804516130425898,0.08969482317424445,-0.5822148407952747,54,14,inf
random_addition,42,174,55,0.01015951453468248,0.10079441718013196,-0.9980375860879656,55,14,inf
random_addition,42,174,56,0.009288912908941474,0.09637900657789264,-0.8268192897017019,56,14,inf
random_addition,42,174,57,0.009291502729045487,0.0963924412443501,-0.8273286209193855,57,14,inf
random_addition,42,174,58,0.009303607272081063,0.09645520863116239,-0.8297091807251651,58,14,inf
random_addition,42,174,59,0.009284852768775165,0.09635794087035673,-0.826020795577856,59,14,inf
random_addition,42,174,60,0.009285233838734181,0.0963599182167263,-0.8260957393262451,60,14,inf
random_addition,42,174,61,0.007807543754079676,0.08836030643948489,-0.5354833956310763,61,14,inf
random_addition,42,174,62,0.006494152535258443,0.08058630488649075,-0.27718315781122627,62,14,inf
random_addition,42,174,63,0.006385658264051986,0.07991031387782171,-0.2558459540496001,63,14,inf
random_addition,42,174,64,0.0049689159576824255,0.07049053807201662,0.022779994883677657,64,14,inf
random_addition,42,174,65,0.004847908939659275,0.06962692682905999,0.04657803851709186,65,14,inf
random_addition,42,174,66,0.004693934502873855,0.06851229453808896,0.07685967362315438,66,14,inf
random_addition,42,174,67,0.0039328112058432205,0.06271212965482212,0.22654723496507345,67,14,inf
random_addition,42,174,68,0.003941599783960052,0.06278216135145438,0.22481881483773836,68,14,inf
random_addition,42,174,69,0.004201189673491732,0.0648165848644599,0.17376614352336728,69,14,inf
random_addition,42,174,70,0.004166148408543165,0.06454570790178976,0.18065759135704973,70,14,inf
random_addition,42,174,71,0.003953387588159809,0.06287596987848226,0.2225005469945105,71,14,inf
random_addition,42,174,72,0.003963941484372356,0.06295984025053078,0.22042494768901677,72,14,inf
random_addition,42,174,73,0.00393619603579083,0.06273911089416896,0.22588155183279857,73,14,inf
random_addition,42,174,74,0.003973246639587286,0.0630336944783287,0.21859493407957287,74,14,inf
random_addition,42,174,75,0.004197046496514732,0.06478461620257338,0.17458096821775593,75,14,inf
random_addition,42,174,76,0.004250074456809017,0.06519259510718235,0.16415213744834622,76,14,inf
random_addition,42,174,77,0.002861830189087424,0.05349607638965146,0.43717347287828734,77,14,inf
random_addition,42,174,78,0.0029287069921128776,0.054117529434674655,0.4240210367430667,78,14,inf
random_addition,42,174,79,0.002921947659969878,0.054055042872704094,0.4253503718832903,79,14,inf
random_addition,42,174,80,0.0030114699791853545,0.05487686196554386,0.40774431817120926,80,14,inf
random_addition,42,174,81,0.0030527654203548397,0.05525183635278415,0.3996228825151015,81,14,inf
random_addition,42,174,82,0.002630402696766726,0.05128745165015246,0.4826875401629296,82,14,inf
random_addition,42,174,83,0.0026164885547805415,0.051151623188131004,0.48542398771380946,83,14,inf
random_addition,42,174,84,0.002676235992960913,0.0517323495789715,0.4736736598069672,84,14,inf
random_addition,42,174,85,0.0026586305891252767,0.0515619102548119,0.4771360554226016,85,14,inf
random_addition,42,174,86,0.0025905084243547528,0.05089703748112215,0.4905334126676285,86,14,inf
random_addition,42,174,87,0.0026449076104209115,0.051428665259958976,0.4798349075331827,87,14,inf
random_addition,42,174,88,0.0025386432204787214,0.05038495033716637,0.5007335680392911,88,14,inf
random_addition,42,174,89,0.002507371251302927,0.05007365825764008,0.5068837211387252,89,14,inf
random_addition,42,174,90,0.002519435345456129,0.050193977183085714,0.5045111162787277,90,14,inf
random_addition,42,174,91,0.00249381369444529,0.049938098626652674,0.5095500402905515,91,14,inf
random_addition,42,174,92,0.002493768944718242,0.049937650572671535,0.5095588410690044,92,14,inf
random_addition,42,174,93,0.0022886506827770247,0.04783984409231519,0.5498987604177588,93,14,inf
random_addition,42,174,94,0.002306660458744311,0.0480277051163629,0.546356838293742,94,14,inf
random_addition,42,174,95,0.002241471486946418,0.04734418113080443,0.559177334332797,95,14,inf
random_addition,42,174,96,0.002295242390106859,0.04790868804409967,0.5486023914862967,96,14,inf
random_addition,42,174,97,0.0022981936328848886,0.0479394788549572,0.548021980485747,97,14,inf
random_addition,42,174,98,0.0023188383468210174,0.04815431804958946,0.5439618539651732,98,14,inf
random_addition,42,174,99,0.002247386015346597,0.047406603077489076,0.5580141439060105,99,14,inf
random_addition,42,174,100,0.0020842786159487037,0.04565390033664926,0.5900919280809841,100,14,inf
random_addition,42,174,101,0.0020654813939651145,0.04544756752528252,0.5937887145670939,101,14,inf
random_addition,42,174,102,0.0019113573791753227,0.04371907340252447,0.6240997666766724,102,14,inf
random_addition,42,174,103,0.0019358009291846761,0.04399773777348872,0.6192925358302199,103,14,inf
random_addition,42,174,104,0.001936705978186043,0.04400802174815454,0.6191145428842175,104,14,inf
random_addition,42,174,105,0.001977598731895236,0.04447020049308566,0.6110723024178368,105,14,inf
random_addition,42,174,106,0.0019526449005640048,0.04418874178525572,0.6159798885772436,106,14,inf
random_addition,42,174,107,0.0019798656619912903,0.04449568138585238,0.610626472893061,107,14,inf
random_addition,42,174,108,0.0020238708655746247,0.04498745231255738,0.6019721173682178,108,14,inf
random_addition,42,174,109,0.002050147775239303,0.04527855756579822,0.5968043258387078,109,14,inf
random_addition,42,174,110,0.0020546098276824853,0.04532780413479662,0.595926788977853,110,14,inf
random_addition,42,174,111,0.001984516076593492,0.044547907656740646,0.6097118914793161,111,14,inf
random_addition,42,174,112,0.002087513795576373,0.04568931817806404,0.5894556761742848,112,14,inf
random_addition,42,174,113,0.0020876652935250786,0.04569097606229351,0.5894258815817681,113,14,inf
random_addition,42,174,114,0.0020977147933799152,0.045800816514336457,0.5874494802131001,114,14,inf
random_addition,42,174,115,0.002116099822387379,0.04600108501315354,0.5838337583345765,115,14,inf
random_addition,42,174,116,0.0021162411069161825,0.04600262065269959,0.5838059723810334,116,14,inf
random_addition,42,174,117,0.0021230029484265037,0.04607605612925767,0.5824761437319704,117,14,inf
random_addition,42,174,118,0.002111284950934051,0.045948720884634545,0.5847806829246335,118,14,inf
random_addition,42,174,119,0.0021369642661878793,0.04622731082582978,0.5797304182799011,119,14,inf
random_addition,42,174,120,0.002422311608163,0.04921698495603931,0.523612115342269,120,14,inf
random_addition,42,174,121,0.002685091411455049,0.05181786768533658,0.47193209440722095,121,14,inf
random_addition,42,174,122,0.0029792098730845487,0.054582138773453616,0.41408880483940125,122,14,inf
random_addition,42,174,123,0.0029529811810827026,0.05434133952234434,0.41924711356318045,123,14,inf
random_addition,42,174,124,0.003132688219225713,0.05597042271794731,0.38390473421340765,124,14,inf
random_addition,42,174,125,0.0031468921023071034,0.056097166615677686,0.3811113042549058,125,14,inf
random_addition,42,174,126,0.003140087958073269,0.05603648773855539,0.38244945243845874,126,14,inf
random_addition,42,174,127,0.003030115529637533,0.055046485170604065,0.40407736041554365,127,14,inf
random_addition,42,174,128,0.0030770994405059818,0.055471609319596826,0.3948371925378271,128,14,inf
random_addition,42,174,129,0.00308271510013112,0.05552220366782212,0.39373277962878506,129,14,inf
random_addition,42,174,130,0.003162101642637319,0.056232567455499656,0.37812009506443234,130,14,inf
random_addition,42,174,131,0.003200246615379627,0.05657072224551872,0.37061825144786475,131,14,inf
random_addition,42,174,132,0.003114454008163087,0.055807293503296565,0.3874907952334903,132,14,inf
random_addition,42,174,133,0.003123424733141285,0.05588760804633962,0.38572655289497004,133,14,inf
random_addition,42,174,134,0.0029177487846431217,0.054016190023391336,0.42617615058497094,134,14,inf
random_addition,42,174,135,0.0029534338380070046,0.05434550430354847,0.4191580910468711,135,14,inf
random_addition,42,174,136,0.002969081824114346,0.054489281736084076,0.4160806541986519,136,14,inf
random_addition,42,174,137,0.0028478137259379905,0.05336491099906371,0.4399300435885295,137,14,inf
random_addition,42,174,138,0.0027974641096937965,0.05289105888232714,0.4498321334332338,138,14,inf
random_addition,42,174,139,0.002797657164704616,0.05289288387585438,0.44979416595294885,139,14,inf
random_addition,42,174,140,0.002750472362589002,0.05244494601569347,0.4590738424372215,140,14,inf
random_addition,42,174,141,0.002729722959546303,0.05224675070802301,0.46315455781261383,141,14,inf
random_addition,42,174,142,0.002478360449470823,0.049783134186899315,0.5125891780545269,142,14,inf
random_addition,42,174,143,0.002466671276620773,0.04966559449579531,0.5148880484016236,143,14,inf
random_addition,42,174,144,0.0024257346220470663,0.04925174740095083,0.5229389227035148,144,14,inf
random_addition,42,174,145,0.002452211817660148,0.04951981237504993,0.5177317416095223,145,14,inf
random_addition,42,174,146,0.0026522703972236446,0.05150019803091678,0.47838689299272474,146,14,inf
random_addition,42,174,147,0.0025651456291097535,0.05064726674865835,0.49552142838577773,147,14,inf
random_addition,42,174,148,0.0026756390263398258,0.05172657949584358,0.4737910632264417,148,14,inf
random_addition,42,174,149,0.0026030607846433814,0.051020199770712205,0.4880647821474221,149,14,inf
random_addition,42,174,150,0.0026800483819562917,0.05176918370958047,0.47292389007342817,150,14,inf
random_addition,42,175,10,0.00962854819961681,0.0981251659851682,-0.8936142210947935,10,10,inf
random_addition,42,175,11,0.010237637424290628,0.10118121082637145,-1.0134017522829164,11,11,inf
random_addition,42,175,12,0.01029378012135646,0.10145826788072257,-1.0244431478672174,12,12,inf
random_addition,42,175,13,0.020919391975536036,0.14463537594771217,-3.1141465276258202,13,13,inf
random_addition,42,175,14,0.01645383542975506,0.1282725045742659,-2.235920526687244,14,14,inf
random_addition,42,175,15,0.016949496819926427,0.13019023319714282,-2.3334005867978087,15,14,inf
random_addition,42,175,16,0.01733382883140066,0.13165799949642507,-2.40898587208293,16,14,inf
random_addition,42,175,17,0.01310194830412508,0.1144637423122496,-1.576716148518365,17,14,inf
random_addition,42,175,18,0.014910797897263068,0.12210977805754569,-1.9324565200028156,18,14,inf
random_addition,42,175,19,0.013492167492413876,0.11615578974986084,-1.653459245085835,19,14,inf
random_addition,42,175,20,0.012907261669198759,0.11361013013459124,-1.5384277822028447,20,14,inf
random_addition,42,175,21,0.013463389913508544,0.11603184870331311,-1.6477996553393783,21,14,inf
random_addition,42,175,22,0.013608819636177095,0.11665684564643901,-1.6764008302315596,22,14,inf
random_addition,42,175,23,0.010465013337232683,0.10229864777812404,-1.0581190090650576,23,14,inf
random_addition,42,175,24,0.01041334902087571,0.10204581824296236,-1.0479583615667565,24,14,inf
random_addition,42,175,25,0.011161362993882847,0.10564735204387683,-1.1950677562022118,25,14,inf
random_addition,42,175,26,0.011159546599749947,0.10563875519784369,-1.1947105320714435,26,14,inf
random_addition,42,175,27,0.011140734544194338,0.10554967808664477,-1.1910108283165672,27,14,inf
random_addition,42,175,28,0.00930518304996905,0.09646337672904183,-0.8300190836675525,28,14,inf
random_addition,42,175,29,0.009379366653560317,0.09684713033208736,-0.844608523718138,29,14,inf
random_addition,42,175,30,0.011976237468201655,0.10943599713166438,-1.3553263809696143,30,14,inf
random_addition,42,175,31,0.011928435616358136,0.1092173778130483,-1.3459253513887317,31,14,inf
random_addition,42,175,32,0.009383263441535755,0.09686724648474197,-0.8453748919154924,32,14,inf
random_addition,42,175,33,0.007525691031967134,0.08675074081509122,-0.480052367839386,33,14,inf
random_addition,42,175,34,0.006895772027537152,0.08304078532586955,-0.35616831385771097,34,14,inf
random_addition,42,175,35,0.006584410092744662,0.08114437807232651,-0.2949338083635067,35,14,inf
random_addition,42,175,36,0.006391888818149111,0.07994928904092338,-0.2570712961883128,36,14,inf
random_addition,42,175,37,0.006238194038698513,0.07898223875466251,-0.22684466035060025,37,14,inf
random_addition,42,175,38,0.006406778048104635,0.08004235159029646,-0.25999951101368524,38,14,inf
random_addition,42,175,39,0.005870091163543556,0.07661652017380818,-0.1544511047731303,39,14,inf
random_addition,42,175,40,0.004799815307760472,0.06928069938850555,0.056036451501023765,40,14,inf
random_addition,42,175,41,0.004815365096698719,0.06939283173857887,0.05297832676009362,41,14,inf
random_addition,42,175,42,0.004971557835443197,0.07050927481858821,0.022260425661560612,42,14,inf
random_addition,42,175,43,0.0048812396660034086,0.06986586910647723,0.04002299656308439,43,14,inf
random_addition,42,175,44,0.004639047135658934,0.06811055083949134,0.08765418770376754,44,14,inf
random_addition,42,175,45,0.004013248958202368,0.06335020882524672,0.21072781249115946,45,14,inf
random_addition,42,175,46,0.004001721475494295,0.06325916119815607,0.2129948837813359,46,14,inf
random_addition,42,175,47,0.0030537209056702244,0.05526048231485339,0.3994349704286946,47,14,inf
random_addition,42,175,48,0.0030251300118973373,0.05500118191364016,0.4050578454374424,48,14,inf
random_addition,42,175,49,0.0029222957735909726,0.05405826276889568,0.42528190954714207,49,14,inf
random_addition,42,175,50,0.002879108991636614,0.053657329337534254,0.4337753088402305,50,14,inf
random_addition,42,175,51,0.0030223405035275127,0.054975817443013185,0.40560644867538154,51,14,inf
random_addition,42,175,52,0.0026540200284788044,0.05151718187632942,0.4780427988927882,52,14,inf
random_addition,42,175,53,0.0027048913322266915,0.052008569796012385,0.4680381105196787,53,14,inf
random_addition,42,175,54,0.0020250711986897177,0.045000791089598834,0.6017360518877664,54,14,inf
random_addition,42,175,55,0.0022928383448659797,0.04788359160365876,0.5490751869858783,55,14,inf
random_addition,42,175,56,0.0023299074850009127,0.048269115229108074,0.541784923753249,56,14,inf
random_addition,42,175,57,0.0023297308920267987,0.04826728594013546,0.54181965370009,57,14,inf
random_addition,42,175,58,0.0025684552556431294,0.05067992951497791,0.49487053525628577,58,14,inf
random_addition,42,175,59,0.0025607008517807466,0.05060336798851186,0.49639556780797456,59,14,inf
random_addition,42,175,60,0.002831051503557217,0.05320762636650142,0.4432266135406485,60,14,inf
random_addition,42,175,61,0.0028421336681040176,0.053311665403587026,0.4410471214769156,61,14,inf
random_addition,42,175,62,0.003220226258590963,0.0567470374432971,0.36668892215200155,62,14,inf
random_addition,42,175,63,0.003187442728501776,0.0564574417459893,0.3731363488572077,63,14,inf
random_addition,42,175,64,0.003226059858454813,0.05679841422482509,0.36554164766852304,64,14,inf
random_addition,42,175,65,0.003214864846648554,0.05669977818870682,0.3677433330235904,65,14,inf
random_addition,42,175,66,0.003178452253617843,0.056377763822431294,0.37490447534332616,66,14,inf
random_addition,42,175,67,0.0025333976331912912,0.05033286831873673,0.501765200065173,67,14,inf
random_addition,42,175,68,0.002405472210475855,0.04904561357018439,0.5269238631025719,68,14,inf
random_addition,42,175,69,0.0023241133795970097,0.0482090591030048,0.5429244309939969,69,14,inf
random_addition,42,175,70,0.0022860820787828427,0.04781299069063598,0.5504039191344112,70,14,inf
random_addition,42,175,71,0.0022719826359971864,0.04766531900656059,0.5531768091708855,71,14,inf
random_addition,42,175,72,0.0022360819847095387,0.047287228558137544,0.5602372696282119,72,14,inf
random_addition,42,175,73,0.0021894613741123567,0.04679168060790675,0.5694059884623202,73,14,inf
random_addition,42,175,74,0.0020994249586128765,0.04581948230406883,0.5871131477631378,74,14,inf
random_addition,42,175,75,0.0021296353109357706,0.046147971904903586,0.5811717792829767,75,14,inf
random_addition,42,175,76,0.0022115960025086085,0.047027608938884066,0.5650528454712036,76,14,inf
random_addition,42,175,77,0.0025737621583648367,0.050732259543261396,0.4938268445299734,77,14,inf
random_addition,42,175,78,0.00257031468413614,0.05069827101722642,0.4945048477025158,78,14,inf
random_addition,42,175,79,0.0025581383327357753,0.050578042001799314,0.4968995298181119,79,14,inf
random_addition,42,175,80,0.0025392536913283513,0.05039100804040689,0.5006135087885654,80,14,inf
random_addition,42,175,81,0.0026875758110133647,0.05184183456450364,0.47144349589403123,81,14,inf
random_addition,42,175,82,0.0027089026974103756,0.0520471199722941,0.46724920880777454,82,14,inf
random_addition,42,175,83,0.002721120384100805,0.052164359328001,0.4648463974195739,83,14,inf
random_addition,42,175,84,0.0026424662307441187,0.05140492418770909,0.48031504547082626,84,14,inf
random_addition,42,175,85,0.00272846758799473,0.052234735454434245,0.4634014475174305,85,14,inf
random_addition,42,175,86,0.0028692837454659175,0.053565695603304896,0.4357076069903637,86,14,inf
random_addition,42,175,87,0.0027689225557286003,0.05262055259809232,0.455445304947792,87,14,inf
random_addition,42,175,88,0.0026262080798378096,0.05124654212566746,0.48351248137981595,88,14,inf
random_addition,42,175,89,0.0027338414935503567,0.0522861501121507,0.4623445795689105,89,14,inf
random_addition,42,175,90,0.0023764175179768554,0.048748512982211625,0.532637951848353,90,14,inf
random_addition,42,175,91,0.0027091596944525476,0.052049588801954504,0.46719866606303806,91,14,inf
random_addition,42,175,92,0.0026151600132841087,0.05113863523094949,0.4856852675058201,92,14,inf
random_addition,42,175,93,0.0023877418593300933,0.048864525571523695,0.5304108316858475,93,14,inf
random_addition,42,175,94,0.0024549782523241486,0.04954773710598849,0.5171876761997765,94,14,inf
random_addition,42,175,95,0.002444742926752826,0.04944434170613283,0.5192006232877044,95,14,inf
random_addition,42,175,96,0.002453690222972727,0.04953473753814314,0.5174409886043545,96,14,inf
random_addition,42,175,97,0.0026245935096158466,0.05123078673625701,0.4838300134801784,97,14,inf
random_addition,42,175,98,0.0026510342092723733,0.05148819485350378,0.4786300099233298,98,14,inf
random_addition,42,175,99,0.0026173135756814314,0.051159687017039414,0.4852617336254219,99,14,inf
random_addition,42,175,100,0.0026401747413522325,0.05138263073600098,0.48076570498979054,100,14,inf
random_addition,42,175,101,0.0026749701383153453,0.051720113479335535,0.47392261118665513,101,14,inf
random_addition,42,175,102,0.002597804550533681,0.05096866243618407,0.4890985080480649,102,14,inf
random_addition,42,175,103,0.002607850081210284,0.05106711349988644,0.48712288728434316,103,14,inf
random_addition,42,175,104,0.0029909241874335924,0.054689342539781846,0.4117849899981767,104,14,inf
random_addition,42,175,105,0.003257229668880174,0.0570721444216018,0.3594115857872686,105,14,inf
random_addition,42,175,106,0.003237401739345647,0.05689816991209513,0.3633110780640938,106,14,inf
random_addition,42,175,107,0.003241744801936751,0.05693632234291877,0.36245694253762406,107,14,inf
random_addition,42,175,108,0.003180217243741431,0.05639341489696675,0.3745573606663438,108,14,inf
random_addition,42,175,109,0.0031436970943725094,0.05606868193896223,0.3817396557297106,109,14,inf
random_addition,42,175,110,0.0025958342212876306,0.050949329939535326,0.4894860060802926,110,14,inf
random_addition,42,175,111,0.0028827165852884614,0.05369093578331878,0.43306581551876155,111,14,inf
random_addition,42,175,112,0.0027061513799639153,0.05202068223278041,0.46779030116514275,112,14,inf
random_addition,42,175,113,0.0026820743639617553,0.05178874746469309,0.4725254470000082,113,14,inf
random_addition,42,175,114,0.002640212356509466,0.0513829967645861,0.4807583073432099,114,14,inf
random_addition,42,175,115,0.002640204959407048,0.051382924784475315,0.4807597621064871,115,14,inf
random_addition,42,175,116,0.00265319410950284,0.05150916529611832,0.47820522960258316,116,14,inf
random_addition,42,175,117,0.002668716832758688,0.051659624783371084,0.4751524277784658,117,14,inf
random_addition,42,175,118,0.002448471799816246,0.04948203512201419,0.518467278351878,118,14,inf
random_addition,42,175,119,0.002503577316833262,0.05003576038028464,0.5076298614827018,119,14,inf
random_addition,42,175,120,0.0024433931305358043,0.0494306901685158,0.5194660831741942,120,14,inf
random_addition,42,175,121,0.002436405042558536,0.04935995383464754,0.5208404069556904,121,14,inf
random_addition,42,175,122,0.002513284706400668,0.050132671047937075,0.5057207417947225,122,14,inf
random_addition,42,175,123,0.0025999503783874977,0.05098970855366304,0.48867649529434887,123,14,inf
random_addition,42,175,124,0.002634336083831985,0.05132578381117998,0.48191397414555837,124,14,inf
random_addition,42,175,125,0.002645182508143134,0.05143133780238595,0.47978084432184953,125,14,inf
random_addition,42,175,126,0.002634601764510512,0.05132837192538365,0.4818617236192382,126,14,inf
random_addition,42,175,127,0.0025911514215606083,0.05090335373588471,0.49040695656771716,127,14,inf
random_addition,42,175,128,0.0025373584578361925,0.05037219925550395,0.5009862379912078,128,14,inf
random_addition,42,175,129,0.002514187216803702,0.0501416714600112,0.5055432481063241,129,14,inf
random_addition,42,175,130,0.00251129864156077,0.05011285904396964,0.5061113344933181,130,14,inf
random_addition,42,175,131,0.0023305487798121415,0.048275757682424224,0.5416588024575687,131,14,inf
random_addition,42,175,132,0.0023458923173424735,0.04843441253223243,0.5386412404879983,132,14,inf
random_addition,42,175,133,0.0025027134281651268,0.05002712692295178,0.5077997595642723,133,14,inf
random_addition,42,175,134,0.002595556013422471,0.050946599625710756,0.48954072028631446,134,14,inf
random_addition,42,175,135,0.002661545741219744,0.05159017097490319,0.4765627422555182,135,14,inf
random_addition,42,175,136,0.002644979990765649,0.05142936895165689,0.47982067273399154,136,14,inf
random_addition,42,175,137,0.0026150694461182025,0.051137749716996764,0.48570307904601995,137,14,inf
random_addition,42,175,138,0.0025723579921739766,0.05071841866791567,0.49410299717652695,138,14,inf
random_addition,42,175,139,0.00256491333440026,0.0506449734366626,0.49556711300574974,139,14,inf
random_addition,42,175,140,0.0025734620057759256,0.050729301254560225,0.49388587453107813,140,14,inf
random_addition,42,175,141,0.0025451333405256482,0.05044931456943343,0.4994571779374103,141,14,inf
random_addition,42,175,142,0.0025654329625783355,0.05065010328299771,0.495464919477994,142,14,inf
random_addition,42,175,143,0.0026059488270854204,0.051048494856219026,0.4874968005445893,143,14,inf
random_addition,42,175,144,0.0026013837744263786,0.051003762355598614,0.4883945941118015,144,14,inf
random_addition,42,175,145,0.002582027938634675,0.05081365897703761,0.4922012412985295,145,14,inf
random_addition,42,175,146,0.002560421562492656,0.050600608321369575,0.49645049469381064,146,14,inf
random_addition,42,175,147,0.0026048584853822837,0.051037814269248284,0.4877112343836384,147,14,inf
random_addition,42,175,148,0.002639362621551391,0.05137472745963127,0.48092542186218123,148,14,inf
random_addition,42,175,149,0.0025735184574237793,0.050729857652311416,0.4938747723751805,149,14,inf
random_addition,42,175,150,0.0026800483819562917,0.05176918370958047,0.47292389007342817,150,14,inf
random_addition,42,176,10,0.00962854819961681,0.0981251659851682,-0.8936142210947935,10,10,inf
random_addition,42,176,11,0.00966818631193317,0.09832693584126971,-0.9014097154542235,11,11,inf
random_addition,42,176,12,0.017399156724339677,0.1319058631158588,-2.4218336892760144,12,12,inf
random_addition,42,176,13,0.016933450544749724,0.13012859234138255,-2.3302448197766275,13,13,inf
random_addition,42,176,14,0.014137041122512118,0.11889928983182413,-1.7802843750479669,14,14,inf
random_addition,42,176,15,0.01164089547600566,0.10789298158826487,-1.289375798162347,15,14,inf
random_addition,42,176,16,0.01504625178283836,0.12266316391989227,-1.9590957805341311,16,14,inf
random_addition,42,176,17,0.013434224171995506,0.1159061006677194,-1.6420637269571472,17,14,inf
random_addition,42,176,18,0.015528224731664094,0.1246122976742829,-2.053883780880406,18,14,inf
random_addition,42,176,19,0.014248430007237606,0.11936678770595113,-1.802190852724058,19,14,inf
random_addition,42,176,20,0.01105879654998667,0.10516081280584831,-1.174896358319336,20,14,inf
random_addition,42,176,21,0.010270849896922802,0.10134520164725512,-1.0199335376767422,21,14,inf
random_addition,42,176,22,0.008792229068506819,0.09376688684448695,-0.729138147733438,22,14,inf
random_addition,42,176,23,0.007948090365949323,0.08915206316148451,-0.5631242255304005,23,14,inf
random_addition,42,176,24,0.010281513801221285,0.10139779978491291,-1.0220307719028536,24,14,inf
random_addition,42,176,25,0.006252703993420533,0.0790740412108837,-0.22969828439021955,25,14,inf
random_addition,42,176,26,0.005746925673105576,0.07580848021894104,-0.13022856162267304,26,14,inf
random_addition,42,176,27,0.0064132056426176864,0.08008249273478996,-0.2612636044289136,27,14,inf
random_addition,42,176,28,0.006653116929589972,0.08156664103412603,-0.30844615110089846,28,14,inf
random_addition,42,176,29,0.00378830810970954,0.061549233217884525,0.2549661733302422,29,14,inf
random_addition,42,176,30,0.0035314694615544507,0.05942616815473172,0.30547776724765063,30,14,inf
random_addition,42,176,31,0.0037125722085063822,0.06093088058206924,0.2698608985362121,31,14,inf
random_addition,42,176,32,0.003812543818151213,0.06174580000413966,0.25019981798652735,32,14,inf
random_addition,42,176,33,0.0037400065152957762,0.061155592673898404,0.26446548560320715,33,14,inf
random_addition,42,176,34,0.0042192214947964395,0.06495553475106212,0.1702198858169155,34,14,inf
random_addition,42,176,35,0.004543232431856261,0.06740350459624678,0.1064977435492841,35,14,inf
random_addition,42,176,36,0.004492867760405117,0.06702885766895567,0.11640279425095157,36,14,inf
random_addition,42,176,37,0.004615572895132249,0.06793800773596653,0.09227078771128483,37,14,inf
random_addition,42,176,38,0.004836215315456955,0.06954290269651502,0.0488777842966821,38,14,inf
random_addition,42,176,39,0.005040158169338461,0.07099407136753365,0.008769028501488974,39,14,inf
random_addition,42,176,40,0.004968308291008916,0.07048622766901996,0.022899502646508196,40,14,inf
random_addition,42,176,41,0.005198842319265073,0.0721029979908261,-0.022438850062729943,41,14,inf
random_addition,42,176,42,0.0043729637613107485,0.06612838846751634,0.13998391085794626,42,14,inf
random_addition,42,176,43,0.003321647550903792,0.057633736221971515,0.3467427373831463,43,14,inf
random_addition,42,176,44,0.0029707487277943296,0.05450457529230303,0.4157528298529486,44,14,inf
random_addition,42,176,45,0.0030354605811268994,0.05509501412221345,0.4030261670992812,45,14,inf
random_addition,42,176,46,0.004787528155431764,0.06919196597461127,0.05845292446289008,46,14,inf
random_addition,42,176,47,0.0046955442635350075,0.06852404150030125,0.07654308740295568,47,14,inf
random_addition,42,176,48,0.004371438896586548,0.06611685788500954,0.14028380087948733,48,14,inf
random_addition,42,176,49,0.0036575236397766416,0.06047746390000693,0.28068711557708437,49,14,inf
random_addition,42,176,50,0.0036503543083525555,0.06041816207360627,0.28209708389826194,50,14,inf
random_addition,42,176,51,0.0032004846449259264,0.05657282602916286,0.370571438976808,51,14,inf
random_addition,42,176,52,0.003410429729117295,0.05839888465644952,0.32928224471494194,52,14,inf
random_addition,42,176,53,0.00446417791106842,0.06681450374782724,0.12204513051792876,53,14,inf
random_addition,42,176,54,0.0042913041853984354,0.06550804672250911,0.1560436252645564,54,14,inf
random_addition,42,176,55,0.004533508057879243,0.06733133043301048,0.10841020350403174,55,14,inf
random_addition,42,176,56,0.004979340191416594,0.07056443999222692,0.020729895862121817,56,14,inf
random_addition,42,176,57,0.005209423811706105,0.0721763383090754,-0.02451987662575239,57,14,inf
random_addition,42,176,58,0.004829799940129541,0.06949676208378014,0.05013947460572943,58,14,inf
random_addition,42,176,59,0.00472502176291979,0.06873879372610338,0.07074584664764028,59,14,inf
random_addition,42,176,60,0.004737219101281807,0.06882745891925553,0.06834703709681533,60,14,inf
random_addition,42,176,61,0.004619992305104249,0.06797052526723807,0.09140163720195249,61,14,inf
random_addition,42,176,62,0.004539902258745273,0.06737879680392989,0.10715267750515567,62,14,inf
random_addition,42,176,63,0.004819822945380775,0.0694249446912331,0.052101616638814297,63,14,inf
random_addition,42,176,64,0.004465115195794125,0.06682151746102542,0.12186079788033743,64,14,inf
random_addition,42,176,65,0.004400017910981937,0.06633263081607677,0.13466326214799562,65,14,inf
random_addition,42,176,66,0.004410933410155974,0.06641485835380494,0.13251654760310416,66,14,inf
random_addition,42,176,67,0.004447920691937789,0.06669273342679688,0.12524238317772662,67,14,inf
random_addition,42,176,68,0.004285136888510852,0.06546095697826951,0.15725652682042202,68,14,inf
random_addition,42,176,69,0.004938401919131669,0.07027376408825464,0.02878108831384263,69,14,inf
random_addition,42,176,70,0.005024443909033166,0.07088331192201142,0.011859499273528695,70,14,inf
random_addition,42,176,71,0.005073494085286349,0.07122846401043861,0.002212965925549093,71,14,inf
random_addition,42,176,72,0.005097149260848821,0.07139432232922183,-0.0024392179674883607,72,14,inf
random_addition,42,176,73,0.005108111251407198,0.0714710518420374,-0.004595075816719918,73,14,inf
random_addition,42,176,74,0.0050581310314068125,0.07112053874519521,0.005234366109939659,74,14,inf
random_addition,42,176,75,0.005058373814201834,0.07112224556495551,0.0051866188334283025,75,14,inf
random_addition,42,176,76,0.005021004943267632,0.07085904983322619,0.012535829115210562,76,14,inf
random_addition,42,176,77,0.004830122720681202,0.06949908431541528,0.050075994439223837,77,14,inf
random_addition,42,176,78,0.004788868910498879,0.06920165395782733,0.05818924266897263,78,14,inf
random_addition,42,176,79,0.004363026054976434,0.06605320624297079,0.14193832617057578,79,14,inf
random_addition,42,176,80,0.004433390628935887,0.06658371143857848,0.12809996184518357,80,14,inf
random_addition,42,176,81,0.004148527618984171,0.06440906472682374,0.1841230128311987,81,14,inf
random_addition,42,176,82,0.0035154983683301803,0.059291638266539576,0.3086187484868693,82,14,inf
random_addition,42,176,83,0.00351935795186322,0.05932417679043865,0.30785969716218897,83,14,inf
random_addition,42,176,84,0.003981390479797207,0.06309826051324399,0.21699331238997654,84,14,inf
random_addition,42,176,85,0.0038639701690797628,0.06216084112268561,0.24008597034943613,85,14,inf
random_addition,42,176,86,0.003863889601699735,0.06216019306356549,0.24010181526534802,86,14,inf
random_addition,42,176,87,0.003921713831772701,0.06262358846131943,0.22872971823472987,87,14,inf
random_addition,42,176,88,0.003910518242013828,0.0625341366136435,0.2309315172537958,88,14,inf
random_addition,42,176,89,0.003929792368966208,0.06268805603116281,0.22714093946994407,89,14,inf
random_addition,42,176,90,0.0038163525840640136,0.0617766346126431,0.24945076079246487,90,14,inf
random_addition,42,176,91,0.0035974366364194205,0.0599786348329088,0.29250422462626924,91,14,inf
random_addition,42,176,92,0.0036103169277920677,0.06008591288972872,0.289971101001665,92,14,inf
random_addition,42,176,93,0.0036931487410315324,0.060771282206577903,0.2736808466188121,93,14,inf
random_addition,42,176,94,0.0038258562434192863,0.06185350631467295,0.24758170804074242,94,14,inf
random_addition,42,176,95,0.0036455867379079133,0.060378694403803675,0.28303470595787883,95,14,inf
random_addition,42,176,96,0.0036535969961708397,0.060444991489542285,0.28145935538094313,96,14,inf
random_addition,42,176,97,0.0035916590738551664,0.05993045197439417,0.29364047844232966,97,14,inf
random_addition,42,176,98,0.0035862073615480156,0.05988495104404792,0.29471264838322986,98,14,inf
random_addition,42,176,99,0.003621535365087777,0.06017919378894816,0.28776480863430065,99,14,inf
random_addition,42,176,100,0.0036134260657880606,0.06011177975894626,0.2893596372791495,100,14,inf
random_addition,42,176,101,0.0036561583889414126,0.0604661755772714,0.2809556148714073,101,14,inf
random_addition,42,176,102,0.0036827233788845433,0.06068544618674681,0.2757311675615257,102,14,inf
random_addition,42,176,103,0.003663247108673387,0.060524764424765724,0.27956150018085024,103,14,inf
random_addition,42,176,104,0.0036682289185496,0.06056590557854807,0.2785817443721019,104,14,inf
random_addition,42,176,105,0.003522394430365553,0.059349763524091256,0.30726252313814506,105,14,inf
random_addition,42,176,106,0.003534576417639991,0.05945230372020912,0.3048667326341322,106,14,inf
random_addition,42,176,107,0.00352464933139363,0.05936875719933533,0.30681905932974896,107,14,inf
random_addition,42,176,108,0.002963723791229633,0.0544400936004856,0.41713440052231776,108,14,inf
random_addition,42,176,109,0.0029184492069857875,0.05402267308256588,0.4260384008763599,109,14,inf
random_addition,42,176,110,0.002915113193372063,0.05399178820313385,0.42669448346427963,110,14,inf
random_addition,42,176,111,0.002917949494046976,0.05401804785483252,0.4261366777409278,111,14,inf
random_addition,42,176,112,0.0030245105203425154,0.054995550004909625,0.4051796787599474,112,14,inf
random_addition,42,176,113,0.003030271089101476,0.055047898135182925,0.4040467670584724,113,14,inf
random_addition,42,176,114,0.002729941381207325,0.0522488409556358,0.4631116015584693,114,14,inf
random_addition,42,176,115,0.002807944038062675,0.05299003715853269,0.44777108113501163,115,14,inf
random_addition,42,176,116,0.002801512727702823,0.052929318224428534,0.4490359053333446,116,14,inf
random_addition,42,176,117,0.0027979068894643496,0.05289524448818012,0.44974505342356363,117,14,inf
random_addition,42,176,118,0.002812290031407642,0.05303102894916939,0.4469163692270274,118,14,inf
random_addition,42,176,119,0.0028057174556626557,0.05296902354832167,0.4482089756139823,119,14,inf
random_addition,42,176,120,0.0027007954813972903,0.05196917818666455,0.46884362773964183,120,14,inf
random_addition,42,176,121,0.0027022179984272808,0.051982862545528224,0.46856386609521794,121,14,inf
random_addition,42,176,122,0.002721390388095443,0.05216694727598543,0.46479329664120117,122,14,inf
random_addition,42,176,123,0.0027268935906245833,0.05221966670349958,0.4637110002913569,123,14,inf
random_addition,42,176,124,0.0026161502238801816,0.051148315943735444,0.4854905261151422,124,14,inf
random_addition,42,176,125,0.00264713613271433,0.05145032684749758,0.4793966315418954,125,14,inf
random_addition,42,176,126,0.002627828024251066,0.05126234509121745,0.48319389235530985,126,14,inf
random_addition,42,176,127,0.002788270873589435,0.052804080084681286,0.45164013628726674,127,14,inf
random_addition,42,176,128,0.0027831429768296343,0.05275550186311978,0.452648622512537,128,14,inf
random_addition,42,176,129,0.0027805013589557084,0.05273045949881063,0.45316814062358135,129,14,inf
random_addition,42,176,130,0.002832330264600232,0.05321964171807465,0.442975123903142,130,14,inf
random_addition,42,176,131,0.002830399868851949,0.05320150250558671,0.44335476834854604,131,14,inf
random_addition,42,176,132,0.0028518382603248,0.05340260537019519,0.4391385519336972,132,14,inf
random_addition,42,176,133,0.0028829221729241147,0.05369285029614385,0.433025383289262,133,14,inf
random_addition,42,176,134,0.0027463168693402577,0.05240531336935462,0.4598910893313898,134,14,inf
random_addition,42,176,135,0.002776981338357166,0.05269707144004462,0.453860411246915,135,14,inf
random_addition,42,176,136,0.0028206310512427614,0.05310961354823401,0.4452759688830955,136,14,inf
random_addition,42,176,137,0.002787789015428132,0.052799517189346834,0.45173490171273656,137,14,inf
random_addition,42,176,138,0.002826561587113549,0.05316541721000174,0.4441096303208517,138,14,inf
random_addition,42,176,139,0.002768466060420569,0.05261621480513939,0.4555350823461318,139,14,inf
random_addition,42,176,140,0.002727486009536835,0.0522253387690002,0.46359449125449814,140,14,inf
random_addition,42,176,141,0.0027005180080480963,0.05196650852277933,0.468898197490877,141,14,inf
random_addition,42,176,142,0.002698335583949575,0.05194550590714826,0.4693274075050704,142,14,inf
random_addition,42,176,143,0.0026784882698993296,0.051754113555342915,0.4732307120694673,143,14,inf
random_addition,42,176,144,0.0027089553686579343,0.052047625965628196,0.46723885013050026,144,14,inf
random_addition,42,176,145,0.002711582306942266,0.052072855759428695,0.46672221900501587,145,14,inf
random_addition,42,176,146,0.0027371077825465947,0.05231737553190713,0.46170220948722696,146,14,inf
random_addition,42,176,147,0.0026947614070681448,0.051911091368494124,0.47003032886258667,147,14,inf
random_addition,42,176,148,0.002594263396227405,0.05093391204519249,0.48979493496668625,148,14,inf
random_addition,42,176,149,0.0025996500852325456,0.05098676382388419,0.4887355529401045,149,14,inf
random_addition,42,176,150,0.0026800483819562917,0.05176918370958047,0.47292389007342817,150,14,inf
random_addition,42,177,10,0.00962854819961681,0.0981251659851682,-0.8936142210947935,10,10,inf
random_addition,42,177,11,0.009177710156805727,0.09580036616216937,-0.8049494180966026,11,11,inf
random_addition,42,177,12,0.02129637608716758,0.14593277934435286,-3.1882867261388936,12,12,inf
random_addition,42,177,13,0.01831872158360637,0.1353466718601029,-2.6026814202761814,13,13,inf
random_addition,42,177,14,0.011852978808328654,0.10887138654544937,-1.331085514499435,14,14,inf
random_addition,42,177,15,0.012032796828117498,0.10969410571273873,-1.366449720236579,15,14,inf
random_addition,42,177,16,0.012190876957931127,0.11041230437741587,-1.3975388081947733,16,14,inf
random_addition,42,177,17,0.01235671312017291,0.11116075350668018,-1.4301532489892144,17,14,inf
random_addition,42,177,18,0.008601686977296399,0.09274528008096368,-0.6916648749042538,18,14,inf
random_addition,42,177,19,0.011392921007514413,0.1067376269527968,-1.240607492674492,19,14,inf
random_addition,42,177,20,0.011555043518928847,0.1074943883136643,-1.2724915822391258,20,14,inf
random_addition,42,177,21,0.014341093431250285,0.11975430443725305,-1.820414656962035,21,14,inf
random_addition,42,177,22,0.01218832545730999,0.11040074935121587,-1.397037013141028,22,14,inf
random_addition,42,177,23,0.012249584230118753,0.11067783983308832,-1.4090845701509314,23,14,inf
random_addition,42,177,24,0.011877072715926387,0.10898198344646874,-1.3358239823476432,24,14,inf
random_addition,42,177,25,0.011740462186915575,0.10835341336070393,-1.3089572486383547,25,14,inf
random_addition,42,177,26,0.0122348568822104,0.11061128731829496,-1.406188192123829,26,14,inf
random_addition,42,177,27,0.014072031221368358,0.11862559260702708,-1.7674990962327568,27,14,inf
random_addition,42,177,28,0.013482011938042968,0.11611206628961078,-1.6514619863318498,28,14,inf
random_addition,42,177,29,0.013589808911222375,0.1165753357757222,-1.672662054833519,29,14,inf
random_addition,42,177,30,0.011057706110125664,0.1051556280477924,-1.1746819051759085,30,14,inf
random_addition,42,177,31,0.011943570600760546,0.10928664420120396,-1.3489018979154026,31,14,inf
random_addition,42,177,32,0.009601549454448974,0.09798749641892568,-0.8883044686023498,32,14,inf
random_addition,42,177,33,0.009460470160383162,0.09726494826186442,-0.8605588778853954,33,14,inf
random_addition,42,177,34,0.009475048745586204,0.09733986205859449,-0.8634259992511089,34,14,inf
random_addition,42,177,35,0.010532806761508019,0.10262946341820178,-1.0714517140215114,35,14,inf
random_addition,42,177,36,0.008875313224026515,0.09420888081293884,-0.7454780294246375,36,14,inf
random_addition,42,177,37,0.008892558015940374,0.09430036063526148,-0.7488695047053244,37,14,inf
random_addition,42,177,38,0.008402716081930273,0.09166633014324438,-0.6525339374837758,38,14,inf
random_addition,42,177,39,0.008090702605960561,0.08994833298044251,-0.5911712955755204,39,14,inf
random_addition,42,177,40,0.00740420696594443,0.08604770168891457,-0.4561605047788504,40,14,inf
random_addition,42,177,41,0.007938528611464489,0.08909842092576326,-0.5612437474047554,41,14,inf
random_addition,42,177,42,0.007989052973485377,0.08938150241233013,-0.5711802039141911,42,14,inf
random_addition,42,177,43,0.008390538872820374,0.09159988467689452,-0.6501390866853278,43,14,inf
random_addition,42,177,44,0.008177688817230036,0.09043057457093832,-0.608278581459553,44,14,inf
random_addition,42,177,45,0.008216314643502146,0.09064388916800815,-0.615874992924089,45,14,inf
random_addition,42,177,46,0.00817858675373182,0.09043553921845006,-0.6084551756141616,46,14,inf
random_addition,42,177,47,0.008109120682889024,0.0900506562046553,-0.594793516877621,47,14,inf
random_addition,42,177,48,0.008270392191552586,0.09094169666084191,-0.6265102425907338,48,14,inf
random_addition,42,177,49,0.008267439945999459,0.09092546368316996,-0.6259296343777754,49,14,inf
random_addition,42,177,50,0.0072343206571786455,0.08505480972395768,-0.4227495352766162,50,14,inf
random_addition,42,177,51,0.006814896490679139,0.08255238634151735,-0.34026279377742474,51,14,inf
random_addition,42,177,52,0.006641535269438588,0.08149561503196714,-0.3061684249149901,52,14,inf
random_addition,42,177,53,0.00660038170775798,0.08124273326124608,-0.29807489222122374,53,14,inf
random_addition,42,177,54,0.005790533432963199,0.07609555462024835,-0.1388047532254495,54,14,inf
random_addition,42,177,55,0.005664894584235365,0.07526549398120871,-0.11409578301097101,55,14,inf
random_addition,42,177,56,0.0074748114668259395,0.0864569920065806,-0.47004605472581407,56,14,inf
random_addition,42,177,57,0.00747415898382512,0.08645321847002066,-0.46991773308648077,57,14,inf
random_addition,42,177,58,0.0074520344564457915,0.08632516699344284,-0.4655665766284216,58,14,inf
random_addition,42,177,59,0.007418924459986241,0.0861331786246522,-0.45905494487913057,59,14,inf
random_addition,42,177,60,0.007385701823961244,0.08594010602717013,-0.4525211606849886,60,14,inf
random_addition,42,177,61,0.007471714995383953,0.0864390825690784,-0.4694370820919136,61,14,inf
random_addition,42,177,62,0.006402889643604741,0.08001805823440569,-0.25923479156629625,62,14,inf
random_addition,42,177,63,0.006224618099140829,0.07889624895481932,-0.22417472593492405,63,14,inf
random_addition,42,177,64,0.006255104071778877,0.07908921590064524,-0.23017029973634218,64,14,inf
random_addition,42,177,65,0.006632807100464504,0.08144204749675996,-0.3044518852507754,65,14,inf
random_addition,42,177,66,0.006689255361101857,0.08178786805573218,-0.31555337499594915,66,14,inf
random_addition,42,177,67,0.006578247676541428,0.08110639726027428,-0.293721866675432,67,14,inf
random_addition,42,177,68,0.00600460811701405,0.0774894064825254,-0.1809061020156233,68,14,inf
random_addition,42,177,69,0.006036549979158407,0.07769523781518663,-0.18718800071424657,69,14,inf
random_addition,42,177,70,0.005933930758087145,0.07703201125562766,-0.16700622332168535,70,14,inf
random_addition,42,177,71,0.0059887647634337005,0.07738710980152767,-0.17779024290295076,71,14,inf
random_addition,42,177,72,0.006160117549790451,0.07848641633932875,-0.21148961962542212,72,14,inf
random_addition,42,177,73,0.006045229069456632,0.07775107117883735,-0.18889488824019152,73,14,inf
random_addition,42,177,74,0.005683822096462935,0.07539112743859806,-0.11781819324157028,74,14,inf
random_addition,42,177,75,0.0055619295416148955,0.07457834499112256,-0.09384599405633787,75,14,inf
random_addition,42,177,76,0.0054827158239468075,0.07404536328458931,-0.07826729837217972,76,14,inf
random_addition,42,177,77,0.005511092915955383,0.07423673562297431,-0.08384812570634548,77,14,inf
random_addition,42,177,78,0.005429502943372065,0.07368516094419598,-0.06780209995257147,78,14,inf
random_addition,42,177,79,0.0054317496228236195,0.0737004044956581,-0.06824394685113866,79,14,inf
random_addition,42,177,80,0.005304028809905967,0.07282876361648581,-0.043125523735151106,80,14,inf
random_addition,42,177,81,0.005325368082647297,0.07297511961379231,-0.047322246802125045,81,14,inf
random_addition,42,177,82,0.005277230510423368,0.07264454907577972,-0.037855192222096434,82,14,inf
random_addition,42,177,83,0.005205119687194909,0.07214651541962999,-0.023673398920620592,83,14,inf
random_addition,42,177,84,0.00490850242529731,0.07006070528689609,0.03466132129959343,84,14,inf
random_addition,42,177,85,0.004844469693890587,0.06960222477687468,0.047254423426053016,85,14,inf
random_addition,42,177,86,0.005232606972799607,0.07233676086748429,-0.029079231019214946,86,14,inf
random_addition,42,177,87,0.005015716904794425,0.07082172622009736,0.013575809873157096,87,14,inf
random_addition,42,177,88,0.004994876182429326,0.07067443797038167,0.01767448471283961,88,14,inf
random_addition,42,177,89,0.004990750462076305,0.07064524373286786,0.018485876271647217,89,14,inf
random_addition,42,177,90,0.005269361513702482,0.0725903679127092,-0.036307623077974416,90,14,inf
random_addition,42,177,91,0.005362043732337285,0.07322597716887966,-0.05453512359113222,91,14,inf
random_addition,42,177,92,0.00527076378154956,0.07260002604372508,-0.03658340238363511,92,14,inf
random_addition,42,177,93,0.005408663819815257,0.07354361848464662,-0.06370373954514319,93,14,inf
random_addition,42,177,94,0.0053473534538237095,0.0731256005364996,-0.05164603587734207,94,14,inf
random_addition,42,177,95,0.005410326043813826,0.07355491855623134,-0.06403064355362731,95,14,inf
random_addition,42,177,96,0.005376359916756842,0.07332366546181963,-0.05735063947646246,96,14,inf
random_addition,42,177,97,0.005323609016454872,0.07296306611193688,-0.04697629716477958,97,14,inf
random_addition,42,177,98,0.0053375761763667885,0.07305871731947385,-0.04972317157296513,98,14,inf
random_addition,42,177,99,0.0053415544446678695,0.07308593876162411,-0.05050556423217811,99,14,inf
random_addition,42,177,100,0.005394700604270846,0.07344862561185775,-0.06095764086246125,100,14,inf
random_addition,42,177,101,0.005503225873196192,0.07418373051549909,-0.08230094084130446,101,14,inf
random_addition,42,177,102,0.005681612332357264,0.07537647068122295,-0.11738360636003708,102,14,inf
random_addition,42,177,103,0.0051732457800146,0.07192527914450246,-0.017404864696438205,103,14,inf
random_addition,42,177,104,0.005177586260363331,0.07195544635650127,-0.018258492381977298,104,14,inf
random_addition,42,177,105,0.0049656146101348855,0.07046711722594366,0.023429259812843828,105,14,inf
random_addition,42,177,106,0.004971603239452019,0.07050959678974217,0.02225149620770972,106,14,inf
random_addition,42,177,107,0.004774655064391697,0.06909887889388436,0.06098463202227977,107,14,inf
random_addition,42,177,108,0.004768149061548151,0.06905178536104734,0.062264145740403176,108,14,inf
random_addition,42,177,109,0.00440279919423737,0.0663535921728234,0.13411627651566627,109,14,inf
random_addition,42,177,110,0.00440135915514657,0.06634274003345483,0.13439948416491287,110,14,inf
random_addition,42,177,111,0.003925838188592412,0.0626565095468333,0.22791859483743682,111,14,inf
random_addition,42,177,112,0.004073290091379982,0.06382233223081073,0.19891972457606744,112,14,inf
random_addition,42,177,113,0.004068731835631945,0.06378661172716375,0.1998161814176309,113,14,inf
random_addition,42,177,114,0.004039081749734348,0.06355377053908248,0.20564736418250562,114,14,inf
random_addition,42,177,115,0.004044070131189863,0.06359300379121798,0.2046663159633375,115,14,inf
random_addition,42,177,116,0.004172689316986255,0.06459635683988885,0.179371212871952,116,14,inf
random_addition,42,177,117,0.004578144349425796,0.06766198599971623,0.0996317340300098,117,14,inf
random_addition,42,177,118,0.00465140393340099,0.06820120184718881,0.0852240178124769,118,14,inf
random_addition,42,177,119,0.0047434635888271995,0.06887280732500455,0.06711895471365026,119,14,inf
random_addition,42,177,120,0.004651742707295039,0.06820368543777557,0.08515739228906394,120,14,inf
random_addition,42,177,121,0.004702906900601262,0.06857774347848769,0.07509510231066796,121,14,inf
random_addition,42,177,122,0.004707419895683734,0.06861063981398026,0.07420754673211882,122,14,inf
random_addition,42,177,123,0.004117936200677409,0.06417114772759958,0.1901393242779701,123,14,inf
random_addition,42,177,124,0.004128562380936554,0.06425389000625996,0.18804950911191687,124,14,inf
random_addition,42,177,125,0.004142943381906235,0.06436570035279843,0.18522124597346667,125,14,inf
random_addition,42,177,126,0.004139349940418783,0.06433778003955982,0.1859279560363173,126,14,inf
random_addition,42,177,127,0.00399605528513437,0.06321435980166508,0.2141092344001977,127,14,inf
random_addition,42,177,128,0.00395692347290228,0.062904081528167,0.22180515642329623,128,14,inf
random_addition,42,177,129,0.003917785791978123,0.06259221830210304,0.22950223262234393,129,14,inf
random_addition,42,177,130,0.00387267376228713,0.06223081039394498,0.23837426391868355,130,14,inf
random_addition,42,177,131,0.0038722708752117947,0.06222757327111346,0.23845349836603058,131,14,inf
random_addition,42,177,132,0.003868944151540371,0.06220083722539731,0.2391077539322135,132,14,inf
random_addition,42,177,133,0.0038501882660808423,0.06204988530272108,0.24279641090303306,133,14,inf
random_addition,42,177,134,0.003694580166880214,0.0607830582225032,0.2733993329069512,134,14,inf
random_addition,42,177,135,0.0036912102546564503,0.06075533108013197,0.274062082220603,135,14,inf
random_addition,42,177,136,0.0036909116952976765,0.06075287396739085,0.2741207988864902,136,14,inf
random_addition,42,177,137,0.003683035866332976,0.06068802078114738,0.27566971170504573,137,14,inf
random_addition,42,177,138,0.003723489206860378,0.061020399923799075,0.2677138891526357,138,14,inf
random_addition,42,177,139,0.0037128923707691183,0.06093350778323137,0.2697979332997916,139,14,inf
random_addition,42,177,140,0.0034249418668860594,0.058523002886779994,0.32642819134285483,140,14,inf
random_addition,42,177,141,0.0033634347013214937,0.05799512653078268,0.3385245989214064,141,14,inf
random_addition,42,177,142,0.0033536641938683,0.0579108296769119,0.3404461317918984,142,14,inf
random_addition,42,177,143,0.0033558916436478036,0.057930058205113204,0.34000806672831896,143,14,inf
random_addition,42,177,144,0.0034758530802648535,0.05895636590110396,0.316415654076737,144,14,inf
random_addition,42,177,145,0.0032258789415292775,0.05679682157946233,0.3655772279923609,145,14,inf
random_addition,42,177,146,0.0032221290427711215,0.056763800460955055,0.3663147079809216,146,14,inf
random_addition,42,177,147,0.0032273846126710712,0.05681007492224483,0.36528111270817853,147,14,inf
random_addition,42,177,148,0.0032586009471539876,0.05708415670879257,0.3591419010968523,148,14,inf
random_addition,42,177,149,0.003228419707174846,0.05681918432338541,0.36507754415018934,149,14,inf
random_addition,42,177,150,0.0026800483819562917,0.05176918370958047,0.47292389007342817,150,14,inf
random_addition,42,178,10,0.00962854819961681,0.0981251659851682,-0.8936142210947935,10,10,inf
random_addition,42,178,11,0.007431938178199006,0.08620868969076728,-0.46161430911204704,11,11,inf
random_addition,42,178,12,0.0046832359554420866,0.0684341724246161,0.07896372099788318,12,12,inf
random_addition,42,178,13,0.004863544381125905,0.06973911657833003,0.04350306878120935,13,13,inf
random_addition,42,178,14,0.008407046386044923,0.0916899470282589,-0.6533855638435517,14,14,inf
random_addition,42,178,15,0.008615986876974863,0.0928223403980683,-0.6944771881242724,15,14,inf
random_addition,42,178,16,0.007365701902581833,0.08582366749668667,-0.4485878433499475,16,14,inf
random_addition,42,178,17,0.00732654529177665,0.0855952410579972,-0.44088704427480563,17,14,inf
random_addition,42,178,18,0.00904903556142773,0.09512641884054991,-0.779643417788987,18,14,inf
random_addition,42,178,19,0.009979537680864747,0.09989763601239394,-0.962642142996065,19,14,inf
random_addition,42,178,20,0.014250799395810513,0.1193767121167714,-1.8026568324132008,20,14,inf
random_addition,42,178,21,0.011451379530117628,0.1070111187219236,-1.2521043338857187,21,14,inf
random_addition,42,178,22,0.008817827532394674,0.09390328818734024,-0.7341725116116968,22,14,inf
random_addition,42,178,23,0.008241668568904615,0.09078363601940943,-0.6208612642401117,23,14,inf
random_addition,42,178,24,0.007248804976906735,0.08513991412320508,-0.4255981177681163,24,14,inf
random_addition,42,178,25,0.007220006415327569,0.08497062089526926,-0.41993440142970173,25,14,inf
random_addition,42,178,26,0.008684218456172642,0.09318915417672081,-0.707896063537059,26,14,inf
random_addition,42,178,27,0.008682187987774223,0.09317825920124406,-0.7074967381398114,27,14,inf
random_addition,42,178,28,0.008747690572381695,0.09352908944484435,-0.7203789113563417,28,14,inf
random_addition,42,178,29,0.0048737663355041165,0.06981236520491278,0.04149275136090158,29,14,inf
random_addition,42,178,30,0.006948661017019993,0.08335862892958348,-0.3665698137045963,30,14,inf
random_addition,42,178,31,0.0071696889660633895,0.08467401588482378,-0.410038637756871,31,14,inf
random_addition,42,178,32,0.007148062782471531,0.08454621684304704,-0.40578548889698585,32,14,inf
random_addition,42,178,33,0.00566558995261206,0.07527011327620053,-0.11423253877307649,33,14,inf
random_addition,42,178,34,0.005788495207377926,0.07608216090108065,-0.13840390224832877,34,14,inf
random_addition,42,178,35,0.00576245737708361,0.07591085151072678,-0.13328312965524636,35,14,inf
random_addition,42,178,36,0.005328208882935054,0.07299458118884616,-0.04788093744921573,36,14,inf
random_addition,42,178,37,0.005331310204643952,0.07301582160493678,-0.04849086396881219,37,14,inf
random_addition,42,178,38,0.004860915502627652,0.0697202660825936,0.04402008148204639,38,14,inf
random_addition,42,178,39,0.004759693172915169,0.06899052958859765,0.06392713694483476,39,14,inf
random_addition,42,178,40,0.005318583764575642,0.07292862102477767,-0.04598799776326934,40,14,inf
random_addition,42,178,41,0.004761749659761311,0.0690054321032867,0.0635226945868993,41,14,inf
random_addition,42,178,42,0.007667807297188524,0.08756601679412239,-0.5080018961891339,42,14,inf
random_addition,42,178,43,0.006772168419793526,0.08229318574337444,-0.33185960764889044,43,14,inf
random_addition,42,178,44,0.006929127831181786,0.08324138292449126,-0.36272828768014453,44,14,inf
random_addition,42,178,45,0.006685630665424427,0.08176570592506632,-0.3148405182765741,45,14,inf
random_addition,42,178,46,0.006310523789746956,0.07943880531419739,-0.24106950945080308,46,14,inf
random_addition,42,178,47,0.00597628315043314,0.07730642373330394,-0.17533552601416735,47,14,inf
random_addition,42,178,48,0.006028619368755825,0.07764418438463905,-0.18562831421437642,48,14,inf
random_addition,42,178,49,0.0059083298161521315,0.07686566083858339,-0.16197137209421864,49,14,inf
random_addition,42,178,50,0.005920507124797249,0.0769448316964645,-0.16436624246792375,50,14,inf
random_addition,42,178,51,0.005847283551546108,0.07646753266286357,-0.14996560835848927,51,14,inf
random_addition,42,178,52,0.005870756798671625,0.07662086399063656,-0.1545820129971367,52,14,inf
random_addition,42,178,53,0.004816308030335408,0.06939962557777533,0.05279288317016029,53,14,inf
random_addition,42,178,54,0.00490692200588871,0.07004942545009708,0.034972137074243514,54,14,inf
random_addition,42,178,55,0.004867728732730628,0.06976911016152225,0.04268014641113915,55,14,inf
random_addition,42,178,56,0.0045584689970892284,0.06751643501466312,0.10350121946199398,56,14,inf
random_addition,42,178,57,0.00455719867355049,0.0675070268457328,0.1037510497238856,57,14,inf
random_addition,42,178,58,0.004570917257528658,0.06760855905526059,0.10105306190933883,58,14,inf
random_addition,42,178,59,0.004907793190030336,0.0700556435273443,0.034800804216415404,59,14,inf
random_addition,42,178,60,0.004918929681523945,0.07013508167475065,0.03261062785460023,60,14,inf
random_addition,42,178,61,0.004906060980350928,0.0700432793374991,0.035141472073587754,61,14,inf
random_addition,42,178,62,0.004924350403128657,0.07017371589939254,0.03154455275101531,62,14,inf
random_addition,42,178,63,0.004947740475779118,0.0703401768250487,0.026944505756898773,63,14,inf
random_addition,42,178,64,0.004963549406802493,0.07045246203506654,0.023835416412841592,64,14,inf
random_addition,42,178,65,0.0049242685453234234,0.07017313264578846,0.03156065145051645,65,14,inf
random_addition,42,178,66,0.00491444569697786,0.0701031076128431,0.0334924780284378,66,14,inf
random_addition,42,178,67,0.00483294869687068,0.06951941237431945,0.04952021919773075,67,14,inf
random_addition,42,178,68,0.004836153152429077,0.06954245575494927,0.04889000969049795,68,14,inf
random_addition,42,178,69,0.004927420089409291,0.07019558454354013,0.030940847864795895,69,14,inf
random_addition,42,178,70,0.004811822681501472,0.06936730268290293,0.053675001653905374,70,14,inf
random_addition,42,178,71,0.004800753945359011,0.06928747322105931,0.05585185279847815,71,14,inf
random_addition,42,178,72,0.005664578776570161,0.07526339599413623,-0.11403367417861499,72,14,inf
random_addition,42,178,73,0.005660669481437929,0.07523742075216247,-0.11326484624075972,73,14,inf
random_addition,42,178,74,0.005584635263130785,0.07473041725516313,-0.0983114520123376,74,14,inf
random_addition,42,178,75,0.0056315875995140135,0.07504390447940468,-0.10754541024214093,75,14,inf
random_addition,42,178,76,0.00529178008397944,0.07274462237155019,-0.04071660796468368,76,14,inf
random_addition,42,178,77,0.004877598665922157,0.06983980717271603,0.04073905981477366,77,14,inf
random_addition,42,178,78,0.004725750346702565,0.06874409317681458,0.0706025585232295,78,14,inf
random_addition,42,178,79,0.0050357005889670806,0.0709626703906151,0.009645685855009356,79,14,inf
random_addition,42,178,80,0.005061768696375843,0.07114610809015376,0.00451895876356434,80,14,inf
random_addition,42,178,81,0.004527608022445599,0.06728750272112645,0.10957054364778851,81,14,inf
random_addition,42,178,82,0.004589684653135736,0.06774721140486696,0.09736214127647658,82,14,inf
random_addition,42,178,83,0.0042876892816762855,0.06548044961418856,0.15675455623298884,83,14,inf
random_addition,42,178,84,0.0044345162388606,0.06659216349436771,0.12787859192350348,84,14,inf
random_addition,42,178,85,0.0042954853571663745,0.06553995237384884,0.15522132826230173,85,14,inf
random_addition,42,178,86,0.004157228247627018,0.06447657130793338,0.18241188943138908,86,14,inf
random_addition,42,178,87,0.004030808178806924,0.0634886460621655,0.20727449957639932,87,14,inf
random_addition,42,178,88,0.003956181535755232,0.06289818388280564,0.22195107070898923,88,14,inf
random_addition,42,178,89,0.003802831201748105,0.0616670998324723,0.25210996561872123,89,14,inf
random_addition,42,178,90,0.0037964578277419315,0.0616154025203271,0.25336339566905086,90,14,inf
random_addition,42,178,91,0.00383275161798378,0.06190922078320628,0.24622561789460595,91,14,inf
random_addition,42,178,92,0.0038354072932026153,0.06193066520878502,0.2457033351727731,92,14,inf
random_addition,42,178,93,0.003868561487652645,0.06219776111446974,0.23918301115320628,93,14,inf
random_addition,42,178,94,0.0035868635319383302,0.05989042938515578,0.2945836015573947,94,14,inf
random_addition,42,178,95,0.0034322788083058,0.05858565360483571,0.32498525972702597,95,14,inf
random_addition,42,178,96,0.0033445731290588456,0.057832284487635846,0.34223404096067245,96,14,inf
random_addition,42,178,97,0.003020222471189922,0.054956550757757,0.4060229949783185,97,14,inf
random_addition,42,178,98,0.0030555891195948853,0.05527738343658178,0.39906755507360236,98,14,inf
random_addition,42,178,99,0.0030033455851609025,0.054802788114847796,0.40934211544485144,99,14,inf
random_addition,42,178,100,0.0030018975100412253,0.05478957482990012,0.4096269035128951,100,14,inf
random_addition,42,178,101,0.003066900214371092,0.055379601067280106,0.396843040070891,101,14,inf
random_addition,42,178,102,0.0028878133930160116,0.05373837914392294,0.4320634434690004,102,14,inf
random_addition,42,178,103,0.0029057286031874447,0.05390481057556407,0.4285401192822992,103,14,inf
random_addition,42,178,104,0.0031259720289627735,0.05591039285287462,0.38522558478504276,104,14,inf
random_addition,42,178,105,0.00307297559915406,0.05543442611910094,0.39564821455980215,105,14,inf
random_addition,42,178,106,0.0030891889781575286,0.05558047299328721,0.39245958379050405,106,14,inf
random_addition,42,178,107,0.002955737855125036,0.05436669803404503,0.41870496774210086,107,14,inf
random_addition,42,178,108,0.0028718747425791205,0.053589875373797245,0.4351980442942376,108,14,inf
random_addition,42,178,109,0.0028885879957202473,0.053745585825444746,0.43191110495793616,109,14,inf
random_addition,42,178,110,0.002946055140168902,0.05427757492896032,0.4206092347571917,110,14,inf
random_addition,42,178,111,0.002819757049648478,0.053101384630238016,0.44544785583987057,111,14,inf
random_addition,42,178,112,0.0028325546721504175,0.0532217499914313,0.4429309904242891,112,14,inf
random_addition,42,178,113,0.002481185061834941,0.04981149527804743,0.5120336710319846,113,14,inf
random_addition,42,178,114,0.0024695554238942114,0.04969462167975737,0.5143208328485112,114,14,inf
random_addition,42,178,115,0.0024796093617090362,0.04979567613467093,0.5123435586811644,115,14,inf
random_addition,42,178,116,0.002443603985598896,0.049432822958019464,0.5194246150174398,116,14,inf
random_addition,42,178,117,0.0024434278537527375,0.049431041398626606,0.519459254275795,117,14,inf
random_addition,42,178,118,0.0024504775321616476,0.04950229825130999,0.5180728177110605,118,14,inf
random_addition,42,178,119,0.0025736111395200443,0.05073077113074514,0.4938565448987333,119,14,inf
random_addition,42,178,120,0.0025670180700353784,0.050665748489836585,0.4951531817206092,120,14,inf
random_addition,42,178,121,0.0025568811514468407,0.05056561234126252,0.49714677543789454,121,14,inf
random_addition,42,178,122,0.0024458627700366053,0.04945566469108069,0.51898038747192,122,14,inf
random_addition,42,178,123,0.002534664088070768,0.050345447540674104,0.5015161306394991,123,14,inf
random_addition,42,178,124,0.002507523470394838,0.05007517818635135,0.5068537847213972,124,14,inf
random_addition,42,178,125,0.002499760479476305,0.04999760473739022,0.5083805060605653,125,14,inf
random_addition,42,178,126,0.0025283810994977686,0.050283010048104405,0.5027517848903944,126,14,inf
random_addition,42,178,127,0.002815223034978459,0.053058675397888125,0.4463395452700738,127,14,inf
random_addition,42,178,128,0.0028030884114399225,0.052944200923613176,0.44872602090729596,128,14,inf
random_addition,42,178,129,0.0027677578491651983,0.05260948440314919,0.4556743638740327,129,14,inf
random_addition,42,178,130,0.0027565880689525324,0.052503219605587355,0.4578710870163698,130,14,inf
random_addition,42,178,131,0.0027692109398800976,0.05262329275026505,0.4553885894057298,131,14,inf
random_addition,42,178,132,0.0027885291870215485,0.05280652598894902,0.4515893346525437,132,14,inf
random_addition,42,178,133,0.002780548463897563,0.05273090615471692,0.4531588766529463,133,14,inf
random_addition,42,178,134,0.0027321447155103876,0.052269921709434265,0.46267827920461,134,14,inf
random_addition,42,178,135,0.002726361395481768,0.05221457072007552,0.46381566532184126,135,14,inf
random_addition,42,178,136,0.0027533016873253747,0.05247191331870198,0.4585174086482622,136,14,inf
random_addition,42,178,137,0.002754800162553343,0.052486190208028465,0.4582227085602726,137,14,inf
random_addition,42,178,138,0.0028173890353691135,0.05307908284219984,0.44591356525132053,138,14,inf
random_addition,42,178,139,0.0029879796231365016,0.05466241508693612,0.41236408756432075,139,14,inf
random_addition,42,178,140,0.0028693795543416386,0.053566589907718024,0.4356887645807074,140,14,inf
random_addition,42,178,141,0.002843897794575867,0.053328208244566654,0.4407001766514188,141,14,inf
random_addition,42,178,142,0.0029029182535813456,0.05387873656259346,0.4290928212961468,142,14,inf
random_addition,42,178,143,0.0029578448032893754,0.054386071776598974,0.4182906013262728,143,14,inf
random_addition,42,178,144,0.0029310958410657196,0.054139595870912445,0.4235512298463916,144,14,inf
random_addition,42,178,145,0.00265346709662988,0.05151181511682422,0.47815154214158473,145,14,inf
random_addition,42,178,146,0.0026612585622373805,0.05158738762757212,0.4766192207810165,146,14,inf
random_addition,42,178,147,0.0024987563002188155,0.049987561455014144,0.5085779946209473,147,14,inf
random_addition,42,178,148,0.0024801676825186667,0.049801281936499055,0.5122337556035736,148,14,inf
random_addition,42,178,149,0.0026269944090836586,0.051254213573945884,0.4833578366492156,149,14,inf
random_addition,42,178,150,0.0026800483819562917,0.05176918370958047,0.47292389007342817,150,14,inf
random_addition,42,179,10,0.00962854819961681,0.0981251659851682,-0.8936142210947935,10,10,inf
random_addition,42,179,11,0.015553079891586863,0.12471198776215085,-2.0587719616654607,11,11,inf
random_addition,42,179,12,0.017799736520404116,0.13341565320607668,-2.500614371761569,12,12,inf
random_addition,42,179,13,0.020649941925376333,0.14370087656439795,-3.0611546916523116,13,13,inf
random_addition,42,179,14,0.023189537794179933,0.1522811143713492,-3.560608477758037,14,14,inf
random_addition,42,179,15,0.024859333587828096,0.1576684292679676,-3.8890016057378363,15,14,inf
random_addition,42,179,16,0.016468325633221138,0.12832897425453513,-2.238770266313724,16,14,inf
random_addition,42,179,17,0.017030402282092308,0.13050058345498808,-2.34931199218784,17,14,inf
random_addition,42,179,18,0.016985451877266255,0.1303282466592191,-2.340471747110605,18,14,inf
random_addition,42,179,19,0.019552425588672227,0.13982998815945108,-2.845309841527402,19,14,inf
random_addition,42,179,20,0.019850855207401957,0.14089306302086685,-2.9040009918760084,20,14,inf
random_addition,42,179,21,0.023822368788982817,0.1543449668404604,-3.685065223101639,21,14,inf
random_addition,42,179,22,0.02002352885045549,0.14150451883404816,-2.937960137046765,22,14,inf
random_addition,42,179,23,0.015870543483134512,0.12597834529447716,-2.1212064594912476,23,14,inf
random_addition,42,179,24,0.015786497846031602,0.12564433073573833,-2.104677486447796,24,14,inf
random_addition,42,179,25,0.01675950309022809,0.1294584994900995,-2.2960351583846315,25,14,inf
random_addition,42,179,26,0.014371255999148302,0.11988017350316232,-1.8263466278399183,26,14,inf
random_addition,42,179,27,0.014271210157771172,0.11946217040457273,-1.806670948384872,27,14,inf
random_addition,42,179,28,0.014239682902891179,0.11933014247410911,-1.80047058910379,28,14,inf
random_addition,42,179,29,0.010418157222830899,0.1020693745588308,-1.0489039744890252,29,14,inf
random_addition,42,179,30,0.007139800306669509,0.08449733905082164,-0.404160535544124,30,14,inf
random_addition,42,179,31,0.0059057669134868086,0.076848987719337,-0.16146733463875562,31,14,inf
random_addition,42,179,32,0.00512578726829947,0.07159460362554897,-0.008071358664932804,32,14,inf
random_addition,42,179,33,0.0050880083568845885,0.07133027657933613,-0.0006415070996108607,33,14,inf
random_addition,42,179,34,0.005119136862433097,0.07154814366867317,-0.006763445689525138,34,14,inf
random_addition,42,179,35,0.0053612723505010425,0.07322070984701694,-0.05438341851735373,35,14,inf
random_addition,42,179,36,0.005361738811689887,0.07322389508684912,-0.05447515587198626,36,14,inf
random_addition,42,179,37,0.005458761358177394,0.07388343087714183,-0.07355625407980182,37,14,inf
random_addition,42,179,38,0.006326874155365184,0.07954165044406096,-0.2442850809173307,38,14,inf
random_addition,42,179,39,0.006427113092257772,0.08016927773316766,-0.2639987358185736,39,14,inf
random_addition,42,179,40,0.006096398568859352,0.07807943755470675,-0.19895822175075617,40,14,inf
random_addition,42,179,41,0.006178217378934528,0.07860163725352372,-0.21504925220512638,41,14,inf
random_addition,42,179,42,0.0061782751730883505,0.0786020048922949,-0.21506061838716195,42,14,inf
random_addition,42,179,43,0.006192149613342534,0.07869021294508316,-0.21778925793181303,43,14,inf
random_addition,42,179,44,0.005237689554866494,0.07237188373164329,-0.030078805356093863,44,14,inf
random_addition,42,179,45,0.005382054545623001,0.07336248731894933,-0.05847058300078789,45,14,inf
random_addition,42,179,46,0.005307364048076691,0.07285165782654977,-0.04378145381930176,46,14,inf
random_addition,42,179,47,0.004773198253418511,0.06908833659467067,0.06127113814127927,47,14,inf
random_addition,42,179,48,0.003719889363617058,0.06099089574368504,0.268421858227302,48,14,inf
random_addition,42,179,49,0.0035385649456544078,0.059485838194097994,0.3040823222315717,49,14,inf
random_addition,42,179,50,0.0028265503447685693,0.05316531148002962,0.444111841315063,50,14,inf
random_addition,42,179,51,0.002962326183765611,0.054427255890459984,0.4174092632861024,51,14,inf
random_addition,42,179,52,0.0025134897085514786,0.050134715602579004,0.5056804247105595,52,14,inf
random_addition,42,179,53,0.0025075480001940276,0.050075423115476796,0.5068489605282143,53,14,inf
random_addition,42,179,54,0.0027009632150722836,0.05197079194193873,0.4688106401213905,54,14,inf
random_addition,42,179,55,0.0027527199885145404,0.052466370071833066,0.4586318093987962,55,14,inf
random_addition,42,179,56,0.0024931864924018486,0.04993181843676283,0.509673390008945,56,14,inf
random_addition,42,179,57,0.002744180495838898,0.05238492622729269,0.4603112427293762,57,14,inf
random_addition,42,179,58,0.0028330652511610365,0.05322654648914427,0.4428305765658904,58,14,inf
random_addition,42,179,59,0.0032383564528638666,0.05690655896172133,0.36312331776444207,59,14,inf
random_addition,42,179,60,0.003167458870704073,0.05628018186452557,0.37706650702161004,60,14,inf
random_addition,42,179,61,0.0034445625508937893,0.05869039572957222,0.3225694573474096,61,14,inf
random_addition,42,179,62,0.003467062954677876,0.05888177098795413,0.318144378539826,62,14,inf
random_addition,42,179,63,0.003464178449921457,0.05885727185252012,0.318711664397915,63,14,inf
random_addition,42,179,64,0.003458064933274766,0.0588053138183512,0.31991398917451364,64,14,inf
random_addition,42,179,65,0.003467895106588676,0.05888883685885361,0.31798072201968053,65,14,inf
random_addition,42,179,66,0.003848683000028862,0.062037754634003815,0.24309244651956297,66,14,inf
random_addition,42,179,67,0.004007406169997072,0.06330407704087528,0.21187689401487597,67,14,inf
random_addition,42,179,68,0.004023619267049868,0.06343200506881261,0.20868831869586912,68,14,inf
random_addition,42,179,69,0.00408335314760614,0.0639011200809981,0.19694065712140307,69,14,inf
random_addition,42,179,70,0.004192056081949348,0.06474608931780627,0.17556241628181057,70,14,inf
random_addition,42,179,71,0.0040882281607556884,0.06393925367687434,0.19598190466603527,71,14,inf
random_addition,42,179,72,0.004425308312128771,0.066522990853755,0.1296894839338778,72,14,inf
random_addition,42,179,73,0.004495172358218664,0.0670460465517443,0.11594955674274532,73,14,inf
random_addition,42,179,74,0.004505935624630899,0.06712626627953397,0.11383278130359342,74,14,inf
random_addition,42,179,75,0.0043737454735243205,0.06613429876791861,0.1398301741435699,75,14,inf
random_addition,42,179,76,0.003977439007009557,0.06306694068217958,0.2177704352655997,76,14,inf
random_addition,42,179,77,0.003949038670656519,0.06284137705888151,0.22335583398688652,77,14,inf
random_addition,42,179,78,0.004195860578600427,0.06477546278183141,0.17481419870910542,78,14,inf
random_addition,42,179,79,0.004158836539708772,0.06448904201264563,0.18209559203176595,79,14,inf
random_addition,42,179,80,0.004228212718371672,0.06502470852200472,0.1684516120881947,80,14,inf
random_addition,42,179,81,0.004331338650782353,0.06581290641494533,0.14817018147913397,81,14,inf
random_addition,42,179,82,0.004383750791851875,0.066209899500391,0.13786246180741601,82,14,inf
random_addition,42,179,83,0.004375088189445825,0.06614444942280362,0.13956610671500858,83,14,inf
random_addition,42,179,84,0.004377551430114793,0.06616306696424216,0.13908166944948996,84,14,inf
random_addition,42,179,85,0.004384807074188481,0.06621787579036707,0.13765472630953823,85,14,inf
random_addition,42,179,86,0.004384258497106996,0.0662137334478807,0.13776261312085514,86,14,inf
random_addition,42,179,87,0.004390575282509064,0.06626141624285632,0.13652031216114902,87,14,inf
random_addition,42,179,88,0.004086472331350577,0.06392552175266603,0.19632721773529604,88,14,inf
random_addition,42,179,89,0.004117714660105303,0.06416942153475674,0.19018289391787757,89,14,inf
random_addition,42,179,90,0.004117825619971346,0.06417028611414591,0.1901610718138641,90,14,inf
random_addition,42,179,91,0.003987793276523264,0.06314897684462721,0.21573409587219206,91,14,inf
random_addition,42,179,92,0.003944070757135183,0.06280183721146367,0.22433285684621496,92,14,inf
random_addition,42,179,93,0.0038343230933863743,0.06192191125430783,0.24591656110756388,93,14,inf
random_addition,42,179,94,0.0038926610485313104,0.062391193677724346,0.23444343149323255,94,14,inf
random_addition,42,179,95,0.0037661685771544938,0.06136911745458373,0.25932028080579017,95,14,inf
random_addition,42,179,96,0.0037980873324120748,0.06162862429433319,0.2530429264609467,96,14,inf
random_addition,42,179,97,0.003798993558096298,0.06163597616730263,0.2528647021006808,97,14,inf
random_addition,42,179,98,0.0037429708458400655,0.061179823846101954,0.263882500675644,98,14,inf
random_addition,42,179,99,0.00371863882311938,0.06098064301989099,0.2686677978249822,99,14,inf
random_addition,42,179,100,0.003684137067682796,0.06069709274489839,0.27545314213577354,100,14,inf
random_addition,42,179,101,0.0035439945419665124,0.059531458422975934,0.30301450176910427,101,14,inf
random_addition,42,179,102,0.003628291221114904,0.06023529879659355,0.2864361571301054,102,14,inf
random_addition,42,179,103,0.0034207271403955764,0.058486982657644224,0.32725708743964355,103,14,inf
random_addition,42,179,104,0.0038374847389599626,0.06194743528960632,0.24529477089619578,104,14,inf
random_addition,42,179,105,0.003885225218750915,0.06233157481366017,0.23590581115067222,105,14,inf
random_addition,42,179,106,0.0038759538002964425,0.062257158626911675,0.2377291898647974,106,14,inf
random_addition,42,179,107,0.0038653195284020212,0.062171693948307544,0.2398205963855713,107,14,inf
random_addition,42,179,108,0.0038001928649946818,0.061645704351517325,0.25262883844282147,108,14,inf
random_addition,42,179,109,0.0037471757234114117,0.06121417910428442,0.2630555415326883,109,14,inf
random_addition,42,179,110,0.0037890746892024303,0.061555460271225576,0.2548154127171941,110,14,inf
random_addition,42,179,111,0.003757654594311745,0.06129971120904033,0.26099469720325164,111,14,inf
random_addition,42,179,112,0.0038117920353668185,0.06173971197994706,0.2503476685806345,112,14,inf
random_addition,42,179,113,0.003936755755401085,0.0627435714268887,0.22577147365778916,113,14,inf
random_addition,42,179,114,0.00393901995113667,0.06276161208204159,0.22532618189049902,114,14,inf
random_addition,42,179,115,0.0036176824126944633,0.06014717294016788,0.2885225558350125,115,14,inf
random_addition,42,179,116,0.003604287111984203,0.06003571530334425,0.29115696461553875,116,14,inf
random_addition,42,179,117,0.003606642505529687,0.06005532870220333,0.2906937372814137,117,14,inf
random_addition,42,179,118,0.003598052037608424,0.05998376478355143,0.29238319574226546,118,14,inf
random_addition,42,179,119,0.0033721435926136758,0.05807016094874954,0.33681185053411566,119,14,inf
random_addition,42,179,120,0.0034366746170377666,0.05862315768566008,0.3241207507942674,120,14,inf
random_addition,42,179,121,0.0033896252102378717,0.05822048789075777,0.3333737995367456,121,14,inf
random_addition,42,179,122,0.00349700429650669,0.05913547409556036,0.31225591544962106,122,14,inf
random_addition,42,179,123,0.0034776393707541273,0.05897151321404367,0.31606435032840763,123,14,inf
random_addition,42,179,124,0.0033385094775583296,0.057779836254166814,0.34342655892652696,124,14,inf
random_addition,42,179,125,0.003352987697080476,0.05790498853363565,0.34057917614203215,125,14,inf
random_addition,42,179,126,0.0033544337643124796,0.05791747373904079,0.34029478295851034,126,14,inf
random_addition,42,179,127,0.002606880942519197,0.051057623745325215,0.48731348453427215,127,14,inf
random_addition,42,179,128,0.002683259307175165,0.051800186362359404,0.47229240819980867,128,14,inf
random_addition,42,179,129,0.0026799386770549093,0.051768124140777104,0.4729454653677586,129,14,inf
random_addition,42,179,130,0.0026444244953061097,0.05142396810151964,0.47992992015947356,130,14,inf
random_addition,42,179,131,0.0028790296552245595,0.053656590044695904,0.4337909116658074,131,14,inf
random_addition,42,179,132,0.002842661548230744,0.053316616061325046,0.44094330506614643,132,14,inf
random_addition,42,179,133,0.002837094908520069,0.053264386868902086,0.4420380773933249,133,14,inf
random_addition,42,179,134,0.0030352883684811815,0.05509345123044282,0.40306003558165493,134,14,inf
random_addition,42,179,135,0.0030251344663632983,0.055001222407900154,0.4050569693925895,135,14,inf
random_addition,42,179,136,0.0030280187591173124,0.05502743642145536,0.4044897252283012,136,14,inf
random_addition,42,179,137,0.0030614784808344333,0.05533062877678541,0.3979093141877317,137,14,inf
random_addition,42,179,138,0.0030502446184456017,0.055229019712879225,0.4001186401563299,138,14,inf
random_addition,42,179,139,0.003018190416456221,0.054938059816999556,0.4064226323547957,139,14,inf
random_addition,42,179,140,0.003099250347459259,0.055670911142707724,0.39048084809759853,140,14,inf
random_addition,42,179,141,0.0030364806147608796,0.055104270385886424,0.40282556051194784,141,14,inf
random_addition,42,179,142,0.0027066460826999134,0.05202543688139402,0.46769300964032723,142,14,inf
random_addition,42,179,143,0.002855017937865052,0.05343236788562764,0.4385132154360353,143,14,inf
random_addition,42,179,144,0.0028907915011428453,0.05376608132589584,0.4314777489505729,144,14,inf
random_addition,42,179,145,0.002819874856824246,0.05310249388516745,0.4454246870984616,145,14,inf
random_addition,42,179,146,0.0028169664849248682,0.05307510230724825,0.44599666682735917,146,14,inf
random_addition,42,179,147,0.0027932118180317906,0.05285084500773654,0.4506684173460813,147,14,inf
random_addition,42,179,148,0.002654213923470666,0.05151906368977086,0.47800466621625426,148,14,inf
random_addition,42,179,149,0.002660458888231115,0.051579636371644914,0.47677648998080757,149,14,inf
random_addition,42,179,150,0.0026800483819562917,0.05176918370958047,0.47292389007342817,150,14,inf
random_addition,42,180,10,0.00962854819961681,0.0981251659851682,-0.8936142210947935,10,10,inf
random_addition,42,180,11,0.013696704969311978,0.11703292258724456,-1.6936849433916819,11,11,inf
random_addition,42,180,12,0.00705370479617194,0.08398633696126973,-0.38722842078801767,12,12,inf
random_addition,42,180,13,0.006213117473133256,0.07882333076655196,-0.22191293646179266,13,13,inf
random_addition,42,180,14,0.005844380812317929,0.07644855009951418,-0.14939473638810963,14,14,inf
random_addition,42,180,15,0.004044745989128655,0.06359831750234164,0.2045333972534964,15,14,inf
random_addition,42,180,16,0.003983980265432088,0.06311877902361616,0.21648398795122126,16,14,inf
random_addition,42,180,17,0.0043525110577278,0.0659735633244696,0.14400627534754284,17,14,inf
random_addition,42,180,18,0.0025869075701551933,0.05086165127239965,0.4912415805636615,18,14,inf
random_addition,42,180,19,0.002465589316742861,0.049654700852415384,0.5151008338152698,19,14,inf
random_addition,42,180,20,0.004758019683365345,0.068978400121816,0.06425625651143019,20,14,inf
random_addition,42,180,21,0.005256166602810612,0.07249942484468833,-0.03371262428969213,21,14,inf
random_addition,42,180,22,0.005162782154832667,0.0718525027736172,-0.015347018691211467,22,14,inf
random_addition,42,180,23,0.005227768034006256,0.07230330583041315,-0.028127573186265353,23,14,inf
random_addition,42,180,24,0.0019528523428675418,0.04419108895317632,0.6159390915964433,24,14,inf
random_addition,42,180,25,0.0022012379540763084,0.046917352377092936,0.5670899280518331,25,14,inf
random_addition,42,180,26,0.0020883571127724874,0.04569854606847451,0.5892898238149937,26,14,inf
random_addition,42,180,27,0.00292417608515574,0.054075651500058136,0.42491211498981996,27,14,inf
random_addition,42,180,28,0.003055708174050951,0.055278460308251634,0.3990441410337682,28,14,inf
random_addition,42,180,29,0.0033685293075086014,0.058039032620371966,0.33752265984120655,29,14,inf
random_addition,42,180,30,0.003465654780513902,0.058869812132483504,0.3184213194209845,30,14,inf
random_addition,42,180,31,0.0031018372433332833,0.055694140116652156,0.389972091978401,31,14,inf
random_addition,42,180,32,0.0037884612652549403,0.06155047737633674,0.2549360527437532,32,14,inf
random_addition,42,180,33,0.0028300060770761483,0.05319780143085002,0.4434322140538951,33,14,inf
random_addition,42,180,34,0.0029739563811033106,0.054533992895287896,0.4151219914548534,34,14,inf
random_addition,42,180,35,0.0025475388131334657,0.05047314942752697,0.49898410172236907,35,14,inf
random_addition,42,180,36,0.0025744069293741813,0.05073861379042771,0.49370003958208997,36,14,inf
random_addition,42,180,37,0.0019962920201731338,0.04467988384243108,0.6073959562243929,37,14,inf
random_addition,42,180,38,0.0018899281746985771,0.04347330416127324,0.6283141763158668,38,14,inf
random_addition,42,180,39,0.00210989848312737,0.04593363128609984,0.5850533548894397,39,14,inf
random_addition,42,180,40,0.00215079899681913,0.046376707481440835,0.5770095882933622,40,14,inf
random_addition,42,180,41,0.002553880417641257,0.050535931945906144,0.4977369196725362,41,14,inf
random_addition,42,180,42,0.0024763977970860863,0.04976341826167176,0.5129751663042352,42,14,inf
random_addition,42,180,43,0.002116034238503365,0.046000372156139835,0.5838466564966741,43,14,inf
random_addition,42,180,44,0.0030466530833589615,0.055196495209016316,0.4008249752937386,44,14,inf
random_addition,42,180,45,0.003054679397194803,0.05526915412049295,0.3992464671212268,45,14,inf
random_addition,42,180,46,0.0029644936668994037,0.05444716399317235,0.4169829916612383,46,14,inf
random_addition,42,180,47,0.003175799839594823,0.056354235329696585,0.3754261166967362,47,14,inf
random_addition,42,180,48,0.003173363587714506,0.05633261566547843,0.375905246167877,48,14,inf
random_addition,42,180,49,0.004508632143871442,0.06714634870096393,0.11330246592525306,49,14,inf
random_addition,42,180,50,0.004444450811160003,0.06666671441701626,0.12592479297098924,50,14,inf
random_addition,42,180,51,0.0059342743536913945,0.07703424143646379,-0.16707379711464188,51,14,inf
random_addition,42,180,52,0.005749283923307358,0.07582403262361714,-0.13069235076579355,52,14,inf
random_addition,42,180,53,0.00428389819406003,0.06545149497192582,0.15750013669587148,53,14,inf
random_addition,42,180,54,0.004045168085345182,0.06360163587004018,0.20445038500889667,54,14,inf
random_addition,42,180,55,0.003989555115305873,0.06316292516425971,0.21538760095885112,55,14,inf
random_addition,42,180,56,0.003846859224099593,0.06202305397269303,0.2434511224034197,56,14,inf
random_addition,42,180,57,0.0036269211669938952,0.06022392520414038,0.2867056010705029,57,14,inf
random_addition,42,180,58,0.0035094159305562303,0.059240323518328544,0.3098149610859955,58,14,inf
random_addition,42,180,59,0.003504016095126873,0.05919473029862433,0.31087692857565397,59,14,inf
random_addition,42,180,60,0.0034850333226864273,0.05903417080544477,0.3146102066466372,60,14,inf
random_addition,42,180,61,0.0038430371323187732,0.06199223445173414,0.2442028003511686,61,14,inf
random_addition,42,180,62,0.003913131046634367,0.06255502415181667,0.23041766574847844,62,14,inf
random_addition,42,180,63,0.004025568868286119,0.06344737085400876,0.20830489717167966,63,14,inf
random_addition,42,180,64,0.0038975066807229834,0.06243001426175541,0.2334904572921258,64,14,inf
random_addition,42,180,65,0.0038013038094695853,0.06165471441398123,0.2524103527258773,65,14,inf
random_addition,42,180,66,0.0030258533133876234,0.05500775684744492,0.40491559616374617,66,14,inf
random_addition,42,180,67,0.0032486214751236754,0.05699667950963175,0.3611045303285748,67,14,inf
random_addition,42,180,68,0.0033246171265591275,0.057659492943999496,0.346158720917218,68,14,inf
random_addition,42,180,69,0.0034305370166129085,0.058570786375230686,0.3253278120465932,69,14,inf
random_addition,42,180,70,0.003270706642397176,0.057190092169860825,0.35676111469027294,70,14,inf
random_addition,42,180,71,0.0032465458165389185,0.056978468008002096,0.3615127431279239,71,14,inf
random_addition,42,180,72,0.002708811839063323,0.0520462471179558,0.4672670776135921,72,14,inf
random_addition,42,180,73,0.0026678667249395295,0.051651396156730645,0.4753196156267736,73,14,inf
random_addition,42,180,74,0.002757064247551333,0.05250775416594518,0.4577774385713731,74,14,inf
random_addition,42,180,75,0.002757495170574097,0.052511857428338,0.4576926903884503,75,14,inf
random_addition,42,180,76,0.0027594833058703807,0.052530784363745996,0.45730169050015423,76,14,inf
random_addition,42,180,77,0.0028323227458400832,0.05321957107906906,0.4429766025924363,77,14,inf
random_addition,42,180,78,0.002871674528689459,0.053588007321503,0.43523741968716956,78,14,inf
random_addition,42,180,79,0.0028917641082700047,0.053775125367310904,0.43128646957497596,79,14,inf
random_addition,42,180,80,0.0029618728123049273,0.0544230908007339,0.41749842632788103,80,14,inf
random_addition,42,180,81,0.0029637931075492986,0.054440730226084394,0.41712076831464207,81,14,inf
random_addition,42,180,82,0.002971033548265147,0.054507188042176115,0.4156968151679912,82,14,inf
random_addition,42,180,83,0.002179946583133682,0.046689898084421665,0.5712772304330132,83,14,inf
random_addition,42,180,84,0.002213054514341866,0.04704311335723717,0.5647660048497689,84,14,inf
random_addition,42,180,85,0.002263430143782502,0.04757552042576625,0.5548587990771285,85,14,inf
random_addition,42,180,86,0.002438965814486402,0.049385886794573224,0.5203367885452037,86,14,inf
random_addition,42,180,87,0.002439621692378064,0.049392526685502376,0.5202077992440957,87,14,inf
random_addition,42,180,88,0.002434125852169631,0.049336860988206686,0.521288647671065,88,14,inf
random_addition,42,180,89,0.002553360573350012,0.05053078837055694,0.4978391557025428,89,14,inf
random_addition,42,180,90,0.00263834354737302,0.05136480845260712,0.48112583975660383,90,14,inf
random_addition,42,180,91,0.00287654476188515,0.05363342951821327,0.4342796072892656,91,14,inf
random_addition,42,180,92,0.002769526650680828,0.052626292389649,0.45532649962338445,92,14,inf
random_addition,42,180,93,0.0038797339508347566,0.062287510392010026,0.2369857603602833,93,14,inf
random_addition,42,180,94,0.0039423512217687945,0.06278814555128058,0.22467103208883332,94,14,inf
random_addition,42,180,95,0.003924036361900237,0.06264212928932283,0.22827295403858683,95,14,inf
random_addition,42,180,96,0.003913389277187731,0.0625570881450514,0.2303668804132406,96,14,inf
random_addition,42,180,97,0.003846754254634482,0.06202220775363033,0.24347176639541035,97,14,inf
random_addition,42,180,98,0.003790063465985937,0.06156349134012737,0.25462095330961576,98,14,inf
random_addition,42,180,99,0.0038340102520054756,0.061919385106810255,0.2459780865707527,99,14,inf
random_addition,42,180,100,0.003713442487569304,0.060938021690643225,0.2696897436771717,100,14,inf
random_addition,42,180,101,0.003711739545268845,0.06092404734806155,0.27002465561726885,101,14,inf
random_addition,42,180,102,0.003738386394890503,0.06114234534993324,0.2647841092394718,102,14,inf
random_addition,42,180,103,0.003518179027503552,0.059314239668932386,0.30809155225464735,103,14,inf
random_addition,42,180,104,0.0034874924013080207,0.05905499471939711,0.31412658791699066,104,14,inf
random_addition,42,180,105,0.003542865797767237,0.059521977434954534,0.30323648809803094,105,14,inf
random_addition,42,180,106,0.0036134449031789634,0.06011193644509353,0.28935593259277703,106,14,inf
random_addition,42,180,107,0.0034201647359037206,0.05848217451415192,0.3273676936412958,107,14,inf
random_addition,42,180,108,0.003454651534357715,0.058776283774646006,0.32058529087001275,108,14,inf
random_addition,42,180,109,0.003475895843962189,0.05895672857242156,0.31640724388407426,109,14,inf
random_addition,42,180,110,0.003789003455200015,0.06155488165206733,0.25482942206909254,110,14,inf
random_addition,42,180,111,0.004183159441137453,0.06467734874851823,0.17731208873627757,111,14,inf
random_addition,42,180,112,0.0041030585154224405,0.06405512091489986,0.19306526864587603,112,14,inf
random_addition,42,180,113,0.004048760139373835,0.06362986829605916,0.20374394781290617,113,14,inf
random_addition,42,180,114,0.004093181684818493,0.06397797812387082,0.19500771173316556,114,14,inf
random_addition,42,180,115,0.004070793032517089,0.06380276665252918,0.1994108127521511,115,14,inf
random_addition,42,180,116,0.0039011516739383806,0.06245920007443564,0.23277360872416153,116,14,inf
random_addition,42,180,117,0.0038531696464187055,0.06207390471380631,0.24221007284985752,117,14,inf
random_addition,42,180,118,0.0037361464535318445,0.06112402517449129,0.2652246309799501,118,14,inf
random_addition,42,180,119,0.0038977860159997617,0.06243225140902546,0.23343552136184909,119,14,inf
random_addition,42,180,120,0.003939243977701603,0.06276339679862462,0.22528212333873543,120,14,inf
random_addition,42,180,121,0.003940334428596899,0.06277208319465667,0.22506766802523137,121,14,inf
random_addition,42,180,122,0.004274053807518245,0.06537624803793993,0.15943619911847218,122,14,inf
random_addition,42,180,123,0.004325337172556931,0.06576729561535073,0.14935047203588703,123,14,inf
random_addition,42,180,124,0.004474598926470225,0.06689244296981704,0.11999566443498477,124,14,inf
random_addition,42,180,125,0.004478251924601167,0.06691974241284232,0.119277241567178,125,14,inf
random_addition,42,180,126,0.004334073997628941,0.06583368436924172,0.14763223000597914,126,14,inf
random_addition,42,180,127,0.00456388388217195,0.0675565236092855,0.10243629220757733,127,14,inf
random_addition,42,180,128,0.0046496898527385476,0.06818863433695199,0.08556112029679885,128,14,inf
random_addition,42,180,129,0.004621253920034963,0.06797980523681252,0.09115351963273888,129,14,inf
random_addition,42,180,130,0.004209267442127147,0.06487886745410362,0.17217751590831898,130,14,inf
random_addition,42,180,131,0.0041544817069476235,0.064455269039448,0.18295204235802898,131,14,inf
random_addition,42,180,132,0.004046187017857165,0.06360964563536858,0.20424999497552665,132,14,inf
random_addition,42,180,133,0.004013231792817682,0.06335007334500634,0.2107311883496874,133,14,inf
random_addition,42,180,134,0.00402957228978673,0.06347891216606291,0.2075175577172338,134,14,inf
random_addition,42,180,135,0.003929405365545085,0.0626849692154753,0.22721705013238847,135,14,inf
random_addition,42,180,136,0.004061215931508931,0.06372767006182582,0.20129430902697187,136,14,inf
random_addition,42,180,137,0.004094167923323115,0.06398568530009752,0.1948137515203665,137,14,inf
random_addition,42,180,138,0.004061329621082235,0.06372856205095354,0.20127195008060372,138,14,inf
random_addition,42,180,139,0.003980945176427766,0.06309473176444898,0.2170808887073602,139,14,inf
random_addition,42,180,140,0.004044118460488123,0.06359338377919611,0.20465681120264223,140,14,inf
random_addition,42,180,141,0.004055968455169545,0.06368648565566752,0.20232631256635436,141,14,inf
random_addition,42,180,142,0.003971988047436168,0.0630237102004965,0.2188424571688803,142,14,inf
random_addition,42,180,143,0.0039860766708467435,0.0631353836675342,0.2160716949425483,143,14,inf
random_addition,42,180,144,0.003979635216589922,0.06308435001321581,0.21733851410701333,144,14,inf
random_addition,42,180,145,0.0038653869818619036,0.062172236423197,0.2398073305402697,145,14,inf
random_addition,42,180,146,0.0037952594157120824,0.06160567681400864,0.25359908333612236,146,14,inf
random_addition,42,180,147,0.003608455927917338,0.06007042473561626,0.29033709759379756,147,14,inf
random_addition,42,180,148,0.003316138479645197,0.05758592258221793,0.3478261879162926,148,14,inf
random_addition,42,180,149,0.003228419707174846,0.05681918432338541,0.36507754415018934,149,14,inf
random_addition,42,180,150,0.0026800483819562917,0.05176918370958047,0.47292389007342817,150,14,inf
random_addition,42,181,10,0.00962854819961681,0.0981251659851682,-0.8936142210947935,10,10,inf
random_addition,42,181,11,0.011822231152723947,0.10873008393597398,-1.3250384763882566,11,11,inf
random_addition,42,181,12,0.010234697910215062,0.10116668379567981,-1.01282364792687,12,12,inf
random_addition,42,181,13,0.01323520198967886,0.11504434792582754,-1.6029227031044417,13,13,inf
random_addition,42,181,14,0.012365254108205256,0.1111991641524578,-1.4318329764065725,14,14,inf
random_addition,42,181,15,0.00783722878944635,0.08852812428514653,-0.5413214517905991,15,14,inf
random_addition,42,181,16,0.005780938474951531,0.07603248302503036,-0.13691774507375065,16,14,inf
random_addition,42,181,17,0.010309092921330682,0.10153370337641922,-1.0274546647849099,17,14,inf
random_addition,42,181,18,0.010311789027847646,0.10154697941272131,-1.027984898994291,18,14,inf
random_addition,42,181,19,0.010916453895562062,0.10448183524212265,-1.1469023067656918,19,14,inf
random_addition,42,181,20,0.009075611741791913,0.09526600517389146,-0.7848700658813756,20,14,inf
random_addition,42,181,21,0.00902001906084252,0.09497378091264198,-0.7739368401185605,21,14,inf
random_addition,42,181,22,0.009237706932296598,0.09611299044508291,-0.816748782334491,22,14,inf
random_addition,42,181,23,0.008750483842430507,0.09354402088017441,-0.7209282543910476,23,14,inf
random_addition,42,181,24,0.008028858174029263,0.089603895975729,-0.5790085589538876,24,14,inf
random_addition,42,181,25,0.0074613585324075984,0.08637915565926538,-0.4674003113175773,25,14,inf
random_addition,42,181,26,0.007484084712523138,0.08651060462465361,-0.4718697927976263,26,14,inf
random_addition,42,181,27,0.00848645366121462,0.09212194994253334,-0.6690023258311699,27,14,inf
random_addition,42,181,28,0.007996842159607939,0.08942506449317182,-0.5727120769761156,28,14,inf
random_addition,42,181,29,0.00786702283760554,0.08869623914014359,-0.5471809471297273,29,14,inf
random_addition,42,181,30,0.007830262780160416,0.08848877205702663,-0.5399514701511401,30,14,inf
random_addition,42,181,31,0.006217957063527759,0.07885402376244195,-0.22286472244295097,31,14,inf
random_addition,42,181,32,0.004804754895453501,0.06931633931082556,0.05506499938716969,32,14,inf
random_addition,42,181,33,0.00566803954733999,0.07528638354536622,-0.11471429233722352,33,14,inf
random_addition,42,181,34,0.0051924586171168685,0.072058716454825,-0.02118338881141124,34,14,inf
random_addition,42,181,35,0.004814762271959395,0.06938848803626864,0.053096882275997515,35,14,inf
random_addition,42,181,36,0.004354155162408588,0.06598602247755647,0.14368293480440342,36,14,inf
random_addition,42,181,37,0.006570462462650124,0.08105838921820568,-0.29219077481888167,37,14,inf
random_addition,42,181,38,0.006607130991274237,0.08128426041537339,-0.29940225113179086,38,14,inf
random_addition,42,181,39,0.006401804917305453,0.08001127993792784,-0.25902146208985366,39,14,inf
random_addition,42,181,40,0.005867519131871874,0.07659973323629707,-0.15394527194666163,40,14,inf
random_addition,42,181,41,0.00603594243339342,0.07769132791627016,-0.18706851673008873,41,14,inf
random_addition,42,181,42,0.0058623430704332355,0.07656593936231199,-0.15292731333584442,42,14,inf
random_addition,42,181,43,0.006036816184521437,0.07769695093452147,-0.18724035442850484,43,14,inf
random_addition,42,181,44,0.00476450917159305,0.06902542409571309,0.06297999066731275,44,14,inf
random_addition,42,181,45,0.004778905704862192,0.0691296297173809,0.06014867284371839,45,14,inf
random_addition,42,181,46,0.004440846107397462,0.06663967367415195,0.12663371794763878,46,14,inf
random_addition,42,181,47,0.004664673105088468,0.06829841217106344,0.08261441440304951,47,14,inf
random_addition,42,181,48,0.004756858560285693,0.0689699830381717,0.06448461068596267,48,14,inf
random_addition,42,181,49,0.004448168807381836,0.06669459353937046,0.1251935871470501,49,14,inf
random_addition,42,181,50,0.00457611510267031,0.06764698886624822,0.10003081917084666,50,14,inf
random_addition,42,181,51,0.004569971998713404,0.06760156801963549,0.10123896278432776,51,14,inf
random_addition,42,181,52,0.004360526422441298,0.06603428217555861,0.14242992050213166,52,14,inf
random_addition,42,181,53,0.004720579627248847,0.06870647442016543,0.07161946654382201,53,14,inf
random_addition,42,181,54,0.0037319072744404296,0.0610893384678573,0.26605833608759966,54,14,inf
random_addition,42,181,55,0.003731852468685403,0.061088889895670906,0.26606911455128546,55,14,inf
random_addition,42,181,56,0.0030814148579035197,0.05551049322338543,0.39398849389868407,56,14,inf
random_addition,42,181,57,0.003274180250722332,0.0572204530803657,0.3560779718127943,57,14,inf
random_addition,42,181,58,0.0032824726840621522,0.057292867654378694,0.35444712681163526,58,14,inf
random_addition,42,181,59,0.003269608758626649,0.057180492815528,0.35697703180237317,59,14,inf
random_addition,42,181,60,0.0033181724772326287,0.05760358042025364,0.3474261684453005,60,14,inf
random_addition,42,181,61,0.00307294283777685,0.05543413062163824,0.39565465762977503,61,14,inf
random_addition,42,181,62,0.0031156950584040346,0.05581841146435497,0.3872467220527126,62,14,inf
random_addition,42,181,63,0.003076839501509448,0.05546926627880928,0.3948883138668424,63,14,inf
random_addition,42,181,64,0.003026732449493785,0.05501574728651593,0.4047426994197727,64,14,inf
random_addition,42,181,65,0.0029156789756132504,0.053997027470160344,0.42658321297201607,65,14,inf
random_addition,42,181,66,0.0030871467705889245,0.05556209832780728,0.39286121789090667,66,14,inf
random_addition,42,181,67,0.003083125358600909,0.05552589808909811,0.3936520954740599,67,14,inf
random_addition,42,181,68,0.0030444371264371035,0.055176418209567604,0.4012607800956225,68,14,inf
random_addition,42,181,69,0.0037299224130902314,0.0610730907445352,0.26644869209992006,69,14,inf
random_addition,42,181,70,0.003162699845473052,0.05623788621092592,0.3780024485227773,70,14,inf
random_addition,42,181,71,0.003128302323440014,0.055931228517171104,0.3847672936003327,71,14,inf
random_addition,42,181,72,0.0038814989421614614,0.062301676880814866,0.2366386454466881,72,14,inf
random_addition,42,181,73,0.0034322146917825313,0.058585106399003245,0.3249978693082163,73,14,inf
random_addition,42,181,74,0.003659645114472653,0.06049500073950453,0.28026989227708365,74,14,inf
random_addition,42,181,75,0.0036579093998911775,0.06048065310403962,0.2806112494315687,75,14,inf
random_addition,42,181,76,0.0034075959515570088,0.05837461735683591,0.32983955422581823,76,14,inf
random_addition,42,181,77,0.003621845633417159,0.06018177160417562,0.2877037892045078,77,14,inf
random_addition,42,181,78,0.003642040337416794,0.06034931927881867,0.2837321646260452,78,14,inf
random_addition,42,181,79,0.0035982523350698674,0.059985434357599406,0.2923438039135521,79,14,inf
random_addition,42,181,80,0.0035951873276140593,0.059959880983988446,0.2929465886310145,80,14,inf
random_addition,42,181,81,0.0036188113726863718,0.06015655718777772,0.2883005270668739,81,14,inf
random_addition,42,181,82,0.00337691852045006,0.058111259842220424,0.33587278152098676,82,14,inf
random_addition,42,181,83,0.003199111310351623,0.05656068696852632,0.37084152807293214,83,14,inf
random_addition,42,181,84,0.0032333760886706204,0.05686278298386934,0.36410278925557893,84,14,inf
random_addition,42,181,85,0.003320581192508927,0.05762448431447285,0.3469524545055449,85,14,inf
random_addition,42,181,86,0.0033626347754477518,0.05798822962850092,0.3386819176551278,86,14,inf
random_addition,42,181,87,0.0033882631810692775,0.058208789551658584,0.3336416652367167,87,14,inf
random_addition,42,181,88,0.0037751613434282094,0.061442341617391254,0.25755170367974256,88,14,inf
random_addition,42,181,89,0.0035076046094117347,0.05922503363791138,0.3101711875291807,89,14,inf
random_addition,42,181,90,0.003750287634083484,0.06123959204700407,0.2624435325172848,90,14,inf
random_addition,42,181,91,0.0036581100237190424,0.06048231165984847,0.28057179341746785,91,14,inf
random_addition,42,181,92,0.004094840708057441,0.06399094239075903,0.19468143720732134,92,14,inf
random_addition,42,181,93,0.004142464254853437,0.06436197833234647,0.1853154742810038,93,14,inf
random_addition,42,181,94,0.004865466713443974,0.06975289752722803,0.04312501014353132,94,14,inf
random_addition,42,181,95,0.00486663207231663,0.06976125050711628,0.042895822929821414,95,14,inf
random_addition,42,181,96,0.004835660630843375,0.06953891450722664,0.048986872255813774,96,14,inf
random_addition,42,181,97,0.004875425639828546,0.06982424822243735,0.04116642155492012,97,14,inf
random_addition,42,181,98,0.004392217930053771,0.06627381028772807,0.13619725818806627,98,14,inf
random_addition,42,181,99,0.0042751290842764295,0.06538447127779218,0.15922472805152643,99,14,inf
random_addition,42,181,100,0.004224972390861757,0.06499978762166655,0.16908887641159764,100,14,inf
random_addition,42,181,101,0.004172158434418495,0.0645922474792331,0.17947561976271065,101,14,inf
random_addition,42,181,102,0.004047365087338448,0.06361890510955409,0.20401830800912768,102,14,inf
random_addition,42,181,103,0.004384732055413553,0.06621730933384075,0.1376694799999294,103,14,inf
random_addition,42,181,104,0.004385235566754748,0.06622111118634863,0.137570456116328,104,14,inf
random_addition,42,181,105,0.004441583997376224,0.0666452098606961,0.1264885996049333,105,14,inf
random_addition,42,181,106,0.004415865950003931,0.06645198228799447,0.1315464815652585,106,14,inf
random_addition,42,181,107,0.004726955045217094,0.06875285481503364,0.07036563451433964,107,14,inf
random_addition,42,181,108,0.004698946477999383,0.06854886197450241,0.07587398531618295,108,14,inf
random_addition,42,181,109,0.0047668615659314855,0.06904246205004197,0.06251735317716,109,14,inf
random_addition,42,181,110,0.004722364396259444,0.06871946155391094,0.07126846201959158,110,14,inf
random_addition,42,181,111,0.004740662637994969,0.06885247009363549,0.06766980830222236,111,14,inf
random_addition,42,181,112,0.004694760282190404,0.06851832077766065,0.07669727037970742,112,14,inf
random_addition,42,181,113,0.004597997143561235,0.0678085329701302,0.0957273517156717,113,14,inf
random_addition,42,181,114,0.004524723794345226,0.067266067183575,0.1101377750968624,114,14,inf
random_addition,42,181,115,0.004145316104307336,0.06438412928903625,0.18475461063153498,115,14,inf
random_addition,42,181,116,0.0036397765222581624,0.060330560433814656,0.2841773815465448,116,14,inf
random_addition,42,181,117,0.0036365589650538335,0.060303888473744655,0.2848101677104595,117,14,inf
random_addition,42,181,118,0.0036548292166934315,0.06045518353866301,0.2812170187112054,118,14,inf
random_addition,42,181,119,0.0036604561742151964,0.06050170389513998,0.2801103838827964,119,14,inf
random_addition,42,181,120,0.0036498243218323614,0.06041377592761738,0.28220131456635666,120,14,inf
random_addition,42,181,121,0.003632995644727044,0.06027433653493868,0.28551095394585413,121,14,inf
random_addition,42,181,122,0.003634288958553613,0.06028506414157335,0.28525660226130556,122,14,inf
random_addition,42,181,123,0.0036445450597226156,0.060370067580901514,0.28323956930639105,123,14,inf
random_addition,42,181,124,0.00355956664245398,0.05966210390569528,0.29995198909075893,124,14,inf
random_addition,42,181,125,0.002962203151599888,0.05442612563466086,0.41743345960872913,125,14,inf
random_addition,42,181,126,0.003088607555513266,0.055575242289289804,0.39257393022828646,126,14,inf
random_addition,42,181,127,0.0031220134708704623,0.05587498072366971,0.38600410110372607,127,14,inf
random_addition,42,181,128,0.003070971420123216,0.05541634614554821,0.3960423697154649,128,14,inf
random_addition,42,181,129,0.003086308058393925,0.05555455029422815,0.3930261646001021,129,14,inf
random_addition,42,181,130,0.00320344093978433,0.056598948221537916,0.369990034400587,130,14,inf
random_addition,42,181,131,0.003020593246306157,0.054959924002004924,0.4059500758820669,131,14,inf
random_addition,42,181,132,0.0030592426662653005,0.05531042095541581,0.39834902432638053,132,14,inf
random_addition,42,181,133,0.0031648969352521166,0.05625741671328427,0.3775703542584702,133,14,inf
random_addition,42,181,134,0.0032049415874415774,0.056612203520456414,0.3696949070682307,134,14,inf
random_addition,42,181,135,0.003205666456665501,0.05661860521653197,0.3695523494736278,135,14,inf
random_addition,42,181,136,0.003191283302741177,0.05649144450924562,0.37238103602643324,136,14,inf
random_addition,42,181,137,0.003174392170841019,0.056341744478148874,0.37570295818057475,137,14,inf
random_addition,42,181,138,0.003230317879437718,0.056835885490046846,0.3647042369893856,138,14,inf
random_addition,42,181,139,0.0032907914427739403,0.05736542027017618,0.3528111044880283,139,14,inf
random_addition,42,181,140,0.003342250342391813,0.057812198906388376,0.34269085560957635,140,14,inf
random_addition,42,181,141,0.002685413338143942,0.05182097392122172,0.471868782167037,141,14,inf
random_addition,42,181,142,0.0026935613837346774,0.05189953163309547,0.47026633341932655,142,14,inf
random_addition,42,181,143,0.0024638605587885003,0.049637290002461865,0.5154408228332754,143,14,inf
random_addition,42,181,144,0.002479761399261123,0.049797202725264826,0.5123136579666638,144,14,inf
random_addition,42,181,145,0.002462943818404253,0.04962805475136269,0.5156211150842642,145,14,inf
random_addition,42,181,146,0.0026375326307092367,0.05135691414706726,0.48128532001207214,146,14,inf
random_addition,42,181,147,0.0026729454856808587,0.05170053660921576,0.4743207928171519,147,14,inf
random_addition,42,181,148,0.002674457548462059,0.05171515782110753,0.4740234205107243,148,14,inf
random_addition,42,181,149,0.0026943122841818993,0.05190676530262601,0.4701186563515062,149,14,inf
random_addition,42,181,150,0.0026800483819562917,0.05176918370958047,0.47292389007342817,150,14,inf
random_addition,42,182,10,0.00962854819961681,0.0981251659851682,-0.8936142210947935,10,10,inf
random_addition,42,182,11,0.008626735158864697,0.09288021941654045,-0.696591016607754,11,11,inf
random_addition,42,182,12,0.009177952904979554,0.09580163310183994,-0.8049971585642799,12,12,inf
random_addition,42,182,13,0.006359210996781632,0.07974466124313045,-0.2506446588622082,13,13,inf
random_addition,42,182,14,0.008654688741628206,0.09303057960492456,-0.7020885538017452,14,14,inf
random_addition,42,182,15,0.00794267969632867,0.08912171282200915,-0.5620601273167443,15,14,inf
random_addition,42,182,16,0.0067987377329032025,0.08245445853865759,-0.3370849051814102,16,14,inf
random_addition,42,182,17,0.00822891729623081,0.09071337991845971,-0.6183535142894871,17,14,inf
random_addition,42,182,18,0.008158829010455258,0.09032623655646933,-0.6045694866328541,18,14,inf
random_addition,42,182,19,0.008106870436335704,0.09003816100040973,-0.5943509684491357,19,14,inf
random_addition,42,182,20,0.009447897451287865,0.09720029553086691,-0.8580862454337566,20,14,inf
random_addition,42,182,21,0.00918618892000658,0.09584460819475751,-0.8066169079654353,21,14,inf
random_addition,42,182,22,0.013333483415511573,0.11547070371099144,-1.6222513808830614,22,14,inf
random_addition,42,182,23,0.010701928778263809,0.10345012700941361,-1.1047123727822727,23,14,inf
random_addition,42,182,24,0.009424232786734491,0.09707848776497546,-0.8534321953727628,24,14,inf
random_addition,42,182,25,0.009126340957795135,0.09553188450876039,-0.7948468103351773,25,14,inf
random_addition,42,182,26,0.010047957376814623,0.10023950008262522,-0.9760980146983869,26,14,inf
random_addition,42,182,27,0.010689086483424402,0.1033880383962497,-1.102186721808187,27,14,inf
random_addition,42,182,28,0.011491537111570029,0.10719858726480508,-1.2600019904946422,28,14,inf
random_addition,42,182,29,0.007399379109259532,0.08601964374059877,-0.4552110264269329,29,14,inf
random_addition,42,182,30,0.008249362023459678,0.09082599860975754,-0.6223743100963286,30,14,inf
random_addition,42,182,31,0.00833831286644807,0.09131436287051489,-0.639867973499072,31,14,inf
random_addition,42,182,32,0.0055599874619056645,0.07456532345471094,-0.09346405176559403,32,14,inf
random_addition,42,182,33,0.0057641405079164295,0.07592193693469912,-0.13361414534057237,33,14,inf
random_addition,42,182,34,0.006283466322168814,0.0792683185274471,-0.23574820821924036,34,14,inf
random_addition,42,182,35,0.005007324000592372,0.07076244767242278,0.015226414141194744,35,14,inf
random_addition,42,182,36,0.004784229588245839,0.06916812552213511,0.059101642587679803,36,14,inf
random_addition,42,182,37,0.004720019304172955,0.06870239664067736,0.07172966340039066,37,14,inf
random_addition,42,182,38,0.005968719456017629,0.07725748802554759,-0.17384799964858333,38,14,inf
random_addition,42,182,39,0.0054125073648480775,0.07356974490133887,-0.06445963663187726,39,14,inf
random_addition,42,182,40,0.005307155622140372,0.07285022733073915,-0.04374046339074722,40,14,inf
random_addition,42,182,41,0.005189870631213855,0.07204075673682124,-0.020674418319875043,41,14,inf
random_addition,42,182,42,0.004685974422415479,0.06845417753808367,0.07842515589987387,42,14,inf
random_addition,42,182,43,0.0043324701501659384,0.06582150218709641,0.1479476532973668,43,14,inf
random_addition,42,182,44,0.007217800005706916,0.08495763653555174,-0.4195004742634654,44,14,inf
random_addition,42,182,45,0.006448776926707679,0.08030427713831735,-0.2682592893461988,45,14,inf
random_addition,42,182,46,0.006346715199536915,0.07966627391523289,-0.24818715240578793,46,14,inf
random_addition,42,182,47,0.0058535270679707,0.07650834639417257,-0.1511934997545894,47,14,inf
random_addition,42,182,48,0.005429256910125359,0.07368349143549971,-0.0677537134206494,48,14,inf
random_addition,42,182,49,0.00416119931624922,0.0645073586209296,0.18163091270882925,49,14,inf
random_addition,42,182,50,0.004028746194054865,0.06347240498086444,0.20768002318901768,50,14,inf
random_addition,42,182,51,0.0039111018978892215,0.06253880313764584,0.2308167316139509,51,14,inf
random_addition,42,182,52,0.003977880736547221,0.06307044265380751,0.21768356180170279,52,14,inf
random_addition,42,182,53,0.004186515043190016,0.0647032846398853,0.17665215375591137,53,14,inf
random_addition,42,182,54,0.004242186913986758,0.06513207285191189,0.16570335399190772,54,14,inf
random_addition,42,182,55,0.004244330697493512,0.06514852797641334,0.1652817432930591,55,14,inf
random_addition,42,182,56,0.004377656462321258,0.06616386069691867,0.13906101311836794,56,14,inf
random_addition,42,182,57,0.004287651107841966,0.06548015812322056,0.15676206375271473,57,14,inf
random_addition,42,182,58,0.004174693054302973,0.06461186465582751,0.1789771445867222,58,14,inf
random_addition,42,182,59,0.004203516939192526,0.06483453508117819,0.17330844799794376,59,14,inf
random_addition,42,182,60,0.004316236220383887,0.06569806861989085,0.1511403257192353,60,14,inf
random_addition,42,182,61,0.003480636136608551,0.05899691633135202,0.3154749864573877,61,14,inf
random_addition,42,182,62,0.003283230631773679,0.05729948195030806,0.3542980637820239,62,14,inf
random_addition,42,182,63,0.002804960285656885,0.05296187577547537,0.4483578856948158,63,14,inf
random_addition,42,182,64,0.0026799704209984274,0.05176843073725943,0.4729392223930512,64,14,inf
random_addition,42,182,65,0.0026805861939172633,0.05177437777431288,0.4728181204021904,65,14,inf
random_addition,42,182,66,0.002522249452347249,0.050222001676030886,0.50395767533226,66,14,inf
random_addition,42,182,67,0.002521916388210044,0.05021868564797414,0.5040231779369801,67,14,inf
random_addition,42,182,68,0.002725592942817185,0.05220721159779734,0.463966794325272,68,14,inf
random_addition,42,182,69,0.002730389649708168,0.052253130525435204,0.46302344209865587,69,14,inf
random_addition,42,182,70,0.002836386872933131,0.05325774002840461,0.4421773243731054,70,14,inf
random_addition,42,182,71,0.0028027152786669683,0.052940676975903586,0.4487994036759724,71,14,inf
random_addition,42,182,72,0.0027545619160979,0.05248392054808691,0.45826956369012184,72,14,inf
random_addition,42,182,73,0.0028299727461638573,0.05319748815652725,0.44343876913241864,73,14,inf
random_addition,42,182,74,0.002848539457049189,0.053371710269104075,0.43978731648945224,74,14,inf
random_addition,42,182,75,0.0028493103547262725,0.053378931749579556,0.4396357066336287,75,14,inf
random_addition,42,182,76,0.0029836122967220355,0.05462245231333023,0.41322299497540116,76,14,inf
random_addition,42,182,77,0.002958534701865887,0.054392414010281685,0.41815492129138987,77,14,inf
random_addition,42,182,78,0.002899079902032835,0.05384310449846698,0.42984769699777237,78,14,inf
random_addition,42,182,79,0.002730834128991933,0.052257383487809006,0.46293602785143295,79,14,inf
random_addition,42,182,80,0.002771559185001129,0.05264559986362705,0.45492676792822206,80,14,inf
random_addition,42,182,81,0.002674721365321449,0.051717708430685995,0.4739715365354512,81,14,inf
random_addition,42,182,82,0.0026418887667025246,0.05139930706441989,0.4804286133835234,82,14,inf
random_addition,42,182,83,0.0028294265295533087,0.05319235405162389,0.4435461917178479,83,14,inf
random_addition,42,182,84,0.002732948128400299,0.05227760637596464,0.46252027469113544,84,14,inf
random_addition,42,182,85,0.002784839864762468,0.05277158198085849,0.4523149012645771,85,14,inf
random_addition,42,182,86,0.0024307588449658177,0.04930272654697525,0.5219508256642045,86,14,inf
random_addition,42,182,87,0.0023248327417418765,0.04821651938642892,0.5427829564581276,87,14,inf
random_addition,42,182,88,0.002383284900048201,0.04881889900487516,0.531287366891785,88,14,inf
random_addition,42,182,89,0.0024411855777633487,0.049408355343639486,0.5199002351602544,89,14,inf
random_addition,42,182,90,0.002451719121890278,0.049514837391334304,0.5178286384310531,90,14,inf
random_addition,42,182,91,0.00246384585032156,0.04963714184279308,0.515443715498046,91,14,inf
random_addition,42,182,92,0.002462286834829704,0.04962143523548774,0.5157503218363103,92,14,inf
random_addition,42,182,93,0.002482574591834778,0.049825441210638345,0.5117603968359397,93,14,inf
random_addition,42,182,94,0.002498384423187322,0.049983841620941084,0.5086511304271701,94,14,inf
random_addition,42,182,95,0.002424986166590142,0.04924414855178371,0.5230861189233088,95,14,inf
random_addition,42,182,96,0.0023160453590524545,0.04812530892422878,0.544511141484771,96,14,inf
random_addition,42,182,97,0.002471411905859513,0.04971329707291112,0.513955724778445,97,14,inf
random_addition,42,182,98,0.0024603724469770875,0.049602141556359114,0.5161268180626625,98,14,inf
random_addition,42,182,99,0.0021695931686886724,0.046578891879140626,0.5733134016629332,99,14,inf
random_addition,42,182,100,0.0022181493267612027,0.047097232686870286,0.5637640252105695,100,14,inf
random_addition,42,182,101,0.0020705539160870644,0.045503339614659764,0.5927911186857828,101,14,inf
random_addition,42,182,102,0.0024768220269216668,0.04976768054592927,0.5128917344479457,102,14,inf
random_addition,42,182,103,0.0025363550755147244,0.05036223858720663,0.5011835698208602,103,14,inf
random_addition,42,182,104,0.0025334533290022614,0.050333421590452815,0.5017542465571756,104,14,inf
random_addition,42,182,105,0.0023791584265052393,0.04877661762058988,0.5320989065779276,105,14,inf
random_addition,42,182,106,0.0023624241293789773,0.04860477475906022,0.5353899845640746,106,14,inf
random_addition,42,182,107,0.0026424407791992167,0.05140467662770788,0.48032005094064134,107,14,inf
random_addition,42,182,108,0.0026293184557574906,0.0512768803239578,0.48290077419900823,108,14,inf
random_addition,42,182,109,0.0022842660580725807,0.047793996046287875,0.5507610698254044,109,14,inf
random_addition,42,182,110,0.002298004561843728,0.0479375068380045,0.5480591644521058,110,14,inf
random_addition,42,182,111,0.002230971408190626,0.04723316004874781,0.5612423495399053,111,14,inf
random_addition,42,182,112,0.0021939795141168762,0.0468399350353614,0.5685174210492396,112,14,inf
random_addition,42,182,113,0.0022624564011292565,0.047565285672738856,0.5550503017728252,113,14,inf
random_addition,42,182,114,0.0022824619369705033,0.047775118387823,0.5511158802604403,114,14,inf
random_addition,42,182,115,0.0022648232064600322,0.04759015871438162,0.554584830121232,115,14,inf
random_addition,42,182,116,0.002472312593600426,0.049722355068926756,0.5137785895468816,116,14,inf
random_addition,42,182,117,0.0024867183432120137,0.04986700655956816,0.5109454591761868,117,14,inf
random_addition,42,182,118,0.0024303270386150802,0.04929834721991276,0.5220357475682718,118,14,inf
random_addition,42,182,119,0.0021899243534677934,0.04679662758648099,0.5693149358681645,119,14,inf
random_addition,42,182,120,0.0021338913954527913,0.04619406233979419,0.5803347494420779,120,14,inf
random_addition,42,182,121,0.0021571984343837806,0.046445650327923936,0.5757510324105644,121,14,inf
random_addition,42,182,122,0.002041980793692424,0.04518828159702938,0.5984104986572854,122,14,inf
random_addition,42,182,123,0.0019982318709213616,0.04470158689488955,0.60701445229592,123,14,inf
random_addition,42,182,124,0.0019982289238524536,0.04470155393107105,0.6070150318860594,124,14,inf
random_addition,42,182,125,0.002102176085967289,0.04584949384635875,0.586572092790534,125,14,inf
random_addition,42,182,126,0.002122978708529142,0.046075793086274075,0.5824809109111351,126,14,inf
random_addition,42,182,127,0.002238177958886704,0.04730938552641224,0.5598250614295672,127,14,inf
random_addition,42,182,128,0.0022425416999655025,0.04735548225882091,0.5589668591344052,128,14,inf
random_addition,42,182,129,0.0023076125547971107,0.048037616039902635,0.5461695927622192,129,14,inf
random_addition,42,182,130,0.0022892319940789625,0.04784591930435617,0.5497844358772973,130,14,inf
random_addition,42,182,131,0.0022789469655582284,0.047738317581982596,0.5518071578772767,131,14,inf
random_addition,42,182,132,0.0022917869566070077,0.047872611758781325,0.5492819599819527,132,14,inf
random_addition,42,182,133,0.002474472434242603,0.049744069337385365,0.5133538209451637,133,14,inf
random_addition,42,182,134,0.00245534361809786,0.049551423976489914,0.5171158209407429,134,14,inf
random_addition,42,182,135,0.002481337600745221,0.049813026416241975,0.5120036717170527,135,14,inf
random_addition,42,182,136,0.0025299605442053925,0.05029871314661432,0.5024411608069103,136,14,inf
random_addition,42,182,137,0.0024576172801739756,0.04957436111715385,0.5166686674600689,137,14,inf
random_addition,42,182,138,0.002512886524922529,0.0501286996133206,0.5057990508080803,138,14,inf
random_addition,42,182,139,0.0025289284690637676,0.05028845264137451,0.5026441355570909,139,14,inf
random_addition,42,182,140,0.002551412210131438,0.05051150572029543,0.4982223337499557,140,14,inf
random_addition,42,182,141,0.0027986043187842864,0.05290183662959431,0.44960789234267573,141,14,inf
random_addition,42,182,142,0.0027923279836942027,0.052842482754827134,0.45084223807544266,142,14,inf
random_addition,42,182,143,0.0027812331947063,0.05273739844461708,0.45302421294558726,143,14,inf
random_addition,42,182,144,0.0028088797439925718,0.052998865497221465,0.44758705899388695,144,14,inf
random_addition,42,182,145,0.0028056398441513794,0.05296829093100305,0.44822423920911914,145,14,inf
random_addition,42,182,146,0.002791732744201899,0.05283685024868438,0.4509593018263027,146,14,inf
random_addition,42,182,147,0.002796254973995876,0.05287962721120371,0.45006993008807183,147,14,inf
random_addition,42,182,148,0.002763877975272091,0.05257259718971558,0.45643740563564883,148,14,inf
random_addition,42,182,149,0.002716776182219263,0.0521227031361504,0.46570075700646607,149,14,inf
random_addition,42,182,150,0.0026800483819562917,0.05176918370958047,0.47292389007342817,150,14,inf
random_addition,42,183,10,0.00962854819961681,0.0981251659851682,-0.8936142210947935,10,10,inf
random_addition,42,183,11,0.009769447750033501,0.09884051674305179,-0.9213244622322401,11,11,inf
random_addition,42,183,12,0.009694120353049415,0.09845872410837658,-0.9065100761784011,12,12,inf
random_addition,42,183,13,0.008604288810098412,0.09275930578706598,-0.6921765686188885,13,13,inf
random_addition,42,183,14,0.014992974510658804,0.12244580233988753,-1.9486179184339694,14,14,inf
random_addition,42,183,15,0.010700335832631852,0.10344242762344594,-1.1043990935173653,15,14,inf
random_addition,42,183,16,0.009475651982965115,0.09734296062358652,-0.8635446359194539,16,14,inf
random_addition,42,183,17,0.008063513202765344,0.08979706678263685,-0.5858240470094704,17,14,inf
random_addition,42,183,18,0.008176744994602804,0.09042535592743224,-0.6080929630348368,18,14,inf
random_addition,42,183,19,0.011575635144059734,0.10759012568102955,-1.2765412679627586,19,14,inf
random_addition,42,183,20,0.008509531632120659,0.09224712262244637,-0.6735409928239182,20,14,inf
random_addition,42,183,21,0.010257894655107524,0.10128126507458092,-1.0173856738004305,21,14,inf
random_addition,42,183,22,0.009541874685963583,0.09768251985879349,-0.8765684324002387,22,14,inf
random_addition,42,183,23,0.013139887670492286,0.11462934907994674,-1.5841775562200087,23,14,inf
random_addition,42,183,24,0.013340761937433252,0.11550221615810344,-1.6236828233325045,24,14,inf
random_addition,42,183,25,0.013452496547742087,0.11598489792961016,-1.6456572936973841,25,14,inf
random_addition,42,183,26,0.009095877809219863,0.09537231154386405,-0.7888557252654933,26,14,inf
random_addition,42,183,27,0.005746096432146475,0.07580301070634646,-0.13006547758961706,27,14,inf
random_addition,42,183,28,0.006034297933061723,0.07768074364385116,-0.18674509837561448,28,14,inf
random_addition,42,183,29,0.004943553270353286,0.07031040655801447,0.027767989378377433,29,14,inf
random_addition,42,183,30,0.0047391383900915185,0.0688414002624258,0.06796957701569917,30,14,inf
random_addition,42,183,31,0.005068516528395494,0.07119351465123416,0.003191885313957532,31,14,inf
random_addition,42,183,32,0.00877715720269712,0.09368648356458428,-0.7261740145283082,32,14,inf
random_addition,42,183,33,0.008960127110617909,0.09465794795270975,-0.7621580915135591,33,14,inf
random_addition,42,183,34,0.008756394828106714,0.09357561022032779,-0.7220907480822145,34,14,inf
random_addition,42,183,35,0.008892609413104364,0.09430063315325282,-0.7488796128128643,35,14,inf
random_addition,42,183,36,0.007865171666149898,0.08868580306988204,-0.5468168834597518,36,14,inf
random_addition,42,183,37,0.007874918319435653,0.08874073652745763,-0.5487337250112871,37,14,inf
random_addition,42,183,38,0.007883876779383132,0.08879119764584287,-0.550495555227428,38,14,inf
random_addition,42,183,39,0.009053989685543749,0.09515245496330481,-0.7806177287323062,39,14,inf
random_addition,42,183,40,0.007626884185561657,0.08733203413159261,-0.49995368533309126,40,14,inf
random_addition,42,183,41,0.007369786092767469,0.08584745827785159,-0.449391067310283,41,14,inf
random_addition,42,183,42,0.00657682537759732,0.0810976286804819,-0.2934421479212259,42,14,inf
random_addition,42,183,43,0.006198867388295485,0.07873288632011076,-0.21911042015910787,43,14,inf
random_addition,42,183,44,0.005073836115301248,0.07123086490631184,0.002145700031789599,44,14,inf
random_addition,42,183,45,0.005051047424786591,0.07107072129074385,0.006627475221989032,45,14,inf
random_addition,42,183,46,0.005058848201134341,0.07112558049769675,0.005093322749421203,46,14,inf
random_addition,42,183,47,0.005044326744601175,0.07102342391493932,0.00794920881159078,47,14,inf
random_addition,42,183,48,0.004691768126118982,0.0684964825820931,0.07728572766019393,48,14,inf
random_addition,42,183,49,0.004622607429631908,0.06798975974094855,0.09088732944829692,49,14,inf
random_addition,42,183,50,0.004757233598004373,0.06897270183198838,0.06441085327801122,50,14,inf
random_addition,42,183,51,0.004354306828945791,0.06598717169985233,0.1436531070561533,51,14,inf
random_addition,42,183,52,0.0041176037803199814,0.06416855756770587,0.19020470027268455,52,14,inf
random_addition,42,183,53,0.003343368001319985,0.057821864388135955,0.34247104938366946,53,14,inf
random_addition,42,183,54,0.0028415429116762656,0.05330612452313773,0.44116330355853406,54,14,inf
random_addition,42,183,55,0.0035789942990173108,0.0598246963972013,0.2961312171542033,55,14,inf
random_addition,42,183,56,0.003801404285426634,0.06165552923644914,0.25239059245701834,56,14,inf
random_addition,42,183,57,0.003760551811176735,0.06132333822597018,0.26042491129748446,57,14,inf
random_addition,42,183,58,0.003661245577109798,0.060508227350582644,0.2799551346680238,58,14,inf
random_addition,42,183,59,0.0034033720446184123,0.058338426826735845,0.3306702558104897,59,14,inf
random_addition,42,183,60,0.003644848249415516,0.06037257862155232,0.2831799420082498,60,14,inf
random_addition,42,183,61,0.0036312359924112253,0.060259737739316664,0.2858570188541182,61,14,inf
random_addition,42,183,62,0.003512916665947577,0.05926986304984665,0.30912648321955993,62,14,inf
random_addition,42,183,63,0.0032932542352770108,0.0573868820836,0.3523267553617908,63,14,inf
random_addition,42,183,64,0.0034017213957279807,0.05832427792718895,0.3309948833813503,64,14,inf
random_addition,42,183,65,0.0034372383104008127,0.05862796525891729,0.32400989111464884,65,14,inf
random_addition,42,183,66,0.003449601269811147,0.05873330630750449,0.3215785094287621,66,14,inf
random_addition,42,183,67,0.0034726723546740787,0.05892938447560842,0.3170411966909735,67,14,inf
random_addition,42,183,68,0.003438273780986046,0.058636795452906926,0.323806248593983,68,14,inf
random_addition,42,183,69,0.003765361502438349,0.06136254152525259,0.2594790054783259,69,14,inf
random_addition,42,183,70,0.003753345296953742,0.061264551715929025,0.26184219223478356,70,14,inf
random_addition,42,183,71,0.0037869389245825474,0.0615381095304572,0.25523544636850637,71,14,inf
random_addition,42,183,72,0.003603342141229831,0.06002784471584692,0.2913428088385618,72,14,inf
random_addition,42,183,73,0.003626843311767147,0.06022327881946604,0.2867209125963426,73,14,inf
random_addition,42,183,74,0.0036735813695264103,0.060610076468574185,0.27752909582350727,74,14,inf
random_addition,42,183,75,0.0036604285843489155,0.060501475885708075,0.2801158098890919,75,14,inf
random_addition,42,183,76,0.0036594599187555004,0.060493470050539344,0.2803063140964914,76,14,inf
random_addition,42,183,77,0.003572006946734434,0.059766269305808556,0.29750539624915573,77,14,inf
random_addition,42,183,78,0.0038475641259233936,0.06202873629152374,0.24331249173030556,78,14,inf
random_addition,42,183,79,0.003542300592816767,0.059517229377859714,0.30334764505646894,79,14,inf
random_addition,42,183,80,0.0035862823477623438,0.05988557712640285,0.2946979010964226,80,14,inf
random_addition,42,183,81,0.003669954361868766,0.060580148248983064,0.27824240723226235,81,14,inf
random_addition,42,183,82,0.0036369163193382256,0.06030685134657774,0.28473988804411055,82,14,inf
random_addition,42,183,83,0.0037184584049814334,0.06097916369532656,0.26870328005394095,83,14,inf
random_addition,42,183,84,0.003690208401806088,0.06074708554166272,0.2742591132543124,84,14,inf
random_addition,42,183,85,0.0037019334371447992,0.06084351598276352,0.27195318995207385,85,14,inf
random_addition,42,183,86,0.003843213305348135,0.06199365536365907,0.24416815299345107,86,14,inf
random_addition,42,183,87,0.0038350340852215544,0.06192765202412856,0.2457767327323751,87,14,inf
random_addition,42,183,88,0.003796309074190466,0.0616141953951398,0.2533926505301839,88,14,inf
random_addition,42,183,89,0.003753094185745505,0.06126250228113038,0.26189157743233726,89,14,inf
random_addition,42,183,90,0.0038261804619850624,0.06185612711757068,0.24751794506483293,90,14,inf
random_addition,42,183,91,0.003683794693854048,0.060694272331530984,0.2755204756462476,91,14,inf
random_addition,42,183,92,0.0035374442042498157,0.05947641721094013,0.3043027346777586,92,14,inf
random_addition,42,183,93,0.003456011190272856,0.05878784900192263,0.32031789190982385,93,14,inf
random_addition,42,183,94,0.003454307552320791,0.058773357504236484,0.32065294066138483,94,14,inf
random_addition,42,183,95,0.0035439423746570866,0.059531020272267185,0.30302476133855927,95,14,inf
random_addition,42,183,96,0.0034764015573859387,0.058961017268920474,0.31630778692429606,96,14,inf
random_addition,42,183,97,0.0031125195209512958,0.05578995896172801,0.3878712443332746,97,14,inf
random_addition,42,183,98,0.002723526527318096,0.05218741732753304,0.46437318931802085,98,14,inf
random_addition,42,183,99,0.0028162682643053036,0.05306852423334668,0.44613398353048606,99,14,inf
random_addition,42,183,100,0.0027417848579534307,0.0523620555168858,0.4607823847826189,100,14,inf
random_addition,42,183,101,0.0027681643991341967,0.05261334810800579,0.4555944090576969,101,14,inf
random_addition,42,183,102,0.0027661071965020398,0.05259379427748144,0.4559989921868628,102,14,inf
random_addition,42,183,103,0.0028855847587463844,0.05371763917696295,0.4325017414822723,103,14,inf
random_addition,42,183,104,0.002420040561402096,0.04919390776714222,0.5240587544776882,104,14,inf
random_addition,42,183,105,0.002445042757083209,0.04944737361158032,0.5191416566641015,105,14,inf
random_addition,42,183,106,0.0024153092452014083,0.049145795803928215,0.5249892465369662,106,14,inf
random_addition,42,183,107,0.0025914027590038377,0.05090582244698378,0.4903575268772876,107,14,inf
random_addition,42,183,108,0.002964509644850067,0.054447310721927,0.41697984933136956,108,14,inf
random_addition,42,183,109,0.0030036404839265353,0.05480547859408341,0.4092841186955173,109,14,inf
random_addition,42,183,110,0.0030113049598080492,0.05487535840254758,0.40777677197765483,110,14,inf
random_addition,42,183,111,0.0029813173756156872,0.05460144114962248,0.41367432939811766,111,14,inf
random_addition,42,183,112,0.0029960149801349202,0.05473586557399929,0.41078380090341116,112,14,inf
random_addition,42,183,113,0.0030296287502972626,0.0550420634632938,0.4041730936727451,113,14,inf
random_addition,42,183,114,0.0030190244080458267,0.05494564958252679,0.4062586140312011,114,14,inf
random_addition,42,183,115,0.0030441583814065426,0.05517389220824051,0.4013155999441591,115,14,inf
random_addition,42,183,116,0.0030716532449515223,0.055422497642667844,0.39590827751751256,116,14,inf
random_addition,42,183,117,0.003089598503052948,0.05558415694290009,0.39237904390538525,117,14,inf
random_addition,42,183,118,0.003228098646156242,0.056816358966025285,0.36514068614190653,118,14,inf
random_addition,42,183,119,0.0032343005413144527,0.05687091120524141,0.36392098026041186,119,14,inf
random_addition,42,183,120,0.003213808001935191,0.056690457767910034,0.3679511791222153,120,14,inf
random_addition,42,183,121,0.0032400397082835786,0.056921346683679035,0.3627922775770306,121,14,inf
random_addition,42,183,122,0.003116937392185837,0.05582953870654706,0.38700239644226786,122,14,inf
random_addition,42,183,123,0.003163027097025582,0.056240795664940425,0.37793808905955406,123,14,inf
random_addition,42,183,124,0.0032907184647719633,0.05736478418657184,0.3528254568264605,124,14,inf
random_addition,42,183,125,0.003398022046905201,0.05829255567313207,0.3317224218839757,125,14,inf
random_addition,42,183,126,0.0033928167519619626,0.05824789053658478,0.33274612974991347,126,14,inf
random_addition,42,183,127,0.003363742161398514,0.057997777210842434,0.3384641317811694,127,14,inf
random_addition,42,183,128,0.003335421720028301,0.05775311004637154,0.3440338178246428,128,14,inf
random_addition,42,183,129,0.003337295464838127,0.0577693297939151,0.3436653147289498,129,14,inf
random_addition,42,183,130,0.0027407750961306572,0.052352412514903815,0.46098097124735704,130,14,inf
random_addition,42,183,131,0.002695649492930208,0.05191964457630857,0.4698556720001924,131,14,inf
random_addition,42,183,132,0.0027262910302052103,0.05221389690690794,0.4638295038243443,132,14,inf
random_addition,42,183,133,0.0027191056478189776,0.052145044326560676,0.46524262883431367,133,14,inf
random_addition,42,183,134,0.0027338894945966074,0.052286609132708224,0.46233513936443493,134,14,inf
random_addition,42,183,135,0.0027635928471283168,0.052569885363469425,0.45649348082961283,135,14,inf
random_addition,42,183,136,0.00276027826096081,0.052538350382942266,0.45714534935368434,136,14,inf
random_addition,42,183,137,0.002849747804915547,0.05338302918452218,0.43954967477480045,137,14,inf
random_addition,42,183,138,0.0028085924418698163,0.05299615497250547,0.4476435617369924,138,14,inf
random_addition,42,183,139,0.0028444846909231334,0.05333371064273639,0.4405847537188591,139,14,inf
random_addition,42,183,140,0.0028450888276768337,0.05333937408403696,0.4404659401734963,140,14,inf
random_addition,42,183,141,0.0029461678979676867,0.05427861363343473,0.4205870590597873,141,14,inf
random_addition,42,183,142,0.002864267161918568,0.053518848660248364,0.4366942016201698,142,14,inf
random_addition,42,183,143,0.002881274971631472,0.053677508992421324,0.43334933283264987,143,14,inf
random_addition,42,183,144,0.002877703386787204,0.0536442297622699,0.43405174442292704,144,14,inf
random_addition,42,183,145,0.0028751673759774736,0.053620587240140086,0.43455049314751115,145,14,inf
random_addition,42,183,146,0.0026403604995409433,0.05138443830130814,0.48072917255099135,146,14,inf
random_addition,42,183,147,0.002657840186454192,0.051554245086648215,0.4772915012600558,147,14,inf
random_addition,42,183,148,0.0026825105580644765,0.05179295857608905,0.4724396621715017,148,14,inf
random_addition,42,183,149,0.002673120150031589,0.05170222577444407,0.47428644216619154,149,14,inf
random_addition,42,183,150,0.0026800483819562917,0.05176918370958047,0.47292389007342817,150,14,inf
random_addition,42,184,10,0.00962854819961681,0.0981251659851682,-0.8936142210947935,10,10,inf
random_addition,42,184,11,0.007173248508043609,0.08469503236934034,-0.4107386809175415,11,11,inf
random_addition,42,184,12,0.0072621013199501054,0.08521796359893907,-0.42821306487680744,12,12,inf
random_addition,42,184,13,0.006151126042369126,0.07842911476211577,-0.20972129007364426,13,13,inf
random_addition,42,184,14,0.005743834080138241,0.0757880866636587,-0.1296205484219899,14,14,inf
random_addition,42,184,15,0.005604777246991792,0.07486506025504683,-0.1022727082982835,15,14,inf
random_addition,42,184,16,0.006463492140959734,0.0803958465404758,-0.27115328108788805,16,14,inf
random_addition,42,184,17,0.0064772436012286395,0.0804813245494173,-0.27385773457206497,17,14,inf
random_addition,42,184,18,0.009575362598010504,0.09785378172564668,-0.8831543875382464,18,14,inf
random_addition,42,184,19,0.008512175244429116,0.09226145047867564,-0.6740609031737004,19,14,inf
random_addition,42,184,20,0.009793755945045887,0.09896340710103854,-0.9261050732662515,20,14,inf
random_addition,42,184,21,0.0104407384427326,0.10217993170252464,-1.0533449471309062,21,14,inf
random_addition,42,184,22,0.008674467515347294,0.09313682147973107,-0.7059783787695189,22,14,inf
random_addition,42,184,23,0.008850168356120887,0.09407533340956536,-0.7405328727440545,23,14,inf
random_addition,42,184,24,0.008915300296339775,0.09442086790715162,-0.7533421525741011,24,14,inf
random_addition,42,184,25,0.007844007234628437,0.0885664001449107,-0.5426545458279974,25,14,inf
random_addition,42,184,26,0.007825424688602672,0.08846143051410978,-0.5389999789411706,26,14,inf
random_addition,42,184,27,0.008559983237330825,0.09252017746054547,-0.6834631404958627,27,14,inf
random_addition,42,184,28,0.008003758531706906,0.08946372746374312,-0.5740722966368024,28,14,inf
random_addition,42,184,29,0.008011087248148306,0.08950467724174142,-0.5755136106737782,29,14,inf
random_addition,42,184,30,0.008828240590302686,0.09395871747902207,-0.736220412721075,30,14,inf
random_addition,42,184,31,0.00708508684763971,0.08417295793566786,-0.3934002234019218,31,14,inf
random_addition,42,184,32,0.006751368649918786,0.08216671254175127,-0.3277689867978806,32,14,inf
random_addition,42,184,33,0.006704181446970428,0.0818790659874087,-0.31848883814989914,33,14,inf
random_addition,42,184,34,0.007227440513387372,0.0850143547489915,-0.4213964405154711,34,14,inf
random_addition,42,184,35,0.0057025284449127205,0.07551508753164973,-0.12149710793513524,35,14,inf
random_addition,42,184,36,0.00547292484531686,0.07397921900991426,-0.07634173950414169,36,14,inf
random_addition,42,184,37,0.005405662169374962,0.07352320837242457,-0.06311341503903312,37,14,inf
random_addition,42,184,38,0.006532867598772788,0.08082615664976771,-0.28479711926434215,38,14,inf
random_addition,42,184,39,0.006405659716450471,0.08003536541086366,-0.25977957248501804,39,14,inf
random_addition,42,184,40,0.006545127492700043,0.08090196223022061,-0.2872082314079869,40,14,inf
random_addition,42,184,41,0.005881543579538496,0.07669122231089094,-0.15670341294506995,41,14,inf
random_addition,42,184,42,0.007124326740270257,0.08440572694000247,-0.401117401233819,42,14,inf
random_addition,42,184,43,0.006998765994702521,0.08365862773619061,-0.37642379130539894,43,14,inf
random_addition,42,184,44,0.006672182390217346,0.08168342787993992,-0.3121956911797603,44,14,inf
random_addition,42,184,45,0.006687041558972258,0.08177433313070953,-0.3151179939698183,45,14,inf
random_addition,42,184,46,0.006533507262110957,0.08083011358467188,-0.284922919703698,46,14,inf
random_addition,42,184,47,0.006365323999194201,0.07978298063618708,-0.2518468825061102,47,14,inf
random_addition,42,184,48,0.008266233194287372,0.0909188275017192,-0.6256923065734206,48,14,inf
random_addition,42,184,49,0.008224936315907873,0.09069143463364042,-0.6175705882660487,49,14,inf
random_addition,42,184,50,0.009418301200688855,0.09704793249054229,-0.8522656502761603,50,14,inf
random_addition,42,184,51,0.0080592275334752,0.08977320053042111,-0.5849811988306506,51,14,inf
random_addition,42,184,52,0.007245040167488927,0.0851178017073334,-0.4248577053502238,52,14,inf
random_addition,42,184,53,0.005722437669761646,0.07564679550226597,-0.12541258828827906,53,14,inf
random_addition,42,184,54,0.006502191341949767,0.08063616646362702,-0.278764122911648,54,14,inf
random_addition,42,184,55,0.006543530012891886,0.08089208869161363,-0.2868940604218815,55,14,inf
random_addition,42,184,56,0.005532696782090931,0.07438209987685836,-0.08809688546708805,56,14,inf
random_addition,42,184,57,0.005678584541882537,0.07535638355098084,-0.11678814098118928,57,14,inf
random_addition,42,184,58,0.005226531077646104,0.0722947513838045,-0.02788430513526796,58,14,inf
random_addition,42,184,59,0.004894145157446228,0.0699581671961625,0.03748491692535538,59,14,inf
random_addition,42,184,60,0.004391050160835008,0.06626499951584552,0.13642691943644591,60,14,inf
random_addition,42,184,61,0.004313086031402012,0.06567408949808144,0.151759862801207,61,14,inf
random_addition,42,184,62,0.004131773566403431,0.06427887340645783,0.1874179760561968,62,14,inf
random_addition,42,184,63,0.004141848005766993,0.06435719078523389,0.18543666991814822,63,14,inf
random_addition,42,184,64,0.004014126108819871,0.06335713147562688,0.21055530622656882,64,14,inf
random_addition,42,184,65,0.00360359987809128,0.06002999148834922,0.2912921205960539,65,14,inf
random_addition,42,184,66,0.003087882001607031,0.055568714233883716,0.39271662247705896,66,14,inf
random_addition,42,184,67,0.0021397450328240223,0.04625737814472435,0.5791835342493517,67,14,inf
random_addition,42,184,68,0.0020200672673351674,0.044945158441540366,0.6027201582533279,68,14,inf
random_addition,42,184,69,0.002139596287003256,0.04625577031034351,0.5792127875901141,69,14,inf
random_addition,42,184,70,0.00216301316397087,0.046508205340250124,0.5746074690810096,70,14,inf
random_addition,42,184,71,0.002370902851589048,0.048691917723468724,0.5337225027567611,71,14,inf
random_addition,42,184,72,0.0023545643673504642,0.04852385359130563,0.5369357375522775,72,14,inf
random_addition,42,184,73,0.0025685905093556427,0.05068126388869602,0.4948439353631179,73,14,inf
random_addition,42,184,74,0.0026066756158108,0.051055612970669545,0.4873538654480849,74,14,inf
random_addition,42,184,75,0.002609497136279694,0.05108323733163056,0.4867989664981871,75,14,inf
random_addition,42,184,76,0.0026004262694002524,0.05099437487998311,0.4885829034079334,76,14,inf
random_addition,42,184,77,0.002553608624618453,0.050533242767691576,0.4977903722930669,77,14,inf
random_addition,42,184,78,0.002603349214291511,0.05102302631451325,0.48800805765768995,78,14,inf
random_addition,42,184,79,0.00241597606101112,0.04915257939326399,0.5248581061122684,79,14,inf
random_addition,42,184,80,0.002375978284136846,0.048744007674142324,0.532724334491778,80,14,inf
random_addition,42,184,81,0.002474354172757425,0.04974288062383827,0.5133770790340778,81,14,inf
random_addition,42,184,82,0.0023974746087891963,0.04896401340565534,0.5284967245531809,82,14,inf
random_addition,42,184,83,0.0024798192032504216,0.049797783115821746,0.5123022898503183,83,14,inf
random_addition,42,184,84,0.0024863453767168696,0.04986326680750941,0.511018809243565,84,14,inf
random_addition,42,184,85,0.0024768429651767176,0.04976789090544945,0.5128876165916805,85,14,inf
random_addition,42,184,86,0.002446203997493075,0.049459114402636395,0.5189132794146301,86,14,inf
random_addition,42,184,87,0.0025369601370968,0.05036824532477581,0.5010645743926083,87,14,inf
random_addition,42,184,88,0.0023016344712151002,0.04797535274716696,0.547345282373062,88,14,inf
random_addition,42,184,89,0.0021149291030342415,0.04598835834245708,0.5840639997759707,89,14,inf
random_addition,42,184,90,0.0019846200873794165,0.044549075045161333,0.6096914360275397,90,14,inf
random_addition,42,184,91,0.0019315591581065324,0.04394950691539704,0.62012675069519,91,14,inf
random_addition,42,184,92,0.002121137857727507,0.04605581242066529,0.5828429448527659,92,14,inf
random_addition,42,184,93,0.0020865735926744373,0.045679027930489474,0.5896405827197899,93,14,inf
random_addition,42,184,94,0.0017741606421451607,0.04212078634291103,0.6510817879473825,94,14,inf
random_addition,42,184,95,0.0017270557238667282,0.041557859952922604,0.660345753945818,95,14,inf
random_addition,42,184,96,0.0017644425649032593,0.042005268299384294,0.6529930095443928,96,14,inf
random_addition,42,184,97,0.0017379842237480695,0.041689137958802525,0.6581964825955053,97,14,inf
random_addition,42,184,98,0.0016867958330407692,0.04107062007129633,0.6682635313954643,98,14,inf
random_addition,42,184,99,0.0017725081803268094,0.04210116602098818,0.6514067720606853,99,14,inf
random_addition,42,184,100,0.0017570627673617046,0.04191733254110648,0.6544443695296961,100,14,inf
random_addition,42,184,101,0.0017905597130679883,0.0423150057670797,0.6478566377722559,101,14,inf
random_addition,42,184,102,0.002020420520728147,0.044949088096736145,0.6026506850955134,102,14,inf
random_addition,42,184,103,0.002009527972052648,0.04482775894524115,0.6047928860429743,103,14,inf
random_addition,42,184,104,0.002107711565200592,0.045909819921238985,0.5854834486897365,104,14,inf
random_addition,42,184,105,0.0020981497790335413,0.045805564935207835,0.5873639330462166,105,14,inf
random_addition,42,184,106,0.002096939279248058,0.04579234957116809,0.5876019979715721,106,14,inf
random_addition,42,184,107,0.0021064607100411727,0.045896194940770116,0.5857294501708841,107,14,inf
random_addition,42,184,108,0.0021740714668002253,0.046626939281923976,0.5724326698210678,108,14,inf
random_addition,42,184,109,0.0019156639694825762,0.04376829868160946,0.6232528040317153,109,14,inf
random_addition,42,184,110,0.0019023896342001013,0.04361639180629344,0.6258634229480204,110,14,inf
random_addition,42,184,111,0.001895022922052544,0.043531860999187065,0.6273122094728552,111,14,inf
random_addition,42,184,112,0.0018817872934270342,0.043379572305718206,0.6299152160809949,112,14,inf
random_addition,42,184,113,0.0019115597066278454,0.04372138729075103,0.6240599756164344,113,14,inf
random_addition,42,184,114,0.0021636761606567438,0.046515332533012634,0.5744770797505642,114,14,inf
random_addition,42,184,115,0.0024415910412157243,0.0494124583603743,0.5198204940254918,115,14,inf
random_addition,42,184,116,0.0024428859845697357,0.0494255600329398,0.5195658218672566,116,14,inf
random_addition,42,184,117,0.00261138379686605,0.051101700528123815,0.48642792330012274,117,14,inf
random_addition,42,184,118,0.0029365464515413386,0.054189910975580485,0.4224792765989963,118,14,inf
random_addition,42,184,119,0.002832250081868132,0.0532188883937661,0.4429908931716384,119,14,inf
random_addition,42,184,120,0.002748900733021829,0.052429960261493894,0.4593829295432933,120,14,inf
random_addition,42,184,121,0.0027477406936240374,0.05241889634114817,0.4596110705937557,121,14,inf
random_addition,42,184,122,0.0026469486145441943,0.051448504492785735,0.47943351011032764,122,14,inf
random_addition,42,184,123,0.0026162254848646955,0.051149051651665015,0.48547572479020573,123,14,inf
random_addition,42,184,124,0.0026058681216990292,0.05104770437246938,0.487512672601749,124,14,inf
random_addition,42,184,125,0.002597341571009243,0.05096412042809375,0.4891895606754576,125,14,inf
random_addition,42,184,126,0.002544895410240268,0.05044695640214847,0.4995039708871556,126,14,inf
random_addition,42,184,127,0.0025206128233606438,0.050205705087775075,0.504279545655744,127,14,inf
random_addition,42,184,128,0.00229013204651439,0.047855324118789434,0.549607425589129,128,14,inf
random_addition,42,184,129,0.0022970955122291014,0.04792802428881355,0.5482379441852754,129,14,inf
random_addition,42,184,130,0.0022889297831805598,0.047842761032162014,0.5498438706792136,130,14,inf
random_addition,42,184,131,0.0023010921076409346,0.04796969989108682,0.5474519471947726,131,14,inf
random_addition,42,184,132,0.002301530274751307,0.04797426679743326,0.5473657743414809,132,14,inf
random_addition,42,184,133,0.002374226464960106,0.04872603477567312,0.5330688588829,133,14,inf
random_addition,42,184,134,0.002306382476050311,0.048024811046482124,0.5464115082161087,134,14,inf
random_addition,42,184,135,0.0023347769727659748,0.04831952993113628,0.5408272579566822,135,14,inf
random_addition,42,184,136,0.002352312209981058,0.04850064133577058,0.537378661774542,136,14,inf
random_addition,42,184,137,0.002308815724729878,0.04805013761405765,0.5459329693743681,137,14,inf
random_addition,42,184,138,0.0023069768502345994,0.048030998846938414,0.5462946146424685,138,14,inf
random_addition,42,184,139,0.002244509218353436,0.04737625162835739,0.5585799139041987,139,14,inf
random_addition,42,184,140,0.002140331598721764,0.04626371795177906,0.5790681763051896,140,14,inf
random_addition,42,184,141,0.0021250130246770692,0.04609786355870594,0.5820808287899206,141,14,inf
random_addition,42,184,142,0.00229164271005772,0.04787110516854316,0.5493103284661118,142,14,inf
random_addition,42,184,143,0.0023245169806492185,0.04821324486745544,0.5428450561312174,143,14,inf
random_addition,42,184,144,0.0023341147899622926,0.04831267732140595,0.5409574872236518,144,14,inf
random_addition,42,184,145,0.0025467677722662407,0.05046551072035475,0.4991357397389167,145,14,inf
random_addition,42,184,146,0.0025099626154676856,0.05009952709824401,0.5063740862558028,146,14,inf
random_addition,42,184,147,0.002523507769585165,0.0502345276636017,0.5037102063092082,147,14,inf
random_addition,42,184,148,0.002535342406922685,0.0503521837353921,0.5013827279501426,148,14,inf
random_addition,42,184,149,0.0026408674430726245,0.05138937091532279,0.48062947367001974,149,14,inf
random_addition,42,184,150,0.0026800483819562917,0.05176918370958047,0.47292389007342817,150,14,inf
random_addition,42,185,10,0.00962854819961681,0.0981251659851682,-0.8936142210947935,10,10,inf
random_addition,42,185,11,0.013646346931288762,0.11681757971850282,-1.6837811972639956,11,11,inf
random_addition,42,185,12,0.016781741584871647,0.12954436145533949,-2.3004087284016,12,12,inf
random_addition,42,185,13,0.01303257579537849,0.11416030744255418,-1.5630728903249027,13,13,inf
random_addition,42,185,14,0.014463782207308368,0.12026546556392807,-1.8445434462972279,14,14,inf
random_addition,42,185,15,0.016700601379050887,0.12923080661765943,-2.284451156765736,15,14,inf
random_addition,42,185,16,0.009284873899203317,0.09635805051578886,-0.8260249512281592,16,14,inf
random_addition,42,185,17,0.012478046030017518,0.11170517458926206,-1.4540153846721102,17,14,inf
random_addition,42,185,18,0.0071198047983625015,0.0843789357503548,-0.40022808611320393,18,14,inf
random_addition,42,185,19,0.007909521640063602,0.08893549145343271,-0.5555390438069903,19,14,inf
random_addition,42,185,20,0.0054160481078659286,0.07359380481987549,-0.06515598266378597,20,14,inf
random_addition,42,185,21,0.003577941197425267,0.059815894187291614,0.29633832710573593,21,14,inf
random_addition,42,185,22,0.004738288311379163,0.06883522580321186,0.06813675913966977,22,14,inf
random_addition,42,185,23,0.005253416202936684,0.07248045393715939,-0.03317171238823091,23,14,inf
random_addition,42,185,24,0.004871376416216562,0.06979524637263317,0.041962768756708124,24,14,inf
random_addition,42,185,25,0.004534839480009736,0.06734121679929563,0.10814835718740001,25,14,inf
random_addition,42,185,26,0.00378053341910906,0.061486042473955504,0.2564951956065461,26,14,inf
random_addition,42,185,27,0.004039203252760195,0.06355472643918936,0.20562346859068026,27,14,inf
random_addition,42,185,28,0.0038250335352632515,0.06184685550020511,0.24774350728937067,28,14,inf
random_addition,42,185,29,0.003808860065511456,0.06171596280956375,0.2509242892402431,29,14,inf
random_addition,42,185,30,0.0038059291732533084,0.0616922132303041,0.25150069797242824,30,14,inf
random_addition,42,185,31,0.004126987894981795,0.06424163677072522,0.18835915797413727,31,14,inf
random_addition,42,185,32,0.004203837460288489,0.06483700687330106,0.1732454121909982,32,14,inf
random_addition,42,185,33,0.004553112997162807,0.06747675894085908,0.10455456597058366,33,14,inf
random_addition,42,185,34,0.0047481245894453305,0.06890663675906211,0.06620229138372313,34,14,inf
random_addition,42,185,35,0.004849109508420145,0.0696355477354788,0.04634192669297721,35,14,inf
random_addition,42,185,36,0.004445480197017881,0.06667443435843967,0.12572234711320673,36,14,inf
random_addition,42,185,37,0.004627213176997017,0.06802362219844675,0.08998153258998276,37,14,inf
random_addition,42,185,38,0.004633648214493143,0.06807090578575507,0.08871597538828258,38,14,inf
random_addition,42,185,39,0.00467175346462497,0.06835022651480367,0.08122194388404447,39,14,inf
random_addition,42,185,40,0.004651358774944086,0.06820087077848849,0.0852328989744573,40,14,inf
random_addition,42,185,41,0.004526718502547315,0.06728089255165477,0.10974548253726757,41,14,inf
random_addition,42,185,42,0.004384516242952454,0.06621567973639216,0.13771192311149238,42,14,inf
random_addition,42,185,43,0.004666930470626673,0.06831493592638928,0.08217046590772759,43,14,inf
random_addition,42,185,44,0.004276668335512908,0.06539624098916472,0.15892200868295647,44,14,inf
random_addition,42,185,45,0.004156178600057933,0.06446843103456089,0.18261832009183232,45,14,inf
random_addition,42,185,46,0.0036958974472989714,0.06079389317438859,0.2731402677932482,46,14,inf
random_addition,42,185,47,0.0037017772493572916,0.060842232448828595,0.2719839068794293,47,14,inf
random_addition,42,185,48,0.0030783080007676373,0.055482501752963855,0.3945995090521057,48,14,inf
random_addition,42,185,49,0.0033646798678165077,0.05800586063335762,0.3382797162107728,49,14,inf
random_addition,42,185,50,0.0030210031423364508,0.054963652920238575,0.40586946300709936,50,14,inf
random_addition,42,185,51,0.0032280457704254688,0.05681589364276046,0.36515108503420757,51,14,inf
random_addition,42,185,52,0.002555946492275046,0.0505563694530674,0.49733059171662053,52,14,inf
random_addition,42,185,53,0.0025130613779913904,0.05013044362452212,0.5057646630425592,53,14,inf
random_addition,42,185,54,0.0025178557733427317,0.05017824003831473,0.5048217654186773,54,14,inf
random_addition,42,185,55,0.001785459657303081,0.04225469982502634,0.6488596486026104,55,14,inf
random_addition,42,185,56,0.0017534442932037643,0.041874148268397825,0.6551560026837382,56,14,inf
random_addition,42,185,57,0.0022256533149599333,0.047176830276735776,0.562288241066018,57,14,inf
random_addition,42,185,58,0.0026453880590759627,0.051433336067923524,0.4797404193105712,58,14,inf
random_addition,42,185,59,0.0026878103353588966,0.051844096436902985,0.4713973727790315,59,14,inf
random_addition,42,185,60,0.00256551983269657,0.05065096082698304,0.495447835023737,60,14,inf
random_addition,42,185,61,0.002717425104290392,0.05212892771092066,0.4655731356832097,61,14,inf
random_addition,42,185,62,0.0027756674298061736,0.05268460334676701,0.45411881322671466,62,14,inf
random_addition,42,185,63,0.002887261111654788,0.05373324028620262,0.43217205878856635,63,14,inf
random_addition,42,185,64,0.002979504661626194,0.05458483911880838,0.4140308297674483,64,14,inf
random_addition,42,185,65,0.002963086634290464,0.05443424137700886,0.41725970803660406,65,14,inf
random_addition,42,185,66,0.0030198846068923103,0.05495347674981366,0.4060894416144566,66,14,inf
random_addition,42,185,67,0.00299719678413306,0.05474666002719307,0.4105513794821306,67,14,inf
random_addition,42,185,68,0.003118619317757733,0.055844599718842404,0.3866716177915579,68,14,inf
random_addition,42,185,69,0.002963068742157828,0.05443407703045793,0.4172632268222094,69,14,inf
random_addition,42,185,70,0.0029188122089774584,0.05402603269700135,0.42596701049439756,70,14,inf
random_addition,42,185,71,0.002905676021205394,0.05390432284339906,0.428550460404026,71,14,inf
random_addition,42,185,72,0.002867309398233325,0.053547263218892194,0.4360958952265035,72,14,inf
random_addition,42,185,73,0.002893404560848398,0.05379037609878182,0.43096384727854287,73,14,inf
random_addition,42,185,74,0.002945450985306934,0.054272009224893586,0.42072805186384654,74,14,inf
random_addition,42,185,75,0.0028783434433857762,0.05365019518497371,0.4339258666423692,75,14,inf
random_addition,42,185,76,0.0029357637107656847,0.05418268829400849,0.4226332155972212,76,14,inf
random_addition,42,185,77,0.002930299323605867,0.05413223922586121,0.4237078782588062,77,14,inf
random_addition,42,185,78,0.002676665426073073,0.05173649994030397,0.4735892046397565,78,14,inf
random_addition,42,185,79,0.00270237319886461,0.05198435532796968,0.4685333433467045,79,14,inf
random_addition,42,185,80,0.0030105635459375555,0.05486860255134584,0.40792258335230624,80,14,inf
random_addition,42,185,81,0.0030507685268152127,0.05523376256254151,0.40001560485768695,81,14,inf
random_addition,42,185,82,0.003058631336933597,0.05530489433073349,0.39846925241189113,82,14,inf
random_addition,42,185,83,0.002985558196678233,0.05464026168200728,0.412840301369523,83,14,inf
random_addition,42,185,84,0.002943261087466642,0.05425183026835723,0.4211587317137213,84,14,inf
random_addition,42,185,85,0.002882405604088095,0.05368803967447587,0.43312697514649556,85,14,inf
random_addition,42,185,86,0.0027942234394836363,0.052860414673776786,0.4504694651543423,86,14,inf
random_addition,42,185,87,0.002729023960608861,0.05224006087868639,0.4632920275849024,87,14,inf
random_addition,42,185,88,0.0026422981531561245,0.05140328932233933,0.480348100725292,88,14,inf
random_addition,42,185,89,0.0026438406184989926,0.05141829069989581,0.48004474924921825,89,14,inf
random_addition,42,185,90,0.0026308779628871413,0.05129208479762878,0.4825940711719908,90,14,inf
random_addition,42,185,91,0.0027339395207640195,0.0522870875146438,0.4623253008861852,91,14,inf
random_addition,42,185,92,0.0027419139301080916,0.05236328799939984,0.46075700059566294,92,14,inf
random_addition,42,185,93,0.0023425110579905666,0.048399494398088154,0.5393062214032143,93,14,inf
random_addition,42,185,94,0.0020744062563994034,0.045545650246751376,0.5920334918609795,94,14,inf
random_addition,42,185,95,0.002044140459881718,0.04521217158997915,0.5979857643646298,95,14,inf
random_addition,42,185,96,0.0020277154462126547,0.04503016151661744,0.601216016612487,96,14,inf
random_addition,42,185,97,0.0020470565417279223,0.045244408955449095,0.5974122683463963,97,14,inf
random_addition,42,185,98,0.002049860017250065,0.04527537981342691,0.5968609182355424,98,14,inf
random_addition,42,185,99,0.002109786767292541,0.04593241521292497,0.585075325667294,99,14,inf
random_addition,42,185,100,0.001976836652987216,0.044461631245234536,0.611222177915981,100,14,inf
random_addition,42,185,101,0.0020077897110402144,0.0448083665294799,0.6051347439954795,101,14,inf
random_addition,42,185,102,0.002017434483666803,0.044915860045943716,0.6032379389708487,102,14,inf
random_addition,42,185,103,0.0019941450528804154,0.04465585127259826,0.6078181930677291,103,14,inf
random_addition,42,185,104,0.0019670058110706264,0.044350939235495636,0.6131555765626565,104,14,inf
random_addition,42,185,105,0.0020202105350376745,0.04494675221901661,0.6026919822756762,105,14,inf
random_addition,42,185,106,0.0019423821789333949,0.04407246508800472,0.6179982235560967,106,14,inf
random_addition,42,185,107,0.0019532493770096095,0.044195580966988196,0.6158610082258154,107,14,inf
random_addition,42,185,108,0.0021558297848549434,0.04643091410746662,0.5760202001145391,108,14,inf
random_addition,42,185,109,0.002325987226769528,0.048228489783213487,0.5425559077669772,109,14,inf
random_addition,42,185,110,0.0022819933215333316,0.04777021374803897,0.5512080412838529,110,14,inf
random_addition,42,185,111,0.0022170028684559283,0.04708505992834594,0.563989495313201,111,14,inf
random_addition,42,185,112,0.002171678666315793,0.04660127322633785,0.572903253852183,112,14,inf
random_addition,42,185,113,0.0021726502189687484,0.046611696160607036,0.5727121818564846,113,14,inf
random_addition,42,185,114,0.0021614844527687014,0.046491767580601855,0.5749081155764478,114,14,inf
random_addition,42,185,115,0.002167151537521773,0.046552674869676104,0.5737935890602911,115,14,inf
random_addition,42,185,116,0.002172704690523947,0.04661228046903463,0.5727014691187562,116,14,inf
random_addition,42,185,117,0.0022720958890231997,0.047666506994148414,0.5531545360788062,117,14,inf
random_addition,42,185,118,0.0020053668125483196,0.044781322139350904,0.6056112473005888,118,14,inf
random_addition,42,185,119,0.002038362222226753,0.04514822501745504,0.599122150948512,119,14,inf
random_addition,42,185,120,0.00201516073172325,0.04489054167331076,0.6036851101254497,120,14,inf
random_addition,42,185,121,0.0020949978791630804,0.04577114679755228,0.5879838066028977,121,14,inf
random_addition,42,185,122,0.0022700467029507297,0.04764500711460467,0.5535575426181154,122,14,inf
random_addition,42,185,123,0.002284877410849588,0.0478003913252767,0.5506408371289847,123,14,inf
random_addition,42,185,124,0.0022015817522522156,0.04692101610421726,0.5670223144197895,124,14,inf
random_addition,42,185,125,0.0022208485191672093,0.04712587950550323,0.5632331841097596,125,14,inf
random_addition,42,185,126,0.002202997356181897,0.0469360986467974,0.5667439123515743,126,14,inf
random_addition,42,185,127,0.0022501182059361338,0.04743541088613162,0.5574768131633244,127,14,inf
random_addition,42,185,128,0.0024820308934494304,0.04981998488006024,0.5118673241704803,128,14,inf
random_addition,42,185,129,0.0024253584645887913,0.0492479285309422,0.52301290032689,129,14,inf
random_addition,42,185,130,0.002321940952302605,0.04818652251722057,0.5433516749703156,130,14,inf
random_addition,42,185,131,0.0025587990849487347,0.05058457358670462,0.4967695819006128,131,14,inf
random_addition,42,185,132,0.0025579146087238297,0.050575830282100456,0.496943528867796,132,14,inf
random_addition,42,185,133,0.002595915984266917,0.050950132328257174,0.4894699260298918,133,14,inf
random_addition,42,185,134,0.0029115830565393515,0.05395908687644141,0.4273887436133953,134,14,inf
random_addition,42,185,135,0.0029434851794039275,0.05425389552284635,0.4211146603053969,135,14,inf
random_addition,42,185,136,0.002737956724810922,0.05232548829022928,0.4615352508646714,136,14,inf
random_addition,42,185,137,0.0027209018247792835,0.05216226437549738,0.4648893807469464,137,14,inf
random_addition,42,185,138,0.002717243301884569,0.052127183905181076,0.46560889015148044,138,14,inf
random_addition,42,185,139,0.002683394422274336,0.05180149054104849,0.4722658355672611,139,14,inf
random_addition,42,185,140,0.002653939650921524,0.051516401766054314,0.47805860647689835,140,14,inf
random_addition,42,185,141,0.0026681792055048576,0.051654420967666044,0.4752581611239708,141,14,inf
random_addition,42,185,142,0.0026421934419754364,0.05140227078617672,0.48036869392135306,142,14,inf
random_addition,42,185,143,0.0026752767294735405,0.05172307733955454,0.47386231493376385,143,14,inf
random_addition,42,185,144,0.002678668577536174,0.05175585549033244,0.47319525157238895,144,14,inf
random_addition,42,185,145,0.002726031635845216,0.05221141288880446,0.46388051804152153,145,14,inf
random_addition,42,185,146,0.002744589762372278,0.05238883242039546,0.4602307536554514,146,14,inf
random_addition,42,185,147,0.0027426997396770214,0.05237079090177101,0.4606024580681761,147,14,inf
random_addition,42,185,148,0.0026886040152207186,0.0518517503583121,0.47124128242748675,148,14,inf
random_addition,42,185,149,0.002677836621859812,0.05174781755649036,0.4733588694997669,149,14,inf
random_addition,42,185,150,0.0026800483819562917,0.05176918370958047,0.47292389007342817,150,14,inf
random_addition,42,186,10,0.00962854819961681,0.0981251659851682,-0.8936142210947935,10,10,inf
random_addition,42,186,11,0.007354250008167068,0.08575692396633096,-0.4463356377554284,11,11,inf
random_addition,42,186,12,0.005539669401116933,0.0744289553945031,-0.08946816702191662,12,12,inf
random_addition,42,186,13,0.005860620122726859,0.07655468713754147,-0.15258846699978657,13,13,inf
random_addition,42,186,14,0.005699521545798461,0.07549517564585476,-0.1209057511899525,14,14,inf
random_addition,42,186,15,0.005234756217546095,0.07235161516888268,-0.029501915761731334,15,14,inf
random_addition,42,186,16,0.0059291031754482295,0.0770006699675284,-0.16605679886547042,16,14,inf
random_addition,42,186,17,0.00306829211908546,0.055392166585948414,0.39656929884771874,17,14,inf
random_addition,42,186,18,0.005824453578103047,0.0763181077995455,-0.14547571419347705,18,14,inf
random_addition,42,186,19,0.008738835487385821,0.09348173879098431,-0.7186374115445782,19,14,inf
random_addition,42,186,20,0.0077078682063082965,0.08779446569293703,-0.515880540575232,20,14,inf
random_addition,42,186,21,0.010611842449412368,0.10301379737400407,-1.086995397190241,21,14,inf
random_addition,42,186,22,0.009726082851409,0.09862090473834136,-0.9127960333321326,22,14,inf
random_addition,42,186,23,0.008576990805356757,0.09261204460196718,-0.6868079617516176,23,14,inf
random_addition,42,186,24,0.004422637121135186,0.06650291062152984,0.13021481809099544,24,14,inf
random_addition,42,186,25,0.004485911377910856,0.06697694661531575,0.11777088262163982,25,14,inf
random_addition,42,186,26,0.0035368253814296946,0.05947121472973034,0.304424436482457,26,14,inf
random_addition,42,186,27,0.003718050082786305,0.06097581555654918,0.2687835834080349,27,14,inf
random_addition,42,186,28,0.005513591262356241,0.07425356060389456,-0.08433946709819451,28,14,inf
random_addition,42,186,29,0.005255169669034469,0.07249254905874444,-0.03351656067378084,29,14,inf
random_addition,42,186,30,0.005597515156978134,0.07481654333754088,-0.1008444974569771,30,14,inf
random_addition,42,186,31,0.005892558160816818,0.0767629999466984,-0.1588696136344807,31,14,inf
random_addition,42,186,32,0.0059277577171003805,0.07699193280532955,-0.1657921920931349,32,14,inf
random_addition,42,186,33,0.006156346170721201,0.07846238698077698,-0.21074791517625546,33,14,inf
random_addition,42,186,34,0.006141290907697163,0.0783663888902453,-0.2077870471851937,34,14,inf
random_addition,42,186,35,0.0061423436175884055,0.07837310519297042,-0.20799408010224596,35,14,inf
random_addition,42,186,36,0.005715751485077367,0.07560258914268325,-0.12409763881297597,36,14,inf
random_addition,42,186,37,0.005561403043395795,0.07457481507449948,-0.09374244942069798,37,14,inf
random_addition,42,186,38,0.005969146305097388,0.07726025048559827,-0.17393194662282463,38,14,inf
random_addition,42,186,39,0.005600306285947309,0.07483519416656383,-0.10139341941274504,39,14,inf
random_addition,42,186,40,0.006078322222865793,0.07796359549729472,-0.19540320752335738,40,14,inf
random_addition,42,186,41,0.006708132194327049,0.08190318793750978,-0.3192658183574395,41,14,inf
random_addition,42,186,42,0.006604416301022893,0.0812675599548977,-0.29886836212181356,42,14,inf
random_addition,42,186,43,0.007335506950518123,0.08564757410760752,-0.44264950358701305,43,14,inf
random_addition,42,186,44,0.007297912762128886,0.08542782194419384,-0.4352559808784484,44,14,inf
random_addition,42,186,45,0.006906826941129889,0.08310732182623796,-0.3583424465678753,45,14,inf
random_addition,42,186,46,0.00619201423780068,0.07868935276008235,-0.21776263407887808,46,14,inf
random_addition,42,186,47,0.0062905521005950284,0.07931300082959306,-0.23714174445307679,47,14,inf
random_addition,42,186,48,0.007081508230806499,0.0841516977297933,-0.3926964288540078,48,14,inf
random_addition,42,186,49,0.0070260992140935745,0.08382183017623497,-0.3817993237194406,49,14,inf
random_addition,42,186,50,0.007065306325303928,0.0840553765401353,-0.38951005453957865,50,14,inf
random_addition,42,186,51,0.006844822579716507,0.08273344293401858,-0.3461482571523875,51,14,inf
random_addition,42,186,52,0.006629440400129813,0.08142137557257194,-0.30378976760855503,52,14,inf
random_addition,42,186,53,0.005856999060606117,0.07653103331725057,-0.1518763248797963,53,14,inf
random_addition,42,186,54,0.00591604821701786,0.07691585153281384,-0.1634893240575308,54,14,inf
random_addition,42,186,55,0.0070314074678268865,0.08385348810769226,-0.3828432801446655,55,14,inf
random_addition,42,186,56,0.006345412656521075,0.0796580984992805,-0.24793098564759686,56,14,inf
random_addition,42,186,57,0.006403922765157205,0.08002451352652638,-0.2594379721105806,57,14,inf
random_addition,42,186,58,0.0063717144578555995,0.07982301959870723,-0.2531036725381759,58,14,inf
random_addition,42,186,59,0.004757783092621215,0.06897668513795958,0.0643027860180988,59,14,inf
random_addition,42,186,60,0.005052770486864123,0.07108284242251517,0.006288606392940266,60,14,inf
random_addition,42,186,61,0.005025379847006119,0.07088991357736388,0.011675431497276012,61,14,inf
random_addition,42,186,62,0.005041846788059153,0.07100596304578337,0.008436933531695279,62,14,inf
random_addition,42,186,63,0.004949069742165348,0.07034962503215883,0.026683083403247543,63,14,inf
random_addition,42,186,64,0.005383717963991902,0.07337382342492384,-0.058797721902071665,64,14,inf
random_addition,42,186,65,0.004965051301158369,0.0704631201491842,0.023540043896455254,65,14,inf
random_addition,42,186,66,0.004854527761666251,0.06967444123684273,0.045276337033185454,66,14,inf
random_addition,42,186,67,0.004702370892252073,0.06857383533281534,0.07520051727163679,67,14,inf
random_addition,42,186,68,0.004813040758125076,0.06937608203210294,0.053435446617255966,68,14,inf
random_addition,42,186,69,0.004837988063139586,0.06955564724118082,0.04852914396662933,69,14,inf
random_addition,42,186,70,0.004790549182086582,0.06921379329358117,0.05785878930177646,70,14,inf
random_addition,42,186,71,0.004778038584340336,0.0691233577334054,0.06031920652310063,71,14,inf
random_addition,42,186,72,0.004118404791478415,0.06417479872565565,0.19004716809966948,72,14,inf
random_addition,42,186,73,0.0038476228046455535,0.062029209285993266,0.24330095158318743,73,14,inf
random_addition,42,186,74,0.003820543049807977,0.06181054157510656,0.24862663597517454,74,14,inf
random_addition,42,186,75,0.004255100031484163,0.0652311277802566,0.16316377456364795,75,14,inf
random_addition,42,186,76,0.004234510082179903,0.06507311335858999,0.1672131307080893,76,14,inf
random_addition,42,186,77,0.00436011098762335,0.06603113650107312,0.14251162267185602,77,14,inf
random_addition,42,186,78,0.0044906298887062894,0.06701216224467234,0.11684290895838523,78,14,inf
random_addition,42,186,79,0.0044968021582336435,0.06705819978372252,0.11562902945016473,79,14,inf
random_addition,42,186,80,0.004567391791670696,0.06758248139622203,0.1017464034335458,80,14,inf
random_addition,42,186,81,0.004164141067614499,0.0645301562652261,0.1810523683525328,81,14,inf
random_addition,42,186,82,0.0031948991559544596,0.05652343899617626,0.37166991832477025,82,14,inf
random_addition,42,186,83,0.0030226227395549034,0.05497838429378316,0.40555094226422883,83,14,inf
random_addition,42,186,84,0.0031744957904228897,0.056342664033775414,0.37568257966558516,84,14,inf
random_addition,42,186,85,0.003267095813327483,0.05715851479287651,0.35747124431049815,85,14,inf
random_addition,42,186,86,0.0031370471179562086,0.05600934848716068,0.3830474842466154,86,14,inf
random_addition,42,186,87,0.003037873165806479,0.05511690453759608,0.40255169217698406,87,14,inf
random_addition,42,186,88,0.002974998229600484,0.0545435443439504,0.41491709461167703,88,14,inf
random_addition,42,186,89,0.002898039262927974,0.05383344000644928,0.4300523559938265,89,14,inf
random_addition,42,186,90,0.0028314723117186568,0.053211580616616315,0.4431438546135148,90,14,inf
random_addition,42,186,91,0.0026073133163587326,0.05106185774488363,0.4872284510240896,91,14,inf
random_addition,42,186,92,0.002704491962443787,0.05200473019297174,0.46811665323294194,92,14,inf
random_addition,42,186,93,0.0026237461864118744,0.05122251640062087,0.4839966536875743,93,14,inf
random_addition,42,186,94,0.0026381749864953607,0.05136316760574021,0.4811589900580241,94,14,inf
random_addition,42,186,95,0.002622549500931282,0.051210833823823666,0.4842320018000049,95,14,inf
random_addition,42,186,96,0.0025766452388103437,0.050760666256564675,0.4932598387863255,96,14,inf
random_addition,42,186,97,0.0025820886917071566,0.05081425677609736,0.49218929319590365,97,14,inf
random_addition,42,186,98,0.0026763477076539523,0.051733429304985694,0.47365168925366485,98,14,inf
random_addition,42,186,99,0.00265239120954296,0.05150137094818894,0.47836313323983204,99,14,inf
random_addition,42,186,100,0.00264316646410248,0.051411734692601845,0.48017733292912346,100,14,inf
random_addition,42,186,101,0.002592532941160596,0.05091692195292834,0.4901352577500946,101,14,inf
random_addition,42,186,102,0.0025916817957634458,0.050908563088771674,0.4903026496553796,102,14,inf
random_addition,42,186,103,0.002493207267319465,0.049932026469185736,0.5096693042757041,103,14,inf
random_addition,42,186,104,0.002507076113099649,0.050070711130356924,0.5069417649774564,104,14,inf
random_addition,42,186,105,0.0023351891348040274,0.048323794706169626,0.5407461994335829,105,14,inf
random_addition,42,186,106,0.0022119083957846406,0.04703093020326773,0.5649914081352931,106,14,inf
random_addition,42,186,107,0.0022145964344367484,0.04705949887575035,0.5644627606057844,107,14,inf
random_addition,42,186,108,0.002463096657624183,0.04962959457444906,0.5155910567084425,108,14,inf
random_addition,42,186,109,0.0024003245387940993,0.04899310705389177,0.5279362383952964,109,14,inf
random_addition,42,186,110,0.002364489485430983,0.048626016549075696,0.5349837979292237,110,14,inf
random_addition,42,186,111,0.002318133348166298,0.04814699729127766,0.5441005036816988,111,14,inf
random_addition,42,186,112,0.0023228500464236327,0.04819595466866107,0.5431728864842216,112,14,inf
random_addition,42,186,113,0.002283941766025797,0.04779060332351745,0.550824847252577,113,14,inf
random_addition,42,186,114,0.00225068155206292,0.04744134854810643,0.5573660217734944,114,14,inf
random_addition,42,186,115,0.0023093016711658873,0.04805519400820152,0.5458373999216489,115,14,inf
random_addition,42,186,116,0.002317891970727549,0.04814449055424254,0.5441479745715142,116,14,inf
random_addition,42,186,117,0.002223736083274096,0.04715650626662344,0.562665296579494,117,14,inf
random_addition,42,186,118,0.0022511832754808494,0.04744663608182196,0.557267349514754,118,14,inf
random_addition,42,186,119,0.0022383500965400234,0.0473112047673701,0.5597912076956965,119,14,inf
random_addition,42,186,120,0.0021715065566594994,0.04659942657007165,0.5729371020799728,120,14,inf
random_addition,42,186,121,0.0022150471700415433,0.047064287629173175,0.5643741159489266,121,14,inf
random_addition,42,186,122,0.002221522205809408,0.047133026699008075,0.5631006924215236,122,14,inf
random_addition,42,186,123,0.002292303856302659,0.0478780101539596,0.5491803030556672,123,14,inf
random_addition,42,186,124,0.0022824991584831913,0.04777550793537617,0.5511085600306098,124,14,inf
random_addition,42,186,125,0.0024496746063878117,0.04949418760205901,0.5182307264250534,125,14,inf
random_addition,42,186,126,0.0024141469363116075,0.04913396927087824,0.5252178339207962,126,14,inf
random_addition,42,186,127,0.0024746702800237078,0.049746057934510826,0.5133149112801845,127,14,inf
random_addition,42,186,128,0.002510121533030192,0.05010111309172873,0.5063428324727708,128,14,inf
random_addition,42,186,129,0.002505084687449902,0.05005082104671113,0.507333411968512,129,14,inf
random_addition,42,186,130,0.002528324462837654,0.0502824468660551,0.5027629234320319,130,14,inf
random_addition,42,186,131,0.0024861604947652555,0.049861412883764694,0.5110551693557587,131,14,inf
random_addition,42,186,132,0.002296942093715968,0.04792642375262281,0.5482681164887448,132,14,inf
random_addition,42,186,133,0.002325627879736728,0.04822476417502452,0.5426265793404594,133,14,inf
random_addition,42,186,134,0.0023043454136209354,0.048003597923707085,0.5468121304392677,134,14,inf
random_addition,42,186,135,0.0023230589762971428,0.04819812212417765,0.5431317969480332,135,14,inf
random_addition,42,186,136,0.002323326087431974,0.04820089301488069,0.5430792650986782,136,14,inf
random_addition,42,186,137,0.0023664575654511583,0.048646249243401676,0.5345967422446912,137,14,inf
random_addition,42,186,138,0.002408666520061455,0.0490781674480767,0.5262956489697173,138,14,inf
random_addition,42,186,139,0.0023902585659388185,0.048890270667473486,0.5299158794536101,139,14,inf
random_addition,42,186,140,0.0023352464453787604,0.048324387687572,0.540734928355422,140,14,inf
random_addition,42,186,141,0.0023612902964598647,0.048593109557424546,0.5356129716744328,141,14,inf
random_addition,42,186,142,0.002309577115163664,0.04805805983561617,0.5457832292761382,142,14,inf
random_addition,42,186,143,0.0022646525079101183,0.04758836525780349,0.5546184008314716,143,14,inf
random_addition,42,186,144,0.0022909914940615205,0.04786430292045963,0.5494384009279037,144,14,inf
random_addition,42,186,145,0.002263268013317834,0.04757381646786217,0.5548906847308328,145,14,inf
random_addition,42,186,146,0.002312200445326657,0.04808534543212367,0.5452673077477536,146,14,inf
random_addition,42,186,147,0.0025178313999931834,0.05017799717000653,0.5048265588434349,147,14,inf
random_addition,42,186,148,0.0024768757120194464,0.04976821990004712,0.5128811763801551,148,14,inf
random_addition,42,186,149,0.0024851771758805995,0.04985155138890463,0.5112485553767094,149,14,inf
random_addition,42,186,150,0.0026800483819562917,0.05176918370958047,0.47292389007342817,150,14,inf
random_addition,42,187,10,0.00962854819961681,0.0981251659851682,-0.8936142210947935,10,10,inf
random_addition,42,187,11,0.006346681861166337,0.07966606467729115,-0.24818059586046815,11,11,inf
random_addition,42,187,12,0.005548699392325127,0.0744895925101294,-0.09124406505074711,12,12,inf
random_addition,42,187,13,0.006262590183960005,0.07913652875859545,-0.23164256826457774,13,13,inf
random_addition,42,187,14,0.006023377240847425,0.0776104196667395,-0.18459736253294445,14,14,inf
random_addition,42,187,15,0.00677319272178385,0.08229940900021002,-0.33206105367952365,15,14,inf
random_addition,42,187,16,0.00761958388959467,0.08729022791581352,-0.49851796065532117,16,14,inf
random_addition,42,187,17,0.005886135171549338,0.07672115204785013,-0.15760642591742458,17,14,inf
random_addition,42,187,18,0.009200936427138779,0.09592151180594882,-0.809517250639354,18,14,inf
random_addition,42,187,19,0.00787499684639262,0.08874117897792783,-0.5487491686440518,19,14,inf
random_addition,42,187,20,0.007676477470149923,0.08761550930143545,-0.5097070299724087,20,14,inf
random_addition,42,187,21,0.005832522765901259,0.07637095498879963,-0.14706265424410558,21,14,inf
random_addition,42,187,22,0.004247183661471128,0.06517042014189511,0.16472066045395573,22,14,inf
random_addition,42,187,23,0.004481806049400486,0.06694629227522975,0.11857826378527281,23,14,inf
random_addition,42,187,24,0.00310538407042602,0.05572597303256373,0.38927454941192785,24,14,inf
random_addition,42,187,25,0.003259765773534977,0.057094358508831475,0.3589128186064894,25,14,inf
random_addition,42,187,26,0.003337039720305963,0.05776711625402434,0.34371561114675164,26,14,inf
random_addition,42,187,27,0.004262987183835073,0.06529155522604033,0.16161263481277466,27,14,inf
random_addition,42,187,28,0.005849879486677822,0.07648450487960173,-0.15047614219812333,28,14,inf
random_addition,42,187,29,0.005954969782088053,0.07716845069125111,-0.17114389747776015,29,14,inf
random_addition,42,187,30,0.005040341057253196,0.07099535940646541,0.008733060549828031,30,14,inf
random_addition,42,187,31,0.00500690684750267,0.07075950005124873,0.01530845423765137,31,14,inf
random_addition,42,187,32,0.005216082357430473,0.0722224505083459,-0.02582939043968091,32,14,inf
random_addition,42,187,33,0.0048274482761726705,0.06947984078977636,0.050601968454193846,33,14,inf
random_addition,42,187,34,0.004038326590130094,0.06354782915356035,0.20579587888442807,34,14,inf
random_addition,42,187,35,0.003631231869585399,0.060259703530513645,0.28585782967642015,35,14,inf
random_addition,42,187,36,0.0036312584337979473,0.060259923944508485,0.28585260538199797,36,14,inf
random_addition,42,187,37,0.00396329522665337,0.06295470774019502,0.22055204502308967,37,14,inf
random_addition,42,187,38,0.003959378216189814,0.0629235902995833,0.22132239030923184,38,14,inf
random_addition,42,187,39,0.003175433361565445,0.056350983678773926,0.3754981906993543,39,14,inf
random_addition,42,187,40,0.0029940129545651876,0.0547175744579855,0.41117753254511313,40,14,inf
random_addition,42,187,41,0.0035871336484135166,0.05989268443151898,0.29453047865785054,41,14,inf
random_addition,42,187,42,0.003908447610081302,0.06251757840864682,0.23133874147834088,42,14,inf
random_addition,42,187,43,0.0037458537461489763,0.06120338018564805,0.26331553035885535,43,14,inf
random_addition,42,187,44,0.0038936706930073053,0.06239928439499371,0.23424486810669098,44,14,inf
random_addition,42,187,45,0.003775634726158053,0.061446193748336056,0.2574586050888992,45,14,inf
random_addition,42,187,46,0.0035739848674184887,0.05978281414770041,0.29711640523432414,46,14,inf
random_addition,42,187,47,0.0031885044894174896,0.05646684416024584,0.37292753590558547,47,14,inf
random_addition,42,187,48,0.0032654816019596668,0.05714439256794727,0.35778870583622135,48,14,inf
random_addition,42,187,49,0.0030007697942064436,0.05477928252730629,0.40984868759683224,49,14,inf
random_addition,42,187,50,0.0022121148525801443,0.04703312505649762,0.5649508049710463,50,14,inf
random_addition,42,187,51,0.0020704887493313714,0.045502623543388916,0.5928039348126553,51,14,inf
random_addition,42,187,52,0.002081062940366872,0.0456186687702181,0.5907243441925247,52,14,inf
random_addition,42,187,53,0.0021613244899604677,0.04649004721400558,0.5749395749244448,53,14,inf
random_addition,42,187,54,0.0021841434726066803,0.04673482077216816,0.5704518422825182,54,14,inf
random_addition,42,187,55,0.002116354071321247,0.04600384844033428,0.5837837560510661,55,14,inf
random_addition,42,187,56,0.002131968604011732,0.04617324554340676,0.5807128983739318,56,14,inf
random_addition,42,187,57,0.0020222908153302655,0.04496988787322318,0.602282860540577,57,14,inf
random_addition,42,187,58,0.003096044174246232,0.055642107924181235,0.3911113954101957,58,14,inf
random_addition,42,187,59,0.003036105608345519,0.055100867582511974,0.4028993117635806,59,14,inf
random_addition,42,187,60,0.0029715865793384943,0.05451226081661349,0.4155880524050609,60,14,inf
random_addition,42,187,61,0.002766810147655214,0.052600476686577795,0.45586074514558617,61,14,inf
random_addition,42,187,62,0.0024481713276206444,0.0494789988542679,0.5185263712089566,62,14,inf
random_addition,42,187,63,0.0026540143364699193,0.05151712663250853,0.47804391832104975,63,14,inf
random_addition,42,187,64,0.002617653037539676,0.05116300457889153,0.4851949728024022,64,14,inf
random_addition,42,187,65,0.0029803058598756203,0.054592177643647995,0.4138732607998764,65,14,inf
random_addition,42,187,66,0.0032609128905062715,0.057104403424834686,0.3586872189662249,66,14,inf
random_addition,42,187,67,0.003342317599618854,0.05781278059061728,0.3426776283567282,67,14,inf
random_addition,42,187,68,0.0034350743387736144,0.05860950723878861,0.32443547214331026,68,14,inf
random_addition,42,187,69,0.0033132453019340618,0.057560796571399724,0.34839517945524323,69,14,inf
random_addition,42,187,70,0.0032395865739496764,0.05691736618950034,0.36288139398388175,70,14,inf
random_addition,42,187,71,0.0032633381177063756,0.057125634505941165,0.35821025768189696,71,14,inf
random_addition,42,187,72,0.0032649012140437915,0.0571393140844707,0.3579028487774486,72,14,inf
random_addition,42,187,73,0.003320069235287515,0.05762004195839773,0.3470531394120292,73,14,inf
random_addition,42,187,74,0.0033213951527580553,0.05763154650673583,0.34679237567837384,74,14,inf
random_addition,42,187,75,0.003251353917829126,0.05702064466339473,0.36056715000309913,75,14,inf
random_addition,42,187,76,0.0032575462431251416,0.05707491781093637,0.3593493261942463,76,14,inf
random_addition,42,187,77,0.0032176746781727057,0.056724550929669826,0.3671907328991785,77,14,inf
random_addition,42,187,78,0.003080034159389557,0.05549805545593068,0.3942600312360771,78,14,inf
random_addition,42,187,79,0.0031485111971191657,0.056111595923829916,0.38079288231861175,79,14,inf
random_addition,42,187,80,0.0032272749228865845,0.05680910950619262,0.3653026850295199,80,14,inf
random_addition,42,187,81,0.003153127056449751,0.0561527119242673,0.37988509677402493,81,14,inf
random_addition,42,187,82,0.0031793448096048135,0.056385679118059875,0.37472893935648666,82,14,inf
random_addition,42,187,83,0.0033615722616996157,0.057979067444204516,0.3388908786637729,83,14,inf
random_addition,42,187,84,0.003382421792599642,0.05815859173501059,0.3347904714791241,84,14,inf
random_addition,42,187,85,0.0034800862534784005,0.05899225587717764,0.315583130124907,85,14,inf
random_addition,42,187,86,0.0033633570176598362,0.05799445678390165,0.3385398767061162,86,14,inf
random_addition,42,187,87,0.0033645958804729764,0.058005136673168665,0.3382962337194153,87,14,inf
random_addition,42,187,88,0.0033845785055101408,0.058177130433789366,0.33436631799788574,88,14,inf
random_addition,42,187,89,0.0034709258867280735,0.05891456430058762,0.31738466867352777,89,14,inf
random_addition,42,187,90,0.0034568434711700013,0.05879492725711974,0.3201542100223672,90,14,inf
random_addition,42,187,91,0.003478543711425484,0.05897918032174984,0.3158864966872882,91,14,inf
random_addition,42,187,92,0.0034926808863379585,0.059098907657738974,0.3131061860002179,92,14,inf
random_addition,42,187,93,0.0035589414631255847,0.05965686434204856,0.3000749410085808,93,14,inf
random_addition,42,187,94,0.003375883763998922,0.05810235592468624,0.33607628359529973,94,14,inf
random_addition,42,187,95,0.003533457363149798,0.059442891611611544,0.30508681332053245,95,14,inf
random_addition,42,187,96,0.003521400661227894,0.059341390792834424,0.3074579643752394,96,14,inf
random_addition,42,187,97,0.003673396169621118,0.06060854865133398,0.2775655184665824,97,14,inf
random_addition,42,187,98,0.0036741751375377447,0.060614974532187546,0.2774123214638651,98,14,inf
random_addition,42,187,99,0.0036700546726753645,0.06058097616145983,0.2782226794429875,99,14,inf
random_addition,42,187,100,0.003706034170558739,0.060877205673049245,0.2711467124906157,100,14,inf
random_addition,42,187,101,0.0037596563545886155,0.0613160366836329,0.26060101773580546,101,14,inf
random_addition,42,187,102,0.0035610760633397777,0.05967475231066969,0.299655136357023,102,14,inf
random_addition,42,187,103,0.003512356926163499,0.0592651409022496,0.30923656536208743,103,14,inf
random_addition,42,187,104,0.003302947271084084,0.05747127344233886,0.35042045857962534,104,14,inf
random_addition,42,187,105,0.00327779079351538,0.057251993795110576,0.35536789849363504,105,14,inf
random_addition,42,187,106,0.0032765369724443564,0.057241042726738973,0.3556144832706519,106,14,inf
random_addition,42,187,107,0.003253330991227778,0.05703797849878428,0.3601783256210408,107,14,inf
random_addition,42,187,108,0.0031932869780968284,0.05650917605218491,0.37198697992687824,108,14,inf
random_addition,42,187,109,0.0032463074167534216,0.056976375953138876,0.3615596284126795,109,14,inf
random_addition,42,187,110,0.0032165401336815497,0.056714549576643465,0.3674138599520195,110,14,inf
random_addition,42,187,111,0.0032909056990126535,0.057366416124877924,0.3527886340974782,111,14,inf
random_addition,42,187,112,0.003282297420103779,0.05729133808966046,0.3544815953854161,112,14,inf
random_addition,42,187,113,0.003126695011685775,0.055916858027662594,0.38508339820223736,113,14,inf
random_addition,42,187,114,0.003109638622895279,0.05576413383972963,0.3884378208737145,114,14,inf
random_addition,42,187,115,0.0027573615390533678,0.05251058501914988,0.4577189712506107,115,14,inf
random_addition,42,187,116,0.002743962381362347,0.05238284434203957,0.46035413857058305,116,14,inf
random_addition,42,187,117,0.0026856131222254267,0.05182290152264177,0.471829491303035,117,14,inf
random_addition,42,187,118,0.0026860116222188458,0.05182674620520611,0.47175111964834715,118,14,inf
random_addition,42,187,119,0.0029024804752128064,0.05387467378288992,0.42917891769688843,119,14,inf
random_addition,42,187,120,0.002895830166816369,0.05381291821501942,0.4304868115032112,120,14,inf
random_addition,42,187,121,0.002937180203429233,0.05419575816822967,0.4223546387447028,121,14,inf
random_addition,42,187,122,0.0029972341959454626,0.05474700170735802,0.41054402182669447,122,14,inf
random_addition,42,187,123,0.002998753896508082,0.05476087925251093,0.4102451474234593,123,14,inf
random_addition,42,187,124,0.0029873107890096996,0.054656296883430544,0.41249562492465885,124,14,inf
random_addition,42,187,125,0.0029859166031265785,0.05464354127549365,0.41276981477762476,125,14,inf
random_addition,42,187,126,0.002965352268581041,0.05445504814598038,0.41681413335353734,126,14,inf
random_addition,42,187,127,0.003080773483645826,0.05550471586852621,0.3941146308188338,127,14,inf
random_addition,42,187,128,0.0031142883528908188,0.0558058093113147,0.3875233740992614,128,14,inf
random_addition,42,187,129,0.0028449226255421963,0.053337816092732894,0.4404986265888521,129,14,inf
random_addition,42,187,130,0.002882424933953068,0.053688219694389826,0.43312317360690245,130,14,inf
random_addition,42,187,131,0.002846110576723173,0.05334895103676522,0.4402649962217784,131,14,inf
random_addition,42,187,132,0.002867107563084688,0.053545378540866516,0.4361355894669905,132,14,inf
random_addition,42,187,133,0.0028872554979064912,0.053733188048974825,0.43217316282558094,133,14,inf
random_addition,42,187,134,0.002990235675653306,0.054683047424712035,0.41192039729650576,134,14,inf
random_addition,42,187,135,0.002942066511327499,0.05424081960412747,0.4213936649890567,135,14,inf
random_addition,42,187,136,0.0029190301065156418,0.05402804925698911,0.4259241573177305,136,14,inf
random_addition,42,187,137,0.0029595186985519636,0.05440145860684219,0.41796140196951137,137,14,inf
random_addition,42,187,138,0.003063319400805237,0.055347261908835536,0.3975472666428328,138,14,inf
random_addition,42,187,139,0.0029266336850333912,0.054098370447115976,0.4244287870797756,139,14,inf
random_addition,42,187,140,0.0029416945295471864,0.054237390511963114,0.4214668213958779,140,14,inf
random_addition,42,187,141,0.002841141801098596,0.053302362059280226,0.4412421886280543,141,14,inf
random_addition,42,187,142,0.002813485083947028,0.053042295236415134,0.44668134225965683,142,14,inf
random_addition,42,187,143,0.003071895297144881,0.055424681299443494,0.39586067392597535,143,14,inf
random_addition,42,187,144,0.0030699335347101654,0.05540698092036928,0.39624648715220345,144,14,inf
random_addition,42,187,145,0.0025489947914721757,0.05048757066320557,0.4986977593547942,145,14,inf
random_addition,42,187,146,0.002657591045971008,0.05155182873546785,0.47734049888173524,146,14,inf
random_addition,42,187,147,0.0026704243247735646,0.05167614850947741,0.4748166210613217,147,14,inf
random_addition,42,187,148,0.002662476136492733,0.051599187362716604,0.4763797645434431,148,14,inf
random_addition,42,187,149,0.0026474789487277604,0.05145365826379851,0.4793292110684457,149,14,inf
random_addition,42,187,150,0.0026800483819562917,0.05176918370958047,0.47292389007342817,150,14,inf
random_addition,42,188,10,0.00962854819961681,0.0981251659851682,-0.8936142210947935,10,10,inf
random_addition,42,188,11,0.019357477897372462,0.13913115358312983,-2.806970134132104,11,11,inf
random_addition,42,188,12,0.023552174157116433,0.15346717615541258,-3.63192695274578,12,12,inf
random_addition,42,188,13,0.012705604534806464,0.11271914005530057,-1.4987685511792441,13,13,inf
random_addition,42,188,14,0.01333408502475128,0.11547330871136965,-1.6223696973507398,14,14,inf
random_addition,42,188,15,0.013154264438575166,0.1146920417403717,-1.5870049868908347,15,14,inf
random_addition,42,188,16,0.009286167725203045,0.09636476391919946,-0.826279403640082,16,14,inf
random_addition,42,188,17,0.009801110248253473,0.09900055680779514,-0.9275514193665579,17,14,inf
random_addition,42,188,18,0.007336242493391025,0.08565186800876572,-0.44279416033229557,18,14,inf
random_addition,42,188,19,0.007324294337125258,0.08558209121729415,-0.4404443565870517,19,14,inf
random_addition,42,188,20,0.007507207488955886,0.08664414284275589,-0.4764172715427597,20,14,inf
random_addition,42,188,21,0.007500820971270972,0.08660728012858372,-0.47516125656929664,21,14,inf
random_addition,42,188,22,0.006844093303757866,0.08272903543350343,-0.3460048329000751,22,14,inf
random_addition,42,188,23,0.007088490949769806,0.0841931763848461,-0.39406969672956893,23,14,inf
random_addition,42,188,24,0.007236280150794064,0.08506632794939525,-0.42313490230177675,24,14,inf
random_addition,42,188,25,0.006745817702065173,0.08213292702725973,-0.3266773005355035,25,14,inf
random_addition,42,188,26,0.007260676336771833,0.08520960237421504,-0.42793281822328755,26,14,inf
random_addition,42,188,27,0.008674703103826831,0.09313808621518284,-0.7060247111641778,27,14,inf
random_addition,42,188,28,0.008145589787232012,0.09025292121162623,-0.6019657730872561,28,14,inf
random_addition,42,188,29,0.008099554704416114,0.08999752610164412,-0.5929122080344342,29,14,inf
random_addition,42,188,30,0.007996412634855546,0.08942266287052486,-0.5726276037863285,30,14,inf
random_addition,42,188,31,0.009947610619451442,0.09973770911471469,-0.9563631551074852,31,14,inf
random_addition,42,188,32,0.010708944788589407,0.10348403156327747,-1.106092187958192,32,14,inf
random_addition,42,188,33,0.008814018585462848,0.09388300477436184,-0.7334234188172308,33,14,inf
random_addition,42,188,34,0.008213998967427784,0.09063111478641198,-0.6154195766915529,34,14,inf
random_addition,42,188,35,0.007983349855227256,0.08934959348104084,-0.570058590809674,35,14,inf
random_addition,42,188,36,0.008025320225223922,0.08958415164092319,-0.5783127624503643,36,14,inf
random_addition,42,188,37,0.008114406319003863,0.09007999955042108,-0.5958330251718194,37,14,inf
random_addition,42,188,38,0.006328529370545563,0.07955205447092843,-0.24461060652509192,38,14,inf
random_addition,42,188,39,0.004742272288588011,0.06886415822899464,0.06735324372874918,39,14,inf
random_addition,42,188,40,0.004222377623894628,0.06497982474502857,0.169599180512228,40,14,inf
random_addition,42,188,41,0.00412705426614444,0.06424215334299155,0.18834610498059667,41,14,inf
random_addition,42,188,42,0.004170780351222899,0.06458157903940487,0.17974664275422836,42,14,inf
random_addition,42,188,43,0.0043351424571078205,0.06584179870802301,0.14742209967044728,43,14,inf
random_addition,42,188,44,0.004165371564025971,0.06453968983521668,0.1808103707579356,44,14,inf
random_addition,42,188,45,0.004058004468039595,0.06370246830413713,0.2019258967565013,45,14,inf
random_addition,42,188,46,0.0040630635510842845,0.0637421646250289,0.20093094389335786,46,14,inf
random_addition,42,188,47,0.004174513607533725,0.0646104759890664,0.17901243577986292,47,14,inf
random_addition,42,188,48,0.00413117494581911,0.06427421680440074,0.18753570475506287,48,14,inf
random_addition,42,188,49,0.004205590701769914,0.06485052584035009,0.17290060807999297,49,14,inf
random_addition,42,188,50,0.004196287958256313,0.06477876162953652,0.17473014738824033,50,14,inf
random_addition,42,188,51,0.004195651057101253,0.06477384547100205,0.17485540459832527,51,14,inf
random_addition,42,188,52,0.004305957076129989,0.06561979180194027,0.1531618904802281,52,14,inf
random_addition,42,188,53,0.004245140968803322,0.06515474632598398,0.1651223899571883,53,14,inf
random_addition,42,188,54,0.003947201528403453,0.06282675806058635,0.2237171385807316,54,14,inf
random_addition,42,188,55,0.0037204692718913997,0.06099564961447168,0.26830780961556355,55,14,inf
random_addition,42,188,56,0.0035607041456182944,0.059671636022638884,0.2997282801656095,56,14,inf
random_addition,42,188,57,0.003576959815902599,0.05980769027393216,0.29653133211221416,57,14,inf
random_addition,42,188,58,0.003050409398849889,0.05523051148459417,0.40008623334790494,58,14,inf
random_addition,42,188,59,0.0031119279313347346,0.05578465677347791,0.38798759027533636,59,14,inf
random_addition,42,188,60,0.0029389592287208644,0.054212168640636986,0.4220047638183816,60,14,inf
random_addition,42,188,61,0.0030739368057590448,0.055443095203632387,0.39545917728659397,61,14,inf
random_addition,42,188,62,0.003032855169966348,0.05507136433725197,0.403538564557666,62,14,inf
random_addition,42,188,63,0.002849178690080949,0.05337769843371808,0.4396616006770121,63,14,inf
random_addition,42,188,64,0.0030113392132012106,0.05487567050343176,0.4077700354779181,64,14,inf
random_addition,42,188,65,0.002893496432527911,0.053791230070783014,0.4309457791840353,65,14,inf
random_addition,42,188,66,0.002985287131226985,0.05463778117042259,0.4128936109010005,66,14,inf
random_addition,42,188,67,0.0029852718399726572,0.054637641237270274,0.4128966181806083,67,14,inf
random_addition,42,188,68,0.0027141377898003984,0.05209738755254815,0.4662196407781014,68,14,inf
random_addition,42,188,69,0.002834429234946429,0.053239357950170936,0.4425623264580014,69,14,inf
random_addition,42,188,70,0.002579282104700228,0.0507866331301872,0.4927412552320153,70,14,inf
random_addition,42,188,71,0.002709906553449999,0.05205676280225269,0.46705178381356427,71,14,inf
random_addition,42,188,72,0.0029227820691089213,0.054062760465119805,0.4251862714416508,72,14,inf
random_addition,42,188,73,0.0029409000951793806,0.054230066339433704,0.4216230601335791,73,14,inf
random_addition,42,188,74,0.0026460135786045566,0.051439416584994006,0.4796174004867193,74,14,inf
random_addition,42,188,75,0.0026259980088619897,0.051244492473455035,0.4835537953327613,75,14,inf
random_addition,42,188,76,0.0027004959401656916,0.0519662961944152,0.46890253750715816,76,14,inf
random_addition,42,188,77,0.003011508135877775,0.05487720962182548,0.407736814022723,77,14,inf
random_addition,42,188,78,0.0030087697123657854,0.05485225348484587,0.4082753705733243,78,14,inf
random_addition,42,188,79,0.002891273647645701,0.05377056488122197,0.43138292681793866,79,14,inf
random_addition,42,188,80,0.0027970452173390727,0.05288709877975037,0.449914515585098,80,14,inf
random_addition,42,188,81,0.003270538402720801,0.05718862126962671,0.35679420182211585,81,14,inf
random_addition,42,188,82,0.003032336002245988,0.055066650545007624,0.40364066752875005,82,14,inf
random_addition,42,188,83,0.0030208291748445486,0.05496207032895093,0.4059036766091757,83,14,inf
random_addition,42,188,84,0.00304505808344253,0.0551820449371218,0.40113865856787123,84,14,inf
random_addition,42,188,85,0.0029845386051497724,0.054630930846451556,0.4130408210094493,85,14,inf
random_addition,42,188,86,0.0030319807955784895,0.05506342520746861,0.40371052483050085,86,14,inf
random_addition,42,188,87,0.0029949338082995588,0.054725988417748644,0.410996431335377,87,14,inf
random_addition,42,188,88,0.002952305232133059,0.05433511969374006,0.4193800501718199,88,14,inf
random_addition,42,188,89,0.0029446557685008676,0.054264682515434176,0.42088444448105145,89,14,inf
random_addition,42,188,90,0.0029597517189910785,0.0544036002392404,0.4179155746227332,90,14,inf
random_addition,42,188,91,0.00297050970110969,0.0545023825269106,0.4157998384278522,91,14,inf
random_addition,42,188,92,0.003132680791404303,0.055970356363027586,0.38390619501808576,92,14,inf
random_addition,42,188,93,0.0034873712277905524,0.059053968772560514,0.3141504187055104,93,14,inf
random_addition,42,188,94,0.003425332500649332,0.05852634022941578,0.3263513667132184,94,14,inf
random_addition,42,188,95,0.0037451046668969916,0.061197260289141964,0.26346284925832786,95,14,inf
random_addition,42,188,96,0.003148772942669054,0.05611392824129366,0.3807414057008184,96,14,inf
random_addition,42,188,97,0.003040027052310439,0.055136440330424294,0.4021280945556225,97,14,inf
random_addition,42,188,98,0.0032076150804907166,0.056635810936992124,0.3691691201735824,98,14,inf
random_addition,42,188,99,0.0031544245963999592,0.056164264407182966,0.3796299139519407,99,14,inf
random_addition,42,188,100,0.003102631682858253,0.055701271824422936,0.38981585222645765,100,14,inf
random_addition,42,188,101,0.0030583777427641576,0.05530260159128283,0.39851912592508143,101,14,inf
random_addition,42,188,102,0.0031778917299852744,0.056372792462191144,0.3750147116427024,102,14,inf
random_addition,42,188,103,0.0029542231478381104,0.05435276577910374,0.41900286013458343,103,14,inf
random_addition,42,188,104,0.003046297770562802,0.05519327649780181,0.40089485346745657,104,14,inf
random_addition,42,188,105,0.0031103676097649735,0.05577066979842517,0.3882944534755537,105,14,inf
random_addition,42,188,106,0.00310937190995235,0.055761742350399615,0.3884902744120059,106,14,inf
random_addition,42,188,107,0.0030827470754244955,0.05552249161758229,0.3937264911552786,107,14,inf
random_addition,42,188,108,0.0033257872381697974,0.057669638790006285,0.34592859899849293,108,14,inf
random_addition,42,188,109,0.0033076974067582413,0.05751258476853776,0.3494862653577363,109,14,inf
random_addition,42,188,110,0.0032955665105041257,0.05740702492294933,0.35187200796245555,110,14,inf
random_addition,42,188,111,0.003193723213749015,0.056513035785993794,0.37190118692697804,111,14,inf
random_addition,42,188,112,0.0034797838110147495,0.05898969241329157,0.3156426104679826,112,14,inf
random_addition,42,188,113,0.003448138648618736,0.05872085360941831,0.3218661582240534,113,14,inf
random_addition,42,188,114,0.0035113017941987962,0.0592562384411869,0.3094440746201885,114,14,inf
random_addition,42,188,115,0.003520641068527941,0.05933499025472188,0.3076073509191971,115,14,inf
random_addition,42,188,116,0.003166302284174108,0.05626990567056345,0.37729396900815915,116,14,inf
random_addition,42,188,117,0.003201147115059217,0.05657868074689633,0.3704411532016898,117,14,inf
random_addition,42,188,118,0.003194286548234067,0.056518019677215044,0.37179039782668877,118,14,inf
random_addition,42,188,119,0.003198100977496892,0.056551754857801645,0.37104022684060656,119,14,inf
random_addition,42,188,120,0.003253546772781025,0.057039870027736084,0.36013588858802115,120,14,inf
random_addition,42,188,121,0.003369633524826756,0.05804854455390554,0.337305497131576,121,14,inf
random_addition,42,188,122,0.0033588908095215897,0.05795593851816731,0.3394182308535555,122,14,inf
random_addition,42,188,123,0.0033633802356738693,0.05799465695798079,0.3385353104973122,123,14,inf
random_addition,42,188,124,0.0028966807458440857,0.053820820746659795,0.4303195309838995,124,14,inf
random_addition,42,188,125,0.0033677211498959283,0.058032070012157315,0.3376815974833637,125,14,inf
random_addition,42,188,126,0.0036191084226227083,0.06015902611098943,0.28824210725402555,126,14,inf
random_addition,42,188,127,0.0036221983360540224,0.060184701844023636,0.2876344243620481,127,14,inf
random_addition,42,188,128,0.003503749669058685,0.05919247983535311,0.3109293256952541,128,14,inf
random_addition,42,188,129,0.0035590862024984645,0.0596580774287813,0.3000464756024619,129,14,inf
random_addition,42,188,130,0.002885817885855158,0.053719809063837505,0.43245589315713084,130,14,inf
random_addition,42,188,131,0.0027957030398261386,0.052874408174712825,0.45017847712665493,131,14,inf
random_addition,42,188,132,0.00279612740535425,0.05287842098015267,0.4500950185841712,132,14,inf
random_addition,42,188,133,0.0027290855054068587,0.05224064993285266,0.4632799237762797,133,14,inf
random_addition,42,188,134,0.002719582530296915,0.052149616779962195,0.46514884195977235,134,14,inf
random_addition,42,188,135,0.0027299714454815747,0.05224912865763002,0.4631056889186729,135,14,inf
random_addition,42,188,136,0.002678488316855774,0.05175411400899231,0.47323070283470114,136,14,inf
random_addition,42,188,137,0.0027446659125626564,0.05238955919420067,0.4602157774533855,137,14,inf
random_addition,42,188,138,0.0029391390902227753,0.05421382748176682,0.4219693910611616,138,14,inf
random_addition,42,188,139,0.0028519926435433794,0.053404050815863954,0.43910818990484923,139,14,inf
random_addition,42,188,140,0.0028522496312766168,0.05340645683132908,0.43905764899086963,140,14,inf
random_addition,42,188,141,0.0028814284795241002,0.053678938882247854,0.43331914295121554,141,14,inf
random_addition,42,188,142,0.002845044557702759,0.05333895909841847,0.44047464660054403,142,14,inf
random_addition,42,188,143,0.0026058634480806667,0.05104765859547984,0.4875135917465684,143,14,inf
random_addition,42,188,144,0.0026216324132340182,0.051201879001009504,0.4844123623558776,144,14,inf
random_addition,42,188,145,0.0026067393802564538,0.051056237427531355,0.487341325108816,145,14,inf
random_addition,42,188,146,0.002592716331881886,0.050918722802932574,0.490099190913158,146,14,inf
random_addition,42,188,147,0.002679435541848469,0.05176326440486988,0.47304441527820174,147,14,inf
random_addition,42,188,148,0.002682374899968752,0.05179164894043008,0.4724663415933569,148,14,inf
random_addition,42,188,149,0.00264853837619883,0.051463952201505375,0.47912085702754104,149,14,inf
random_addition,42,188,150,0.0026800483819562917,0.05176918370958047,0.47292389007342817,150,14,inf
random_addition,42,189,10,0.00962854819961681,0.0981251659851682,-0.8936142210947935,10,10,inf
random_addition,42,189,11,0.020393787085013035,0.14280681736182288,-3.0107775799156204,11,11,inf
random_addition,42,189,12,0.009686592777366863,0.09842048962165786,-0.9050296531626638,12,12,inf
random_addition,42,189,13,0.009310989270095688,0.0964934674995965,-0.8311609734701133,13,13,inf
random_addition,42,189,14,0.009577639741400383,0.09786541647282958,-0.8836022256772005,14,14,inf
random_addition,42,189,15,0.007872115592311352,0.08872494346186618,-0.548182522085322,15,14,inf
random_addition,42,189,16,0.007465382290409257,0.08640244377567834,-0.46819165028335075,16,14,inf
random_addition,42,189,17,0.007391950709475102,0.08597645438999624,-0.453750108001834,17,14,inf
random_addition,42,189,18,0.007218338430493699,0.08496080526038874,-0.4196063644570964,18,14,inf
random_addition,42,189,19,0.005309699586796526,0.07286768547714773,-0.0442407763715813,19,14,inf
random_addition,42,189,20,0.005350426104393088,0.07314660692330908,-0.0522503237402685,20,14,inf
random_addition,42,189,21,0.0042199612178878574,0.06496122857434161,0.17007440696210352,21,14,inf
random_addition,42,189,22,0.004544410643754177,0.06741224401957094,0.10626602857428447,22,14,inf
random_addition,42,189,23,0.004602027479643328,0.06783824496287716,0.09493471906092255,23,14,inf
random_addition,42,189,24,0.004693114870127916,0.06850631262977096,0.07702086804121289,24,14,inf
random_addition,42,189,25,0.004415420745217544,0.06644863238033981,0.1316340384946444,25,14,inf
random_addition,42,189,26,0.004319676136247458,0.06572424313940373,0.1504638090249648,26,14,inf
random_addition,42,189,27,0.004245137295875755,0.06515471813979211,0.16512311229951138,27,14,inf
random_addition,42,189,28,0.00412199907793822,0.06420279649624477,0.18934029185894552,28,14,inf
random_addition,42,189,29,0.003553491121131782,0.059611166077604805,0.3011468414545594,29,14,inf
random_addition,42,189,30,0.0037685125020378214,0.06138821142562977,0.25885930897491505,30,14,inf
random_addition,42,189,31,0.0030411429157318802,0.055146558512130926,0.40190864144599114,31,14,inf
random_addition,42,189,32,0.0037983647117533327,0.06163087466321838,0.2529883751979365,32,14,inf
random_addition,42,189,33,0.003982408500257951,0.06310632694316752,0.2167931017266589,33,14,inf
random_addition,42,189,34,0.004365672992507363,0.0660732396095981,0.1414177618604634,34,14,inf
random_addition,42,189,35,0.004607365259654368,0.06787757552869997,0.0938849558018694,35,14,inf
random_addition,42,189,36,0.0050696361091829255,0.07120137715790985,0.002971701122447934,36,14,inf
random_addition,42,189,37,0.005241625325675088,0.0723990699227213,-0.030852840176257113,37,14,inf
random_addition,42,189,38,0.005343539437967977,0.07309951735796877,-0.05089594619464366,38,14,inf
random_addition,42,189,39,0.005226244344052456,0.07229276826939508,-0.027827914202871673,39,14,inf
random_addition,42,189,40,0.005213942476590551,0.07220763447579868,-0.025408547265204584,40,14,inf
random_addition,42,189,41,0.00549217113463161,0.07410918387508805,-0.08012684255333924,41,14,inf
random_addition,42,189,42,0.005786569299775526,0.07606950308616145,-0.1380251404714945,42,14,inf
random_addition,42,189,43,0.0035991707245024694,0.05999308897283477,0.29216318734976443,43,14,inf
random_addition,42,189,44,0.0035546655486659723,0.05962101599827004,0.3009158707376577,44,14,inf
random_addition,42,189,45,0.0035593226399612344,0.05966005900065164,0.2999999762411233,45,14,inf
random_addition,42,189,46,0.003428109331878086,0.05855005834222615,0.32580525664601656,46,14,inf
random_addition,42,189,47,0.0034230478045439786,0.05850681844489562,0.32680069021934666,47,14,inf
random_addition,42,189,48,0.003183469391898462,0.0564222419963835,0.3739177716159918,48,14,inf
random_addition,42,189,49,0.0034475509726588248,0.05871584941613997,0.32198173448041234,49,14,inf
random_addition,42,189,50,0.003474220911768088,0.0589425221021979,0.31673664717067196,50,14,inf
random_addition,42,189,51,0.0035167605215859167,0.059302280913856226,0.3083705250470823,51,14,inf
random_addition,42,189,52,0.0035266964977961057,0.05938599580537575,0.3064164499921511,52,14,inf
random_addition,42,189,53,0.00321914342843897,0.05673749578928356,0.36690187871952706,53,14,inf
random_addition,42,189,54,0.003294517982587396,0.0573978917956696,0.3520782184246324,54,14,inf
random_addition,42,189,55,0.003306355567190119,0.057500917968238724,0.3497501604368226,55,14,inf
random_addition,42,189,56,0.0033175555489462745,0.05759822522392747,0.34754749765840887,56,14,inf
random_addition,42,189,57,0.003258814616319254,0.05708602820585133,0.3590998795000788,57,14,inf
random_addition,42,189,58,0.003358426789901199,0.05795193516959722,0.3395094880331243,58,14,inf
random_addition,42,189,59,0.003411939031798418,0.05841180558584384,0.3289854152281222,59,14,inf
random_addition,42,189,60,0.0035831125521266945,0.059859105841356286,0.2953212941531108,60,14,inf
random_addition,42,189,61,0.003524085096645907,0.05936400505900783,0.3069300254816726,61,14,inf
random_addition,42,189,62,0.00362632697579717,0.060218991819833464,0.28682245865659384,62,14,inf
random_addition,42,189,63,0.0037309111044090404,0.06108118453672162,0.26625424950039667,63,14,inf
random_addition,42,189,64,0.00408765555067383,0.06393477575368377,0.196094517966781,64,14,inf
random_addition,42,189,65,0.004622886432432278,0.06799181151015377,0.09083245890503822,65,14,inf
random_addition,42,189,66,0.005554881185974471,0.07453107530402651,-0.09245981763603672,66,14,inf
random_addition,42,189,67,0.004177398242361496,0.06463279540884408,0.17844512434107818,67,14,inf
random_addition,42,189,68,0.004739453779499579,0.06884369092008054,0.06790755044057017,68,14,inf
random_addition,42,189,69,0.004785045125557251,0.0691740205970222,0.0589412536049686,69,14,inf
random_addition,42,189,70,0.0048914293556327065,0.0699387543185658,0.03801902454253103,70,14,inf
random_addition,42,189,71,0.004883828968971675,0.06988439717828061,0.039513767048750315,71,14,inf
random_addition,42,189,72,0.0041608079507371686,0.06450432505450443,0.18170788124903936,72,14,inf
random_addition,42,189,73,0.004177209266313568,0.0646313334715722,0.17848228962543722,73,14,inf
random_addition,42,189,74,0.004169923378381303,0.06457494388988118,0.1799151807234316,74,14,inf
random_addition,42,189,75,0.004166544093499343,0.0645487729821361,0.18057977332627728,75,14,inf
random_addition,42,189,76,0.004007099726920316,0.06330165658906815,0.2119371611450882,76,14,inf
random_addition,42,189,77,0.0036336299019375435,0.0602795977254124,0.2853862167114618,77,14,inf
random_addition,42,189,78,0.003651854893010066,0.0604305791219153,0.2818019689558523,78,14,inf
random_addition,42,189,79,0.003650498016963829,0.06041935134510986,0.2820688212085646,79,14,inf
random_addition,42,189,80,0.003661498635406835,0.06051031842096714,0.2799053665430583,80,14,inf
random_addition,42,189,81,0.0034452507655775245,0.05869625853133677,0.322434108478061,81,14,inf
random_addition,42,189,82,0.0032895986115746125,0.05735502254881095,0.3530456945919136,82,14,inf
random_addition,42,189,83,0.003255624177634938,0.057058077233945924,0.3597273323557848,83,14,inf
random_addition,42,189,84,0.0032338446098761284,0.056866902587323395,0.3640106467643911,84,14,inf
random_addition,42,189,85,0.003234643763759304,0.056873928682299624,0.36385347985546046,85,14,inf
random_addition,42,189,86,0.0029080313679941353,0.05392616589369335,0.4280872422653924,86,14,inf
random_addition,42,189,87,0.0029193106170757746,0.05403064516619966,0.4258689902484255,87,14,inf
random_addition,42,189,88,0.002867095599400624,0.05354526682537518,0.4361379423245356,88,14,inf
random_addition,42,189,89,0.002921767884922477,0.05405337995835669,0.42538572763779225,89,14,inf
random_addition,42,189,90,0.0029515870350284154,0.054328510333234936,0.4195212955831433,90,14,inf
random_addition,42,189,91,0.002914923699106409,0.0539900333312215,0.42673175066477753,91,14,inf
random_addition,42,189,92,0.002949766889886022,0.054311756461064876,0.4198792574123451,92,14,inf
random_addition,42,189,93,0.002924835085410742,0.05408174447455206,0.4247825116240054,93,14,inf
random_addition,42,189,94,0.002910075705252673,0.05394511752932486,0.4276851893260266,94,14,inf
random_addition,42,189,95,0.0029807930637218262,0.05459663967426774,0.41377744405651895,95,14,inf
random_addition,42,189,96,0.0029540669791059946,0.054351329138356816,0.41903357331437896,96,14,inf
random_addition,42,189,97,0.002951448406786892,0.05432723448498821,0.4195485591335927,97,14,inf
random_addition,42,189,98,0.0029294739450952214,0.054124614964868076,0.42387020267710285,98,14,inf
random_addition,42,189,99,0.002957136572854774,0.054379560248817516,0.4184298866260885,99,14,inf
random_addition,42,189,100,0.0029388584239385196,0.05421123890798401,0.42202458875620663,100,14,inf
random_addition,42,189,101,0.0028126884608721215,0.05303478538536874,0.44683801144302915,101,14,inf
random_addition,42,189,102,0.0027170283806690694,0.05212512235639423,0.4656511579847661,102,14,inf
random_addition,42,189,103,0.0027299784921167875,0.05224919609062696,0.46310430308060335,103,14,inf
random_addition,42,189,104,0.0027363380909631147,0.052310019030422025,0.4618535821446742,104,14,inf
random_addition,42,189,105,0.0027490774401465706,0.05243164540758349,0.45934817714683207,105,14,inf
random_addition,42,189,106,0.0027710074302480982,0.05264035932863774,0.45503527968152424,106,14,inf
random_addition,42,189,107,0.002793960680912667,0.0528579292151392,0.45052114099958773,107,14,inf
random_addition,42,189,108,0.0028518294155623265,0.05340252255804333,0.43914029140341315,108,14,inf
random_addition,42,189,109,0.002860701045275359,0.05348552182857861,0.43739553779771856,109,14,inf
random_addition,42,189,110,0.0028925694376501243,0.053782612781921674,0.4311280881518118,110,14,inf
random_addition,42,189,111,0.0031147952224187137,0.055810350495393894,0.38742368977236574,111,14,inf
random_addition,42,189,112,0.0030401820458076548,0.05513784585752018,0.4020976125053257,112,14,inf
random_addition,42,189,113,0.0028407621895047007,0.05329880101376297,0.44131684556467554,113,14,inf
random_addition,42,189,114,0.00280009381280551,0.052915912661556826,0.4493149585584384,114,14,inf
random_addition,42,189,115,0.0028017952199960194,0.05293198673766194,0.44898034852325686,115,14,inf
random_addition,42,189,116,0.002740181633777106,0.05234674425193133,0.46109768549431007,116,14,inf
random_addition,42,189,117,0.0026737841682566432,0.051708646938946716,0.474155851933068,117,14,inf
random_addition,42,189,118,0.002697399465283838,0.05193649454173662,0.4695115108175659,118,14,inf
random_addition,42,189,119,0.0026777119661972816,0.05174661308914122,0.4733833851100556,119,14,inf
random_addition,42,189,120,0.0026686772595451813,0.05165924176316549,0.4751602105093944,120,14,inf
random_addition,42,189,121,0.0026642865688418734,0.05161672760687056,0.4760237128966539,121,14,inf
random_addition,42,189,122,0.0026676312423759632,0.05164911656917244,0.47536592719129456,122,14,inf
random_addition,42,189,123,0.002587063506419403,0.050863184194655006,0.49121091310254794,123,14,inf
random_addition,42,189,124,0.0025645147198942665,0.050641037903011686,0.4956455071812407,124,14,inf
random_addition,42,189,125,0.0025868911937693704,0.05086149028262316,0.4912448012524342,125,14,inf
random_addition,42,189,126,0.002575998482628032,0.0507542952135879,0.49338703415150587,126,14,inf
random_addition,42,189,127,0.0025686113620446835,0.050681469612124344,0.49483983433483236,127,14,inf
random_addition,42,189,128,0.0025645238288820116,0.050641127839751075,0.49564371574722843,128,14,inf
random_addition,42,189,129,0.0025767611214687104,0.05076180770489473,0.4932370485332872,129,14,inf
random_addition,42,189,130,0.002764699601750854,0.05258041081763106,0.4562758191168552,130,14,inf
random_addition,42,189,131,0.0028983558341448895,0.05383638021027128,0.42999009699632107,131,14,inf
random_addition,42,189,132,0.002918134531863387,0.05401976056836412,0.4261002869753283,132,14,inf
random_addition,42,189,133,0.00295072770534936,0.05432060111366,0.41969029706365035,133,14,inf
random_addition,42,189,134,0.0029543189852444555,0.05435364739596098,0.41898401211390524,134,14,inf
random_addition,42,189,135,0.002981375617232718,0.054601974481081894,0.41366287521499645,135,14,inf
random_addition,42,189,136,0.003007281143125655,0.05483868290837823,0.40856812248397134,136,14,inf
random_addition,42,189,137,0.0030643414229130604,0.05535649395430549,0.39734626898903025,137,14,inf
random_addition,42,189,138,0.0032040368264546573,0.056604212091103764,0.3698728433713996,138,14,inf
random_addition,42,189,139,0.0032048215529876965,0.05661114336407362,0.36971851384094223,139,14,inf
random_addition,42,189,140,0.0032000132805844865,0.05656865987969387,0.37066414061798614,140,14,inf
random_addition,42,189,141,0.003279907965006089,0.05727048074711866,0.35495152149056175,141,14,inf
random_addition,42,189,142,0.0035089289837671235,0.05923621344892939,0.30991072727479707,142,14,inf
random_addition,42,189,143,0.003498672871154495,0.05914958048164412,0.3119277624802911,143,14,inf
random_addition,42,189,144,0.0033800268857504265,0.058137998639017724,0.3352614697619236,144,14,inf
random_addition,42,189,145,0.003230353970959607,0.05683620299562249,0.3646971389910484,145,14,inf
random_addition,42,189,146,0.0031985402244431166,0.056555638308157366,0.3709538416196263,146,14,inf
random_addition,42,189,147,0.003166960449239943,0.056275753653238114,0.37716452989619187,147,14,inf
random_addition,42,189,148,0.00297637551069273,0.05455616840186571,0.4146462293671299,148,14,inf
random_addition,42,189,149,0.0026934674623212878,0.05189862678646987,0.4702848046281083,149,14,inf
random_addition,42,189,150,0.0026800483819562917,0.05176918370958047,0.47292389007342817,150,14,inf
random_addition,42,190,10,0.00962854819961681,0.0981251659851682,-0.8936142210947935,10,10,inf
random_addition,42,190,11,0.006848898277566158,0.08275807076996272,-0.34694981095354027,11,11,inf
random_addition,42,190,12,0.007549814848404829,0.08688967055067495,-0.48479671775865185,12,12,inf
random_addition,42,190,13,0.010841749894180335,0.10412372397383958,-1.132210521830269,13,13,inf
random_addition,42,190,14,0.01208051087362087,0.1099113773620405,-1.3758334812395874,14,14,inf
random_addition,42,190,15,0.01335107305239519,0.1155468435414624,-1.6257106756652213,15,14,inf
random_addition,42,190,16,0.012949540706440249,0.11379604872947148,-1.5467426583934074,16,14,inf
random_addition,42,190,17,0.0050432637702492065,0.0710159402546302,0.008158260405643825,17,14,inf
random_addition,42,190,18,0.004883084027851712,0.0698790671650081,0.039660272115703,18,14,inf
random_addition,42,190,19,0.004926383483226686,0.07018820045582225,0.031144713719581052,19,14,inf
random_addition,42,190,20,0.0036538702059385744,0.060447251434110505,0.28140562413394743,20,14,inf
random_addition,42,190,21,0.004051547131270885,0.06365176455740158,0.2031958394812119,21,14,inf
random_addition,42,190,22,0.00393700992525852,0.06274559685952888,0.22572148692597505,22,14,inf
random_addition,42,190,23,0.003845635449583191,0.06201318770699658,0.2436917980254999,23,14,inf
random_addition,42,190,24,0.005132043663171787,0.07163828350241082,-0.009301782822073612,24,14,inf
random_addition,42,190,25,0.004821791047259587,0.06943911755818608,0.05171455665541724,25,14,inf
random_addition,42,190,26,0.004047105900080138,0.06361686804676994,0.20406928149631265,26,14,inf
random_addition,42,190,27,0.004006833044748289,0.06329955011489646,0.21198960863176985,27,14,inf
random_addition,42,190,28,0.005453883605595089,0.07385041371309364,-0.07259696286939876,28,14,inf
random_addition,42,190,29,0.005192519657415784,0.07205913999914088,-0.02119539340189469,29,14,inf
random_addition,42,190,30,0.005236798911618984,0.0723657302292942,-0.029903645541297097,30,14,inf
random_addition,42,190,31,0.004726153890570692,0.06874702823083113,0.07052319490665115,31,14,inf
random_addition,42,190,32,0.005518064365691902,0.0742836749608681,-0.08521917730094053,32,14,inf
random_addition,42,190,33,0.0052471043343504786,0.07243689898353241,-0.03193037840217916,33,14,inf
random_addition,42,190,34,0.005422664968200354,0.07363874637852245,-0.0664572983521432,34,14,inf
random_addition,42,190,35,0.005390686256148081,0.07342129293432581,-0.0601681525059512,35,14,inf
random_addition,42,190,36,0.005573183959250567,0.07465376051647075,-0.09605936255626357,36,14,inf
random_addition,42,190,37,0.005992871044931798,0.07741363603998845,-0.178597811487478,37,14,inf
random_addition,42,190,38,0.006670230118468057,0.0816714767741349,-0.3118117444547448,38,14,inf
random_addition,42,190,39,0.006667174744829529,0.08165276936411606,-0.3112108543877561,39,14,inf
random_addition,42,190,40,0.006048032917128128,0.07776910001490392,-0.18944631154040814,40,14,inf
random_addition,42,190,41,0.006011278987178578,0.0775324382899092,-0.18221803963578598,41,14,inf
random_addition,42,190,42,0.006166225624877296,0.07852531836851918,-0.21269087422873034,42,14,inf
random_addition,42,190,43,0.00622170087411806,0.07887775905867293,-0.22360100509199698,43,14,inf
random_addition,42,190,44,0.006178191150934314,0.07860147041203691,-0.21504409403245428,44,14,inf
random_addition,42,190,45,0.005915424942555961,0.07691179976151878,-0.1633667467634019,45,14,inf
random_addition,42,190,46,0.005636889751273385,0.0750792231664219,-0.10858816661265447,46,14,inf
random_addition,42,190,47,0.005762754883207024,0.07591281106115769,-0.1333416391848743,47,14,inf
random_addition,42,190,48,0.005654629920837496,0.07519727336039184,-0.11207706615127555,48,14,inf
random_addition,42,190,49,0.0058286818152768665,0.07634580417597857,-0.14630726739095978,49,14,inf
random_addition,42,190,50,0.006068505328394026,0.07790061186148685,-0.19347255187378964,50,14,inf
random_addition,42,190,51,0.005802890748670386,0.0761767073892695,-0.14123502498320217,51,14,inf
random_addition,42,190,52,0.0056398852512432,0.07509916944442994,-0.10917728152640205,52,14,inf
random_addition,42,190,53,0.005638386740819662,0.0750891919041593,-0.10888257451661798,53,14,inf
random_addition,42,190,54,0.004844997538357613,0.06960601653849768,0.047150614028357296,54,14,inf
random_addition,42,190,55,0.004871191552526523,0.0697939220314099,0.04199912527745919,55,14,inf
random_addition,42,190,56,0.004538047953595543,0.06736503509681817,0.10751735746821778,56,14,inf
random_addition,42,190,57,0.003643313070951596,0.06035986307929795,0.2834818603983258,57,14,inf
random_addition,42,190,58,0.0034072770803798462,0.05837188604439509,0.3299022655487772,58,14,inf
random_addition,42,190,59,0.003276424374264722,0.057240059174189555,0.35563662757629433,59,14,inf
random_addition,42,190,60,0.0033021471660913274,0.057464312108397565,0.3505778125400816,60,14,inf
random_addition,42,190,61,0.0032970323523895026,0.05741979059862116,0.35158372576430064,61,14,inf
random_addition,42,190,62,0.00334283882028706,0.05781728824743564,0.3425751216392895,62,14,inf
random_addition,42,190,63,0.003604338192040725,0.060036140715744916,0.291146918872459,63,14,inf
random_addition,42,190,64,0.0034501854163063047,0.05873827896956383,0.3214636273003767,64,14,inf
random_addition,42,190,65,0.003244659302568442,0.056961910980658316,0.3618837574915359,65,14,inf
random_addition,42,190,66,0.003293447067299097,0.0573885621644165,0.3522888317359508,66,14,inf
random_addition,42,190,67,0.0032714877561531687,0.057196920862518194,0.3566074956725379,67,14,inf
random_addition,42,190,68,0.0029706015296499877,0.05450322494724498,0.4157817788173891,68,14,inf
random_addition,42,190,69,0.003092757817562786,0.05561256888116917,0.39175771213649213,69,14,inf
random_addition,42,190,70,0.002972531841386346,0.054520930305583984,0.41540215089432797,70,14,inf
random_addition,42,190,71,0.0024561337681900755,0.04955939636628028,0.5169604247771262,71,14,inf
random_addition,42,190,72,0.0024477098109776845,0.04947433487150368,0.5186171361363645,72,14,inf
random_addition,42,190,73,0.0024091231003360437,0.04908281878963395,0.52620585486129,73,14,inf
random_addition,42,190,74,0.0025629074155751256,0.05062516583256914,0.4959616103209097,74,14,inf
random_addition,42,190,75,0.00256682761421658,0.05066386892270053,0.49519063802653296,75,14,inf
random_addition,42,190,76,0.00257379838648886,0.050732616594148384,0.49381971966655347,76,14,inf
random_addition,42,190,77,0.0024450586238815445,0.04944753405258491,0.5191385361941876,77,14,inf
random_addition,42,190,78,0.002414944265034083,0.049142082424680406,0.5250610259600876,78,14,inf
random_addition,42,190,79,0.0024135028239751933,0.04912741417961252,0.5253445093296876,79,14,inf
random_addition,42,190,80,0.0022066271226679206,0.046974749841461855,0.566030058373312,80,14,inf
random_addition,42,190,81,0.002216922804180147,0.047084209711751,0.5640052412852912,81,14,inf
random_addition,42,190,82,0.0022258727082284653,0.047179155442085494,0.5622450937290893,82,14,inf
random_addition,42,190,83,0.0022079954943391407,0.046989312554443066,0.565760945314661,83,14,inf
random_addition,42,190,84,0.0023427593932527848,0.04840205980382224,0.5392573821416364,84,14,inf
random_addition,42,190,85,0.0023198593161235345,0.048164917898025475,0.5437610633630527,85,14,inf
random_addition,42,190,86,0.002249259516679979,0.047426358880689745,0.5576456886940114,86,14,inf
random_addition,42,190,87,0.002215770301298636,0.04707196937986168,0.5642319001544205,87,14,inf
random_addition,42,190,88,0.0021833666994892148,0.046726509600966505,0.5706046076414595,88,14,inf
random_addition,42,190,89,0.0025436700980388553,0.05043481037972539,0.4997449489205801,89,14,inf
random_addition,42,190,90,0.0026663364967347255,0.05163658099385285,0.47562056046602286,90,14,inf
random_addition,42,190,91,0.002655973257281625,0.051536135451560834,0.47765866394727063,91,14,inf
random_addition,42,190,92,0.002635329746598982,0.05133546285560287,0.48171855382802453,92,14,inf
random_addition,42,190,93,0.0026450225740999246,0.051429782948209345,0.47981229801272585,93,14,inf
random_addition,42,190,94,0.0026730033522242925,0.05170109623812915,0.4743094123984949,94,14,inf
random_addition,42,190,95,0.002741718160138348,0.05236141862228666,0.46079550201779684,95,14,inf
random_addition,42,190,96,0.0023821160782837377,0.048806926540028495,0.5315172351407909,96,14,inf
random_addition,42,190,97,0.002355966171432745,0.04853829592633784,0.5366600494536812,97,14,inf
random_addition,42,190,98,0.0021774938472347133,0.046663624454543966,0.5717596017607136,98,14,inf
random_addition,42,190,99,0.0021751248641993077,0.04663823393096385,0.5722255016941589,99,14,inf
random_addition,42,190,100,0.002163521473698482,0.046513669750928945,0.5745075015148747,100,14,inf
random_addition,42,190,101,0.0024147933504447766,0.04914054690827908,0.5250907058252714,101,14,inf
random_addition,42,190,102,0.002395605196367715,0.04894492002616528,0.5288643756126157,102,14,inf
random_addition,42,190,103,0.0023256027200197127,0.04822450331542786,0.5426315274174647,103,14,inf
random_addition,42,190,104,0.0023433910471117514,0.04840858443614884,0.5391331568996424,104,14,inf
random_addition,42,190,105,0.002412616480271644,0.049118392484604416,0.5255188235676207,105,14,inf
random_addition,42,190,106,0.0024091306463162134,0.04908289565944753,0.5262043708187256,106,14,inf
random_addition,42,190,107,0.0022591176583076304,0.047530176291569026,0.5557069211048924,107,14,inf
random_addition,42,190,108,0.002067714251249476,0.045472126091150346,0.593349586027704,108,14,inf
random_addition,42,190,109,0.0020720637674095936,0.045519927146356394,0.5924941812995013,109,14,inf
random_addition,42,190,110,0.002065193514013554,0.045444400249244725,0.5938453309498488,110,14,inf
random_addition,42,190,111,0.002069132689081015,0.045487720200962097,0.593070626625533,111,14,inf
random_addition,42,190,112,0.0020685883391244895,0.045481736324864394,0.5931776821023877,112,14,inf
random_addition,42,190,113,0.002125366814095191,0.04610170077226209,0.5820112502138426,113,14,inf
random_addition,42,190,114,0.0022172974177885325,0.047088187667275246,0.5639315672856864,114,14,inf
random_addition,42,190,115,0.002189151791296946,0.04678837239418514,0.5694668730743837,115,14,inf
random_addition,42,190,116,0.0021808436933114387,0.04669950420841145,0.5711007987887746,116,14,inf
random_addition,42,190,117,0.0022201525588720723,0.04711849487061394,0.5633700562824764,117,14,inf
random_addition,42,190,118,0.0023286195255253087,0.04825577194000018,0.5420382224155849,118,14,inf
random_addition,42,190,119,0.0022411198427582935,0.04734046728495921,0.5592464910136998,119,14,inf
random_addition,42,190,120,0.0022020699403897887,0.046926218049079864,0.5669263040991561,120,14,inf
random_addition,42,190,121,0.0021487684421623225,0.04635481034544659,0.5774089306547573,121,14,inf
random_addition,42,190,122,0.0021495950841561055,0.046363725952042564,0.5772463577514775,122,14,inf
random_addition,42,190,123,0.0020929143458630088,0.04574838080045029,0.5883935680960475,123,14,inf
random_addition,42,190,124,0.0020960937848390846,0.0457831168100107,0.5877682785160006,124,14,inf
random_addition,42,190,125,0.002058662559650186,0.04537248681359868,0.5951297517995346,125,14,inf
random_addition,42,190,126,0.002212660157613693,0.047038921730984576,0.5648435616624027,126,14,inf
random_addition,42,190,127,0.002186729901312289,0.04676248390870922,0.5699431780397632,127,14,inf
random_addition,42,190,128,0.002304050777086985,0.04800052892507524,0.546870075616378,128,14,inf
random_addition,42,190,129,0.0023161805726686644,0.04812671371149982,0.5444845494772084,129,14,inf
random_addition,42,190,130,0.00231314485611737,0.048095164581456316,0.5450815736509018,130,14,inf
random_addition,42,190,131,0.0024036018421688126,0.049026542221217405,0.5272917021528081,131,14,inf
random_addition,42,190,132,0.0024067263221919507,0.04905839706097164,0.5266772211653653,132,14,inf
random_addition,42,190,133,0.0023745799954631606,0.04872966237789013,0.5329993312267782,133,14,inf
random_addition,42,190,134,0.002451920356510515,0.04951686941346873,0.5177890622944687,134,14,inf
random_addition,42,190,135,0.0022217305160949466,0.047135236459520884,0.5630597247376197,135,14,inf
random_addition,42,190,136,0.002211678807543282,0.04702848931810676,0.5650365604832712,136,14,inf
random_addition,42,190,137,0.0021827379735636166,0.046719781394647136,0.5707282570566362,137,14,inf
random_addition,42,190,138,0.002177025448575406,0.04665860530036668,0.5718517201511519,138,14,inf
random_addition,42,190,139,0.00229312912388194,0.04788662781906803,0.5490180004538693,139,14,inf
random_addition,42,190,140,0.002307620009470297,0.0480376936318793,0.5461681266766925,140,14,inf
random_addition,42,190,141,0.0023151587088900134,0.0481160961518078,0.5446855159929446,141,14,inf
random_addition,42,190,142,0.002652388012428844,0.051501339909062985,0.47836376200552244,142,14,inf
random_addition,42,190,143,0.0025572452403774125,0.05056921237647876,0.49707517129131085,143,14,inf
random_addition,42,190,144,0.0025495811842296237,0.05049337762746342,0.4985824354615519,144,14,inf
random_addition,42,190,145,0.002664967177050406,0.05162332008937827,0.47588985996722444,145,14,inf
random_addition,42,190,146,0.002693706989130293,0.05190093437627393,0.4702376976954261,146,14,inf
random_addition,42,190,147,0.0026449165195211637,0.051428751875980463,0.47983315541037197,147,14,inf
random_addition,42,190,148,0.0026564797006155437,0.051541048695341304,0.4775590634385123,148,14,inf
random_addition,42,190,149,0.0026780981060850048,0.051750344019001505,0.4733074442758233,149,14,inf
random_addition,42,190,150,0.0026800483819562917,0.05176918370958047,0.47292389007342817,150,14,inf
random_addition,42,191,10,0.00962854819961681,0.0981251659851682,-0.8936142210947935,10,10,inf
random_addition,42,191,11,0.006600757739450595,0.08124504747644988,-0.2981488451106893,11,11,inf
random_addition,42,191,12,0.006832406613409475,0.08265837291774787,-0.34370645077823814,12,12,inf
random_addition,42,191,13,0.007868021112144857,0.08870186645243074,-0.5473772744290268,13,13,inf
random_addition,42,191,14,0.014512515395414174,0.12046790192999202,-1.8541276386513892,14,14,inf
random_addition,42,191,15,0.0032586272797333004,0.05708438735532948,0.35913672235696015,15,14,inf
random_addition,42,191,16,0.0042697212318749764,0.06534310393511297,0.1602882722121488,16,14,inf
random_addition,42,191,17,0.007465835074381963,0.08640506393945879,-0.4682806977858427,17,14,inf
random_addition,42,191,18,0.006165558341792476,0.07852106941319939,-0.21255964190660714,18,14,inf
random_addition,42,191,19,0.0051978873995128655,0.07209637577238447,-0.022251049203732665,19,14,inf
random_addition,42,191,20,0.00533170057936923,0.07301849477611291,-0.04856763765431671,20,14,inf
random_addition,42,191,21,0.004330555821141103,0.065806958759246,0.14832413795425703,21,14,inf
random_addition,42,191,22,0.004428171737110894,0.06654450944376172,0.12912634376416854,22,14,inf
random_addition,42,191,23,0.005054747242282262,0.07109674565183882,0.0058998445470408445,23,14,inf
random_addition,42,191,24,0.004789584933067036,0.06920682721427877,0.05804842491643336,24,14,inf
random_addition,42,191,25,0.004402550435485642,0.06635171765286595,0.13416519906350288,25,14,inf
random_addition,42,191,26,0.004962766672284712,0.07044690676165073,0.023989354180351752,26,14,inf
random_addition,42,191,27,0.004436708537156446,0.06660862209321287,0.1274474399841008,27,14,inf
random_addition,42,191,28,0.0037252931768624077,0.061035179829852286,0.2673591084339384,28,14,inf
random_addition,42,191,29,0.004173654928177833,0.06460383059987877,0.17918130936349852,29,14,inf
random_addition,42,191,30,0.004199890808211556,0.06480656454566587,0.174021586993643,30,14,inf
random_addition,42,191,31,0.004361006891153889,0.06603792010015071,0.14233542833487123,31,14,inf
random_addition,42,191,32,0.00293580972929089,0.054183112953123044,0.422624165288498,32,14,inf
random_addition,42,191,33,0.0028475556728866903,0.05336249312847639,0.43998079401503287,33,14,inf
random_addition,42,191,34,0.003271561237475711,0.05719756321274282,0.3565930443477414,34,14,inf
random_addition,42,191,35,0.0032908197038617124,0.05736566659476478,0.3528055464748576,35,14,inf
random_addition,42,191,36,0.012209176609912414,0.11049514292453046,-1.401137739260438,36,14,inf
random_addition,42,191,37,0.01041073747837619,0.1020330215095887,-1.0474447582785396,37,14,inf
random_addition,42,191,38,0.011239666049325841,0.10601729127517756,-1.2104673550065184,38,14,inf
random_addition,42,191,39,0.009361220293366423,0.09675339938920194,-0.8410397400332172,39,14,inf
random_addition,42,191,40,0.011906280923270859,0.10911590591325748,-1.3415682623422511,40,14,inf
random_addition,42,191,41,0.01256019020896675,0.11207225441190496,-1.4701704043296546,41,14,inf
random_addition,42,191,42,0.012260936176654521,0.11072911169450661,-1.4113171193319278,42,14,inf
random_addition,42,191,43,0.012254781796175965,0.11070131795139553,-1.4101067580028244,43,14,inf
random_addition,42,191,44,0.010347835669703058,0.10172431208763742,-1.0350740709260298,44,14,inf
random_addition,42,191,45,0.01050628359145012,0.10250016386060132,-1.0662354912879377,45,14,inf
random_addition,42,191,46,0.01061266964253461,0.10301781225853425,-1.087158078482103,46,14,inf
random_addition,42,191,47,0.009849632221303434,0.09924531334679454,-0.9370940727653998,47,14,inf
random_addition,42,191,48,0.009828539087401538,0.09913898873501555,-0.9329457569969148,48,14,inf
random_addition,42,191,49,0.009125207291158153,0.09552595087806325,-0.7946238559269669,49,14,inf
random_addition,42,191,50,0.009134938559007494,0.09557687251112318,-0.7965376716764201,50,14,inf
random_addition,42,191,51,0.009463823736553825,0.09728218612137489,-0.8612184144423756,51,14,inf
random_addition,42,191,52,0.009131986062553282,0.09556142559920966,-0.7959570141195882,52,14,inf
random_addition,42,191,53,0.00813416475995565,0.09018960450049468,-0.5997188513625691,53,14,inf
random_addition,42,191,54,0.007210768769535698,0.08491624561611105,-0.41811766467164935,54,14,inf
random_addition,42,191,55,0.00775568186402318,0.08806634921480043,-0.5252838919771667,55,14,inf
random_addition,42,191,56,0.007786114956236779,0.08823896506780199,-0.5312690659631945,56,14,inf
random_addition,42,191,57,0.0078000846268933815,0.08831808776741819,-0.5340164341511011,57,14,inf
random_addition,42,191,58,0.007938084222942452,0.08909592708391587,-0.5611563510073367,58,14,inf
random_addition,42,191,59,0.007706028775667161,0.08778398929000186,-0.5155187859317947,59,14,inf
random_addition,42,191,60,0.007723352844911745,0.08788260831877798,-0.5189258524187321,60,14,inf
random_addition,42,191,61,0.007369439290065423,0.08584543837656969,-0.4493228627881791,61,14,inf
random_addition,42,191,62,0.007345709866453361,0.08570711677832454,-0.4446560767807133,62,14,inf
random_addition,42,191,63,0.006734346934743793,0.08206306681293232,-0.32442138326985615,63,14,inf
random_addition,42,191,64,0.006694359380365053,0.08181906489544508,-0.3165571653141941,64,14,inf
random_addition,42,191,65,0.006749193429024751,0.08215347484449305,-0.3273411934137096,65,14,inf
random_addition,42,191,66,0.006360769795973801,0.07975443433423499,-0.25095122266154,66,14,inf
random_addition,42,191,67,0.007272460710801847,0.08527872367010336,-0.43025041146655774,67,14,inf
random_addition,42,191,68,0.006713415262186409,0.08193543349605474,-0.3203048215614628,68,14,inf
random_addition,42,191,69,0.006526837120897476,0.08078884279959378,-0.2836111254438882,69,14,inf
random_addition,42,191,70,0.006303190678274931,0.07939263617159296,-0.239627331057922,70,14,inf
random_addition,42,191,71,0.0062571692611162535,0.07910227089734058,-0.23057645358398715,71,14,inf
random_addition,42,191,72,0.004506644795678138,0.06713154843795976,0.11369331101665092,72,14,inf
random_addition,42,191,73,0.004241391462548855,0.0651259661160497,0.16585979275336749,73,14,inf
random_addition,42,191,74,0.00427854597795317,0.06541059530346112,0.15855273905338219,74,14,inf
random_addition,42,191,75,0.0033044653631775444,0.057484479324227546,0.350121900508615,75,14,inf
random_addition,42,191,76,0.0032846946598258453,0.05731225575586644,0.3540101383043518,76,14,inf
random_addition,42,191,77,0.002600999560074966,0.05099999568700929,0.48847015625727763,77,14,inf
random_addition,42,191,78,0.0026503647426304004,0.0514816932766435,0.4787616716783012,78,14,inf
random_addition,42,191,79,0.0026115035493513273,0.051102872222129815,0.486404371981229,79,14,inf
random_addition,42,191,80,0.0025830239413817233,0.050823458573592994,0.4920053607849817,80,14,inf
random_addition,42,191,81,0.003200115999538602,0.05656956778638672,0.3706439392264309,81,14,inf
random_addition,42,191,82,0.0031969521745332866,0.05654159685163912,0.3712661580593136,82,14,inf
random_addition,42,191,83,0.0032487810328122244,0.05699807920283125,0.36107315065410495,83,14,inf
random_addition,42,191,84,0.0030711012426834945,0.055417517471314924,0.39601683794875764,84,14,inf
random_addition,42,191,85,0.002607208473451668,0.05106083110811719,0.48724907012633467,85,14,inf
random_addition,42,191,86,0.0026159027242412935,0.05114589645554464,0.4855392010374875,86,14,inf
random_addition,42,191,87,0.0026295696281251574,0.05127932944301395,0.48285137697343494,87,14,inf
random_addition,42,191,88,0.0026237032266303137,0.05122209705420419,0.4840051024434626,88,14,inf
random_addition,42,191,89,0.0026703616461108875,0.051675542049512045,0.474828947863301,89,14,inf
random_addition,42,191,90,0.002557997086571801,0.050576645663505615,0.49692730822657305,90,14,inf
random_addition,42,191,91,0.0025687366471473542,0.05068270560208239,0.4948151949346662,91,14,inf
random_addition,42,191,92,0.0023213923025521173,0.04818082920158304,0.5434595760732008,92,14,inf
random_addition,42,191,93,0.0023395166536016965,0.048368550253255434,0.5398951208527385,93,14,inf
random_addition,42,191,94,0.0022693364382522993,0.04763755281552884,0.5536972279897628,94,14,inf
random_addition,42,191,95,0.002246659387644162,0.04739893867634762,0.5581570473346735,95,14,inf
random_addition,42,191,96,0.0022036815341857493,0.04694338647973481,0.5666093573624944,96,14,inf
random_addition,42,191,97,0.002207697736887528,0.04698614409469592,0.5658195042721613,97,14,inf
random_addition,42,191,98,0.0023471441193901998,0.04844733346005949,0.5383950527855093,98,14,inf
random_addition,42,191,99,0.00237659023944021,0.04875028450624888,0.5326039832985243,99,14,inf
random_addition,42,191,100,0.0023910899475774374,0.048898772454709305,0.5297523744203063,100,14,inf
random_addition,42,191,101,0.0024208411267521534,0.04920204392860274,0.5239013099803086,101,14,inf
random_addition,42,191,102,0.002439493013664679,0.049391224055136344,0.520233106054278,102,14,inf
random_addition,42,191,103,0.0023711987120624478,0.0486949557147601,0.5336643168715919,103,14,inf
random_addition,42,191,104,0.002198899402811374,0.04689242372506857,0.5675498430712351,104,14,inf
random_addition,42,191,105,0.0023555327550329164,0.04853383103601978,0.5367452880006933,105,14,inf
random_addition,42,191,106,0.0022078859455016936,0.04698814686175327,0.5657824899164218,106,14,inf
random_addition,42,191,107,0.0021809995383854424,0.046701172773126826,0.5710701492617324,107,14,inf
random_addition,42,191,108,0.002222682273713608,0.04714533140952143,0.5628725457648017,108,14,inf
random_addition,42,191,109,0.0022981546975688804,0.04793907276500955,0.548029637763518,109,14,inf
random_addition,42,191,110,0.0022548914942389564,0.047485697786164585,0.556538066591752,110,14,inf
random_addition,42,191,111,0.002078222347702527,0.04558752403566712,0.5912829940070166,111,14,inf
random_addition,42,191,112,0.002376839266373509,0.04875283854683242,0.5325550080083192,112,14,inf
random_addition,42,191,113,0.002367161605829533,0.048653485032724354,0.5344582809891545,113,14,inf
random_addition,42,191,114,0.0024006951403121894,0.048996889088106295,0.5278633534400087,114,14,inf
random_addition,42,191,115,0.002402693012047788,0.049017272588831255,0.5274704387189084,115,14,inf
random_addition,42,191,116,0.002614795508508491,0.05113507121837703,0.4857569534352517,116,14,inf
random_addition,42,191,117,0.002642859060415018,0.05140874497996443,0.4802377889794154,117,14,inf
random_addition,42,191,118,0.0028116818570011505,0.053025294501786134,0.44703597684399754,118,14,inf
random_addition,42,191,119,0.0024742668701091984,0.04974200307696905,0.5133942485525549,119,14,inf
random_addition,42,191,120,0.002474464406209351,0.04974398864394924,0.5133553997914879,120,14,inf
random_addition,42,191,121,0.0024283629284932596,0.049278422544692516,0.5224220225062343,121,14,inf
random_addition,42,191,122,0.0025069509375218587,0.05006946112673731,0.5069663828377322,122,14,inf
random_addition,42,191,123,0.002391219823446619,0.0489001004441363,0.5297268321695161,123,14,inf
random_addition,42,191,124,0.001920683553035581,0.04382560385249222,0.6222656194008775,124,14,inf
random_addition,42,191,125,0.0019039885539932852,0.043634717301631334,0.6255489687648983,125,14,inf
random_addition,42,191,126,0.0018680838858167403,0.04322133600221932,0.6326102192102666,126,14,inf
random_addition,42,191,127,0.0018802407821330602,0.043361743301360244,0.6302193632606776,127,14,inf
random_addition,42,191,128,0.0019609810910098274,0.04428296614963622,0.6143404380130773,128,14,inf
random_addition,42,191,129,0.0020469104668093922,0.045242794639692545,0.5974409964097906,129,14,inf
random_addition,42,191,130,0.002060756048489609,0.04539555097682601,0.5947180323839127,130,14,inf
random_addition,42,191,131,0.0021932441428556865,0.04683208454527394,0.5686620440442233,131,14,inf
random_addition,42,191,132,0.00226520112547571,0.047594129107230335,0.5545105060582817,132,14,inf
random_addition,42,191,133,0.0023080728090035087,0.04804240636150014,0.5460790761139682,133,14,inf
random_addition,42,191,134,0.0022929498959038002,0.047884756404348555,0.5490532486180979,134,14,inf
random_addition,42,191,135,0.002281247205383051,0.04776240368096073,0.5513547774400697,135,14,inf
random_addition,42,191,136,0.0024941970968888096,0.049941937256065765,0.5094746378202726,136,14,inf
random_addition,42,191,137,0.0023725429685523907,0.048708756590087485,0.5333999464646123,137,14,inf
random_addition,42,191,138,0.002408361151520271,0.049075056306847685,0.526355704774629,138,14,inf
random_addition,42,191,139,0.0023825631037529857,0.04881150585418346,0.5314293201438245,139,14,inf
random_addition,42,191,140,0.002361174491818606,0.04859191796810048,0.5356357465841086,140,14,inf
random_addition,42,191,141,0.002386556948614271,0.048852399619816744,0.5306438640948556,141,14,inf
random_addition,42,191,142,0.0024010942152316666,0.049000961370484014,0.527784868716545,142,14,inf
random_addition,42,191,143,0.0023985605917907207,0.04897510175375566,0.5282831479253322,143,14,inf
random_addition,42,191,144,0.002393608619620115,0.04892451961562949,0.5292570356527777,144,14,inf
random_addition,42,191,145,0.0023206124622257643,0.04817273567305229,0.5436129446498077,145,14,inf
random_addition,42,191,146,0.002299121759504626,0.04794915806877766,0.5478394489420838,146,14,inf
random_addition,42,191,147,0.0024840163285752004,0.04983990698802718,0.5114768553156462,147,14,inf
random_addition,42,191,148,0.0026478005427600345,0.05145678325313422,0.4792659642507212,148,14,inf
random_addition,42,191,149,0.002646842403496522,0.051447472275093574,0.47945439828018876,149,14,inf
random_addition,42,191,150,0.0026800483819562917,0.05176918370958047,0.47292389007342817,150,14,inf
random_addition,42,192,10,0.00962854819961681,0.0981251659851682,-0.8936142210947935,10,10,inf
random_addition,42,192,11,0.011544244748583288,0.10744414711180543,-1.2703678243607053,11,11,inf
random_addition,42,192,12,0.012675174649811443,0.11258407813634859,-1.4927840079461179,12,12,inf
random_addition,42,192,13,0.006966357208289751,0.08346470636316737,-0.3700500641798403,13,13,inf
random_addition,42,192,14,0.007154642300564049,0.08458511867086342,-0.40707946061210243,14,14,inf
random_addition,42,192,15,0.009667339476711908,0.09832262952500766,-0.9012431712167475,15,14,inf
random_addition,42,192,16,0.007258499213785947,0.08519682631287358,-0.42750465076110356,16,14,inf
random_addition,42,192,17,0.00400445582815858,0.06328076981325828,0.21245712783067394,17,14,inf
random_addition,42,192,18,0.004409100314145999,0.06640105657401846,0.13287705643591652,18,14,inf
random_addition,42,192,19,0.003983118154799491,0.06311194938202662,0.21665353635251683,19,14,inf
random_addition,42,192,20,0.004233840502039901,0.06506796832574305,0.16734481478433672,20,14,inf
random_addition,42,192,21,0.00410339937035952,0.0640577814973288,0.1929982338507229,21,14,inf
random_addition,42,192,22,0.0033845313232671384,0.05817672492730352,0.3343755971710778,22,14,inf
random_addition,42,192,23,0.0032334439251644593,0.05686337947365122,0.3640894480802761,23,14,inf
random_addition,42,192,24,0.003355190847394468,0.057924009248276905,0.340145889972685,24,14,inf
random_addition,42,192,25,0.0030274426405658473,0.05502220134242038,0.4046030285279756,25,14,inf
random_addition,42,192,26,0.00359174071073035,0.05993113306729942,0.2936244231923991,26,14,inf
random_addition,42,192,27,0.0035918058244495434,0.059931676302682736,0.2936116174960369,27,14,inf
random_addition,42,192,28,0.0033742160386607254,0.05808800253633039,0.3364042695337629,28,14,inf
random_addition,42,192,29,0.003331469475698107,0.057718883181313435,0.34481109243694574,29,14,inf
random_addition,42,192,30,0.0027920640091076768,0.05283998494613409,0.4508941530703817,30,14,inf
random_addition,42,192,31,0.004133030946742735,0.06428865332811642,0.18717069128984698,31,14,inf
random_addition,42,192,32,0.003704302709450461,0.0608629830804444,0.2714872331288193,32,14,inf
random_addition,42,192,33,0.003870634477602046,0.062214423388809496,0.23877532318540562,33,14,inf
random_addition,42,192,34,0.004036674335095704,0.06353482773326535,0.206120822330224,34,14,inf
random_addition,42,192,35,0.004335320008286944,0.06584314701080853,0.14738718127664685,35,14,inf
random_addition,42,192,36,0.004282899777494625,0.06544386737880506,0.15769649192696455,36,14,inf
random_addition,42,192,37,0.004087870470200122,0.06393645650331369,0.19605225046570607,37,14,inf
random_addition,42,192,38,0.004010648107816527,0.0633296779386768,0.2112393129973068,38,14,inf
random_addition,42,192,39,0.003615899970739351,0.0601323537768093,0.28887310270506006,39,14,inf
random_addition,42,192,40,0.003342302166177951,0.05781264711270321,0.34268066359969207,40,14,inf
random_addition,42,192,41,0.0033503359215817244,0.057882086361686416,0.3411006919190198,41,14,inf
random_addition,42,192,42,0.0034023597438080965,0.05832975007496686,0.3308693416093764,42,14,inf
random_addition,42,192,43,0.00389931609725713,0.06244450413973299,0.23313460542225817,43,14,inf
random_addition,42,192,44,0.004159864629176552,0.06449701256009112,0.181893401130668,44,14,inf
random_addition,42,192,45,0.004172517577153583,0.06459502749557107,0.17940498836777274,45,14,inf
random_addition,42,192,46,0.003969456860125824,0.06300362576967951,0.21934025727204765,46,14,inf
random_addition,42,192,47,0.00393575058815618,0.06273556079414752,0.2259691565223363,47,14,inf
random_addition,42,192,48,0.003930886823202908,0.06269678479158966,0.22692569683273778,48,14,inf
random_addition,42,192,49,0.004014966855769966,0.06336376611100358,0.2103899593489258,49,14,inf
random_addition,42,192,50,0.003936103073466881,0.06273837002558227,0.22589983442068273,50,14,inf
random_addition,42,192,51,0.004144492144949734,0.06437773019414193,0.18491665594977114,51,14,inf
random_addition,42,192,52,0.004122901182130857,0.06420982153947212,0.1891628780585809,52,14,inf
random_addition,42,192,53,0.003914757247539075,0.06256802096549861,0.2300978462808213,53,14,inf
random_addition,42,192,54,0.0039316467293333355,0.06270284466699526,0.22677624864746193,54,14,inf
random_addition,42,192,55,0.0040586019489516805,0.06370715775289053,0.20180839219314428,55,14,inf
random_addition,42,192,56,0.004148234669104537,0.06440679055118752,0.18418062629967202,56,14,inf
random_addition,42,192,57,0.0046909948572982085,0.06849083776169049,0.07743780384087962,57,14,inf
random_addition,42,192,58,0.003528884749610843,0.059404416920047644,0.3059860938605915,58,14,inf
random_addition,42,192,59,0.0035439194655702117,0.05953082785893551,0.30302926679169706,59,14,inf
random_addition,42,192,60,0.0035985335699298534,0.05998777850470755,0.2922884943986287,60,14,inf
random_addition,42,192,61,0.0037170486683072565,0.060967603432538306,0.26898052822873086,61,14,inf
random_addition,42,192,62,0.0037256557958876583,0.06103815033147432,0.2672877933686951,62,14,inf
random_addition,42,192,63,0.004070309769410445,0.06379897937593082,0.19950585448350044,63,14,inf
random_addition,42,192,64,0.0041000871971076484,0.06403192326572464,0.19364962783478412,64,14,inf
random_addition,42,192,65,0.004078732708581013,0.06386495681186212,0.19784934333912685,65,14,inf
random_addition,42,192,66,0.00387595988877203,0.06225720752468769,0.23772799246476173,66,14,inf
random_addition,42,192,67,0.003874100452630748,0.06224227223222774,0.2380936815226915,67,14,inf
random_addition,42,192,68,0.004169919691598978,0.06457491534333575,0.1799159057905232,68,14,inf
random_addition,42,192,69,0.0038256819696087,0.06185209753604723,0.24761598188548517,69,14,inf
random_addition,42,192,70,0.0037706573962627797,0.06140567886004339,0.2584374798348493,70,14,inf
random_addition,42,192,71,0.003770339465184443,0.061403090029610426,0.2585000062717311,71,14,inf
random_addition,42,192,72,0.003948228762598717,0.06283493266168681,0.2235151158832055,72,14,inf
random_addition,42,192,73,0.003793954182336387,0.061595082452549625,0.25385577919834623,73,14,inf
random_addition,42,192,74,0.004051667849838071,0.06365271282387006,0.20317209816623538,74,14,inf
random_addition,42,192,75,0.004071357978068712,0.06380719377992353,0.19929970680881282,75,14,inf
random_addition,42,192,76,0.004137652826500275,0.06432458959449547,0.1862617217281205,76,14,inf
random_addition,42,192,77,0.004150319158469052,0.06442297073613612,0.1837706767805407,77,14,inf
random_addition,42,192,78,0.0038775925955328154,0.06227031873639973,0.23740689351225053,78,14,inf
random_addition,42,192,79,0.0038415615589863345,0.06198033203352766,0.24449299640031807,79,14,inf
random_addition,42,192,80,0.0038414775605930874,0.061979654408467685,0.24450951608207117,80,14,inf
random_addition,42,192,81,0.004311102137430239,0.06565898367649502,0.15215002856246296,81,14,inf
random_addition,42,192,82,0.004216026480314494,0.06493093623469859,0.17084823857936582,82,14,inf
random_addition,42,192,83,0.0033272495684770207,0.057682315907711446,0.3456410074106141,83,14,inf
random_addition,42,192,84,0.0033375713725807797,0.05777171775688152,0.3436110528802925,84,14,inf
random_addition,42,192,85,0.00333626795556006,0.05776043590174904,0.3438673915260865,85,14,inf
random_addition,42,192,86,0.0028996593186049846,0.053848484831097936,0.42973374508745177,86,14,inf
random_addition,42,192,87,0.003139329179862265,0.056029716935410846,0.3825986787996116,87,14,inf
random_addition,42,192,88,0.0031576386521093174,0.05619287011809699,0.3789978164152763,88,14,inf
random_addition,42,192,89,0.0031771023023956088,0.0563657901780469,0.3751699657141703,89,14,inf
random_addition,42,192,90,0.0032208820843769685,0.0567528156515337,0.36655994309833795,90,14,inf
random_addition,42,192,91,0.0032365856399235787,0.056890997881242855,0.3634715775952192,91,14,inf
random_addition,42,192,92,0.0031559540622335632,0.05617787876231679,0.3793291190456737,92,14,inf
random_addition,42,192,93,0.0032589123662276807,0.05708688436258963,0.35908065535404254,93,14,inf
random_addition,42,192,94,0.0033568390018472163,0.05793823436943187,0.339821752974502,94,14,inf
random_addition,42,192,95,0.003358904766053191,0.05795605892444026,0.33941548606938143,95,14,inf
random_addition,42,192,96,0.0034952119315121016,0.0591203174172137,0.3126084138504994,96,14,inf
random_addition,42,192,97,0.003491632043372853,0.05909003336750499,0.31331245842190003,97,14,inf
random_addition,42,192,98,0.0035548263198606255,0.059622364259232674,0.3008842524070199,98,14,inf
random_addition,42,192,99,0.0033462873542189527,0.05784710324829544,0.34189691005848033,99,14,inf
random_addition,42,192,100,0.0033829339858410827,0.0581629949868564,0.3346897401553739,100,14,inf
random_addition,42,192,101,0.0031936378139878407,0.0565122802051717,0.37191798221105243,101,14,inf
random_addition,42,192,102,0.0031896271569772207,0.05647678423013496,0.3727067446489396,102,14,inf
random_addition,42,192,103,0.0032010204594229174,0.05657756144818295,0.3704660621400995,103,14,inf
random_addition,42,192,104,0.0031367826465424366,0.056006987479621115,0.3830994969508995,104,14,inf
random_addition,42,192,105,0.0031125934391982055,0.055790621426886844,0.38785670708003084,105,14,inf
random_addition,42,192,106,0.002698342754297022,0.051945574925079244,0.4693259973369315,106,14,inf
random_addition,42,192,107,0.0026114985645853844,0.05110282345023007,0.48640535231839743,107,14,inf
random_addition,42,192,108,0.002516431524255649,0.05016404613122479,0.5051018677009496,108,14,inf
random_addition,42,192,109,0.002488922450933629,0.04988910152461787,0.5105119847166995,109,14,inf
random_addition,42,192,110,0.002509356007253177,0.05009347270107331,0.5064933858550583,110,14,inf
random_addition,42,192,111,0.0025430856474156446,0.05042901592749599,0.49985989086080773,111,14,inf
random_addition,42,192,112,0.0025798797352115832,0.05079251652764985,0.49262372124747267,112,14,inf
random_addition,42,192,113,0.002439751312238205,0.049393838808481014,0.5201823073417433,113,14,inf
random_addition,42,192,114,0.002402328344762664,0.04901355266416284,0.5275421566085385,114,14,inf
random_addition,42,192,115,0.002391418869746031,0.048902135635839374,0.5296876864026354,115,14,inf
random_addition,42,192,116,0.002405933399711016,0.049050314980752324,0.5268331625653557,116,14,inf
random_addition,42,192,117,0.002414286277994753,0.04913538722748354,0.5251904300601804,117,14,inf
random_addition,42,192,118,0.002381442539925063,0.04880002602381543,0.5316496976666044,118,14,inf
random_addition,42,192,119,0.002308243150658472,0.04804417915479951,0.5460455755930593,119,14,inf
random_addition,42,192,120,0.002352566669687238,0.048503264526083584,0.5373286180391492,120,14,inf
random_addition,42,192,121,0.002355436133330689,0.04853283562013134,0.5367642902662073,121,14,inf
random_addition,42,192,122,0.0023709523243385473,0.04869242573890263,0.5337127731173528,122,14,inf
random_addition,42,192,123,0.0023666030557588846,0.04864774461122411,0.5345681291547393,123,14,inf
random_addition,42,192,124,0.002286428747218452,0.04781661580683489,0.5503357410180363,124,14,inf
random_addition,42,192,125,0.0024932541080788517,0.04993249551222983,0.5096600922609473,125,14,inf
random_addition,42,192,126,0.002516551004400849,0.05016523701130943,0.5050783699422636,126,14,inf
random_addition,42,192,127,0.0024613521849652644,0.04961201653798467,0.51593413628459,127,14,inf
random_addition,42,192,128,0.0023660416174574057,0.04864197382361663,0.5346785453389767,128,14,inf
random_addition,42,192,129,0.0023959101672272973,0.04894803537658378,0.5288043980184082,129,14,inf
random_addition,42,192,130,0.002433993645936844,0.04933552113778514,0.5213146482266349,130,14,inf
random_addition,42,192,131,0.0024305110247845973,0.04930021323264837,0.5219995636265331,131,14,inf
random_addition,42,192,132,0.002453847668650259,0.049536326757746774,0.5174100242919946,132,14,inf
random_addition,42,192,133,0.0024539025699870528,0.04953688090692684,0.5173992270305638,133,14,inf
random_addition,42,192,134,0.002416854289047309,0.04916151227380326,0.5246853879553652,134,14,inf
random_addition,42,192,135,0.0024712157444092063,0.04971132410637647,0.5139943031917458,135,14,inf
random_addition,42,192,136,0.0024871941717146437,0.049871777306555294,0.5108518795834276,136,14,inf
random_addition,42,192,137,0.0026764525049304713,0.051734442153467466,0.4736310791254259,137,14,inf
random_addition,42,192,138,0.0026805400075848138,0.051773931737746304,0.47282720371300047,138,14,inf
random_addition,42,192,139,0.0026672801322781153,0.05164571746309771,0.4754349788344572,139,14,inf
random_addition,42,192,140,0.0028994922858936283,0.05384693385786816,0.42976659484953994,140,14,inf
random_addition,42,192,141,0.0027953277520361653,0.05287085919517637,0.45025228371528736,141,14,inf
random_addition,42,192,142,0.0027661935628372695,0.05259461534071021,0.45598200680991663,142,14,inf
random_addition,42,192,143,0.002662651729916117,0.05160088884812079,0.4763452311748856,143,14,inf
random_addition,42,192,144,0.0026364511975249284,0.05134638446400027,0.4814980018426571,144,14,inf
random_addition,42,192,145,0.0026430596145550775,0.051410695526855864,0.48019834667058103,145,14,inf
random_addition,42,192,146,0.002606683532369117,0.05105569049938623,0.48735230852516154,146,14,inf
random_addition,42,192,147,0.0026972360554814003,0.051934921348562764,0.4695436480743306,147,14,inf
random_addition,42,192,148,0.002696144364727488,0.05192441010476179,0.46975834722666265,148,14,inf
random_addition,42,192,149,0.0026963838740889563,0.051926716380770274,0.469711243725329,149,14,inf
random_addition,42,192,150,0.0026800483819562917,0.05176918370958047,0.47292389007342817,150,14,inf
random_addition,42,193,10,0.00962854819961681,0.0981251659851682,-0.8936142210947935,10,10,inf
random_addition,42,193,11,0.009569824279247002,0.09782547868140999,-0.8820651849965857,11,11,inf
random_addition,42,193,12,0.007428051405373506,0.08618614392913461,-0.4608499105605788,12,12,inf
random_addition,42,193,13,0.009193326584228993,0.09588183657100542,-0.8080206484044665,13,13,inf
random_addition,42,193,14,0.006668048732864923,0.08165812104662293,-0.31138273867794974,14,14,inf
random_addition,42,193,15,0.006202839154386511,0.07875810532501726,-0.21989153405051765,15,14,inf
random_addition,42,193,16,0.008968263601743732,0.09470091658344038,-0.76375826788348,16,14,inf
random_addition,42,193,17,0.00971925451034397,0.09858627952379566,-0.9114531264390935,17,14,inf
random_addition,42,193,18,0.011131056015655873,0.10550381991025667,-1.1891073846301725,18,14,inf
random_addition,42,193,19,0.007454372414744119,0.08633870751142919,-0.46602637503107336,19,14,inf
random_addition,42,193,20,0.007791579991040241,0.08826992687795907,-0.5323438559946787,20,14,inf
random_addition,42,193,21,0.007734683589886877,0.08794704992145488,-0.5211542319600384,21,14,inf
random_addition,42,193,22,0.008557636011329452,0.09250749164975479,-0.6830015194451937,22,14,inf
random_addition,42,193,23,0.007900470920062413,0.0888845932660009,-0.5537590691160934,23,14,inf
random_addition,42,193,24,0.010925870606965222,0.10452688939677303,-1.14875425975583,24,14,inf
random_addition,42,193,25,0.009881429815653804,0.09940538122080617,-0.9433475988017401,25,14,inf
random_addition,42,193,26,0.009369392921417911,0.0967956244952111,-0.8426470233308831,26,14,inf
random_addition,42,193,27,0.007337017586483379,0.0856563925605286,-0.44294659528634317,27,14,inf
random_addition,42,193,28,0.00783265671812337,0.08850229781267473,-0.5404222778863339,28,14,inf
random_addition,42,193,29,0.00866694751276162,0.09309644199840089,-0.7044994451292981,29,14,inf
random_addition,42,193,30,0.009335568404091301,0.09662074520563015,-0.8359948691635617,30,14,inf
random_addition,42,193,31,0.009189129674246538,0.09585994822785238,-0.8071952562204456,31,14,inf
random_addition,42,193,32,0.00953786731126426,0.09766200546407112,-0.8757803154834851,32,14,inf
random_addition,42,193,33,0.008213175616087722,0.0906265723509817,-0.6152576509500833,33,14,inf
random_addition,42,193,34,0.011368575357214422,0.10662352159450757,-1.2358195154349225,34,14,inf
random_addition,42,193,35,0.009875873581288448,0.09937742993903821,-0.9422548728588622,35,14,inf
random_addition,42,193,36,0.004745466502569561,0.06888734646195599,0.06672504839802185,36,14,inf
random_addition,42,193,37,0.004275076764813979,0.06538407118567931,0.1592350175444056,37,14,inf
random_addition,42,193,38,0.0036787160558590477,0.060652420032996604,0.2765192743157612,38,14,inf
random_addition,42,193,39,0.0033633042615923495,0.057994001944962806,0.33855025206464073,39,14,inf
random_addition,42,193,40,0.0034017143661647818,0.05832421766440405,0.3309962658619242,40,14,inf
random_addition,42,193,41,0.0031523736915416304,0.05614600334433102,0.3800332585190893,41,14,inf
random_addition,42,193,42,0.0031069861291070835,0.05574034561345205,0.38895947791427354,42,14,inf
random_addition,42,193,43,0.0038133816010253994,0.06175258375991566,0.2500350540437335,43,14,inf
random_addition,42,193,44,0.0037702407190001717,0.06140228594279021,0.2585194263519902,44,14,inf
random_addition,42,193,45,0.003758431844235985,0.06130605063316332,0.2608418380723243,45,14,inf
random_addition,42,193,46,0.003625849915813486,0.06021503064695297,0.28691628044059403,46,14,inf
random_addition,42,193,47,0.003684708061741892,0.06070179619864549,0.27534084665279435,47,14,inf
random_addition,42,193,48,0.003670849004364795,0.06058753175666422,0.27806646089869735,48,14,inf
random_addition,42,193,49,0.0039882560320492364,0.06315264073694177,0.215643087297825,49,14,inf
random_addition,42,193,50,0.004846456293552019,0.06961649440723096,0.046863725545903234,50,14,inf
random_addition,42,193,51,0.004847355434533459,0.06962295192343872,0.04668689451032815,51,14,inf
random_addition,42,193,52,0.004719122134114728,0.06869586693619004,0.07190610682112009,52,14,inf
random_addition,42,193,53,0.0049920954043817635,0.0706547620785872,0.018221370987634544,53,14,inf
random_addition,42,193,54,0.005013204649900972,0.07080398752825276,0.014069886601510317,54,14,inf
random_addition,42,193,55,0.004910556555156497,0.07007536339653543,0.03425734248236245,55,14,inf
random_addition,42,193,56,0.004990423322567786,0.07064292832667532,0.018550213699551232,56,14,inf
random_addition,42,193,57,0.004743511472355501,0.06887315494701474,0.06710953762103489,57,14,inf
random_addition,42,193,58,0.004647719921538259,0.06817418808858862,0.08594854004670405,58,14,inf
random_addition,42,193,59,0.004550135711021308,0.06745469376567734,0.10514009883191733,59,14,inf
random_addition,42,193,60,0.004506821069026202,0.06713286132011805,0.11365864392959135,60,14,inf
random_addition,42,193,61,0.004424619762190216,0.066517815374456,0.12982489873666536,61,14,inf
random_addition,42,193,62,0.004472481097090691,0.06687661098688158,0.12041217082284272,62,14,inf
random_addition,42,193,63,0.004596402625303848,0.06779677444616261,0.0960409402635386,63,14,inf
random_addition,42,193,64,0.004095126879187758,0.0639931783801036,0.19462515689269844,64,14,inf
random_addition,42,193,65,0.004470880156314374,0.06686464055324289,0.12072702246592693,65,14,inf
random_addition,42,193,66,0.004312294250052813,0.06566806111080799,0.15191557977865333,66,14,inf
random_addition,42,193,67,0.004472107970966345,0.06687382126786494,0.12048555228395974,67,14,inf
random_addition,42,193,68,0.0038087912803423446,0.06171540553494196,0.25093781698832407,68,14,inf
random_addition,42,193,69,0.0033703329046892716,0.05805456833608594,0.3371679524440332,69,14,inf
random_addition,42,193,70,0.0033449288167149587,0.05783535957107001,0.3421640890645069,70,14,inf
random_addition,42,193,71,0.002948765868399375,0.054302540165257235,0.42007612494454616,71,14,inf
random_addition,42,193,72,0.0031257842934629423,0.05590871393139841,0.38526250609497603,72,14,inf
random_addition,42,193,73,0.0031363798185391764,0.05600339113428022,0.3831787197807399,73,14,inf
random_addition,42,193,74,0.0031319597148103543,0.05596391439856896,0.3840480067288953,74,14,inf
random_addition,42,193,75,0.004298959411713514,0.06556645035163573,0.15453809762784498,75,14,inf
random_addition,42,193,76,0.004141255890607793,0.0643525903954751,0.18555311921691486,76,14,inf
random_addition,42,193,77,0.003999210551399912,0.06323931175621626,0.2134886987859076,77,14,inf
random_addition,42,193,78,0.004006376165743728,0.06329594114746796,0.2120794614904169,78,14,inf
random_addition,42,193,79,0.004070849381975154,0.06380320824202458,0.19939973069357586,79,14,inf
random_addition,42,193,80,0.0032801031264621783,0.05727218457909719,0.3549131397427636,80,14,inf
random_addition,42,193,81,0.003279320356868217,0.05726535040378446,0.35506708440858814,81,14,inf
random_addition,42,193,82,0.0035044549583251794,0.0591984371273869,0.3107906188250873,82,14,inf
random_addition,42,193,83,0.0035368355606051976,0.05947130031036145,0.3044224345782143,83,14,inf
random_addition,42,193,84,0.003616020700375719,0.06013335763430909,0.2888493592131447,84,14,inf
random_addition,42,193,85,0.003506269561341281,0.05921376158749992,0.3104337469472409,85,14,inf
random_addition,42,193,86,0.003388140140462437,0.05820773265179152,0.3336658632194297,86,14,inf
random_addition,42,193,87,0.003356707800738678,0.057937102108568374,0.3398475558556634,87,14,inf
random_addition,42,193,88,0.003423036210681663,0.0585067193635198,0.32680297034529115,88,14,inf
random_addition,42,193,89,0.0033038983603551368,0.057479547322113946,0.3502334110484858,89,14,inf
random_addition,42,193,90,0.003082898172519443,0.05552385228457625,0.3936967753973235,90,14,inf
random_addition,42,193,91,0.003014407462772435,0.05490361976019828,0.40716661314451075,91,14,inf
random_addition,42,193,92,0.003362679996422902,0.057988619542311076,0.33867302419789413,92,14,inf
random_addition,42,193,93,0.0032456517541275868,0.05697062185133305,0.36168857537818055,93,14,inf
random_addition,42,193,94,0.0031372108303239048,0.05601080994168808,0.38301528748535807,94,14,inf
random_addition,42,193,95,0.0030191103391176218,0.05494643154125318,0.40624171425605204,95,14,inf
random_addition,42,193,96,0.0031535336029638256,0.056156331815422435,0.37980514263715737,96,14,inf
random_addition,42,193,97,0.003099675734593248,0.05567473156283062,0.3903971886393196,97,14,inf
random_addition,42,193,98,0.003047592063636436,0.05520500034993602,0.4006403091976781,98,14,inf
random_addition,42,193,99,0.002794730215833551,0.0528652079900718,0.4503697991524468,99,14,inf
random_addition,42,193,100,0.0027383780675651554,0.05232951430660479,0.46145238680096934,100,14,inf
random_addition,42,193,101,0.0026817220934636744,0.051785346319819806,0.47259472685518555,101,14,inf
random_addition,42,193,102,0.0026774588303542413,0.05174416711431581,0.473433168485733,102,14,inf
random_addition,42,193,103,0.002688567856485086,0.05185140168293511,0.471248393644525,103,14,inf
random_addition,42,193,104,0.0023962444499084877,0.048951449926518904,0.528738655766737,104,14,inf
random_addition,42,193,105,0.002364180019326146,0.04862283434073076,0.5350446595882108,105,14,inf
random_addition,42,193,106,0.0023103058356693062,0.04806564090563348,0.5456399142629005,106,14,inf
random_addition,42,193,107,0.0023145425444581237,0.048109692832714324,0.5448066949813621,107,14,inf
random_addition,42,193,108,0.0022352517493050626,0.047278449100039886,0.5604005492354984,108,14,inf
random_addition,42,193,109,0.0025139547578733284,0.05013935338507397,0.5055889650230648,109,14,inf
random_addition,42,193,110,0.0025208045164886793,0.050207614128622756,0.5042418460123701,110,14,inf
random_addition,42,193,111,0.0025481194934607104,0.05047890146844234,0.49886990127358033,111,14,inf
random_addition,42,193,112,0.0026641414488349138,0.05161532184182245,0.47605225316079824,112,14,inf
random_addition,42,193,113,0.0027089272595624578,0.05204735593248189,0.46724437825185694,113,14,inf
random_addition,42,193,114,0.0027780466833840275,0.05270717867031044,0.4536508934201965,114,14,inf
random_addition,42,193,115,0.0027767111339261864,0.05269450762580657,0.45391355144442946,115,14,inf
random_addition,42,193,116,0.002767516966316929,0.052607195005217,0.45572173749440037,116,14,inf
random_addition,42,193,117,0.002593697347621957,0.0509283550453179,0.48990625784391395,117,14,inf
random_addition,42,193,118,0.002690019546344653,0.05186539835328225,0.4709628946777332,118,14,inf
random_addition,42,193,119,0.0027507268653075923,0.052447372339399355,0.45902379024272255,119,14,inf
random_addition,42,193,120,0.0027538613103538765,0.052477245643744265,0.4584073494676616,120,14,inf
random_addition,42,193,121,0.0028110818297527964,0.05301963626575343,0.4471539821867524,121,14,inf
random_addition,42,193,122,0.002248931096001672,0.04742289632658123,0.5577102780852727,122,14,inf
random_addition,42,193,123,0.002237134233287135,0.047298353388750596,0.5600303274361644,123,14,inf
random_addition,42,193,124,0.002253231124473301,0.04746821172609414,0.5568646059344793,124,14,inf
random_addition,42,193,125,0.002216865725923185,0.0470836035783497,0.5640164666742967,125,14,inf
random_addition,42,193,126,0.002107399086066398,0.045906416611040314,0.585544902911083,126,14,inf
random_addition,42,193,127,0.0022732094654548,0.04767818647405541,0.5529355327437824,127,14,inf
random_addition,42,193,128,0.002301174382729876,0.047970557456943064,0.5474357664294869,128,14,inf
random_addition,42,193,129,0.0022887748893607373,0.04784114222466618,0.5498743331262923,129,14,inf
random_addition,42,193,130,0.00227758979377386,0.047724100764434105,0.5520740682918137,130,14,inf
random_addition,42,193,131,0.002186846114119084,0.0467637264781057,0.5699203228575428,131,14,inf
random_addition,42,193,132,0.0021973911405866672,0.04687633881380528,0.5678464679349875,132,14,inf
random_addition,42,193,133,0.0023235579403475867,0.04820329802355423,0.5430336673648242,133,14,inf
random_addition,42,193,134,0.0023881346983550327,0.04886854508121797,0.5303335733548089,134,14,inf
random_addition,42,193,135,0.0023967938830439252,0.048957061625917925,0.5286306005981658,135,14,inf
random_addition,42,193,136,0.0024590661541294373,0.04958897210196474,0.5163837222876757,136,14,inf
random_addition,42,193,137,0.0024856053135051803,0.04985584532936113,0.5111643549886878,137,14,inf
random_addition,42,193,138,0.002471823866249127,0.04971744026243836,0.5138747059128665,138,14,inf
random_addition,42,193,139,0.0025112499685129496,0.05011237340730281,0.5061209068580845,139,14,inf
random_addition,42,193,140,0.0025104850532660225,0.05010474082625338,0.506271340169471,140,14,inf
random_addition,42,193,141,0.002515696977606269,0.05015672415146616,0.5052463285222994,141,14,inf
random_addition,42,193,142,0.0025427215784620026,0.05042540608128013,0.4999314910785958,142,14,inf
random_addition,42,193,143,0.0027854113437776377,0.05277699635047108,0.4522025104069164,143,14,inf
random_addition,42,193,144,0.0028801986932444333,0.05366748264307199,0.4335610008865768,144,14,inf
random_addition,42,193,145,0.002781228203155232,0.052737351120010115,0.4530251946171634,145,14,inf
random_addition,42,193,146,0.0026949118087639563,0.05191253999530322,0.4700007498664429,146,14,inf
random_addition,42,193,147,0.0027262674158799994,0.05221367077576523,0.463834147974336,147,14,inf
random_addition,42,193,148,0.0027181999354456434,0.05213635905436477,0.4654207522434519,148,14,inf
random_addition,42,193,149,0.002729415508228925,0.052243808324326096,0.4632150232301214,149,14,inf
random_addition,42,193,150,0.0026800483819562917,0.05176918370958047,0.47292389007342817,150,14,inf
random_addition,42,194,10,0.00962854819961681,0.0981251659851682,-0.8936142210947935,10,10,inf
random_addition,42,194,11,0.017332786822427938,0.13165404218035973,-2.408780943679566,11,11,inf
random_addition,42,194,12,0.016517884904080522,0.1285219238265617,-2.2485169215872736,12,12,inf
random_addition,42,194,13,0.012647801881836118,0.11246244654032793,-1.4874006976448961,13,13,inf
random_addition,42,194,14,0.013032968959775598,0.11416202941335442,-1.5631502126457928,14,14,inf
random_addition,42,194,15,0.010209358342490812,0.10104136946068581,-1.0078402002871787,15,14,inf
random_addition,42,194,16,0.011783637410425632,0.10855246386160763,-1.3174483747710402,16,14,inf
random_addition,42,194,17,0.011828996807046407,0.1087611916404303,-1.3263690548902711,17,14,inf
random_addition,42,194,18,0.011465719136739352,0.10707809830557952,-1.2549244561368473,18,14,inf
random_addition,42,194,19,0.009374619511725213,0.0968226188022469,-0.8436749192845159,19,14,inf
random_addition,42,194,20,0.010208416808242271,0.10103671020100699,-1.0076550319102107,20,14,inf
random_addition,42,194,21,0.011961448832422353,0.10936840874961266,-1.3524179496628683,21,14,inf
random_addition,42,194,22,0.006622301140910005,0.08137752233209122,-0.3023857134867458,22,14,inf
random_addition,42,194,23,0.0063625892876881624,0.07976584035593283,-0.25130905598324627,23,14,inf
random_addition,42,194,24,0.006515743890032627,0.08072015789152438,-0.28142945700456923,24,14,inf
random_addition,42,194,25,0.0066585540060575795,0.08159996327240338,-0.3095154426604141,25,14,inf
random_addition,42,194,26,0.00612558979953316,0.0782661472127839,-0.20469916300058877,26,14,inf
random_addition,42,194,27,0.006145947332647089,0.07839609258532652,-0.20870281063383,27,14,inf
random_addition,42,194,28,0.006205137157147681,0.07877269296620296,-0.22034347453193304,28,14,inf
random_addition,42,194,29,0.007083159250864645,0.08416150694269112,-0.3930211294211756,29,14,inf
random_addition,42,194,30,0.006989811985324165,0.08360509545072098,-0.3746628363677329,30,14,inf
random_addition,42,194,31,0.00909672162665072,0.09537673524843844,-0.7890216760042703,31,14,inf
random_addition,42,194,32,0.009145011159926088,0.09562955170827733,-0.7985186162536744,32,14,inf
random_addition,42,194,33,0.008279643658177741,0.09099254726722261,-0.6283296974456283,33,14,inf
random_addition,42,194,34,0.008307218803652098,0.09114394551286496,-0.6337528086495663,34,14,inf
random_addition,42,194,35,0.00700874036003081,0.08371822000037274,-0.37838541621919375,35,14,inf
random_addition,42,194,36,0.005741730107229572,0.07577420476144617,-0.12920676713969725,36,14,inf
random_addition,42,194,37,0.006570407345983907,0.08105804923623505,-0.2921799352093366,37,14,inf
random_addition,42,194,38,0.006077725013642883,0.07795976535138419,-0.19528575639219747,38,14,inf
random_addition,42,194,39,0.006178608600418059,0.07860412584857146,-0.21512619241973163,39,14,inf
random_addition,42,194,40,0.005654788990737393,0.0751983310369146,-0.11210834989399032,40,14,inf
random_addition,42,194,41,0.004726971358242787,0.06875297345019186,0.07036242628639067,41,14,inf
random_addition,42,194,42,0.005586982575148829,0.07474612080334891,-0.0987730899796162,42,14,inf
random_addition,42,194,43,0.0050548098280449715,0.07109718579553603,0.005887536015386052,43,14,inf
random_addition,42,194,44,0.0031834281377298977,0.056421876410926795,0.37392588493470347,44,14,inf
random_addition,42,194,45,0.0033792968495128133,0.058131719822424086,0.33540504353574696,45,14,inf
random_addition,42,194,46,0.004103143540282584,0.0640557845965732,0.19304854709232744,46,14,inf
random_addition,42,194,47,0.00533207181636037,0.07302103680693921,-0.04864064758595399,47,14,inf
random_addition,42,194,48,0.0057431095846670905,0.0757833067678304,-0.12947806433208897,48,14,inf
random_addition,42,194,49,0.005486702563239946,0.0740722793171639,-0.07905135699293675,49,14,inf
random_addition,42,194,50,0.004127300247838043,0.064244067802701,0.18829772858744998,50,14,inf
random_addition,42,194,51,0.004043475122003035,0.06358832535932232,0.20478333442079355,51,14,inf
random_addition,42,194,52,0.004445447117890576,0.06667418629342675,0.12572885267402323,52,14,inf
random_addition,42,194,53,0.004329569840402303,0.06579946687019815,0.14851804747311792,53,14,inf
random_addition,42,194,54,0.004306655634160402,0.06562511435540819,0.15302450741964346,54,14,inf
random_addition,42,194,55,0.004249619262812927,0.06518910386569927,0.16424165892203912,55,14,inf
random_addition,42,194,56,0.004391848886813094,0.06627102599789061,0.1362698366821714,56,14,inf
random_addition,42,194,57,0.0037769369442033443,0.06145678924417826,0.2572025022415739,57,14,inf
random_addition,42,194,58,0.0035797022070672138,0.05983061262486967,0.29599199525670294,58,14,inf
random_addition,42,194,59,0.00286752873361894,0.053549311233842586,0.4360527592732134,59,14,inf
random_addition,42,194,60,0.0028582233981112983,0.05346235496226572,0.4378828083402192,60,14,inf
random_addition,42,194,61,0.002255088618832726,0.04748777336149512,0.5564992987602626,61,14,inf
random_addition,42,194,62,0.0023362628859425996,0.048334903392296125,0.54053502840512,62,14,inf
random_addition,42,194,63,0.002449732993896596,0.049494777440620905,0.5182192435498912,63,14,inf
random_addition,42,194,64,0.0024075828378333445,0.04906712583628008,0.5265087731121896,64,14,inf
random_addition,42,194,65,0.0022082349139016725,0.046991860081312724,0.5657138594737825,65,14,inf
random_addition,42,194,66,0.002145191473887432,0.04631621178256521,0.5781124009862457,66,14,inf
random_addition,42,194,67,0.002959867188133586,0.05440466145592293,0.4178928656944694,67,14,inf
random_addition,42,194,68,0.0029945946021201803,0.05472288919748463,0.4110631418748931,68,14,inf
random_addition,42,194,69,0.0032713727915774727,0.057195915864486975,0.35663010536934225,69,14,inf
random_addition,42,194,70,0.0031975612641980955,0.05654698280366598,0.3711463704415656,70,14,inf
random_addition,42,194,71,0.0038653607761781677,0.062172025672147496,0.23981248432403512,71,14,inf
random_addition,42,194,72,0.0038872549678965035,0.06234785455728612,0.23550662720646187,72,14,inf
random_addition,42,194,73,0.003920851026753241,0.06261669926427965,0.22889940319875668,73,14,inf
random_addition,42,194,74,0.003901452116709681,0.062461605140355474,0.23271452165386142,74,14,inf
random_addition,42,194,75,0.0038244204649504334,0.06184189894359999,0.24786407776778707,75,14,inf
random_addition,42,194,76,0.003960985076422253,0.06293635734948642,0.22100637450660232,76,14,inf
random_addition,42,194,77,0.004485588038681692,0.06697453276195132,0.11783447266137259,77,14,inf
random_addition,42,194,78,0.004553857206581332,0.06748227327662674,0.10440820480489443,78,14,inf
random_addition,42,194,79,0.00438428374024938,0.06621392406623686,0.13775764863686302,79,14,inf
random_addition,42,194,80,0.004379229031047759,0.06617574352470669,0.1387517413109869,80,14,inf
random_addition,42,194,81,0.004001243066732038,0.06325537974537848,0.21308897082508582,81,14,inf
random_addition,42,194,82,0.003980192701518203,0.06308876842606934,0.21722887541939873,82,14,inf
random_addition,42,194,83,0.004015719959242919,0.06336970853051889,0.21024184901943754,83,14,inf
random_addition,42,194,84,0.0037861957515892544,0.06153207091906833,0.2553816037039278,84,14,inf
random_addition,42,194,85,0.0033989314033547073,0.058300355087724014,0.33154358180662136,85,14,inf
random_addition,42,194,86,0.003471243152286946,0.05891725682927665,0.3173222731221228,86,14,inf
random_addition,42,194,87,0.00342107492522164,0.05848995576354661,0.3271886897665093,87,14,inf
random_addition,42,194,88,0.003493430983115839,0.059105253430772456,0.31295866698734653,88,14,inf
random_addition,42,194,89,0.0033768510562784634,0.05811067936514306,0.3358860494729252,89,14,inf
random_addition,42,194,90,0.003446705493761343,0.05870864922446558,0.3221480119742479,90,14,inf
random_addition,42,194,91,0.003448202762111019,0.05872139952445802,0.3218535492389568,91,14,inf
random_addition,42,194,92,0.0034723999353044274,0.05892707302509117,0.3170947724930341,92,14,inf
random_addition,42,194,93,0.0033952114103297805,0.05826844266264356,0.3322751803351155,93,14,inf
random_addition,42,194,94,0.003550345313653816,0.05958477417641034,0.3017655168408798,94,14,inf
random_addition,42,194,95,0.0035156628539551094,0.059293025339875426,0.3085863996517101,95,14,inf
random_addition,42,194,96,0.0034920160689610965,0.059093282773603775,0.31323693339984215,96,14,inf
random_addition,42,194,97,0.003474640586245066,0.058946082026247223,0.31665411120145204,97,14,inf
random_addition,42,194,98,0.0034554926738375536,0.05878343877179655,0.320419866794864,98,14,inf
random_addition,42,194,99,0.003508726031693843,0.059234500349828585,0.3099506411771006,99,14,inf
random_addition,42,194,100,0.0035304871845049436,0.05941790289554945,0.30567094837438324,100,14,inf
random_addition,42,194,101,0.0034920014985388077,0.05909315949023886,0.313239798915835,101,14,inf
random_addition,42,194,102,0.0033534191141226972,0.05790871362863017,0.34049433080196245,102,14,inf
random_addition,42,194,103,0.003174514088068838,0.056342826411787665,0.3756789811290393,103,14,inf
random_addition,42,194,104,0.0031238776819667,0.055891660218378734,0.3856374729714498,104,14,inf
random_addition,42,194,105,0.00293880814068746,0.054210775134538154,0.4220344777942334,105,14,inf
random_addition,42,194,106,0.0030053111248414303,0.05482071802559166,0.4089555593603815,106,14,inf
random_addition,42,194,107,0.002987211275522976,0.054655386518832484,0.412515195907713,107,14,inf
random_addition,42,194,108,0.002646130022771406,0.05144054842992448,0.4795944998036944,108,14,inf
random_addition,42,194,109,0.0026634279508810066,0.05160840969145442,0.4761925744059362,109,14,inf
random_addition,42,194,110,0.0020741309781704097,0.0455426281429872,0.5920876299053007,110,14,inf
random_addition,42,194,111,0.002132173754014586,0.04617546701458022,0.5806725522122044,111,14,inf
random_addition,42,194,112,0.0021699968932261575,0.04658322544893341,0.5732340025147192,112,14,inf
random_addition,42,194,113,0.0022821436367137828,0.04777178703705549,0.5511784793023944,113,14,inf
random_addition,42,194,114,0.002069919024789807,0.04549636276439917,0.5929159806238873,114,14,inf
random_addition,42,194,115,0.0020566951105391246,0.04535080055014602,0.5955166834052917,115,14,inf
random_addition,42,194,116,0.002310789991225435,0.04807067704147129,0.5455446970165099,116,14,inf
random_addition,42,194,117,0.002284065775946662,0.04779190073586383,0.5508004586381318,117,14,inf
random_addition,42,194,118,0.0025704467078089197,0.050699573053517126,0.494478883050409,118,14,inf
random_addition,42,194,119,0.0026460414179274774,0.051439687187301956,0.4796119254206246,119,14,inf
random_addition,42,194,120,0.0026361523868247668,0.051343474627500295,0.48155676793901037,120,14,inf
random_addition,42,194,121,0.0026826970175368543,0.05179475859135608,0.4724029918136001,121,14,inf
random_addition,42,194,122,0.0026317980316259,0.05130105292901794,0.48241312434470407,122,14,inf
random_addition,42,194,123,0.002141048490750046,0.04627146518914271,0.578927187558849,123,14,inf
random_addition,42,194,124,0.002152718585015969,0.046397398472500254,0.5766320693327858,124,14,inf
random_addition,42,194,125,0.002068818857351318,0.04548427043881564,0.5931323468572921,125,14,inf
random_addition,42,194,126,0.002066548098463944,0.04545930156155002,0.5935789293775915,126,14,inf
random_addition,42,194,127,0.0020876261867907703,0.04569054811217272,0.5894335725718003,127,14,inf
random_addition,42,194,128,0.00211039163497878,0.04593899906374518,0.5849563683718848,128,14,inf
random_addition,42,194,129,0.0023901817400872306,0.04888948496443003,0.5299309885356959,129,14,inf
random_addition,42,194,130,0.0026162657319518407,0.05114944507960806,0.4854678095308129,130,14,inf
random_addition,42,194,131,0.0025702025668465816,0.050697165274269346,0.49452689743312284,131,14,inf
random_addition,42,194,132,0.0025931620073439423,0.05092309895660262,0.49001154141756986,132,14,inf
random_addition,42,194,133,0.0025616396623179953,0.05061264330498848,0.4962109350941539,133,14,inf
random_addition,42,194,134,0.002555366988297722,0.05055063786242189,0.497444560816623,134,14,inf
random_addition,42,194,135,0.0025722634584891112,0.05071748671305698,0.4941215887986825,135,14,inf
random_addition,42,194,136,0.002572428685122411,0.05071911557906359,0.49408909423189695,136,14,inf
random_addition,42,194,137,0.0025662173163687094,0.050657845555932494,0.4953106632535841,137,14,inf
random_addition,42,194,138,0.002425701395495687,0.04925141008636897,0.5229454572577285,138,14,inf
random_addition,42,194,139,0.0024328884396683887,0.04932431894784143,0.521532005429798,139,14,inf
random_addition,42,194,140,0.0024871666570900276,0.04987150145213223,0.5108572907921977,140,14,inf
random_addition,42,194,141,0.0026668169873015134,0.051641233402209843,0.4755260640007709,141,14,inf
random_addition,42,194,142,0.002635535319749946,0.05133746506938131,0.48167812444718017,142,14,inf
random_addition,42,194,143,0.002630843345839685,0.05129174734632936,0.48260087919039574,143,14,inf
random_addition,42,194,144,0.0026183846481117215,0.0511701538800864,0.485051089409516,144,14,inf
random_addition,42,194,145,0.002701185361016551,0.05197292911715243,0.46876695142497415,145,14,inf
random_addition,42,194,146,0.0027141980136867346,0.052097965542684435,0.4662077967487367,146,14,inf
random_addition,42,194,147,0.002690653617971932,0.05187151065827881,0.4708381939413693,147,14,inf
random_addition,42,194,148,0.002732665634333218,0.05227490444116773,0.4625758318500871,148,14,inf
random_addition,42,194,149,0.0026651289412943776,0.05162488684049949,0.475858046336914,149,14,inf
random_addition,42,194,150,0.0026800483819562917,0.05176918370958047,0.47292389007342817,150,14,inf
random_addition,42,195,10,0.00962854819961681,0.0981251659851682,-0.8936142210947935,10,10,inf
random_addition,42,195,11,0.012235026090371557,0.11061205219311121,-1.4062214697243194,11,11,inf
random_addition,42,195,12,0.015845345021605128,0.12587829448163462,-2.116250762732763,12,12,inf
random_addition,42,195,13,0.014892699663386817,0.1220356491496924,-1.9288972011590744,13,13,inf
random_addition,42,195,14,0.015001901771737094,0.12248225084369202,-1.95037361287334,14,14,inf
random_addition,42,195,15,0.015862892743930334,0.12594797633916288,-2.1197018143195594,15,14,inf
random_addition,42,195,16,0.011073803456182852,0.10523214079444955,-1.177847716135549,16,14,inf
random_addition,42,195,17,0.010346897532428317,0.10171970080779985,-1.0348895706204844,17,14,inf
random_addition,42,195,18,0.005822066740108519,0.07630246876811077,-0.14500630278521642,18,14,inf
random_addition,42,195,19,0.005548346909171807,0.0744872264832824,-0.09117474337337828,19,14,inf
random_addition,42,195,20,0.005332059601578783,0.07302095316810636,-0.048638245345902664,20,14,inf
random_addition,42,195,21,0.005180385731231693,0.07197489653505376,-0.018809054911028245,21,14,inf
random_addition,42,195,22,0.005886440947176127,0.07672314479461935,-0.1576665617824946,22,14,inf
random_addition,42,195,23,0.008264243064800534,0.09090788230291438,-0.6253009144943691,23,14,inf
random_addition,42,195,24,0.011089776386342343,0.10530800722804673,-1.1809890586386453,24,14,inf
random_addition,42,195,25,0.010196145167328866,0.10097596331468627,-1.005241609526271,25,14,inf
random_addition,42,195,26,0.011554181478893904,0.10749037854102991,-1.2723220477220334,26,14,inf
random_addition,42,195,27,0.010561952572987292,0.10277136066525193,-1.0771837228309704,27,14,inf
random_addition,42,195,28,0.008243370020528482,0.09079300645164518,-0.6211958830138522,28,14,inf
random_addition,42,195,29,0.008616678693300201,0.09282606688479374,-0.6946132453163729,29,14,inf
random_addition,42,195,30,0.008604026156911743,0.09275788999816535,-0.6921249134992193,30,14,inf
random_addition,42,195,31,0.007455108022488853,0.08634296741767017,-0.4661710445344811,31,14,inf
random_addition,42,195,32,0.006639781412543249,0.08148485388428484,-0.30582349977259815,32,14,inf
random_addition,42,195,33,0.004758136065117232,0.06897924372677068,0.06423336810334601,33,14,inf
random_addition,42,195,34,0.003143284456880161,0.05606500206795823,0.38182080775880867,34,14,inf
random_addition,42,195,35,0.003375726062282197,0.058100998806235656,0.33610729826202734,35,14,inf
random_addition,42,195,36,0.003094913183292637,0.05563194391078418,0.391333823600745,36,14,inf
random_addition,42,195,37,0.003280300542451744,0.05727390804242141,0.3548743146034421,37,14,inf
random_addition,42,195,38,0.0030164245059433248,0.05492198563365426,0.4067699280416506,38,14,inf
random_addition,42,195,39,0.00278477589366177,0.052770975864216974,0.45232748224599917,39,14,inf
random_addition,42,195,40,0.004036100535967714,0.06353031194609164,0.20623366947667732,40,14,inf
random_addition,42,195,41,0.004153581417403562,0.06444828482902833,0.1831290992775555,41,14,inf
random_addition,42,195,42,0.0036469208119405787,0.0603897409494409,0.2827723381005576,42,14,inf
random_addition,42,195,43,0.0036491989155597628,0.060408599682162493,0.28232431111653244,43,14,inf
random_addition,42,195,44,0.003647095227295766,0.06039118501317693,0.28273803641871387,44,14,inf
random_addition,42,195,45,0.0036206662525238146,0.06017197231704986,0.2879357340819103,45,14,inf
random_addition,42,195,46,0.003657514929331583,0.06047739188598979,0.2806888286310456,46,14,inf
random_addition,42,195,47,0.0033679981395950036,0.05803445648573788,0.3376271228499722,47,14,inf
random_addition,42,195,48,0.003543307075770827,0.05952568416885964,0.30314970343582315,48,14,inf
random_addition,42,195,49,0.003604507470679315,0.060037550505323875,0.29111362741140845,49,14,inf
random_addition,42,195,50,0.003304134917505786,0.05748160503592246,0.35018688814853416,50,14,inf
random_addition,42,195,51,0.0029345337574881664,0.05417133704726298,0.42287510637548864,51,14,inf
random_addition,42,195,52,0.002937506896092093,0.05419877209026135,0.4222903891964329,52,14,inf
random_addition,42,195,53,0.0032547039018507506,0.057050012286157754,0.35990831990200034,53,14,inf
random_addition,42,195,54,0.00314539832670184,0.056083850854785636,0.3814050800838894,54,14,inf
random_addition,42,195,55,0.0033878063636171305,0.05820486546343983,0.3337315059900573,55,14,inf
random_addition,42,195,56,0.003671377293093028,0.06059189131470504,0.2779625641296428,56,14,inf
random_addition,42,195,57,0.003675934868551602,0.06062948844045776,0.27706624107832223,57,14,inf
random_addition,42,195,58,0.003083553100749868,0.055529749691042796,0.3935679728629,58,14,inf
random_addition,42,195,59,0.0029944201642178358,0.05472129534484574,0.41109744799101056,59,14,inf
random_addition,42,195,60,0.0027831779169269827,0.052755833013298,0.45264175096099535,60,14,inf
random_addition,42,195,61,0.002652344317200253,0.05150091569283262,0.4783723553993071,61,14,inf
random_addition,42,195,62,0.0026426746335322044,0.05140695121802308,0.4802740595947572,62,14,inf
random_addition,42,195,63,0.002507275658579146,0.05007270372747158,0.5069025210385056,63,14,inf
random_addition,42,195,64,0.0025189493004839003,0.05018913528328517,0.5046067051102341,64,14,inf
random_addition,42,195,65,0.0024696148568885785,0.04969521965831903,0.5143091443612124,65,14,inf
random_addition,42,195,66,0.002531758232932586,0.050316580099730404,0.502087615405429,66,14,inf
random_addition,42,195,67,0.0026723122111123607,0.051694411797721045,0.47444533679864365,67,14,inf
random_addition,42,195,68,0.002806099117011184,0.052972626110201336,0.44813391555900495,68,14,inf
random_addition,42,195,69,0.002786989632169078,0.052791946660159045,0.4518921137322506,69,14,inf
random_addition,42,195,70,0.002741161689018107,0.05235610460126027,0.4609049413231906,70,14,inf
random_addition,42,195,71,0.0026902775623859113,0.05186788565563388,0.47091215152987054,71,14,inf
random_addition,42,195,72,0.0031047653207801405,0.05572042103914992,0.38939623682569413,72,14,inf
random_addition,42,195,73,0.006286744502299889,0.07928899357603102,-0.23639291689045616,73,14,inf
random_addition,42,195,74,0.007101762386231397,0.08427195492114442,-0.39667974554451124,74,14,inf
random_addition,42,195,75,0.006859470025871399,0.08282191754524523,-0.3490289211701185,75,14,inf
random_addition,42,195,76,0.007191005040833041,0.08479979387258581,-0.41423079855670375,76,14,inf
random_addition,42,195,77,0.007063467849616078,0.08404443973051447,-0.3891484877035951,77,14,inf
random_addition,42,195,78,0.006750552119226897,0.08216174364767886,-0.32760840245036893,78,14,inf
random_addition,42,195,79,0.006572238283203649,0.08106934243722252,-0.29254001948012776,79,14,inf
random_addition,42,195,80,0.0065749518652263635,0.08108607688886153,-0.2930736905385043,80,14,inf
random_addition,42,195,81,0.006216282611501363,0.07884340563104414,-0.22253541358932227,81,14,inf
random_addition,42,195,82,0.006241724036241977,0.07900458237496087,-0.22753889310616748,82,14,inf
random_addition,42,195,83,0.0058535518119834295,0.07650850810193223,-0.15119836607642956,83,14,inf
random_addition,42,195,84,0.0058776002839019065,0.07666550908917195,-0.15592789824226938,84,14,inf
random_addition,42,195,85,0.0057905244139546085,0.07609549535915125,-0.13880297948733533,85,14,inf
random_addition,42,195,86,0.005822667298170673,0.07630640404429155,-0.1451244125213378,86,14,inf
random_addition,42,195,87,0.0052088037613445244,0.0721720427959783,-0.02439793340460006,87,14,inf
random_addition,42,195,88,0.0050604137909490265,0.07113658546028918,0.00478542346117683,88,14,inf
random_addition,42,195,89,0.004627156415176069,0.0680232049757733,0.08999269574658053,89,14,inf
random_addition,42,195,90,0.004514046086181536,0.06718665110110442,0.11223772408276134,90,14,inf
random_addition,42,195,91,0.004622100730131586,0.06798603334606003,0.09098698033644115,91,14,inf
random_addition,42,195,92,0.004436101251258271,0.06660406332393146,0.127566872861126,92,14,inf
random_addition,42,195,93,0.004446374166963888,0.0666811380149131,0.12554653304779462,93,14,inf
random_addition,42,195,94,0.004046063602298857,0.06360867552699755,0.20427426669868476,94,14,inf
random_addition,42,195,95,0.003101170199162436,0.05568815133547204,0.390103277314116,95,14,inf
random_addition,42,195,96,0.0029853095741532113,0.05463798654922426,0.41288919712611105,96,14,inf
random_addition,42,195,97,0.0030179598310663535,0.05493596118269301,0.40646798080862045,97,14,inf
random_addition,42,195,98,0.0027148176120682524,0.05210391167722681,0.4660859424169844,98,14,inf
random_addition,42,195,99,0.002437547918296301,0.049371529430394405,0.5206156414245732,99,14,inf
random_addition,42,195,100,0.0023561675291885673,0.04854037009735883,0.5366204491004349,100,14,inf
random_addition,42,195,101,0.002486993992153039,0.049869770323844875,0.510891248225176,101,14,inf
random_addition,42,195,102,0.002419934139074677,0.04919282609359496,0.5240796841992272,102,14,inf
random_addition,42,195,103,0.0027140398622666944,0.05209644769335712,0.4662388998571042,103,14,inf
random_addition,42,195,104,0.0027013044141527822,0.05197407444248317,0.46874353764470744,104,14,inf
random_addition,42,195,105,0.0027002900640707697,0.05196431529492879,0.46894302646697283,105,14,inf
random_addition,42,195,106,0.0029279730185150284,0.054110747717205206,0.42416538486429756,106,14,inf
random_addition,42,195,107,0.00291274358067404,0.05396983954649152,0.42716050723135623,107,14,inf
random_addition,42,195,108,0.0028791063589734787,0.05365730480534294,0.4337758265972431,108,14,inf
random_addition,42,195,109,0.0027091516964647113,0.0520495119714365,0.4672002390004314,109,14,inf
random_addition,42,195,110,0.0024280158445465993,0.049274900756334346,0.5224902823397714,110,14,inf
random_addition,42,195,111,0.002568048617277764,0.05067591752773465,0.494950507457238,111,14,inf
random_addition,42,195,112,0.002617239619301157,0.05115896421255181,0.4852762783782262,112,14,inf
random_addition,42,195,113,0.0027149321405336856,0.052105010704669136,0.46606341848851995,113,14,inf
random_addition,42,195,114,0.0027051550103230253,0.05201110468277929,0.46798625383446946,114,14,inf
random_addition,42,195,115,0.0027190401453628344,0.05214441624337964,0.4652555109822656,115,14,inf
random_addition,42,195,116,0.0026687892059083047,0.05166032525941261,0.4751381943943149,116,14,inf
random_addition,42,195,117,0.0025503906597526176,0.05050139265161524,0.4984232386304003,117,14,inf
random_addition,42,195,118,0.002575245315541984,0.05074687493375315,0.4935351569915679,118,14,inf
random_addition,42,195,119,0.0024487700744006097,0.049485048998668374,0.5184086176916172,119,14,inf
random_addition,42,195,120,0.0024871588519090873,0.04987142319915371,0.5108588258109067,120,14,inf
random_addition,42,195,121,0.002575311866579983,0.05074753064514551,0.4935220686225458,121,14,inf
random_addition,42,195,122,0.002614615139707942,0.05113330753733756,0.4857924259611902,122,14,inf
random_addition,42,195,123,0.0026143849231846693,0.05113105634724036,0.4858377018712613,123,14,inf
random_addition,42,195,124,0.002277936514066942,0.04772773317544991,0.552005879976804,124,14,inf
random_addition,42,195,125,0.0022937145389108717,0.04789273993948218,0.5489028688472091,125,14,inf
random_addition,42,195,126,0.002293799490285687,0.04789362682325997,0.5488861617457731,126,14,inf
random_addition,42,195,127,0.002291943383813663,0.04787424551691299,0.549251195968838,127,14,inf
random_addition,42,195,128,0.0022879134041158323,0.04783213777488763,0.5500437585346919,128,14,inf
random_addition,42,195,129,0.002290102885709038,0.04785501944111023,0.5496131605467331,129,14,inf
random_addition,42,195,130,0.002302574663330192,0.04798515044605145,0.5471603779489693,130,14,inf
random_addition,42,195,131,0.002339280861367924,0.048366112737824235,0.5399414933190583,131,14,inf
random_addition,42,195,132,0.0021356381718328774,0.046212965408344846,0.5799912168008292,132,14,inf
random_addition,42,195,133,0.0020069473447426843,0.04479896588921093,0.6053004093447414,133,14,inf
random_addition,42,195,134,0.0020364374220306755,0.045126903528058246,0.5995006949354655,134,14,inf
random_addition,42,195,135,0.0021646743657803284,0.04652606114620416,0.5742807661030234,135,14,inf
random_addition,42,195,136,0.002093596660802377,0.045755837450563365,0.5882593795095996,136,14,inf
random_addition,42,195,137,0.0021261994468686992,0.04611073027906519,0.5818474991240441,137,14,inf
random_addition,42,195,138,0.0020719761034673685,0.04551896421786603,0.5925114218724551,138,14,inf
random_addition,42,195,139,0.002083385709906304,0.04564412021176774,0.5902675329120486,139,14,inf
random_addition,42,195,140,0.002170064530832589,0.046583951429999895,0.5732207004539346,140,14,inf
random_addition,42,195,141,0.0021634159575738185,0.0465125354885521,0.5745282530165627,141,14,inf
random_addition,42,195,142,0.0021898687045613053,0.046796033000258745,0.5693258801516151,142,14,inf
random_addition,42,195,143,0.002206678144358247,0.046975292914022866,0.5660200241089157,143,14,inf
random_addition,42,195,144,0.002420679951027911,0.04920040600470601,0.5239330078684215,144,14,inf
random_addition,42,195,145,0.0024204431280754066,0.04919799922837723,0.523979583042731,145,14,inf
random_addition,42,195,146,0.0024336965480146883,0.049332510051837905,0.521373077476693,146,14,inf
random_addition,42,195,147,0.0026203340089297764,0.051189198166505565,0.48466771516756535,147,14,inf
random_addition,42,195,148,0.0026033595695975566,0.05102312779120422,0.48800602111444535,148,14,inf
random_addition,42,195,149,0.0025996500852325456,0.05098676382388419,0.4887355529401045,149,14,inf
random_addition,42,195,150,0.0026800483819562917,0.05176918370958047,0.47292389007342817,150,14,inf
random_addition,42,196,10,0.00962854819961681,0.0981251659851682,-0.8936142210947935,10,10,inf
random_addition,42,196,11,0.010809300868346552,0.1039677876476486,-1.12582888095299,11,11,inf
random_addition,42,196,12,0.021428815797209802,0.1463858456177024,-3.2143331988961883,12,12,inf
random_addition,42,196,13,0.03409594343647074,0.18465086903795155,-5.705534628316465,13,13,inf
random_addition,42,196,14,0.013502676518059854,0.11620101771525004,-1.6555260198477728,14,14,inf
random_addition,42,196,15,0.017184452864976017,0.1310894841891447,-2.3796086026911913,15,14,inf
random_addition,42,196,16,0.014548191856212997,0.12061588558814712,-1.8611440083185906,16,14,inf
random_addition,42,196,17,0.01435661208710844,0.1198190806470674,-1.8234666588647155,17,14,inf
random_addition,42,196,18,0.008275222098883941,0.09096824775098145,-0.6274601242363997,18,14,inf
random_addition,42,196,19,0.008918054465748844,0.09443545131860621,-0.7538838058173725,19,14,inf
random_addition,42,196,20,0.01385044424357923,0.11768791035437424,-1.7239203298754768,20,14,inf
random_addition,42,196,21,0.01393830942585112,0.11806061759050357,-1.741200480033084,21,14,inf
random_addition,42,196,22,0.012621906076918927,0.11234725665061397,-1.482307856705507,22,14,inf
random_addition,42,196,23,0.013155263999760466,0.11469639924496525,-1.5872015672304762,23,14,inf
random_addition,42,196,24,0.019056382565978018,0.1380448570790597,-2.747754727030911,24,14,inf
random_addition,42,196,25,0.016797229111833695,0.12960412459421844,-2.30345460828888,25,14,inf
random_addition,42,196,26,0.01706458051695084,0.13063146832578604,-2.356033710793622,26,14,inf
random_addition,42,196,27,0.008565222817839393,0.09254848900894813,-0.6844935911887291,27,14,inf
random_addition,42,196,28,0.008409814135245055,0.09170503876693502,-0.6539298877787014,28,14,inf
random_addition,42,196,29,0.009131948662657834,0.09556122991390302,-0.7959496588078194,29,14,inf
random_addition,42,196,30,0.006591944637205234,0.08119079157888062,-0.2964156019054007,30,14,inf
random_addition,42,196,31,0.006310145823595808,0.07943642630176542,-0.24099517611787813,31,14,inf
random_addition,42,196,32,0.00650514295101969,0.08065446640465543,-0.27934460594959365,32,14,inf
random_addition,42,196,33,0.00627147850105088,0.0791926669651356,-0.23339060372080067,33,14,inf
random_addition,42,196,34,0.006257131242002885,0.07910203058078145,-0.2305689764927108,34,14,inf
random_addition,42,196,35,0.005501376025478896,0.07417126145266033,-0.08193713750650167,35,14,inf
random_addition,42,196,36,0.004529234069381958,0.06729958446663663,0.10925075446056931,36,14,inf
random_addition,42,196,37,0.0044555801509115435,0.06675013221643493,0.12373602311825571,37,14,inf
random_addition,42,196,38,0.0044657661089083905,0.06682638781879797,0.12173278498531781,38,14,inf
random_addition,42,196,39,0.004683905690852122,0.06843906553169851,0.07883200638519994,39,14,inf
random_addition,42,196,40,0.0049557701155204924,0.07039723087963398,0.025365343489721304,40,14,inf
random_addition,42,196,41,0.00520871523308077,0.07217142947926672,-0.024380522848435282,41,14,inf
random_addition,42,196,42,0.005110962452955895,0.07149099560753015,-0.005155812044849828,42,14,inf
random_addition,42,196,43,0.004958037518862054,0.07041333338837222,0.02491942089334176,43,14,inf
random_addition,42,196,44,0.004894787342814268,0.06996275682685944,0.03735862048685934,44,14,inf
random_addition,42,196,45,0.004878289161375388,0.06984475042102584,0.04060326239415202,45,14,inf
random_addition,42,196,46,0.004842028254333812,0.06958468404996758,0.04773457314009166,46,14,inf
random_addition,42,196,47,0.005375772417945116,0.07331965915049739,-0.057235098059241984,47,14,inf
random_addition,42,196,48,0.004517882123161352,0.06721519265137423,0.11148330357958369,48,14,inf
random_addition,42,196,49,0.004760835344567141,0.06899880683437316,0.06370250988390447,49,14,inf
random_addition,42,196,50,0.0033219533717951935,0.05763638930220381,0.34668259261603707,50,14,inf
random_addition,42,196,51,0.0036182748966816303,0.06015209802393953,0.2884060340000889,51,14,inf
random_addition,42,196,52,0.0035910236745970436,0.05992515060137141,0.29376544027939067,52,14,inf
random_addition,42,196,53,0.003262959763740917,0.05712232281464854,0.3582846672849592,53,14,inf
random_addition,42,196,54,0.003694109673260898,0.06077918782988876,0.27349186330613495,54,14,inf
random_addition,42,196,55,0.0029588246577846524,0.05439507935268274,0.4180978966351404,55,14,inf
random_addition,42,196,56,0.003186222487744985,0.05644663398064569,0.3733763295066591,56,14,inf
random_addition,42,196,57,0.0031940245996979885,0.05651570224015613,0.37184191436509406,57,14,inf
random_addition,42,196,58,0.003172096661090228,0.05632136948876712,0.3761544083700159,58,14,inf
random_addition,42,196,59,0.0031300321065322045,0.055946689862155424,0.3844271029719145,59,14,inf
random_addition,42,196,60,0.0031679359974256687,0.05628442055689717,0.3769726721124891,60,14,inf
random_addition,42,196,61,0.0030455125365856004,0.05518616254629054,0.4010492827952523,61,14,inf
random_addition,42,196,62,0.0027878699501808794,0.05280028361837538,0.4517189845468663,62,14,inf
random_addition,42,196,63,0.0026741502419261954,0.051712186590069806,0.47408385745453796,63,14,inf
random_addition,42,196,64,0.0024865356523341643,0.049865174744847376,0.5109813883772655,64,14,inf
random_addition,42,196,65,0.0022515470420251165,0.04745046935516146,0.5571958087708015,65,14,inf
random_addition,42,196,66,0.0023313313321466048,0.04828386202600828,0.5415049005194396,66,14,inf
random_addition,42,196,67,0.0023001259076903106,0.04795962789357639,0.5476419664924894,67,14,inf
random_addition,42,196,68,0.0023528615065570996,0.048506303781643674,0.5372706334626483,68,14,inf
random_addition,42,196,69,0.0029394715363795913,0.054216893459323096,0.42190400999256816,69,14,inf
random_addition,42,196,70,0.0028697448487481378,0.053569999521636526,0.4356169233572236,70,14,inf
random_addition,42,196,71,0.0028351596484439364,0.05324621722192044,0.44241867848974237,71,14,inf
random_addition,42,196,72,0.002750754427781876,0.052447635101898316,0.45901836962351916,72,14,inf
random_addition,42,196,73,0.0027465927043605325,0.05240794504996864,0.4598368417847981,73,14,inf
random_addition,42,196,74,0.002651051996822596,0.0514883675874716,0.4786265117055962,74,14,inf
random_addition,42,196,75,0.0026935620504095997,0.05189953805584015,0.47026620230660965,75,14,inf
random_addition,42,196,76,0.0025570506521823905,0.05056728836097888,0.49711344029778115,76,14,inf
random_addition,42,196,77,0.002620611470299349,0.05119190825022397,0.4846131477723221,77,14,inf
random_addition,42,196,78,0.0026230664562733002,0.05121588089912445,0.48413033392993543,78,14,inf
random_addition,42,196,79,0.0024374374803969616,0.04937041098063658,0.5206373608751489,79,14,inf
random_addition,42,196,80,0.002527832853118136,0.050277558145937595,0.5028596066636892,80,14,inf
random_addition,42,196,81,0.0025440174621083832,0.05043825395578621,0.49967663399621987,81,14,inf
random_addition,42,196,82,0.002507078836211222,0.0500707383230088,0.5069412294322534,82,14,inf
random_addition,42,196,83,0.0025738716505696218,0.05073333864994124,0.49380531106596803,83,14,inf
random_addition,42,196,84,0.0025678136053918815,0.05067359870180804,0.49499672645516035,84,14,inf
random_addition,42,196,85,0.0025784556557617343,0.050778495997437084,0.4929037901677601,85,14,inf
random_addition,42,196,86,0.002614386202784782,0.05113106886018306,0.48583745021660674,86,14,inf
random_addition,42,196,87,0.0026499378315777275,0.05147754686829713,0.4788456308405471,87,14,inf
random_addition,42,196,88,0.002529726360930999,0.05029638516763406,0.5024872168445953,88,14,inf
random_addition,42,196,89,0.00251518484587529,0.05015161857682452,0.5053470477489939,89,14,inf
random_addition,42,196,90,0.002497138939705148,0.04997138120669818,0.5088960754786034,90,14,inf
random_addition,42,196,91,0.002525212751579663,0.05025149501835406,0.503374893229338,91,14,inf
random_addition,42,196,92,0.0025723046800430727,0.05071789309546556,0.49411348189417537,92,14,inf
random_addition,42,196,93,0.002618889379213626,0.0511750855320597,0.4849518256396744,93,14,inf
random_addition,42,196,94,0.00266623977392457,0.05163564441279464,0.4756395826160934,94,14,inf
random_addition,42,196,95,0.002731796324716501,0.0522665889906401,0.4627467960513999,95,14,inf
random_addition,42,196,96,0.0027210388686897693,0.05216357798972161,0.4648624287815587,96,14,inf
random_addition,42,196,97,0.002737037793561137,0.052316706639095094,0.46171597398582387,97,14,inf
random_addition,42,196,98,0.0023642884229917345,0.048623949068249635,0.5350233402035516,98,14,inf
random_addition,42,196,99,0.0023530122069081215,0.0485078571667325,0.537240995730988,99,14,inf
random_addition,42,196,100,0.0018278666906985552,0.04275355763791541,0.6405195998385289,100,14,inf
random_addition,42,196,101,0.0018294821394295023,0.04277244603047039,0.6402018949647565,101,14,inf
random_addition,42,196,102,0.0018447901427894498,0.042951020276466655,0.6371913213810758,102,14,inf
random_addition,42,196,103,0.0018837874584241444,0.04340262040964974,0.6295218503518588,103,14,inf
random_addition,42,196,104,0.0018718680780325687,0.04326509075493277,0.6318659948426164,104,14,inf
random_addition,42,196,105,0.0018841575433530661,0.04340688359411519,0.6294490669924271,105,14,inf
random_addition,42,196,106,0.0018170741416666865,0.04262715263381647,0.6426421341920905,106,14,inf
random_addition,42,196,107,0.0018190005500546762,0.042649742672783805,0.6422632739274372,107,14,inf
random_addition,42,196,108,0.0017763526787490682,0.042146799151881846,0.6506506874740541,108,14,inf
random_addition,42,196,109,0.0017753213916657084,0.04213456291058101,0.6508535072394637,109,14,inf
random_addition,42,196,110,0.0017761281733418173,0.04214413569337752,0.6506948401981273,110,14,inf
random_addition,42,196,111,0.0019519666079012266,0.044181066169811094,0.6161132861160701,111,14,inf
random_addition,42,196,112,0.0019764100601186324,0.044456833671761106,0.6113060745020312,112,14,inf
random_addition,42,196,113,0.0021412116755829317,0.04627322849751173,0.5788950945460902,113,14,inf
random_addition,42,196,114,0.002201353429120775,0.04691858298287337,0.5670672179628509,114,14,inf
random_addition,42,196,115,0.0022125158898375,0.047037388212330625,0.5648719343211859,115,14,inf
random_addition,42,196,116,0.0022781651052939385,0.047730127857506716,0.5519609237082903,116,14,inf
random_addition,42,196,117,0.002298183036424568,0.04793936833568594,0.5480240644559926,117,14,inf
random_addition,42,196,118,0.0021580842309065996,0.04645518518859439,0.5755768257848268,118,14,inf
random_addition,42,196,119,0.0021883879820909996,0.04678020929935008,0.569617088864407,119,14,inf
random_addition,42,196,120,0.002214091533495628,0.047054134074442686,0.5645620577773338,120,14,inf
random_addition,42,196,121,0.0021621291097935905,0.046498700087137815,0.5747813330455043,121,14,inf
random_addition,42,196,122,0.002166815182930703,0.04654906210581158,0.5738597387875164,122,14,inf
random_addition,42,196,123,0.0021937535784461062,0.04683752318863697,0.5685618550584333,123,14,inf
random_addition,42,196,124,0.002119622180109501,0.04603935468823929,0.5831410280770015,124,14,inf
random_addition,42,196,125,0.00211265278622326,0.045963602842066895,0.5845116753544304,125,14,inf
random_addition,42,196,126,0.0021086485890954485,0.04592002383596342,0.5852991673488718,126,14,inf
random_addition,42,196,127,0.0021847143865973066,0.04674092838826917,0.5703395625463359,127,14,inf
random_addition,42,196,128,0.002320752197987908,0.048174186012717515,0.5435854632869994,128,14,inf
random_addition,42,196,129,0.002333886473160446,0.048310314355843785,0.5410023895218933,129,14,inf
random_addition,42,196,130,0.002364855785123627,0.04862978290228764,0.5349117589994916,130,14,inf
random_addition,42,196,131,0.0025374362218266886,0.050372971143527845,0.5009709444084952,131,14,inf
random_addition,42,196,132,0.0025665459489836936,0.050661089101831334,0.4952460321814486,132,14,inf
random_addition,42,196,133,0.002398631853153606,0.04897582927479233,0.528269133192542,133,14,inf
random_addition,42,196,134,0.0024693683199794947,0.04969273910723271,0.5143576299467221,134,14,inf
random_addition,42,196,135,0.0023973139153725255,0.048962372444281387,0.5285283275874844,135,14,inf
random_addition,42,196,136,0.0024022299024885558,0.04901254841863006,0.5275615169198071,136,14,inf
random_addition,42,196,137,0.0024195542791606703,0.049188965014123544,0.5241543899721304,137,14,inf
random_addition,42,196,138,0.002643151750964728,0.05141159160116256,0.4801802265124868,138,14,inf
random_addition,42,196,139,0.0026759361700235246,0.05172945166946509,0.4737326249766147,139,14,inf
random_addition,42,196,140,0.002679321740502137,0.05176216514503752,0.47306679620659564,140,14,inf
random_addition,42,196,141,0.002644299440045163,0.05142275216327072,0.4799545143574401,141,14,inf
random_addition,42,196,142,0.0026457965234734093,0.05143730672841852,0.47966008799002513,142,14,inf
random_addition,42,196,143,0.002573656213639383,0.050731215377116515,0.49384768032313864,143,14,inf
random_addition,42,196,144,0.0025656659186307227,0.05065240289098556,0.49541910479393725,144,14,inf
random_addition,42,196,145,0.0026266027354513353,0.051250392539485344,0.48343486578640416,145,14,inf
random_addition,42,196,146,0.0027072490395934077,0.052031231386479866,0.46757442813410666,146,14,inf
random_addition,42,196,147,0.002693144738195374,0.05189551751544033,0.4703482736975516,147,14,inf
random_addition,42,196,148,0.00272773555578451,0.05222772784435974,0.4635454138324797,148,14,inf
random_addition,42,196,149,0.002677836621859812,0.05174781755649036,0.4733588694997669,149,14,inf
random_addition,42,196,150,0.0026800483819562917,0.05176918370958047,0.47292389007342817,150,14,inf
random_addition,42,197,10,0.00962854819961681,0.0981251659851682,-0.8936142210947935,10,10,inf
random_addition,42,197,11,0.02089162250690129,0.14453934587821163,-3.1086851995388827,11,11,inf
random_addition,42,197,12,0.017987308198299114,0.13411677075705003,-2.537503463385031,12,12,inf
random_addition,42,197,13,0.01715842175570838,0.13099015900329453,-2.3744891518998426,13,13,inf
random_addition,42,197,14,0.012991500313858827,0.11398026282588941,-1.5549947133940294,14,14,inf
random_addition,42,197,15,0.01259076323189845,0.11220857022482039,-1.4761830980198236,15,14,inf
random_addition,42,197,16,0.012469258119396589,0.11166583237229098,-1.4522870958189515,16,14,inf
random_addition,42,197,17,0.01161562102089854,0.10777579051391152,-1.2844051560022787,17,14,inf
random_addition,42,197,18,0.00911285430961738,0.09546127125498267,-0.7921944365551599,18,14,inf
random_addition,42,197,19,0.007406446161752264,0.08606071206858716,-0.4566008798943533,19,14,inf
random_addition,42,197,20,0.0069760335121561,0.08352265268869338,-0.3719530703474454,20,14,inf
random_addition,42,197,21,0.007239425666521554,0.08508481454714203,-0.42375352031051117,21,14,inf
random_addition,42,197,22,0.006301069715718842,0.07937927762154832,-0.23921020847875907,22,14,inf
random_addition,42,197,23,0.005593321507991025,0.0747885118717509,-0.10001974660195367,23,14,inf
random_addition,42,197,24,0.005096388347752362,0.07138899318348986,-0.002289571745586416,24,14,inf
random_addition,42,197,25,0.004942284885739206,0.07030138608689879,0.028017438318471477,25,14,inf
random_addition,42,197,26,0.004326819679681808,0.0657785655033751,0.14905891234107727,26,14,inf
random_addition,42,197,27,0.004282783037198132,0.0654429754610694,0.15771945084881145,27,14,inf
random_addition,42,197,28,0.004274310687777613,0.06537821263829116,0.15938567934101722,28,14,inf
random_addition,42,197,29,0.003963023602598361,0.06295255040582837,0.22060546441329187,29,14,inf
random_addition,42,197,30,0.004390754418148157,0.0662627679632247,0.13648508215693045,30,14,inf
random_addition,42,197,31,0.004580195764111579,0.06767714358711942,0.09922828919680882,31,14,inf
random_addition,42,197,32,0.005639417291237975,0.07509605376607997,-0.10908524940458797,32,14,inf
random_addition,42,197,33,0.0058460499619877645,0.07645946613721394,-0.1497230024450904,33,14,inf
random_addition,42,197,34,0.009720927023779398,0.09859476164472125,-0.9117820540365502,34,14,inf
random_addition,42,197,35,0.009764046382468703,0.09881318931432535,-0.9202621934226527,35,14,inf
random_addition,42,197,36,0.009321355470414728,0.09654716707607079,-0.8331996592549167,36,14,inf
random_addition,42,197,37,0.009411963394229802,0.09701527402543272,-0.8510192151758109,37,14,inf
random_addition,42,197,38,0.005020233223716805,0.07085360416885512,0.012687600606181682,38,14,inf
random_addition,42,197,39,0.0049827955972903135,0.07058891979121308,0.02005033279960422,39,14,inf
random_addition,42,197,40,0.005009554914227539,0.07077820931775217,0.014787667852760977,40,14,inf
random_addition,42,197,41,0.004830566392522344,0.06950227616792377,0.04998873898902845,41,14,inf
random_addition,42,197,42,0.005990816436830604,0.07740036457815043,-0.1781937386159984,42,14,inf
random_addition,42,197,43,0.006270075013623581,0.07918380524844447,-0.23311458456439582,43,14,inf
random_addition,42,197,44,0.006328545999361673,0.07955215898617506,-0.24461387685848113,44,14,inf
random_addition,42,197,45,0.005971491954401954,0.07727542917643326,-0.17439325758983037,45,14,inf
random_addition,42,197,46,0.005268404644944587,0.07258377673381695,-0.036119438914577806,46,14,inf
random_addition,42,197,47,0.005936705629923002,0.07705002031098371,-0.16755194804167006,47,14,inf
random_addition,42,197,48,0.00593457706009198,0.07703620616367332,-0.16713332936530745,48,14,inf
random_addition,42,197,49,0.007593295827527317,0.08713951932118583,-0.49334797582025103,49,14,inf
random_addition,42,197,50,0.0067751843118217065,0.0823115077727392,-0.3324527330002365,50,14,inf
random_addition,42,197,51,0.007106142516986666,0.08429793898421638,-0.39754117114227294,51,14,inf
random_addition,42,197,52,0.007086254888315428,0.08417989598660376,-0.39362993803682866,52,14,inf
random_addition,42,197,53,0.006865017252723635,0.08285539965942856,-0.35011987563565783,53,14,inf
random_addition,42,197,54,0.005178807851239935,0.07196393437854781,-0.018498738554955763,54,14,inf
random_addition,42,197,55,0.005208266610645386,0.07216832137888055,-0.024292293781505103,55,14,inf
random_addition,42,197,56,0.006015417925249534,0.07755912535124113,-0.18303203067876628,56,14,inf
random_addition,42,197,57,0.004521659636735927,0.06724328692691879,0.11074039267786762,57,14,inf
random_addition,42,197,58,0.004593214297602525,0.06777325650728704,0.09666797795931248,58,14,inf
random_addition,42,197,59,0.0047273603816897465,0.06875580253105731,0.07028591835225251,59,14,inf
random_addition,42,197,60,0.0047400479297367085,0.06884800599680944,0.06779070090986528,60,14,inf
random_addition,42,197,61,0.004726218334326138,0.06874749693135117,0.07051052096980803,61,14,inf
random_addition,42,197,62,0.004851082719543119,0.06964971442542402,0.04595386189169859,62,14,inf
random_addition,42,197,63,0.005222410456011037,0.07226624700377789,-0.027073916324187985,63,14,inf
random_addition,42,197,64,0.005361972419679828,0.07322549023174804,-0.054521098770411,64,14,inf
random_addition,42,197,65,0.005673245800342538,0.07532095193465453,-0.11573818862146656,65,14,inf
random_addition,42,197,66,0.005670241943072564,0.07530100891138554,-0.1151474301055786,66,14,inf
random_addition,42,197,67,0.00534161775329682,0.07308637187121016,-0.050518014927507515,67,14,inf
random_addition,42,197,68,0.005364578190429388,0.07324328085517051,-0.0550335669479578,68,14,inf
random_addition,42,197,69,0.004881858678587254,0.06987029897307764,0.03990125743819184,69,14,inf
random_addition,42,197,70,0.004880400007877869,0.0698598597756814,0.04018812930526061,70,14,inf
random_addition,42,197,71,0.004999554914662035,0.07070753082000555,0.016754334165854146,71,14,inf
random_addition,42,197,72,0.004792490370550557,0.06922781500632934,0.05747702228924223,72,14,inf
random_addition,42,197,73,0.005458838523225509,0.07388395308336924,-0.07357142987052878,73,14,inf
random_addition,42,197,74,0.005239734585214541,0.0723860109773604,-0.03048099460304443,74,14,inf
random_addition,42,197,75,0.0048452942859819855,0.06960814812923832,0.04709225367018721,75,14,inf
random_addition,42,197,76,0.0048690426781039355,0.06977852590950841,0.0424217371896185,76,14,inf
random_addition,42,197,77,0.00498833749080486,0.070628163580861,0.01896042722366742,77,14,inf
random_addition,42,197,78,0.004891332072040023,0.06993805882379081,0.03803815697981705,78,14,inf
random_addition,42,197,79,0.004814703295647872,0.06938806306309372,0.05310848094901588,79,14,inf
random_addition,42,197,80,0.005259050218221892,0.07251930927843903,-0.03427973524326111,80,14,inf
random_addition,42,197,81,0.005313408731533392,0.07289313226589589,-0.04497024140371453,81,14,inf
random_addition,42,197,82,0.005317813913040473,0.07292334271713327,-0.045836593648660884,82,14,inf
random_addition,42,197,83,0.00531398701596131,0.07289709881717728,-0.045083970659033135,83,14,inf
random_addition,42,197,84,0.004813520695542977,0.0693795409003474,0.05334105893793695,84,14,inf
random_addition,42,197,85,0.0049351801833331455,0.07025083759880124,0.029414696267836882,85,14,inf
random_addition,42,197,86,0.004580093958786243,0.06767639144329611,0.09924831090806208,86,14,inf
random_addition,42,197,87,0.004527530669625287,0.06728692792530572,0.1095857563670426,87,14,inf
random_addition,42,197,88,0.004506663541889537,0.0671316880607775,0.11368962426224505,88,14,inf
random_addition,42,197,89,0.004334353097105926,0.06583580406667731,0.14757734044965543,89,14,inf
random_addition,42,197,90,0.004010909086900849,0.06333173838527448,0.2111879871177208,90,14,inf
random_addition,42,197,91,0.00377216987265997,0.06141799306929501,0.2581400261839548,91,14,inf
random_addition,42,197,92,0.0039009145164162276,0.062457301546066074,0.23282024969715964,92,14,inf
random_addition,42,197,93,0.00381182313584169,0.06173996384710385,0.25034155215474363,93,14,inf
random_addition,42,197,94,0.004108843013023316,0.06410025751136508,0.19192765093946607,94,14,inf
random_addition,42,197,95,0.00409260780808294,0.06397349301142576,0.19512057414243744,95,14,inf
random_addition,42,197,96,0.0041165494019697515,0.06416034134860686,0.19041206131995947,96,14,inf
random_addition,42,197,97,0.00405023434886172,0.06364145149870264,0.20345401998648227,97,14,inf
random_addition,42,197,98,0.004033972709633142,0.06351356319427483,0.20665214193209114,98,14,inf
random_addition,42,197,99,0.004050345607098991,0.06364232559467788,0.203432139202802,99,14,inf
random_addition,42,197,100,0.003978462213512883,0.06307505222758744,0.2175692046807134,100,14,inf
random_addition,42,197,101,0.0036753396722463117,0.06062457976964716,0.27718329633573735,101,14,inf
random_addition,42,197,102,0.0036880430815082743,0.0607292605051986,0.27468495952149197,102,14,inf
random_addition,42,197,103,0.003598735505689802,0.05998946162193658,0.2922487803712531,103,14,inf
random_addition,42,197,104,0.00338758714657503,0.058202982282483,0.33377461866912606,104,14,inf
random_addition,42,197,105,0.003417672604375764,0.0584608638695646,0.3278578127749743,105,14,inf
random_addition,42,197,106,0.003448086734596232,0.058720411566986076,0.32187636798042063,106,14,inf
random_addition,42,197,107,0.0035281904048541333,0.059398572414277206,0.30612264831079405,107,14,inf
random_addition,42,197,108,0.0035863759831224265,0.05988635890686982,0.29467948614478356,108,14,inf
random_addition,42,197,109,0.0036796879773014824,0.06066043172696253,0.27632812979147503,109,14,inf
random_addition,42,197,110,0.0036037310112421116,0.0600310837087097,0.2912663310799064,110,14,inf
random_addition,42,197,111,0.003530744531993512,0.059420068428044676,0.3056203367085316,111,14,inf
random_addition,42,197,112,0.0034435785321664547,0.058682011998281505,0.3227629810040683,112,14,inf
random_addition,42,197,113,0.0034158928568652665,0.05844564018697431,0.32820782973765306,113,14,inf
random_addition,42,197,114,0.003533848108676677,0.059446178251227194,0.305009966710723,114,14,inf
random_addition,42,197,115,0.003552551759542867,0.059603286482734046,0.30133158254185954,115,14,inf
random_addition,42,197,116,0.0035436557817143527,0.05952861313447805,0.3030811246096127,116,14,inf
random_addition,42,197,117,0.0036273604426966624,0.06022757211358152,0.28661921019407,117,14,inf
random_addition,42,197,118,0.0034611988676020527,0.05883195447715512,0.3192976488408418,118,14,inf
random_addition,42,197,119,0.0033076590975700997,0.057512251717091546,0.3494937994970436,119,14,inf
random_addition,42,197,120,0.0032563314451931635,0.05706427468384369,0.3595882364216305,120,14,inf
random_addition,42,197,121,0.003247192859531404,0.056984145685720376,0.36138549135675047,121,14,inf
random_addition,42,197,122,0.003242382332051124,0.056941920691623356,0.36233156163222435,122,14,inf
random_addition,42,197,123,0.0029140599231166587,0.05398203333625604,0.4269016265862686,123,14,inf
random_addition,42,197,124,0.0028987973883714407,0.05384048094483779,0.42990325801027174,124,14,inf
random_addition,42,197,125,0.002902241971570037,0.053872460233128736,0.42922582340690485,125,14,inf
random_addition,42,197,126,0.0031231779569947916,0.05588540021324703,0.3857750855304972,126,14,inf
random_addition,42,197,127,0.0033755214966659126,0.058099238348414795,0.33614752949441173,127,14,inf
random_addition,42,197,128,0.0033461447141589474,0.05784587032934112,0.3419249625997901,128,14,inf
random_addition,42,197,129,0.0033299580299970114,0.057705788531108484,0.3451083433843025,129,14,inf
random_addition,42,197,130,0.00334392115959802,0.057826647487105975,0.34236226160382066,130,14,inf
random_addition,42,197,131,0.0032977356376037237,0.0574259143384215,0.3514454130243605,131,14,inf
random_addition,42,197,132,0.0032921485191031467,0.05737724739914896,0.3525442128463374,132,14,inf
random_addition,42,197,133,0.0033049878077000628,0.05748902336707472,0.350019153099861,133,14,inf
random_addition,42,197,134,0.003272769935169105,0.057208128226407695,0.3563553338337818,134,14,inf
random_addition,42,197,135,0.0033102736947371357,0.05753497801109457,0.3489795954576299,135,14,inf
random_addition,42,197,136,0.003342197671892886,0.05781174337358186,0.34270121413961974,136,14,inf
random_addition,42,197,137,0.0033865426608479083,0.058194008805442406,0.3339800341674549,137,14,inf
random_addition,42,197,138,0.003379507889439143,0.05813353498144718,0.33536353902256066,138,14,inf
random_addition,42,197,139,0.003494827826473431,0.0591170688251154,0.31268395449780595,139,14,inf
random_addition,42,197,140,0.00356717370486027,0.05972582108987929,0.29845593368815115,140,14,inf
random_addition,42,197,141,0.003577817344745176,0.059814858895973134,0.29636268479616634,141,14,inf
random_addition,42,197,142,0.003621648413695429,0.06018013304816988,0.28774257574449347,142,14,inf
random_addition,42,197,143,0.003612184079421277,0.06010144823064813,0.28960389456464974,143,14,inf
random_addition,42,197,144,0.003565672008646794,0.05971324818368864,0.29875126723653744,144,14,inf
random_addition,42,197,145,0.0028999572893280245,0.05385125151125111,0.4296751441865765,145,14,inf
random_addition,42,197,146,0.0029238771364492257,0.054072887258303726,0.4249709082274189,146,14,inf
random_addition,42,197,147,0.0028499284656778195,0.053384721275640465,0.4395141448297307,147,14,inf
random_addition,42,197,148,0.0028682626964293355,0.05355616394430557,0.4359084132735148,148,14,inf
random_addition,42,197,149,0.0027213076020533773,0.05216615379777751,0.4648095778939212,149,14,inf
random_addition,42,197,150,0.0026800483819562917,0.05176918370958047,0.47292389007342817,150,14,inf
random_addition,42,198,10,0.00962854819961681,0.0981251659851682,-0.8936142210947935,10,10,inf
random_addition,42,198,11,0.007113356168960724,0.08434071477620239,-0.39895985583709015,11,11,inf
random_addition,42,198,12,0.006524275597392722,0.08077298804298824,-0.2831073592233002,12,12,inf
random_addition,42,198,13,0.006981863110795622,0.08355754370968323,-0.37309955792358007,13,13,inf
random_addition,42,198,14,0.007460893752132382,0.08637646526764325,-0.46730890454258,14,14,inf
random_addition,42,198,15,0.007016763216222394,0.08376612212716066,-0.37996324438842755,15,14,inf
random_addition,42,198,16,0.011739709164570514,0.10834993846131392,-1.3088091542640163,16,14,inf
random_addition,42,198,17,0.012068281082731896,0.10985572849301896,-1.3734282893593308,17,14,inf
random_addition,42,198,18,0.012248927932408539,0.11067487489221996,-1.4089554982855197,18,14,inf
random_addition,42,198,19,0.013670768739573185,0.11692206267241946,-1.688584152238462,19,14,inf
random_addition,42,198,20,0.014031408534221954,0.11845424658585252,-1.7595099688498168,20,14,inf
random_addition,42,198,21,0.015182126162578852,0.12321577075431071,-1.9858177382399949,21,14,inf
random_addition,42,198,22,0.011894966906262707,0.10906404955925077,-1.3393431726340026,22,14,inf
random_addition,42,198,23,0.010222922883000404,0.10110847087658088,-1.0105078928903692,23,14,inf
random_addition,42,198,24,0.009580942109660241,0.09788228700669106,-0.8842516913464287,24,14,inf
random_addition,42,198,25,0.007596049903330594,0.0871553205681133,-0.49388961065438575,25,14,inf
random_addition,42,198,26,0.009116585285101184,0.0954808110831762,-0.7929281949669387,26,14,inf
random_addition,42,198,27,0.010867112625509347,0.10424544414749906,-1.1371985249782757,27,14,inf
random_addition,42,198,28,0.008858188419358152,0.09411794950676598,-0.7421101516323474,28,14,inf
random_addition,42,198,29,0.00908561149482855,0.09531847404794387,-0.7868366837104648,29,14,inf
random_addition,42,198,30,0.009820133879556266,0.09909658863733033,-0.9312927330127072,30,14,inf
random_addition,42,198,31,0.010524033372353764,0.1025867114803558,-1.0697262810564094,31,14,inf
random_addition,42,198,32,0.010011673158951972,0.10005834877186397,-0.9689621194915943,32,14,inf
random_addition,42,198,33,0.010807641744069103,0.10395980831104443,-1.1255025865562431,33,14,inf
random_addition,42,198,34,0.010949277810367818,0.10463879686984086,-1.1533576757974071,34,14,inf
random_addition,42,198,35,0.01179246353834139,0.10859310999479382,-1.3191841796911574,35,14,inf
random_addition,42,198,36,0.011157028963538488,0.10562683827294315,-1.1942153970173597,36,14,inf
random_addition,42,198,37,0.003759951749320521,0.061318445424851736,0.2605429234464509,37,14,inf
random_addition,42,198,38,0.0043389420729451605,0.0658706465198662,0.14667484199098013,38,14,inf
random_addition,42,198,39,0.0043270694669493865,0.06578046417401892,0.14900978751848415,39,14,inf
random_addition,42,198,40,0.005159817386408678,0.07183186887732128,-0.014763947647319142,40,14,inf
random_addition,42,198,41,0.005043472142591474,0.07101740732096233,0.00811728051725158,41,14,inf
random_addition,42,198,42,0.005043639145050903,0.07101858309661566,0.008084436704708264,42,14,inf
random_addition,42,198,43,0.004500432856190224,0.06708526556696504,0.11491499228271784,43,14,inf
random_addition,42,198,44,0.004465186961285658,0.0668220544527453,0.12184668400226017,44,14,inf
random_addition,42,198,45,0.00462101832805674,0.06797807240615712,0.0911998527154726,45,14,inf
random_addition,42,198,46,0.0045786538822053325,0.06766575117594818,0.09953152593036263,46,14,inf
random_addition,42,198,47,0.004637709504094948,0.06810073056946561,0.08791725520881977,47,14,inf
random_addition,42,198,48,0.004624723690796263,0.06800532104766702,0.0904711314760489,48,14,inf
random_addition,42,198,49,0.00451302014937475,0.06717901569221411,0.11243949162725486,49,14,inf
random_addition,42,198,50,0.004182961206294675,0.06467581623987961,0.17735107491670876,50,14,inf
random_addition,42,198,51,0.004649322869435502,0.0681859433419785,0.08563329366989159,51,14,inf
random_addition,42,198,52,0.0045971136205520974,0.06780201782065264,0.09590111121711298,52,14,inf
random_addition,42,198,53,0.00456840579185446,0.06758998292538962,0.10154698342459312,53,14,inf
random_addition,42,198,54,0.004586732110301843,0.06772541701829413,0.0979428079546445,54,14,inf
random_addition,42,198,55,0.00450405041831403,0.06711222257021467,0.11420353849536435,55,14,inf
random_addition,42,198,56,0.0044421892580128585,0.06664975062228559,0.1263695650292903,56,14,inf
random_addition,42,198,57,0.004459480872690813,0.06677934465604475,0.12296888127291994,57,14,inf
random_addition,42,198,58,0.004243237646329586,0.06514013851942277,0.16549670999265742,58,14,inf
random_addition,42,198,59,0.004095562357866001,0.06399658082949433,0.19453951276432013,59,14,inf
random_addition,42,198,60,0.0039012839293928445,0.06246025880023909,0.2327475984883297,60,14,inf
random_addition,42,198,61,0.003868102511164622,0.06219407135060883,0.2392732765168779,61,14,inf
random_addition,42,198,62,0.00373067117973015,0.0610792205232692,0.26630143468081213,62,14,inf
random_addition,42,198,63,0.0037279099073631574,0.0610566123148276,0.2668444848389514,63,14,inf
random_addition,42,198,64,0.0037583907474591028,0.06130571545507892,0.26084992043734256,64,14,inf
random_addition,42,198,65,0.003454678960780732,0.058776517086169135,0.32057989700755474,65,14,inf
random_addition,42,198,66,0.003417756106826264,0.05846157803913835,0.32784139062861484,66,14,inf
random_addition,42,198,67,0.003490147458396866,0.059077469972882775,0.31360442676070577,67,14,inf
random_addition,42,198,68,0.003498259467849043,0.059146085820187995,0.31200906511927895,68,14,inf
random_addition,42,198,69,0.0034492712025030584,0.05873049635839168,0.3216434226571696,69,14,inf
random_addition,42,198,70,0.003435453639601834,0.058612742979678355,0.3243608763239303,70,14,inf
random_addition,42,198,71,0.003417755844324416,0.05846157579405824,0.32784144225397116,71,14,inf
random_addition,42,198,72,0.003399141103590803,0.058302153507317406,0.33150234076581175,72,14,inf
random_addition,42,198,73,0.003467595615454468,0.058886293952451006,0.31803962193471136,73,14,inf
random_addition,42,198,74,0.0035961681581656926,0.05996805948307559,0.2927536919821583,74,14,inf
random_addition,42,198,75,0.00359631533714526,0.05996928661527716,0.2927247467867895,75,14,inf
random_addition,42,198,76,0.0035877637382008146,0.059897944357054644,0.29440656101657603,76,14,inf
random_addition,42,198,77,0.0037861504078000076,0.06153170246141421,0.2553905213145973,77,14,inf
random_addition,42,198,78,0.0038185562438947914,0.0617944677450562,0.24901737441816363,78,14,inf
random_addition,42,198,79,0.0037408173376379814,0.06116222149037739,0.2643060238976468,79,14,inf
random_addition,42,198,80,0.0037260867985103897,0.06104168082966253,0.2672030295311141,80,14,inf
random_addition,42,198,81,0.0035759341521931264,0.05979911497834334,0.29673304594757677,81,14,inf
random_addition,42,198,82,0.0036508440599230577,0.06042221495379872,0.2820007661025279,82,14,inf
random_addition,42,198,83,0.003651002070674189,0.06042352249475521,0.281969690659042,83,14,inf
random_addition,42,198,84,0.004026633784788051,0.06345576242381815,0.2080954636215192,84,14,inf
random_addition,42,198,85,0.004082090752800305,0.06389124159695368,0.19718892806603627,85,14,inf
random_addition,42,198,86,0.003420477378965371,0.05848484743047015,0.3273062071808872,86,14,inf
random_addition,42,198,87,0.003232827178102739,0.05685795615481389,0.36421074165254474,87,14,inf
random_addition,42,198,88,0.003232462037095727,0.056854745071064444,0.3642825527074669,88,14,inf
random_addition,42,198,89,0.0031240919193936166,0.055893576727506146,0.385595339616567,89,14,inf
random_addition,42,198,90,0.003099567180823767,0.055673756661678286,0.3904185375444069,90,14,inf
random_addition,42,198,91,0.003204402144909673,0.056607438953813066,0.3698009974183749,91,14,inf
random_addition,42,198,92,0.003107777284716306,0.055747441956706015,0.3888038839990058,92,14,inf
random_addition,42,198,93,0.0030872511329732366,0.05556303747072541,0.39284069329145677,93,14,inf
random_addition,42,198,94,0.002992907537896922,0.05470747241371074,0.41139493112689995,94,14,inf
random_addition,42,198,95,0.003023611251305622,0.05498737356253362,0.4053565349797583,95,14,inf
random_addition,42,198,96,0.0029897988811528756,0.05467905340395786,0.4120063002032123,96,14,inf
random_addition,42,198,97,0.0029998857383908444,0.05477121267957141,0.4100225518835299,97,14,inf
random_addition,42,198,98,0.0031878294219598756,0.0564608662877207,0.3730602991541495,98,14,inf
random_addition,42,198,99,0.0030900979909939995,0.05558864983963902,0.39228081129037085,99,14,inf
random_addition,42,198,100,0.0031703579360267834,0.05630593162382435,0.3764963575858742,100,14,inf
random_addition,42,198,101,0.00318064702548786,0.0563972253350097,0.3744728369344029,101,14,inf
random_addition,42,198,102,0.003227218759394705,0.05680861518638441,0.36531373051475036,102,14,inf
random_addition,42,198,103,0.0032477000440851674,0.056988595737087325,0.36128574507477573,103,14,inf
random_addition,42,198,104,0.0033735990436134866,0.05808269142880249,0.3365256118765102,104,14,inf
random_addition,42,198,105,0.0033663351422134383,0.05802012704409943,0.33795417895709134,105,14,inf
random_addition,42,198,106,0.0034333715971920998,0.058594979283144215,0.32477034460868714,106,14,inf
random_addition,42,198,107,0.003451337491788153,0.05874808500528467,0.321237052486503,107,14,inf
random_addition,42,198,108,0.003444957550165621,0.058693760743077465,0.32249177416787356,108,14,inf
random_addition,42,198,109,0.003379267953699882,0.05813147128449341,0.33541072637818203,109,14,inf
random_addition,42,198,110,0.0034051517337595275,0.05835367797970859,0.3303202503271212,110,14,inf
random_addition,42,198,111,0.003412376719686657,0.058415552036137235,0.32889933662183735,111,14,inf
random_addition,42,198,112,0.003384019478592462,0.05817232571070596,0.3344762599433738,112,14,inf
random_addition,42,198,113,0.0034600757697362183,0.058822408737964973,0.31951852472434317,113,14,inf
random_addition,42,198,114,0.003455384384656929,0.05878251767878719,0.3204411636641501,114,14,inf
random_addition,42,198,115,0.0034370151373435583,0.05862606192934639,0.32405378180992517,115,14,inf
random_addition,42,198,116,0.0034136891155712073,0.05842678423096044,0.32864123213306407,116,14,inf
random_addition,42,198,117,0.003339336451046615,0.05778699205743984,0.3432639208293372,117,14,inf
random_addition,42,198,118,0.003487589300993775,0.05905581513275196,0.3141075309813903,118,14,inf
random_addition,42,198,119,0.003418653393615902,0.05846925169365435,0.32766492425071103,119,14,inf
random_addition,42,198,120,0.003332737772579704,0.057729868981140985,0.3445616607509042,120,14,inf
random_addition,42,198,121,0.003319385105445563,0.05761410509107612,0.34718768492927,121,14,inf
random_addition,42,198,122,0.003337793474733523,0.05777363996437755,0.34356737279620797,122,14,inf
random_addition,42,198,123,0.003359177426819737,0.057958411182672503,0.3393618627926047,123,14,inf
random_addition,42,198,124,0.003296325107897262,0.0574136317253774,0.35172281716214515,124,14,inf
random_addition,42,198,125,0.0032770158498310205,0.05724522556363125,0.3555203040641144,125,14,inf
random_addition,42,198,126,0.003274692682888284,0.05722493060623389,0.3559771935005632,126,14,inf
random_addition,42,198,127,0.0035802980158147766,0.059835591547295466,0.295874819552324,127,14,inf
random_addition,42,198,128,0.0034377971472385653,0.05863273102319698,0.3238999865515412,128,14,inf
random_addition,42,198,129,0.0034374876773412303,0.05863009190971161,0.3239608489563862,129,14,inf
random_addition,42,198,130,0.0032325153711384646,0.05685521410687383,0.3642720636804918,130,14,inf
random_addition,42,198,131,0.003214952386599093,0.05670055014370754,0.3677261168356648,131,14,inf
random_addition,42,198,132,0.003209733338878555,0.056654508548557324,0.36875252941410275,132,14,inf
random_addition,42,198,133,0.003101157925173578,0.055688041132487126,0.3901056911982622,133,14,inf
random_addition,42,198,134,0.003106535877143944,0.05573630663350366,0.38904802745495204,134,14,inf
random_addition,42,198,135,0.00318910365230793,0.05647214935087853,0.3728097005531972,135,14,inf
random_addition,42,198,136,0.003198870773953809,0.05655856057179858,0.3708888335580529,136,14,inf
random_addition,42,198,137,0.0032176101276697247,0.056723981944762344,0.3672034278297006,137,14,inf
random_addition,42,198,138,0.003289386357772606,0.05735317216835182,0.3530874378339506,138,14,inf
random_addition,42,198,139,0.0031671673360477125,0.05627759177548123,0.37712384216287764,139,14,inf
random_addition,42,198,140,0.0031710433063609897,0.05631201742400098,0.37636156810518995,140,14,inf
random_addition,42,198,141,0.0033228070309110117,0.057643794383359356,0.346514706346148,141,14,inf
random_addition,42,198,142,0.0033226914007641628,0.05764279140329832,0.3465374469385947,142,14,inf
random_addition,42,198,143,0.002771667149460531,0.052646625242844684,0.4549055349207678,143,14,inf
random_addition,42,198,144,0.0027875112516941095,0.0527968867613812,0.45178952857298027,144,14,inf
random_addition,42,198,145,0.0028111983338143,0.053020734942230856,0.44713106972444705,145,14,inf
random_addition,42,198,146,0.002782415839341899,0.05274860983326384,0.45279162619896207,146,14,inf
random_addition,42,198,147,0.002825168257975976,0.053152311877998085,0.4443836516805494,147,14,inf
random_addition,42,198,148,0.002690661888125151,0.0518715903758999,0.47083656747812463,148,14,inf
random_addition,42,198,149,0.00267430335586769,0.051713667012383585,0.4740537450501493,149,14,inf
random_addition,42,198,150,0.0026800483819562917,0.05176918370958047,0.47292389007342817,150,14,inf
random_addition,42,199,10,0.00962854819961681,0.0981251659851682,-0.8936142210947935,10,10,inf
random_addition,42,199,11,0.019357477897372462,0.13913115358312983,-2.806970134132104,11,11,inf
random_addition,42,199,12,0.016845637612371282,0.12979074548045128,-2.3129749454299975,12,12,inf
random_addition,42,199,13,0.016188145006696186,0.12723264127847142,-2.1836680839427607,13,13,inf
random_addition,42,199,14,0.011026431749287635,0.10500681763241677,-1.1685312817162994,14,14,inf
random_addition,42,199,15,0.01268859941816367,0.11264368343659431,-1.495424212028774,15,14,inf
random_addition,42,199,16,0.013953829846209987,0.11812633002937993,-1.74425282895419,16,14,inf
random_addition,42,199,17,0.01295601497150069,0.11382449196680251,-1.5480159303483716,17,14,inf
random_addition,42,199,18,0.012496367852686128,0.11178715423824925,-1.4576186759723542,18,14,inf
random_addition,42,199,19,0.013082975241437481,0.11438083423999618,-1.572984780031848,19,14,inf
random_addition,42,199,20,0.01020669973212899,0.10102821255535005,-1.0073173403206375,20,14,inf
random_addition,42,199,21,0.008719195659208749,0.093376633368358,-0.7147749125296754,21,14,inf
random_addition,42,199,22,0.0081331165386131,0.09018379310393358,-0.5995127011933059,22,14,inf
random_addition,42,199,23,0.008320890375189748,0.09121891456923695,-0.6364415506854051,23,14,inf
random_addition,42,199,24,0.008279367821936431,0.09099103154672131,-0.6282754496588998,24,14,inf
random_addition,42,199,25,0.00734626168852652,0.08571033594921047,-0.44476460177363886,25,14,inf
random_addition,42,199,26,0.006702781936985748,0.08187051933990494,-0.3182136012237695,26,14,inf
random_addition,42,199,27,0.008096998054970815,0.08998332098211766,-0.5924094003787417,27,14,inf
random_addition,42,199,28,0.00883957713606362,0.09401902539413828,-0.7384499330834333,28,14,inf
random_addition,42,199,29,0.008643147792433555,0.09296853119434315,-0.6998188341029028,29,14,inf
random_addition,42,199,30,0.006435428445259012,0.08022112218897846,-0.26563408835253055,30,14,inf
random_addition,42,199,31,0.006027899795314613,0.0776395504579632,-0.18548679812356483,31,14,inf
random_addition,42,199,32,0.006415307224746721,0.0800956130181093,-0.2616769155246088,32,14,inf
random_addition,42,199,33,0.006912670892315426,0.08314247345560165,-0.3594917568110081,33,14,inf
random_addition,42,199,34,0.006721302381896645,0.0819835494590021,-0.3218559548930042,34,14,inf
random_addition,42,199,35,0.006764314380089768,0.08224545203286178,-0.3303149800510694,35,14,inf
random_addition,42,199,36,0.006004063417507941,0.07748589173203042,-0.18079897779402643,36,14,inf
random_addition,42,199,37,0.0061388317399926435,0.07835069712512227,-0.20730341093590754,37,14,inf
random_addition,42,199,38,0.0061356616724702485,0.07833046452351887,-0.2066799644081665,38,14,inf
random_addition,42,199,39,0.006305205993137905,0.07940532723399549,-0.24002367626027166,39,14,inf
random_addition,42,199,40,0.007507433569131018,0.08664544748070159,-0.47646173397114056,40,14,inf
random_addition,42,199,41,0.008052528735541116,0.08973588321034744,-0.5836637687498907,41,14,inf
random_addition,42,199,42,0.007645712838132428,0.08743976691490221,-0.5036566531671707,42,14,inf
random_addition,42,199,43,0.007564162425756716,0.08697219340545986,-0.48761840758649844,43,14,inf
random_addition,42,199,44,0.006164775307915384,0.07851608311623412,-0.2124056452651073,44,14,inf
random_addition,42,199,45,0.006503381459582308,0.08064354567838834,-0.2789981793474714,45,14,inf
random_addition,42,199,46,0.006001179803790002,0.07746728215053116,-0.1802318671734815,46,14,inf
random_addition,42,199,47,0.005990563360650715,0.07739872970954184,-0.17814396697407253,47,14,inf
random_addition,42,199,48,0.006217301406954669,0.07884986624563589,-0.22273577666782307,48,14,inf
random_addition,42,199,49,0.006394423191900865,0.07996513735310448,-0.25756972295820546,49,14,inf
random_addition,42,199,50,0.006318664892192458,0.0794900301433611,-0.24267059271347025,50,14,inf
random_addition,42,199,51,0.006414530064038804,0.08009076141502716,-0.2615240739395559,51,14,inf
random_addition,42,199,52,0.006342139829659791,0.07963755288593309,-0.2472873297859628,52,14,inf
random_addition,42,199,53,0.004935865723472797,0.07025571666044549,0.029279873392086375,53,14,inf
random_addition,42,199,54,0.00472163358032648,0.06871414396124338,0.0714121891334798,54,14,inf
random_addition,42,199,55,0.0047326173750176555,0.0687940213609995,0.06925204313871569,55,14,inf
random_addition,42,199,56,0.004911505476781937,0.07008213379158726,0.03407072125480204,56,14,inf
random_addition,42,199,57,0.0050296706407960716,0.07092017090219166,0.010831575500297785,57,14,inf
random_addition,42,199,58,0.004987890039812243,0.07062499585707771,0.019048425906884936,58,14,inf
random_addition,42,199,59,0.004665338577379932,0.06830328379646129,0.08248353820357113,59,14,inf
random_addition,42,199,60,0.005033340585622553,0.0709460399572982,0.01010981978282266,60,14,inf
random_addition,42,199,61,0.004906052431964932,0.07004321831530111,0.035143153255937865,61,14,inf
random_addition,42,199,62,0.00494890776877382,0.07034847381979101,0.02671493816590509,62,14,inf
random_addition,42,199,63,0.004781018425925541,0.069144908893754,0.05973317109123988,63,14,inf
random_addition,42,199,64,0.004826127054034841,0.0694703321860119,0.05086180877254198,64,14,inf
random_addition,42,199,65,0.003832947610769096,0.061910803667607935,0.24618707265208217,65,14,inf
random_addition,42,199,66,0.0036070483695636855,0.06005870769142211,0.2906139173656094,66,14,inf
random_addition,42,199,67,0.003959924305027586,0.06292792945129838,0.22121499285244528,67,14,inf
random_addition,42,199,68,0.003919565008276787,0.06260642944839441,0.22915232013131148,68,14,inf
random_addition,42,199,69,0.003411506311087543,0.058408101416563295,0.3290705169563255,69,14,inf
random_addition,42,199,70,0.0034099691669972837,0.05839494127916633,0.32937282191952877,70,14,inf
random_addition,42,199,71,0.003118676872310524,0.055845115026388156,0.3866602987310521,71,14,inf
random_addition,42,199,72,0.0031444796159452873,0.05607565974596543,0.38158575984137877,72,14,inf
random_addition,42,199,73,0.003153126311959885,0.05615270529511365,0.37988524319034533,73,14,inf
random_addition,42,199,74,0.003334999560918502,0.05774945507031648,0.3441168424382509,74,14,inf
random_addition,42,199,75,0.0032750370326230438,0.057227939265913144,0.3559094713952933,75,14,inf
random_addition,42,199,76,0.003217483200179276,0.056722863116906184,0.36722839023275233,76,14,inf
random_addition,42,199,77,0.003242366797159888,0.056941784281491284,0.36233461682708423,77,14,inf
random_addition,42,199,78,0.003235364272989652,0.05688026259599767,0.36371177972614377,78,14,inf
random_addition,42,199,79,0.0031799412345827347,0.05639096766843724,0.37461164246015366,79,14,inf
random_addition,42,199,80,0.003261027218037006,0.05710540445559427,0.35866473455491243,80,14,inf
random_addition,42,199,81,0.0033322285132310935,0.05772545810325885,0.34466181507580995,81,14,inf
random_addition,42,199,82,0.003449284566322694,0.058730610130686485,0.3216407944396663,82,14,inf
random_addition,42,199,83,0.0034923490722686573,0.05909610031354571,0.3131714427582838,83,14,inf
random_addition,42,199,84,0.003391264010353283,0.058234560274404774,0.3330515022246546,84,14,inf
random_addition,42,199,85,0.003759459715998304,0.06131443317848012,0.2606396899866277,85,14,inf
random_addition,42,199,86,0.0037670199210180786,0.06137605331901098,0.2591528498687783,86,14,inf
random_addition,42,199,87,0.0037593243770395746,0.06131332952172451,0.26066630664488244,87,14,inf
random_addition,42,199,88,0.0037570840854608775,0.061295057594074234,0.2611068972619589,88,14,inf
random_addition,42,199,89,0.003430006946744059,0.05856626116412127,0.3254320591065879,89,14,inf
random_addition,42,199,90,0.0034344808827510716,0.05860444422354905,0.32455218514516504,90,14,inf
random_addition,42,199,91,0.0035040803249498675,0.05919527282604471,0.3108642967121872,91,14,inf
random_addition,42,199,92,0.003363635106968033,0.057996854285107854,0.3384851858162936,92,14,inf
random_addition,42,199,93,0.0032879266073610252,0.057340444778193216,0.35337452204242226,93,14,inf
random_addition,42,199,94,0.003363364319030202,0.05799451973273166,0.33853844077013995,94,14,inf
random_addition,42,199,95,0.0033182322450977255,0.05760409920394317,0.34741441410010065,95,14,inf
random_addition,42,199,96,0.003307232338469352,0.057508541439244935,0.34957772877541493,96,14,inf
random_addition,42,199,97,0.0033921032692984777,0.05824176567806369,0.33288644798793543,97,14,inf
random_addition,42,199,98,0.003403156782922577,0.05833658185840663,0.330712590604899,98,14,inf
random_addition,42,199,99,0.003448333065440645,0.05872250901860925,0.3218279229209573,99,14,inf
random_addition,42,199,100,0.003449182244813936,0.05872973901537394,0.3216609176669786,100,14,inf
random_addition,42,199,101,0.00340316641697888,0.05833666443137523,0.33071069590741775,101,14,inf
random_addition,42,199,102,0.0033699984507241745,0.05805168775086711,0.33723372838153487,102,14,inf
random_addition,42,199,103,0.0032604151209738945,0.057100044842135586,0.35878511362757937,103,14,inf
random_addition,42,199,104,0.0031099896629756063,0.055767281294461596,0.38836878300066224,104,14,inf
random_addition,42,199,105,0.003434362389367558,0.058603433255804714,0.3245754888407457,105,14,inf
random_addition,42,199,106,0.003520862048220543,0.05933685236192212,0.30756389158557706,106,14,inf
random_addition,42,199,107,0.0035926012523733925,0.05993831205809347,0.2934551833590071,107,14,inf
random_addition,42,199,108,0.0035512800815255424,0.05959261767639967,0.3015816791845035,108,14,inf
random_addition,42,199,109,0.0035768974874825507,0.05980716919803637,0.29654359003315256,109,14,inf
random_addition,42,199,110,0.0035533634258468746,0.05961009499947869,0.3011719548571673,110,14,inf
random_addition,42,199,111,0.003368969713823027,0.058042826549221625,0.33743604661117776,111,14,inf
random_addition,42,199,112,0.003342693466442398,0.057816031223549044,0.34260370789150907,112,14,inf
random_addition,42,199,113,0.0033231145340002232,0.057646461591326,0.346454230746848,113,14,inf
random_addition,42,199,114,0.003319188321020927,0.05761239728583534,0.34722638586083887,114,14,inf
random_addition,42,199,115,0.003339693516606348,0.0577900814725706,0.3431936979454968,115,14,inf
random_addition,42,199,116,0.00327913728835053,0.05726375195837704,0.3551030878788247,116,14,inf
random_addition,42,199,117,0.0030222489134492836,0.05497498443337009,0.4056244613883109,117,14,inf
random_addition,42,199,118,0.003026723467972886,0.05501566565963631,0.40474446578530865,118,14,inf
random_addition,42,199,119,0.002991123882011246,0.05469116822679185,0.4117457167365923,119,14,inf
random_addition,42,199,120,0.002601861866144275,0.05100844896822756,0.4883005694201007,120,14,inf
random_addition,42,199,121,0.002097994185689609,0.04580386649279304,0.5873945330663515,121,14,inf
random_addition,42,199,122,0.00204772359429786,0.04525178001247973,0.5972810813588605,122,14,inf
random_addition,42,199,123,0.002076184012877965,0.04556516227204689,0.5916838664678614,123,14,inf
random_addition,42,199,124,0.0021037963317814333,0.045867159621906316,0.5862534444905281,124,14,inf
random_addition,42,199,125,0.0021055737092099238,0.04588653080382002,0.5859038936439138,125,14,inf
random_addition,42,199,126,0.002150011259522567,0.04636821389187389,0.5771645099405653,126,14,inf
random_addition,42,199,127,0.0020076633596508024,0.04480695659884525,0.6051595930986762,127,14,inf
random_addition,42,199,128,0.0020492758401872567,0.045268927977004894,0.596975806375565,128,14,inf
random_addition,42,199,129,0.0022325496919375705,0.04724986446475345,0.5609319537786569,129,14,inf
random_addition,42,199,130,0.002220759327533568,0.04712493318333266,0.5632507251286509,130,14,inf
random_addition,42,199,131,0.002174688908117675,0.04663355989110927,0.5723112397118577,131,14,inf
random_addition,42,199,132,0.002267390686779911,0.04761712598193964,0.5540798923938293,132,14,inf
random_addition,42,199,133,0.00227883451353113,0.04773713977115858,0.5518292734395911,133,14,inf
random_addition,42,199,134,0.0023638794269656605,0.04861974318078676,0.5351037760777134,134,14,inf
random_addition,42,199,135,0.0023556869055521876,0.048535419082894375,0.5367149717360364,135,14,inf
random_addition,42,199,136,0.0023298215269982486,0.04826822481714289,0.5418018288248017,136,14,inf
random_addition,42,199,137,0.002329175851962303,0.04826153594698684,0.541928811564559,137,14,inf
random_addition,42,199,138,0.0023209966064604874,0.048176722662095724,0.5435373962939453,138,14,inf
random_addition,42,199,139,0.0023072798675806304,0.0480341531369153,0.546235021239207,139,14,inf
random_addition,42,199,140,0.0023078506179631604,0.048040093858808815,0.5461227736792792,140,14,inf
random_addition,42,199,141,0.002243964618389239,0.047370503674641656,0.5586870185492221,141,14,inf
random_addition,42,199,142,0.002245616061395105,0.0473879316007262,0.5583622348023474,142,14,inf
random_addition,42,199,143,0.002387232704903493,0.04885931543629621,0.530510965376094,143,14,inf
random_addition,42,199,144,0.0023553797808530614,0.048532255056334045,0.5367753729186298,144,14,inf
random_addition,42,199,145,0.0025606936588620714,0.05060329691692105,0.4963969824151211,145,14,inf
random_addition,42,199,146,0.002573252443603431,0.05072723571813697,0.49392708841938315,146,14,inf
random_addition,42,199,147,0.0024904524710171053,0.0499044333803832,0.5102110808079725,147,14,inf
random_addition,42,199,148,0.0024833742088962284,0.04983346474906424,0.5116031388352941,148,14,inf
random_addition,42,199,149,0.0025735184574237793,0.050729857652311416,0.4938747723751805,149,14,inf
random_addition,42,199,150,0.0026800483819562917,0.05176918370958047,0.47292389007342817,150,14,inf
